7.039003372192382812e-01 4.145147800445556641e-01 -1.199380755424499512e+00 -1.690585255622863770e+00 -5.094523429870605469e-01 3.170697689056396484e-01 2.111218571662902832e-01 -1.650902479887008667e-01 2.739424109458923340e-01 6.554411053657531738e-01
6.980329155921936035e-01 3.830226659774780273e-01 -1.164277076721191406e+00 -1.697281599044799805e+00 -5.123841762542724609e-01 3.221634626388549805e-01 2.224959135055541992e-01 -1.737705320119857788e-01 2.594583332538604736e-01 6.747066378593444824e-01
8.283219337463378906e-01 -2.156557142734527588e-02 -1.013791680335998535e+00 -1.813561797142028809e+00 -6.025972962379455566e-01 4.449359774589538574e-01 3.935431838035583496e-01 -2.631125152111053467e-01 1.895926892757415771e-01 8.660194873809814453e-01
1.338475704193115234e+00 -4.734462499618530273e-01 -1.026027798652648926e+00 -1.761938333511352539e+00 -5.208057761192321777e-01 7.519679665565490723e-01 6.058955788612365723e-01 -3.412748873233795166e-01 1.605035662651062012e-01 1.036944031715393066e+00
1.307346940040588379e+00 -5.816638469696044922e-01 -9.035413861274719238e-01 -1.686804175376892090e+00 -6.143067479133605957e-01 8.068895936012268066e-01 7.103190422058105469e-01 -3.259020149707794189e-01 8.655321598052978516e-02 1.137889504432678223e+00
1.307391405105590820e+00 -6.036123037338256836e-01 -8.899133801460266113e-01 -1.656785130500793457e+00 -6.276660561561584473e-01 8.190244436264038086e-01 7.127934098243713379e-01 -3.007192909717559814e-01 9.185010194778442383e-02 1.131865620613098145e+00
1.309159636497497559e+00 -6.088716387748718262e-01 -8.974697589874267578e-01 -1.659789204597473145e+00 -6.161010861396789551e-01 8.019865155220031738e-01 7.209846377372741699e-01 -3.112000524997711182e-01 9.033739566802978516e-02 1.125902056694030762e+00
1.304660797119140625e+00 -6.057770848274230957e-01 -8.825576901435852051e-01 -1.656938433647155762e+00 -6.223974227905273438e-01 8.047643899917602539e-01 7.271900773048400879e-01 -3.006600439548492432e-01 9.629383683204650879e-02 1.138008236885070801e+00
1.310093998908996582e+00 -6.048136353492736816e-01 -8.893036842346191406e-01 -1.656440615653991699e+00 -6.225121617317199707e-01 8.191648721694946289e-01 7.251390218734741211e-01 -3.035234510898590088e-01 8.620055019855499268e-02 1.133221983909606934e+00
1.301900267601013184e+00 -6.079448461532592773e-01 -8.887369036674499512e-01 -1.667122483253479004e+00 -6.200117468833923340e-01 8.141255974769592285e-01 7.179494500160217285e-01 -2.986379563808441162e-01 8.419568836688995361e-02 1.129135489463806152e+00
1.310960650444030762e+00 -6.060327291488647461e-01 -8.906619548797607422e-01 -1.667112708091735840e+00 -6.170119643211364746e-01 8.145556449890136719e-01 7.280460000038146973e-01 -3.086450397968292236e-01 8.653666079044342041e-02 1.132103085517883301e+00
1.305415868759155273e+00 -6.064916849136352539e-01 -8.876205086708068848e-01 -1.660003304481506348e+00 -6.170096993446350098e-01 8.100709319114685059e-01 7.259246706962585449e-01 -3.152067959308624268e-01 9.509088099002838135e-02 1.135560154914855957e+00
1.312174916267395020e+00 -6.060118675231933594e-01 -8.956217765808105469e-01 -1.668299674987792969e+00 -6.190544366836547852e-01 8.179445862770080566e-01 7.304044961929321289e-01 -3.118042051792144775e-01 8.875928819179534912e-02 1.130780696868896484e+00
1.345051407814025879e+00 -6.621345877647399902e-01 -8.903393745422363281e-01 -1.628489255905151367e+00 -5.874908566474914551e-01 8.322013616561889648e-01 7.467739582061767578e-01 -3.287900984287261963e-01 1.332971155643463135e-01 1.059790253639221191e+00
7.633770108222961426e-01 -1.057815790176391602e+00 -4.709874391555786133e-01 -1.059437274932861328e+00 -1.812068969011306763e-01 1.237814188003540039e+00 9.437391161918640137e-01 -1.596705168485641479e-01 2.547622025012969971e-01 7.616041302680969238e-01
1.000487804412841797e+00 -1.216416120529174805e+00 -1.103559017181396484e+00 -1.257298111915588379e+00 4.258235096931457520e-01 1.112310886383056641e+00 6.244300007820129395e-01 -8.476392924785614014e-02 1.888936907052993774e-01 -4.636889323592185974e-02
1.136552095413208008e+00 -1.284240722656250000e+00 -1.313308596611022949e+00 -1.366739392280578613e+00 5.616766214370727539e-01 1.014893531799316406e+00 3.543040156364440918e-01 -8.628182113170623779e-02 1.098133474588394165e-01 -2.445134520530700684e-01
1.141142129898071289e+00 -1.282003402709960938e+00 -1.318709135055541992e+00 -1.355024814605712891e+00 5.580720305442810059e-01 1.013558149337768555e+00 3.652355670928955078e-01 -8.569554984569549561e-02 1.094508022069931030e-01 -2.447974085807800293e-01
1.142005085945129395e+00 -1.277529001235961914e+00 -1.321502327919006348e+00 -1.358777761459350586e+00 5.595666170120239258e-01 1.014594674110412598e+00 3.607797026634216309e-01 -8.526651561260223389e-02 1.108499020338058472e-01 -2.434430718421936035e-01
1.141058683395385742e+00 -1.283066034317016602e+00 -1.323434472084045410e+00 -1.360640168190002441e+00 5.547561049461364746e-01 1.012118935585021973e+00 3.571150898933410645e-01 -8.515815436840057373e-02 1.108120679855346680e-01 -2.429742217063903809e-01
1.139592766761779785e+00 -1.283143281936645508e+00 -1.326888918876647949e+00 -1.352823734283447266e+00 5.584835410118103027e-01 9.974204897880554199e-01 3.602975010871887207e-01 -8.704070746898651123e-02 1.086611747741699219e-01 -2.522526383399963379e-01
1.136800646781921387e+00 -1.294592857360839844e+00 -1.320440530776977539e+00 -1.363581061363220215e+00 5.592407584190368652e-01 1.001578807830810547e+00 3.548474311828613281e-01 -9.283189475536346436e-02 1.133711636066436768e-01 -2.368598580360412598e-01
1.141462445259094238e+00 -1.293041229248046875e+00 -1.321109890937805176e+00 -1.365475893020629883e+00 5.586928725242614746e-01 1.006754159927368164e+00 3.569813370704650879e-01 -8.637277781963348389e-02 1.075761914253234863e-01 -2.545630931854248047e-01
4.598381519317626953e-01 -1.649360060691833496e+00 -1.075079441070556641e+00 -1.146681904792785645e+00 4.823692142963409424e-01 9.740911126136779785e-01 5.887280702590942383e-01 7.165296375751495361e-02 -1.158912330865859985e-01 9.551560878753662109e-02
4.220160543918609619e-01 -1.481449127197265625e+00 -8.962894678115844727e-01 -1.067209720611572266e+00 4.311022460460662842e-01 9.360662102699279785e-01 8.211149573326110840e-01 4.338772594928741455e-02 -6.399749219417572021e-02 5.733491778373718262e-01
4.239697754383087158e-01 -1.469742059707641602e+00 -8.956313729286193848e-01 -1.072636008262634277e+00 4.345555603504180908e-01 9.375970959663391113e-01 8.106452822685241699e-01 3.915567696094512939e-02 -6.711952388286590576e-02 5.650621056556701660e-01
4.277051687240600586e-01 -1.479249954223632812e+00 -8.999740481376647949e-01 -1.072662115097045898e+00 4.343716204166412354e-01 9.317686557769775391e-01 8.130308985710144043e-01 3.796167671680450439e-02 -6.292095780372619629e-02 5.711988210678100586e-01
4.360914230346679688e-01 -1.482861757278442383e+00 -9.026510715484619141e-01 -1.077495217323303223e+00 4.343791604042053223e-01 9.232955574989318848e-01 8.344470262527465820e-01 3.697009384632110596e-02 -6.336617469787597656e-02 5.709441304206848145e-01
4.226248860359191895e-01 -1.476271152496337891e+00 -8.956332206726074219e-01 -1.067558526992797852e+00 4.287187159061431885e-01 9.196628332138061523e-01 8.357638120651245117e-01 3.852994740009307861e-02 -6.343860924243927002e-02 5.733961462974548340e-01
3.940688371658325195e-01 -1.453994870185852051e+00 -9.081316590309143066e-01 -1.111410856246948242e+00 4.397668838500976562e-01 9.247397780418395996e-01 8.039352297782897949e-01 6.138069927692413330e-02 -8.034875988960266113e-02 5.001911520957946777e-01
9.040442109107971191e-01 -1.388626575469970703e+00 -1.349068760871887207e+00 -1.259857773780822754e+00 3.039300143718719482e-01 8.843286633491516113e-01 6.673918366432189941e-01 -1.405672635883092880e-02 -2.763789892196655273e-01 5.053972601890563965e-01
1.096757173538208008e+00 -1.309840679168701172e+00 -1.531046748161315918e+00 -1.535012602806091309e+00 2.799466848373413086e-01 8.265118598937988281e-01 5.611835122108459473e-01 -5.732981860637664795e-02 -3.360885679721832275e-01 4.967677593231201172e-01
1.101057291030883789e+00 -1.294222950935363770e+00 -1.529593348503112793e+00 -1.536046624183654785e+00 2.821085751056671143e-01 8.291932940483093262e-01 5.594908595085144043e-01 -6.326453387737274170e-02 -3.392099738121032715e-01 5.000870227813720703e-01
1.082419991493225098e+00 -1.279746413230895996e+00 -1.514911532402038574e+00 -1.536731243133544922e+00 2.919210493564605713e-01 8.450645804405212402e-01 5.359668135643005371e-01 -4.030279815196990967e-02 -3.369705379009246826e-01 4.989839196205139160e-01
7.362002730369567871e-01 -7.714473605155944824e-01 -1.527725577354431152e+00 -1.671743988990783691e+00 4.627614915370941162e-01 6.710749268531799316e-01 3.969021439552307129e-01 1.203112155199050903e-01 -2.366138994693756104e-01 4.264554381370544434e-01
5.341901779174804688e-01 -5.817796587944030762e-01 -1.530770659446716309e+00 -1.574930310249328613e+00 6.843888163566589355e-01 4.404962658882141113e-01 3.200703859329223633e-01 1.942951828241348267e-01 -1.550733894109725952e-01 4.424646496772766113e-01
5.281331539154052734e-01 -5.191398262977600098e-01 -1.525741815567016602e+00 -1.603251576423645020e+00 7.834171056747436523e-01 3.806777596473693848e-01 2.167106270790100098e-01 1.930470764636993408e-02 -1.213466599583625793e-01 5.486406683921813965e-01
5.800911188125610352e-01 -5.138502717018127441e-01 -1.555684208869934082e+00 -1.601801037788391113e+00 8.107586503028869629e-01 2.771220207214355469e-01 2.509215474128723145e-01 4.005356132984161377e-02 -1.072345376014709473e-01 5.440632700920104980e-01
