1.922503262758255005e-01 2.484220713376998901e-01 -4.244049787521362305e-01 -1.332020878791809082e+00 -7.469417154788970947e-02 -1.280314475297927856e-01 7.870339751243591309e-01 -2.217306345701217651e-01 1.338092237710952759e-01 -3.786999583244323730e-01
2.009136527776718140e-01 2.503598928451538086e-01 -4.291718602180480957e-01 -1.329091072082519531e+00 -7.647816836833953857e-02 -1.324796229600906372e-01 7.922454476356506348e-01 -2.167445272207260132e-01 1.419633179903030396e-01 -3.872125744819641113e-01
1.366451233625411987e-01 5.568633973598480225e-02 -4.105768203735351562e-01 -1.350551962852478027e+00 -1.849606931209564209e-01 -7.838900387287139893e-02 9.429557919502258301e-01 -2.399309128522872925e-01 4.449378699064254761e-02 -2.239369750022888184e-01
4.576274156570434570e-01 -3.008481264114379883e-01 -4.438154697418212891e-01 -1.461787343025207520e+00 -2.341329902410507202e-01 1.429502218961715698e-01 1.366055488586425781e+00 -3.652827441692352295e-01 -7.217816263437271118e-02 1.769119873642921448e-02
5.518234968185424805e-01 -4.680837392807006836e-01 -4.143541455268859863e-01 -1.390597939491271973e+00 -2.803342044353485107e-01 1.802341192960739136e-01 1.519655466079711914e+00 -3.735993206501007080e-01 -1.487892121076583862e-01 6.405055522918701172e-02
5.121070742607116699e-01 -4.808650016784667969e-01 -4.098171293735504150e-01 -1.337661147117614746e+00 -3.221494257450103760e-01 2.120305150747299194e-01 1.582626461982727051e+00 -3.581724464893341064e-01 -1.700720041990280151e-01 6.733441352844238281e-02
5.180714130401611328e-01 -4.826493859291076660e-01 -4.035406708717346191e-01 -1.357446670532226562e+00 -3.231751024723052979e-01 2.293623536825180054e-01 1.578336000442504883e+00 -3.527834713459014893e-01 -1.623498052358627319e-01 6.998735666275024414e-02
5.166250467300415039e-01 -4.785774350166320801e-01 -4.146088063716888428e-01 -1.350876212120056152e+00 -3.270300328731536865e-01 2.296422570943832397e-01 1.560993790626525879e+00 -3.498809635639190674e-01 -1.662904173135757446e-01 4.739267006516456604e-02
5.103595256805419922e-01 -4.801131486892700195e-01 -4.112630486488342285e-01 -1.341163039207458496e+00 -3.309154212474822998e-01 2.291936725378036499e-01 1.575945496559143066e+00 -3.486883938312530518e-01 -1.629300564527511597e-01 6.140363588929176331e-02
5.122040510177612305e-01 -4.755102992057800293e-01 -4.101943969726562500e-01 -1.354156970977783203e+00 -3.266492784023284912e-01 2.241352051496505737e-01 1.561815261840820312e+00 -3.573680222034454346e-01 -1.656839400529861450e-01 5.566108599305152893e-02
5.141690969467163086e-01 -4.773652553558349609e-01 -4.105011224746704102e-01 -1.353851079940795898e+00 -3.199867308139801025e-01 2.183869928121566772e-01 1.572135090827941895e+00 -3.548820316791534424e-01 -1.695474833250045776e-01 6.677341461181640625e-02
5.127293467521667480e-01 -4.738420248031616211e-01 -3.991076946258544922e-01 -1.351015686988830566e+00 -3.211544156074523926e-01 2.220116108655929565e-01 1.572758316993713379e+00 -3.590429127216339111e-01 -1.633650213479995728e-01 7.426184415817260742e-02
5.182194113731384277e-01 -4.760392904281616211e-01 -4.050718545913696289e-01 -1.354090929031372070e+00 -3.195886909961700439e-01 2.275249212980270386e-01 1.574896931648254395e+00 -3.570312559604644775e-01 -1.712977439165115356e-01 6.857955455780029297e-02
5.232483744621276855e-01 -4.952551722526550293e-01 -4.135025739669799805e-01 -1.346472263336181641e+00 -3.064273297786712646e-01 2.107449024915695190e-01 1.599247932434082031e+00 -3.857344090938568115e-01 -1.587990969419479370e-01 6.877666711807250977e-02
4.082008302211761475e-01 -5.396540760993957520e-01 -3.076544404029846191e-01 -1.001011729240417480e+00 -8.662030100822448730e-02 3.700304031372070312e-01 1.827692508697509766e+00 -3.580205142498016357e-01 2.221071720123291016e-02 -1.072672009468078613e-01
5.644860863685607910e-01 -6.993752717971801758e-01 -4.978327453136444092e-01 -1.308308243751525879e+00 3.068645894527435303e-01 4.073317646980285645e-01 1.550284624099731445e+00 -2.010587900876998901e-01 -7.895541936159133911e-02 -7.352228760719299316e-01
7.744836211204528809e-01 -7.412161827087402344e-01 -5.493547320365905762e-01 -1.436717867851257324e+00 4.571692943572998047e-01 3.468191623687744141e-01 1.294439911842346191e+00 -2.211226671934127808e-01 -1.833652704954147339e-01 -9.612497687339782715e-01
6.620213985443115234e-01 -7.939957380294799805e-01 -5.412025451660156250e-01 -1.462964653968811035e+00 4.747828245162963867e-01 2.382343262434005737e-01 1.053295254707336426e+00 -1.579162329435348511e-01 -2.970741689205169678e-01 -1.029880046844482422e+00
6.670683622360229492e-01 -7.957946062088012695e-01 -5.424159765243530273e-01 -1.463740587234497070e+00 4.804824590682983398e-01 2.423126548528671265e-01 1.041359782218933105e+00 -1.583229750394821167e-01 -3.034420907497406006e-01 -1.032719492912292480e+00
6.652888059616088867e-01 -7.960313558578491211e-01 -5.368604660034179688e-01 -1.448557853698730469e+00 4.759100079536437988e-01 2.306796759366989136e-01 1.059971690177917480e+00 -1.457034796476364136e-01 -2.962242662906646729e-01 -1.034589409828186035e+00
6.600309610366821289e-01 -8.006030321121215820e-01 -5.449331998825073242e-01 -1.454151511192321777e+00 4.743272364139556885e-01 2.321554869413375854e-01 1.046378016471862793e+00 -1.606678217649459839e-01 -2.915566265583038330e-01 -1.034181237220764160e+00
6.566573381423950195e-01 -7.918241024017333984e-01 -5.402932167053222656e-01 -1.453427433967590332e+00 4.664345085620880127e-01 2.364917844533920288e-01 1.052374005317687988e+00 -1.527062505483627319e-01 -2.956426739692687988e-01 -1.027407765388488770e+00
6.580767631530761719e-01 -7.996771335601806641e-01 -5.394039154052734375e-01 -1.460262775421142578e+00 4.751886129379272461e-01 2.327671498060226440e-01 1.046789050102233887e+00 -1.564577072858810425e-01 -2.960697412490844727e-01 -1.027851223945617676e+00
4.500838518142700195e-01 -8.041574954986572266e-01 -5.803257226943969727e-01 -1.403086781501770020e+00 4.052341580390930176e-01 2.133913487195968628e-01 1.014091014862060547e+00 -2.112294882535934448e-01 -3.334145545959472656e-01 -1.001672148704528809e+00
1.011814475059509277e-01 -1.028379440307617188e+00 -3.930668830871582031e-01 -1.060382008552551270e+00 2.669860720634460449e-01 2.460721582174301147e-01 1.367734193801879883e+00 -1.144057959318161011e-01 -3.628765046596527100e-01 -1.693630814552307129e-01
1.077519804239273071e-01 -1.018562674522399902e+00 -3.622480034828186035e-01 -1.038435459136962891e+00 2.893753945827484131e-01 2.512350678443908691e-01 1.397848129272460938e+00 -1.257944554090499878e-01 -3.546409308910369873e-01 -1.135444045066833496e-01
1.121525615453720093e-01 -1.028037071228027344e+00 -3.738819658756256104e-01 -1.043622374534606934e+00 2.882115244865417480e-01 2.499365061521530151e-01 1.403082966804504395e+00 -1.162069290876388550e-01 -3.418420255184173584e-01 -1.141268610954284668e-01
1.101508140563964844e-01 -1.027280330657958984e+00 -3.711967468261718750e-01 -1.043915152549743652e+00 2.807024717330932617e-01 2.486550062894821167e-01 1.396970033645629883e+00 -1.126517504453659058e-01 -3.506172299385070801e-01 -1.156346797943115234e-01
1.174729615449905396e-01 -1.029525518417358398e+00 -3.705679774284362793e-01 -1.041102528572082520e+00 2.803295850753784180e-01 2.591148018836975098e-01 1.405709862709045410e+00 -1.168262213468551636e-01 -3.606083393096923828e-01 -1.212655901908874512e-01
1.099024713039398193e-01 -1.018338203430175781e+00 -3.730725646018981934e-01 -1.042695522308349609e+00 2.883085310459136963e-01 2.553449273109436035e-01 1.390546560287475586e+00 -1.214396208524703979e-01 -3.520104587078094482e-01 -1.218503713607788086e-01
1.175949424505233765e-01 -1.016586899757385254e+00 -4.119622409343719482e-01 -1.069793820381164551e+00 2.149892300367355347e-01 3.162073493003845215e-01 1.373346686363220215e+00 -1.184293478727340698e-01 -4.145214855670928955e-01 -2.040466666221618652e-01
5.425456762313842773e-01 -9.400497078895568848e-01 -7.232526540756225586e-01 -1.405194878578186035e+00 1.634342819452285767e-01 1.816301792860031128e-01 1.204702973365783691e+00 -2.073743790388107300e-01 -6.887813210487365723e-01 -2.088311314582824707e-01
5.516641139984130859e-01 -9.353777766227722168e-01 -7.257636189460754395e-01 -1.416189670562744141e+00 1.853609234094619751e-01 1.641662567853927612e-01 1.188514351844787598e+00 -2.178056091070175171e-01 -7.008412480354309082e-01 -2.131099104881286621e-01
5.572184324264526367e-01 -9.368278980255126953e-01 -7.381755113601684570e-01 -1.416443347930908203e+00 1.763140708208084106e-01 1.637295335531234741e-01 1.196836829185485840e+00 -2.180739492177963257e-01 -7.063949108123779297e-01 -2.177450060844421387e-01
5.508084297180175781e-01 -9.288009405136108398e-01 -7.295911312103271484e-01 -1.418796777725219727e+00 1.783644407987594604e-01 1.612256020307540894e-01 1.183247208595275879e+00 -2.041300982236862183e-01 -6.946538090705871582e-01 -2.187309265136718750e-01
3.732218146324157715e-01 -5.034572482109069824e-01 -7.287631034851074219e-01 -1.435379266738891602e+00 3.303751349449157715e-01 3.756557404994964600e-02 9.899355769157409668e-01 -5.293290317058563232e-02 -4.949116408824920654e-01 -4.172624945640563965e-01
