8.728708624839782715e-01 1.364824622869491577e-01 -2.039727717638015747e-01 -1.528018593788146973e+00 -2.576059997081756592e-01 1.556349247694015503e-01 4.774013757705688477e-01 -8.271686732769012451e-02 2.630603611469268799e-01 2.620540857315063477e-01
8.509681820869445801e-01 1.571646779775619507e-01 -1.850115507841110229e-01 -1.584988474845886230e+00 -2.421511858701705933e-01 2.133175581693649292e-01 4.403328895568847656e-01 -1.101954430341720581e-01 2.376440167427062988e-01 2.973130345344543457e-01
8.433045148849487305e-01 1.433501094579696655e-01 -1.717713028192520142e-01 -1.515693783760070801e+00 -2.948068082332611084e-01 1.335261315107345581e-01 5.772454738616943359e-01 -8.875058591365814209e-02 2.774515748023986816e-01 3.081488013267517090e-01
7.391106486320495605e-01 1.181813925504684448e-01 -1.179776936769485474e-01 -1.508486270904541016e+00 -3.363412320613861084e-01 1.866105645895004272e-01 7.375226616859436035e-01 -1.485072225332260132e-01 3.055166304111480713e-01 3.664273619651794434e-01
6.733623743057250977e-01 1.261385530233383179e-01 -9.197141230106353760e-02 -1.464796423912048340e+00 -3.534961044788360596e-01 2.044464200735092163e-01 9.459061026573181152e-01 -1.504641622304916382e-01 3.445743620395660400e-01 3.813578486442565918e-01
6.443894505500793457e-01 2.390986531972885132e-01 -1.309578567743301392e-01 -1.418859839439392090e+00 -3.983301818370819092e-01 1.534630507230758667e-01 9.746207594871520996e-01 -1.729695051908493042e-01 4.558284580707550049e-01 2.850348353385925293e-01
5.527303218841552734e-01 2.437401860952377319e-01 -2.055740207433700562e-01 -1.275387406349182129e+00 -3.425871133804321289e-01 5.968104302883148193e-02 1.040980219841003418e+00 -2.463843375444412231e-01 6.629725694656372070e-01 2.173628211021423340e-01
7.511130571365356445e-01 5.903235077857971191e-01 -1.542737931013107300e-01 -1.391919493675231934e+00 -6.306421756744384766e-01 2.374617941677570343e-02 6.074131131172180176e-01 -1.620178669691085815e-01 6.241836547851562500e-01 1.191371083259582520e-01
7.952541708946228027e-01 5.864369869232177734e-01 -1.280131489038467407e-01 -1.427727460861206055e+00 -6.710946559906005859e-01 5.672310292720794678e-02 4.851862192153930664e-01 -1.518704146146774292e-01 5.506513714790344238e-01 1.148140430450439453e-01
7.967095971107482910e-01 5.871098041534423828e-01 -1.281459480524063110e-01 -1.432785153388977051e+00 -6.766092181205749512e-01 7.708553969860076904e-02 4.778975248336791992e-01 -1.458306759595870972e-01 5.455451607704162598e-01 1.169341206550598145e-01
7.914552688598632812e-01 5.799463987350463867e-01 -1.234049052000045776e-01 -1.443457245826721191e+00 -6.809070110321044922e-01 6.826625764369964600e-02 4.833593964576721191e-01 -1.501623839139938354e-01 5.503033995628356934e-01 1.202375292778015137e-01
7.900244593620300293e-01 5.838569402694702148e-01 -1.227097064256668091e-01 -1.438745141029357910e+00 -6.789355874061584473e-01 7.389663159847259521e-02 4.828818440437316895e-01 -1.493958085775375366e-01 5.486039519309997559e-01 1.315993070602416992e-01
7.884615659713745117e-01 5.948248505592346191e-01 -1.262301951646804810e-01 -1.433528542518615723e+00 -6.775799393653869629e-01 7.459114491939544678e-02 4.866715669631958008e-01 -1.529605239629745483e-01 5.449687838554382324e-01 1.214792132377624512e-01
1.004482626914978027e+00 5.966585874557495117e-01 -9.121026098728179932e-02 -1.429699301719665527e+00 -3.529796898365020752e-01 1.058885306119918823e-01 -9.236100129783153534e-03 -7.355515658855438232e-02 7.137802243232727051e-01 -4.236900433897972107e-02
1.112939000129699707e+00 4.484475851058959961e-01 -1.681806743144989014e-01 -1.482988953590393066e+00 -4.518890678882598877e-01 1.066629141569137573e-01 -7.463681697845458984e-01 -5.968318879604339600e-02 2.795724570751190186e-01 -2.100318297743797302e-02
1.116026520729064941e+00 4.492324590682983398e-01 -1.744767576456069946e-01 -1.485374331474304199e+00 -4.443659484386444092e-01 1.082546561956405640e-01 -7.575463652610778809e-01 -4.170219600200653076e-02 2.716661989688873291e-01 -1.796096190810203552e-02
1.116299986839294434e+00 4.489092826843261719e-01 -1.748654693365097046e-01 -1.472299218177795410e+00 -4.544081985950469971e-01 9.676282107830047607e-02 -7.535979151725769043e-01 -4.081027209758758545e-02 2.784451246261596680e-01 -1.738172397017478943e-02
1.123001933097839355e+00 4.501140117645263672e-01 -1.692642867565155029e-01 -1.480707049369812012e+00 -4.590846598148345947e-01 9.856508672237396240e-02 -7.486630082130432129e-01 -4.849998652935028076e-02 2.765108346939086914e-01 -1.842921599745750427e-02
1.120463371276855469e+00 4.594898819923400879e-01 -1.710226535797119141e-01 -1.471492767333984375e+00 -4.623168408870697021e-01 1.050352305173873901e-01 -7.487957477569580078e-01 -4.061888158321380615e-02 2.706050574779510498e-01 -2.201687917113304138e-02
1.126756072044372559e+00 4.548394680023193359e-01 -1.757381707429885864e-01 -1.482250809669494629e+00 -4.584789574146270752e-01 1.044502109289169312e-01 -7.506369352340698242e-01 -4.696331918239593506e-02 2.753010690212249756e-01 -1.873290166258811951e-02
1.123725533485412598e+00 4.472541809082031250e-01 -1.733545809984207153e-01 -1.472554564476013184e+00 -4.499714076519012451e-01 9.743081033229827881e-02 -7.441055178642272949e-01 -4.707096517086029053e-02 2.801693677902221680e-01 -1.577102765440940857e-02
1.121559739112854004e+00 4.465783238410949707e-01 -1.801579147577285767e-01 -1.476256728172302246e+00 -4.548851549625396729e-01 1.003506630659103394e-01 -7.472668290138244629e-01 -4.613493382930755615e-02 2.770753800868988037e-01 -2.499299868941307068e-02
1.135975956916809082e+00 4.399900436401367188e-01 -1.881619244813919067e-01 -1.471512436866760254e+00 -4.487672746181488037e-01 1.066695898771286011e-01 -7.378866076469421387e-01 -3.067611157894134521e-02 2.827431857585906982e-01 -2.887081727385520935e-02
1.057608962059020996e+00 2.455216497182846069e-01 2.536367774009704590e-01 -1.404090762138366699e+00 -7.723125815391540527e-01 2.377565950155258179e-01 -6.827700734138488770e-01 -6.280408799648284912e-02 6.782400608062744141e-01 3.490341305732727051e-01
1.114544272422790527e+00 3.256376981735229492e-01 2.229691892862319946e-01 -1.295308470726013184e+00 -6.092282533645629883e-01 4.222462177276611328e-01 -5.715923905372619629e-01 3.108818829059600830e-02 1.037487864494323730e+00 4.549615979194641113e-01
1.085651516914367676e+00 3.209017515182495117e-01 1.965795904397964478e-01 -1.304680705070495605e+00 -5.602388381958007812e-01 4.338746070861816406e-01 -5.304521322250366211e-01 3.686101734638214111e-02 1.054788947105407715e+00 4.494016766548156738e-01
1.081401348114013672e+00 3.227378129959106445e-01 1.953559666872024536e-01 -1.306870222091674805e+00 -5.657243728637695312e-01 4.407056570053100586e-01 -5.220969319343566895e-01 3.046922385692596436e-02 1.060144066810607910e+00 4.533143639564514160e-01
1.079855084419250488e+00 3.329291343688964844e-01 1.953259855508804321e-01 -1.304073095321655273e+00 -5.613929629325866699e-01 4.441406726837158203e-01 -5.122969746589660645e-01 3.181184828281402588e-02 1.056189656257629395e+00 4.489943981170654297e-01
1.083930253982543945e+00 3.332217335700988770e-01 1.946138888597488403e-01 -1.304759621620178223e+00 -5.661771297454833984e-01 4.451566934585571289e-01 -5.133723616600036621e-01 2.476967871189117432e-02 1.063234925270080566e+00 4.492609500885009766e-01
1.016243577003479004e+00 4.387193918228149414e-01 1.486293226480484009e-01 -1.336307883262634277e+00 -4.982756674289703369e-01 3.832314014434814453e-01 -3.444343209266662598e-01 -1.367206778377294540e-02 1.146461129188537598e+00 3.765379786491394043e-01
8.112704157829284668e-01 6.570827960968017578e-01 1.546654850244522095e-01 -1.393909215927124023e+00 -5.736516118049621582e-01 2.941530346870422363e-01 2.822527885437011719e-01 -6.690271198749542236e-02 1.318602204322814941e+00 3.462528586387634277e-01
9.484281539916992188e-01 6.589889526367187500e-01 3.502362370491027832e-01 -1.461826920509338379e+00 -9.005792737007141113e-01 4.251565337181091309e-01 5.250439047813415527e-01 -2.316464483737945557e-02 1.176833033561706543e+00 6.251574158668518066e-01
9.737471938133239746e-01 6.368680596351623535e-01 3.649239540100097656e-01 -1.482176184654235840e+00 -8.943066000938415527e-01 4.400215148925781250e-01 5.526021122932434082e-01 -1.817540824413299561e-02 1.166477084159851074e+00 6.462364792823791504e-01
9.781789183616638184e-01 6.283566951751708984e-01 3.737996816635131836e-01 -1.483453392982482910e+00 -8.986866474151611328e-01 4.420729875564575195e-01 5.388379693031311035e-01 -2.087466418743133545e-02 1.151510477066040039e+00 6.419293284416198730e-01
8.237490057945251465e-01 7.423063516616821289e-01 2.354910224676132202e-01 -1.435116171836853027e+00 -7.624634504318237305e-01 3.235275149345397949e-01 6.697843074798583984e-01 -9.117247164249420166e-02 1.357032895088195801e+00 5.021670460700988770e-01
5.893970727920532227e-01 3.628196716308593750e-01 1.738132089376449585e-01 -1.289026498794555664e+00 -6.284024715423583984e-01 2.011763900518417358e-01 1.144385218620300293e+00 -1.036639660596847534e-01 1.201110959053039551e+00 6.947103142738342285e-01
7.089315056800842285e-01 2.102370709180831909e-01 3.822713494300842285e-01 -1.387530088424682617e+00 -6.161068081855773926e-01 3.739792108535766602e-01 1.000662088394165039e+00 -1.041689664125442505e-01 1.001670837402343750e+00 9.076409935951232910e-01
8.324990868568420410e-01 1.399255841970443726e-01 4.387896656990051270e-01 -1.465978384017944336e+00 -5.805453658103942871e-01 4.464108943939208984e-01 8.559833168983459473e-01 -9.083069860935211182e-02 9.439753293991088867e-01 9.756867289543151855e-01
