2.411359697580337524e-01 -8.274902403354644775e-02 -1.135581493377685547e+00 -9.892383813858032227e-01 -6.409282088279724121e-01 3.227643370628356934e-01 2.465197443962097168e-01 -3.605599701404571533e-01 4.928617775440216064e-01 -1.317492127418518066e-01
2.428467124700546265e-01 -8.051933348178863525e-02 -1.116080641746520996e+00 -9.977946877479553223e-01 -6.387562155723571777e-01 3.146198391914367676e-01 2.440554499626159668e-01 -3.676514923572540283e-01 4.989124536514282227e-01 -1.307024955749511719e-01
2.344120889902114868e-01 -6.395252048969268799e-02 -1.127664685249328613e+00 -9.875009655952453613e-01 -6.410642862319946289e-01 3.221598267555236816e-01 2.286566495895385742e-01 -3.548525273799896240e-01 4.801231026649475098e-01 -1.264951527118682861e-01
2.373313158750534058e-01 -8.973695337772369385e-02 -1.131582856178283691e+00 -9.915253520011901855e-01 -6.519452929496765137e-01 3.047043681144714355e-01 2.552309632301330566e-01 -3.699558675289154053e-01 4.862400293350219727e-01 -1.138647198677062988e-01
2.429512888193130493e-01 -1.427201181650161743e-01 -1.124417662620544434e+00 -9.952205419540405273e-01 -6.496708393096923828e-01 2.769930362701416016e-01 3.271798491477966309e-01 -3.863097727298736572e-01 5.249982476234436035e-01 -9.726071357727050781e-02
1.953210085630416870e-01 -1.789156347513198853e-01 -1.043637394905090332e+00 -1.000353455543518066e+00 -6.518064737319946289e-01 3.025435805320739746e-01 3.758044838905334473e-01 -4.010551869869232178e-01 5.717379450798034668e-01 -8.866544812917709351e-03
6.002513691782951355e-02 -1.348151713609695435e-01 -8.611525297164916992e-01 -9.428846240043640137e-01 -6.465685963630676270e-01 2.919185757637023926e-01 4.657422304153442383e-01 -3.626976907253265381e-01 6.451374888420104980e-01 9.699618816375732422e-02
4.563040658831596375e-02 -1.790132075548171997e-01 -8.050661087036132812e-01 -8.737542629241943359e-01 -7.435707449913024902e-01 1.185789555311203003e-01 6.358613371849060059e-01 -3.326567113399505615e-01 7.941382527351379395e-01 1.107441782951354980e-01
5.340464040637016296e-02 -1.411248743534088135e-02 -7.984504103660583496e-01 -8.748133182525634766e-01 -9.448799490928649902e-01 1.515883654356002808e-01 6.011710762977600098e-01 -3.416141569614410400e-01 7.652396559715270996e-01 2.533239498734474182e-02
8.357365429401397705e-02 8.712098002433776855e-03 -8.421619534492492676e-01 -8.922870159149169922e-01 -9.844292402267456055e-01 1.922827810049057007e-01 5.195906758308410645e-01 -3.708820044994354248e-01 7.293199896812438965e-01 -7.286127656698226929e-03
8.281733095645904541e-02 8.993253111839294434e-03 -8.366901874542236328e-01 -8.836677074432373047e-01 -9.867205023765563965e-01 1.948965638875961304e-01 5.124359726905822754e-01 -3.475812971591949463e-01 7.284131646156311035e-01 -1.624506339430809021e-02
7.905538380146026611e-02 1.314567029476165771e-02 -8.414150476455688477e-01 -8.901296854019165039e-01 -1.009839057922363281e+00 1.915000528097152710e-01 5.079531073570251465e-01 -3.683457076549530029e-01 7.206463217735290527e-01 -8.107002824544906616e-03
8.618341386318206787e-02 1.689206063747406006e-02 -8.412306904792785645e-01 -8.900094032287597656e-01 -9.899879097938537598e-01 1.931237429380416870e-01 5.147418975830078125e-01 -3.626019060611724854e-01 7.254008054733276367e-01 -1.265042647719383240e-02
9.452135860919952393e-02 -2.519829571247100830e-02 -8.648127317428588867e-01 -8.781362175941467285e-01 -9.238513708114624023e-01 1.984385102987289429e-01 5.013800263404846191e-01 -3.716313540935516357e-01 7.176728844642639160e-01 -1.864868029952049255e-02
7.440876215696334839e-03 3.037684559822082520e-01 -6.885873079299926758e-01 -8.543166518211364746e-01 -6.207266449928283691e-01 1.661051958799362183e-01 3.403623700141906738e-01 -2.079460471868515015e-01 9.516260027885437012e-01 2.124333754181861877e-02
2.948927581310272217e-01 5.631463527679443359e-01 2.539135515689849854e-02 -9.106469154357910156e-01 -1.918110609054565430e+00 -9.953261613845825195e-01 -1.500437378883361816e+00 -3.853379189968109131e-02 8.961553573608398438e-01 1.925483345985412598e-01
4.012208580970764160e-01 1.095505803823471069e-01 2.331632524728775024e-01 -1.074450731277465820e+00 -5.851392745971679688e-01 -1.112313389778137207e+00 -1.479516863822937012e+00 -2.529575489461421967e-03 6.005209088325500488e-01 5.256215929985046387e-01
4.203613996505737305e-01 9.784911572933197021e-02 2.325651198625564575e-01 -1.066748261451721191e+00 -6.057318449020385742e-01 -1.108535766601562500e+00 -1.519878029823303223e+00 -1.134558580815792084e-03 6.171480417251586914e-01 5.367618203163146973e-01
3.995223343372344971e-01 9.065680205821990967e-02 2.358023077249526978e-01 -1.030056118965148926e+00 -6.078823208808898926e-01 -1.105015993118286133e+00 -1.519680023193359375e+00 1.151014957576990128e-02 6.290590167045593262e-01 5.299036502838134766e-01
3.972835540771484375e-01 8.028732240200042725e-02 2.453929930925369263e-01 -1.021728992462158203e+00 -6.086848974227905273e-01 -1.098756670951843262e+00 -1.528132438659667969e+00 1.867322623729705811e-02 6.264289617538452148e-01 5.283221602439880371e-01
3.952411413192749023e-01 8.695743978023529053e-02 2.459281235933303833e-01 -1.013418197631835938e+00 -6.151082515716552734e-01 -1.099343538284301758e+00 -1.527774453163146973e+00 1.477868948131799698e-02 6.340534090995788574e-01 5.309274792671203613e-01
3.941752910614013672e-01 8.544592559337615967e-02 2.438810020685195923e-01 -1.014800786972045898e+00 -6.086887717247009277e-01 -1.099406957626342773e+00 -1.524998784065246582e+00 1.407601032406091690e-02 6.309986710548400879e-01 5.296068787574768066e-01
4.168393015861511230e-01 9.388910233974456787e-02 2.340766936540603638e-01 -1.056690096855163574e+00 -6.107110381126403809e-01 -1.116436004638671875e+00 -1.514258623123168945e+00 1.679227687418460846e-03 6.183339357376098633e-01 5.318678617477416992e-01
3.247162997722625732e-01 2.780895233154296875e-01 1.422988325357437134e-01 -9.714893102645874023e-01 -6.608976721763610840e-01 -1.335104465484619141e+00 -1.440161108970642090e+00 -2.737472951412200928e-02 8.132367730140686035e-01 3.729269504547119141e-01
2.461551576852798462e-01 3.900498151779174805e-01 1.056473404169082642e-01 -9.095268845558166504e-01 -6.447470784187316895e-01 -1.365096092224121094e+00 -1.327215790748596191e+00 -5.030630528926849365e-02 1.018833994865417480e+00 3.242796063423156738e-01
2.386907786130905151e-01 3.845396041870117188e-01 1.053587347269058228e-01 -8.949064016342163086e-01 -6.418198347091674805e-01 -1.350609302520751953e+00 -1.332200765609741211e+00 -4.684226214885711670e-02 1.026597380638122559e+00 3.232440352439880371e-01
2.269445210695266724e-01 3.958784341812133789e-01 1.014352589845657349e-01 -8.859219551086425781e-01 -6.537166237831115723e-01 -1.359665632247924805e+00 -1.327095150947570801e+00 -5.460633337497711182e-02 1.033243536949157715e+00 3.207730650901794434e-01
2.409594208002090454e-01 3.952211141586303711e-01 9.400297701358795166e-02 -9.203337430953979492e-01 -6.379455924034118652e-01 -1.366714477539062500e+00 -1.316434264183044434e+00 -6.139658391475677490e-02 1.023671984672546387e+00 3.245863318443298340e-01
2.506040930747985840e-01 3.987481594085693359e-01 9.311403334140777588e-02 -9.311560392379760742e-01 -6.391099095344543457e-01 -1.372879624366760254e+00 -1.308665394783020020e+00 -6.816400587558746338e-02 1.029893755912780762e+00 3.288103342056274414e-01
2.434291094541549683e-01 3.952258825302124023e-01 9.782911837100982666e-02 -9.111576080322265625e-01 -6.432837843894958496e-01 -1.374864816665649414e+00 -1.314294576644897461e+00 -4.975537955760955811e-02 1.027974605560302734e+00 3.212094902992248535e-01
2.497399598360061646e-01 3.628640174865722656e-01 1.576286107301712036e-01 -8.513224124908447266e-01 -5.735946297645568848e-01 -1.187505006790161133e+00 -1.159338712692260742e+00 -7.261089980602264404e-02 1.250018715858459473e+00 3.529301285743713379e-01
-4.815537482500076294e-03 4.608596563339233398e-01 3.152501583099365234e-01 -8.455880880355834961e-01 -4.399897456169128418e-01 -1.096106886863708496e+00 -1.553981900215148926e-01 -1.732365936040878296e-01 1.797875523567199707e+00 5.262852311134338379e-01
9.454046189785003662e-02 1.186411231756210327e-01 4.286375045776367188e-01 -8.303529024124145508e-01 -6.593682765960693359e-01 -1.084693193435668945e+00 -1.654925756156444550e-03 -1.244175881147384644e-01 1.222960829734802246e+00 7.939571738243103027e-01
1.331725269556045532e-01 1.105078309774398804e-01 4.475005269050598145e-01 -8.452589511871337891e-01 -6.669681668281555176e-01 -1.085608720779418945e+00 -1.290744822472333908e-02 -1.272806227207183838e-01 1.161468625068664551e+00 8.373587727546691895e-01
1.172516793012619019e-01 1.192040294408798218e-01 3.690946698188781738e-01 -8.197793960571289062e-01 -7.093835473060607910e-01 -1.148599267005920410e+00 -5.035343579947948456e-03 -1.233271807432174683e-01 1.232164025306701660e+00 8.100878596305847168e-01
8.281177282333374023e-02 1.857908815145492554e-01 3.649794459342956543e-01 -8.277251124382019043e-01 -6.657219529151916504e-01 -1.101940512657165527e+00 -2.583331242203712463e-02 -1.175902634859085083e-01 1.403678536415100098e+00 7.175158858299255371e-01
-1.886473968625068665e-02 4.519090522080659866e-03 2.954124808311462402e-01 -7.982169389724731445e-01 -6.080037951469421387e-01 -1.094060063362121582e+00 9.838932752609252930e-02 -9.889321029186248779e-02 1.375928997993469238e+00 7.638184428215026855e-01
9.313599765300750732e-02 -1.038957387208938599e-01 4.264565706253051758e-01 -8.329451084136962891e-01 -6.064311265945434570e-01 -9.623241424560546875e-01 5.110674723982810974e-02 -7.429890334606170654e-02 1.048464417457580566e+00 9.404159188270568848e-01
1.990537494421005249e-01 -9.012158215045928955e-02 4.744988679885864258e-01 -8.418461084365844727e-01 -5.889894962310791016e-01 -9.490470290184020996e-01 1.925283297896385193e-02 -7.007993757724761963e-02 9.596706032752990723e-01 1.006336092948913574e+00
