2.207877784967422485e-01 1.011302918195724487e-01 -8.451049327850341797e-01 -6.824172735214233398e-01 -7.157360315322875977e-01 6.625035405158996582e-01 1.117795109748840332e-01 9.301509261131286621e-01 2.460564374923706055e-01 -1.601707935333251953e-01
2.285180836915969849e-01 1.059172004461288452e-01 -8.485935926437377930e-01 -6.819322109222412109e-01 -7.139280438423156738e-01 6.637766957283020020e-01 8.633655309677124023e-02 9.423925280570983887e-01 2.391087859869003296e-01 -1.592043638229370117e-01
2.082422524690628052e-01 1.163190454244613647e-01 -8.481914997100830078e-01 -6.632182598114013672e-01 -7.219145894050598145e-01 6.619494557380676270e-01 8.649545907974243164e-02 9.299929738044738770e-01 2.285743802785873413e-01 -1.439453959465026855e-01
2.084870487451553345e-01 9.943239390850067139e-02 -8.507315516471862793e-01 -6.731900572776794434e-01 -7.131952643394470215e-01 6.417828798294067383e-01 1.151838302612304688e-01 9.230284094810485840e-01 2.327621877193450928e-01 -1.321371793746948242e-01
2.139802724123001099e-01 5.503229796886444092e-02 -8.491928577423095703e-01 -6.781792044639587402e-01 -7.094605565071105957e-01 5.691660046577453613e-01 1.852158904075622559e-01 8.640593886375427246e-01 2.785985171794891357e-01 -1.004109382629394531e-01
1.400806158781051636e-01 3.325919806957244873e-02 -7.575643658638000488e-01 -7.194682359695434570e-01 -7.449215054512023926e-01 6.208910942077636719e-01 2.567673325538635254e-01 7.902724742889404297e-01 3.298680484294891357e-01 -1.273762807250022888e-02
-4.833680018782615662e-02 1.925047487020492554e-01 -6.334189176559448242e-01 -6.330270767211914062e-01 -7.366629242897033691e-01 5.448905825614929199e-01 3.936804533004760742e-01 7.494513988494873047e-01 3.060051500797271729e-01 2.048047184944152832e-01
-1.048824489116668701e-01 2.116845697164535522e-01 -5.858352780342102051e-01 -5.658770799636840820e-01 -7.911480069160461426e-01 4.170950651168823242e-01 5.579056143760681152e-01 6.864278316497802734e-01 4.476802051067352295e-01 1.995743513107299805e-01
-4.635946825146675110e-02 2.838229537010192871e-01 -5.463751554489135742e-01 -5.239974856376647949e-01 -1.036071300506591797e+00 4.178519248962402344e-01 5.030696988105773926e-01 6.967601180076599121e-01 4.970796406269073486e-01 9.958189725875854492e-02
-6.830424815416336060e-02 2.728914618492126465e-01 -5.159311294555664062e-01 -5.376838445663452148e-01 -8.878031969070434570e-01 3.871605992317199707e-01 5.413052439689636230e-01 7.608349919319152832e-01 6.319728493690490723e-01 6.042772904038429260e-02
-2.855826169252395630e-03 6.529474258422851562e-01 -1.770759075880050659e-01 -3.062439560890197754e-01 -1.703671932220458984e+00 -1.648532599210739136e-01 -7.020936608314514160e-01 9.797087907791137695e-01 1.077622771263122559e+00 -1.470156908035278320e-01
1.777101308107376099e-01 5.866595506668090820e-01 4.312509298324584961e-01 -4.620458781719207764e-01 -7.974224686622619629e-01 -8.852532505989074707e-01 -1.692861199378967285e+00 8.847371339797973633e-01 3.981858193874359131e-01 2.293518185615539551e-01
2.320006638765335083e-01 2.798275947570800781e-01 5.037499666213989258e-01 -4.737024009227752686e-01 -4.414594769477844238e-01 -8.366822600364685059e-01 -1.695775151252746582e+00 9.397020339965820312e-01 3.805946409702301025e-01 3.644068241119384766e-01
2.464305609464645386e-01 2.509462833404541016e-01 5.053257346153259277e-01 -4.468889534473419189e-01 -4.749011695384979248e-01 -8.474556803703308105e-01 -1.738141655921936035e+00 9.485474228858947754e-01 4.026609957218170166e-01 3.715552687644958496e-01
2.464317828416824341e-01 2.479224056005477905e-01 5.013955831527709961e-01 -4.511905014514923096e-01 -4.764574766159057617e-01 -8.491678833961486816e-01 -1.739234089851379395e+00 9.616464376449584961e-01 4.025198519229888916e-01 3.713770508766174316e-01
2.411474138498306274e-01 2.646161317825317383e-01 4.879484176635742188e-01 -4.434086382389068604e-01 -4.900786280632019043e-01 -8.575668931007385254e-01 -1.736022830009460449e+00 9.528939127922058105e-01 4.200357496738433838e-01 3.616120219230651855e-01
1.323257535696029663e-01 5.274580121040344238e-01 3.167609572410583496e-01 -3.532064259052276611e-01 -5.536194443702697754e-01 -1.047231793403625488e+00 -1.583657503128051758e+00 9.246119856834411621e-01 7.484078407287597656e-01 1.640043854713439941e-01
1.358650773763656616e-01 5.307583808898925781e-01 3.161243796348571777e-01 -3.503421545028686523e-01 -5.502975583076477051e-01 -1.060420393943786621e+00 -1.584697604179382324e+00 9.294506907463073730e-01 7.470168471336364746e-01 1.590017676353454590e-01
1.344611197710037231e-01 5.273548960685729980e-01 3.107321262359619141e-01 -3.539099693298339844e-01 -5.484548211097717285e-01 -1.051837563514709473e+00 -1.585309386253356934e+00 9.352841973304748535e-01 7.458834052085876465e-01 1.577755808830261230e-01
1.282145529985427856e-01 5.227744579315185547e-01 3.151376843452453613e-01 -3.492375314235687256e-01 -5.467225909233093262e-01 -1.054968953132629395e+00 -1.585808515548706055e+00 9.277825951576232910e-01 7.434368133544921875e-01 1.523007154464721680e-01
1.279785484075546265e-01 5.252841114997863770e-01 3.292768001556396484e-01 -3.443587124347686768e-01 -5.543813109397888184e-01 -1.069348335266113281e+00 -1.593570709228515625e+00 9.096400737762451172e-01 7.309786677360534668e-01 1.477771401405334473e-01
2.447469159960746765e-02 6.602715849876403809e-01 4.046555161476135254e-01 -2.934550344944000244e-01 -3.631554543972015381e-01 -9.236484169960021973e-01 -8.509391546249389648e-01 6.560361981391906738e-01 1.369182229042053223e+00 1.406714916229248047e-01
-4.424231126904487610e-02 3.268360495567321777e-01 7.379280924797058105e-01 -3.739482760429382324e-01 -4.607585370540618896e-01 -8.053082227706909180e-01 2.298682555556297302e-02 6.159082055091857910e-01 9.396558403968811035e-01 6.360953450202941895e-01
-1.629968360066413879e-02 2.113754600286483765e-01 7.121597528457641602e-01 -3.105545341968536377e-01 -5.988534092903137207e-01 -8.954693675041198730e-01 -1.399451773613691330e-02 6.404799818992614746e-01 1.038985729217529297e+00 6.405147910118103027e-01
-4.372376576066017151e-02 2.615970969200134277e-01 6.784589886665344238e-01 -3.065334558486938477e-01 -5.544559955596923828e-01 -8.663792014122009277e-01 -8.511024713516235352e-02 6.726033091545104980e-01 1.136962056159973145e+00 5.605596899986267090e-01
-1.139046996831893921e-01 5.125080049037933350e-02 6.530889272689819336e-01 -3.904970884323120117e-01 -5.146261453628540039e-01 -7.465417981147766113e-01 7.432633638381958008e-02 6.157817244529724121e-01 9.842397570610046387e-01 7.321315407752990723e-01
