2.192271947860717773e-01 7.335375249385833740e-02 7.305922508239746094e-01 -8.049820661544799805e-01 -2.922687232494354248e-01 3.997814655303955078e-01 3.977221846580505371e-01 6.217962503433227539e-01 -1.831334531307220459e-01 -1.005708098411560059e+00
2.266982048749923706e-01 7.619552314281463623e-02 7.243193387985229492e-01 -8.039920330047607422e-01 -2.951855361461639404e-01 3.985491991043090820e-01 4.095188379287719727e-01 6.207045912742614746e-01 -1.820354759693145752e-01 -1.008992195129394531e+00
1.408292353153228760e-01 6.004981696605682373e-02 7.124629616737365723e-01 -7.716813683509826660e-01 -4.149416089057922363e-01 3.894535899162292480e-01 7.626266479492187500e-01 5.933136940002441406e-01 -3.211756050586700439e-02 -7.356765270233154297e-01
1.873962432146072388e-01 2.651122212409973145e-01 4.853691458702087402e-01 -7.838859558105468750e-01 -2.069986611604690552e-01 5.784471631050109863e-01 8.801247477531433105e-01 6.815602779388427734e-01 3.852203488349914551e-01 -1.130522966384887695e+00
2.635753750801086426e-01 3.703343272209167480e-01 4.002461135387420654e-01 -6.558867692947387695e-01 -1.152707040309906006e-01 6.555264592170715332e-01 6.301384568214416504e-01 7.411933541297912598e-01 5.153629183769226074e-01 -1.443781375885009766e+00
2.681807875633239746e-01 4.029741585254669189e-01 3.879677653312683105e-01 -6.601639986038208008e-01 -7.600058615207672119e-02 7.762209773063659668e-01 6.425390839576721191e-01 7.546122670173645020e-01 5.437055826187133789e-01 -1.522223830223083496e+00
2.668607532978057861e-01 4.104279577732086182e-01 3.714936077594757080e-01 -6.445398926734924316e-01 -5.031988024711608887e-02 7.935966849327087402e-01 6.371195912361145020e-01 7.665483355522155762e-01 5.460097193717956543e-01 -1.548389554023742676e+00
2.713310718536376953e-01 4.145087599754333496e-01 3.814159035682678223e-01 -6.517215967178344727e-01 -5.124285817146301270e-02 7.863534688949584961e-01 6.350041031837463379e-01 7.542433142662048340e-01 5.497067570686340332e-01 -1.539511680603027344e+00
2.624190151691436768e-01 4.113422632217407227e-01 3.894255757331848145e-01 -6.463588476181030273e-01 -5.773401260375976562e-02 8.021299839019775391e-01 6.403562426567077637e-01 7.589408755302429199e-01 5.381920933723449707e-01 -1.541802644729614258e+00
2.648327946662902832e-01 4.476576447486877441e-01 2.878900170326232910e-01 -6.103379726409912109e-01 5.085468292236328125e-02 9.159249067306518555e-01 5.458478927612304688e-01 8.225532174110412598e-01 5.431109070777893066e-01 -1.660555362701416016e+00
1.316376477479934692e-01 2.680100798606872559e-01 5.528099834918975830e-02 -5.143380761146545410e-01 4.843735098838806152e-01 1.811207890510559082e+00 3.283949494361877441e-01 8.055071830749511719e-01 7.991717457771301270e-01 -1.302245974540710449e+00
1.353797465562820435e-01 4.596655070781707764e-02 -2.218732088804244995e-01 -3.540494740009307861e-01 9.514712095260620117e-01 3.557108640670776367e-01 -2.222076058387756348e-01 7.434804439544677734e-01 1.021981954574584961e+00 -1.421703934669494629e+00
8.362673223018646240e-02 3.120170533657073975e-02 -2.110855430364608765e-01 -3.896250426769256592e-01 9.241893291473388672e-01 2.481538504362106323e-01 -4.112312793731689453e-01 7.203267812728881836e-01 9.764425158500671387e-01 -1.466332554817199707e+00
7.238729298114776611e-02 3.983001410961151123e-02 -1.935552209615707397e-01 -3.985147178173065186e-01 9.286264181137084961e-01 2.137151807546615601e-01 -4.356271028518676758e-01 6.913759112358093262e-01 9.516513943672180176e-01 -1.473187923431396484e+00
7.043673098087310791e-02 3.814296424388885498e-02 -1.933424323797225952e-01 -3.938607275485992432e-01 9.248902201652526855e-01 2.151667326688766479e-01 -4.329479336738586426e-01 6.974346041679382324e-01 9.505222439765930176e-01 -1.470024824142456055e+00
1.258603185415267944e-01 8.256737887859344482e-02 -1.676892191171646118e-01 -3.567507565021514893e-01 9.873824119567871094e-01 2.787839770317077637e-01 -2.950142025947570801e-01 7.073056101799011230e-01 1.027578949928283691e+00 -1.470151066780090332e+00
2.788366079330444336e-01 3.443854451179504395e-01 3.994173109531402588e-01 -3.878118693828582764e-01 9.735371470451354980e-01 1.076557278633117676e+00 -1.467288136482238770e-01 7.373645901679992676e-01 9.082837104797363281e-01 -1.653095245361328125e+00
2.900463044643402100e-01 3.677824139595031738e-01 4.121728241443634033e-01 -4.299275875091552734e-01 9.083594083786010742e-01 1.120941400527954102e+00 -1.691938638687133789e-01 7.722741961479187012e-01 7.962638139724731445e-01 -1.752159476280212402e+00
2.944774627685546875e-01 3.662872910499572754e-01 4.186353385448455811e-01 -4.308793842792510986e-01 9.065719246864318848e-01 1.124343395233154297e+00 -1.672821640968322754e-01 7.686501145362854004e-01 8.010113835334777832e-01 -1.752393841743469238e+00
2.883769273757934570e-01 3.691129088401794434e-01 4.172453880310058594e-01 -4.283864200115203857e-01 9.102790951728820801e-01 1.119229197502136230e+00 -1.721635460853576660e-01 7.734575867652893066e-01 7.915399670600891113e-01 -1.753919363021850586e+00
2.735742628574371338e-01 3.290260732173919678e-01 3.880230784416198730e-01 -3.660570979118347168e-01 9.638965129852294922e-01 1.036562085151672363e+00 -9.196138381958007812e-02 7.147702574729919434e-01 9.705788493156433105e-01 -1.644252657890319824e+00
3.890609741210937500e-01 4.272112250328063965e-01 5.179542303085327148e-01 -4.664371013641357422e-01 4.981594681739807129e-01 4.081909060478210449e-01 -1.600700020790100098e-01 6.852713823318481445e-01 7.663171291351318359e-01 -1.902409434318542480e+00
3.394382596015930176e-01 3.697915971279144287e-01 5.943381786346435547e-01 -4.817100167274475098e-01 3.995380103588104248e-01 2.500740885734558105e-01 -1.549224257469177246e-01 7.197583913803100586e-01 7.050777077674865723e-01 -1.728851556777954102e+00
1.505877524614334106e-01 9.986834228038787842e-02 6.097857952117919922e-01 -5.905308127403259277e-01 5.319188237190246582e-01 1.030620187520980835e-01 -2.333040833473205566e-01 5.629541873931884766e-01 4.922674298286437988e-01 -1.174674868583679199e+00
1.713545769453048706e-01 -7.950456440448760986e-02 6.710251569747924805e-01 -6.076585054397583008e-01 6.850230097770690918e-01 1.538863033056259155e-01 -4.169287085533142090e-01 5.640782117843627930e-01 2.906407415866851807e-01 -9.815266728401184082e-01
3.751893341541290283e-01 -1.039417088031768799e-02 7.622483372688293457e-01 -6.016916036605834961e-01 6.557947993278503418e-01 2.288001626729965210e-01 -6.838695406913757324e-01 6.007682085037231445e-01 2.028780579566955566e-01 -1.180694103240966797e+00
