2.179561704397201538e-01 3.948320150375366211e-01 -2.208663672208786011e-01 -9.169737100601196289e-01 -4.934395253658294678e-01 1.993605345487594604e-01 6.627290844917297363e-01 6.827938556671142578e-01 -1.092256680130958557e-01 -5.059156417846679688e-01
2.136645019054412842e-01 3.896572589874267578e-01 -2.211559563875198364e-01 -9.100815057754516602e-01 -4.968307316303253174e-01 1.895929425954818726e-01 6.705192327499389648e-01 6.821119189262390137e-01 -1.090491861104965210e-01 -5.077847838401794434e-01
1.046454459428787231e-01 3.498984575271606445e-01 -1.135492473840713501e-01 -8.509817123413085938e-01 -5.805260539054870605e-01 2.032968252897262573e-01 1.035593867301940918e+00 6.333467960357666016e-01 5.510908365249633789e-02 -3.273044228553771973e-01
2.568221092224121094e-01 6.023346185684204102e-01 -5.884961783885955811e-02 -8.376066088676452637e-01 -2.458161860704421997e-01 3.213289976119995117e-01 9.432109594345092773e-01 6.760159730911254883e-01 3.855433166027069092e-01 -5.578407049179077148e-01
3.899603486061096191e-01 7.844167947769165039e-01 -9.907083213329315186e-02 -7.567440271377563477e-01 -1.333807557821273804e-01 3.825823068618774414e-01 6.955323815345764160e-01 7.031593918800354004e-01 5.285124182701110840e-01 -7.505534887313842773e-01
4.188184738159179688e-01 8.344975709915161133e-01 -1.004051417112350464e-01 -7.998207807540893555e-01 -6.775051355361938477e-02 4.752069711685180664e-01 7.269214987754821777e-01 7.276421189308166504e-01 5.546233057975769043e-01 -7.954199314117431641e-01
4.294764101505279541e-01 8.439496755599975586e-01 -1.135071367025375366e-01 -7.995076775550842285e-01 -5.030880868434906006e-02 4.740981459617614746e-01 7.277824878692626953e-01 7.228191494941711426e-01 5.617390275001525879e-01 -8.275058269500732422e-01
4.297060072422027588e-01 8.442327976226806641e-01 -1.051278263330459595e-01 -8.000081181526184082e-01 -6.291596591472625732e-02 4.785496592521667480e-01 7.264875769615173340e-01 7.290211915969848633e-01 5.617524981498718262e-01 -8.140221834182739258e-01
4.344747066497802734e-01 8.554581999778747559e-01 -9.790356457233428955e-02 -7.891402244567871094e-01 -5.736346542835235596e-02 4.988333582878112793e-01 7.261693477630615234e-01 7.315055131912231445e-01 5.544142127037048340e-01 -8.108307719230651855e-01
4.673652648925781250e-01 9.584944844245910645e-01 -1.892642676830291748e-01 -7.886026501655578613e-01 1.103043109178543091e-01 6.348413825035095215e-01 6.412582397460937500e-01 7.308990359306335449e-01 5.339180827140808105e-01 -9.991287589073181152e-01
3.411175012588500977e-01 7.012439370155334473e-01 -2.512639462947845459e-01 -6.384330987930297852e-01 6.228009462356567383e-01 1.143400669097900391e+00 5.217447876930236816e-01 5.612367987632751465e-01 8.118270635604858398e-01 -6.319489479064941406e-01
3.221746087074279785e-01 3.546127676963806152e-01 -3.638139069080352783e-01 -5.412216782569885254e-01 1.124991059303283691e+00 5.266509950160980225e-02 -3.391227126121520996e-01 6.800734400749206543e-01 9.887408614158630371e-01 -6.911574006080627441e-01
2.499988526105880737e-01 3.100650310516357422e-01 -2.795059084892272949e-01 -5.143631100654602051e-01 1.054368019104003906e+00 -2.594889514148235321e-02 -4.778060913085937500e-01 5.934095978736877441e-01 9.568636417388916016e-01 -5.585086941719055176e-01
2.548723816871643066e-01 3.100916147232055664e-01 -2.770744264125823975e-01 -5.048354864120483398e-01 1.050020217895507812e+00 -3.512902557849884033e-02 -4.929069280624389648e-01 5.880311131477355957e-01 9.699422717094421387e-01 -5.491706132888793945e-01
2.597403228282928467e-01 3.084591627120971680e-01 -2.782580256462097168e-01 -5.142467021942138672e-01 1.041699171066284180e+00 -2.697641961276531219e-02 -4.851127862930297852e-01 5.904027819633483887e-01 9.650005698204040527e-01 -5.544785261154174805e-01
3.018820881843566895e-01 3.033673763275146484e-01 -2.642365694046020508e-01 -5.051538348197937012e-01 1.072950124740600586e+00 3.981404006481170654e-02 -3.138805031776428223e-01 6.244581937789916992e-01 1.072538852691650391e+00 -4.976768493652343750e-01
3.986536264419555664e-01 7.188502550125122070e-01 2.219118624925613403e-01 -5.306658744812011719e-01 1.251076698303222656e+00 6.060346961021423340e-01 -1.096752285957336426e-01 5.124995112419128418e-01 1.089482665061950684e+00 -5.255348086357116699e-01
4.022358059883117676e-01 7.770780324935913086e-01 2.616659402847290039e-01 -5.589334368705749512e-01 1.258677124977111816e+00 6.758881807327270508e-01 -1.259421706199645996e-01 5.725493431091308594e-01 9.812372326850891113e-01 -5.644615292549133301e-01
3.964169025421142578e-01 7.744712829589843750e-01 2.602277994155883789e-01 -5.566223859786987305e-01 1.265546083450317383e+00 6.701762676239013672e-01 -1.282499432563781738e-01 5.711433887481689453e-01 9.753921627998352051e-01 -5.725578069686889648e-01
3.929032087326049805e-01 7.763080000877380371e-01 2.621774077415466309e-01 -5.532079935073852539e-01 1.268088221549987793e+00 6.759257316589355469e-01 -1.242240071296691895e-01 5.587947964668273926e-01 9.767231345176696777e-01 -5.786247253417968750e-01
4.092437624931335449e-01 8.071464896202087402e-01 2.802284359931945801e-01 -6.141852140426635742e-01 1.245898723602294922e+00 6.955196857452392578e-01 -1.756206750869750977e-01 6.004821062088012695e-01 8.675457835197448730e-01 -6.095204949378967285e-01
5.888004899024963379e-01 8.360815644264221191e-01 4.345028996467590332e-01 -6.821614503860473633e-01 7.223210334777832031e-01 2.839570045471191406e-01 -1.569123864173889160e-01 5.648583769798278809e-01 7.809299230575561523e-01 -7.756703495979309082e-01
5.272193551063537598e-01 7.018645405769348145e-01 4.789839386940002441e-01 -6.697241663932800293e-01 5.684415698051452637e-01 7.674477994441986084e-02 -1.467294692993164062e-01 6.167463660240173340e-01 7.535865902900695801e-01 -6.845311522483825684e-01
3.228695988655090332e-01 2.372870892286300659e-01 4.269854426383972168e-01 -6.571735143661499023e-01 6.198528409004211426e-01 -7.713647186756134033e-02 -2.598538994789123535e-01 5.407840609550476074e-01 6.699632406234741211e-01 -3.811252713203430176e-01
2.184696644544601440e-01 8.183173835277557373e-02 4.875599145889282227e-01 -7.128473520278930664e-01 8.183886408805847168e-01 -3.860099613666534424e-02 -4.163858294486999512e-01 4.368964731693267822e-01 4.303586184978485107e-01 -1.981058716773986816e-01
4.553198814392089844e-01 9.827856719493865967e-02 6.062713265419006348e-01 -7.337754964828491211e-01 7.431656718254089355e-01 6.354837119579315186e-02 -6.698362231254577637e-01 4.259912073612213135e-01 3.943302333354949951e-01 -2.658726572990417480e-01
