2.621662020683288574e-01 7.861284911632537842e-02 7.552738189697265625e-01 -8.608357906341552734e-01 -4.663989245891571045e-01 4.587464332580566406e-01 4.045594930648803711e-01 7.248947620391845703e-01 -1.788317263126373291e-01 -1.006611943244934082e+00
2.256979495286941528e-01 8.934269845485687256e-02 7.766749858856201172e-01 -8.912218213081359863e-01 -4.638572037220001221e-01 5.396305322647094727e-01 3.811495900154113770e-01 6.795548200607299805e-01 -1.874900758266448975e-01 -9.706519246101379395e-01
2.305462211370468140e-01 8.816836774349212646e-02 7.644684910774230957e-01 -8.575124740600585938e-01 -5.221924185752868652e-01 4.674574136734008789e-01 5.381071567535400391e-01 6.962780952453613281e-01 -1.311044543981552124e-01 -9.036180377006530762e-01
1.959419101476669312e-01 7.526914775371551514e-02 7.470777034759521484e-01 -8.218486309051513672e-01 -5.894653201103210449e-01 4.405803084373474121e-01 7.356821894645690918e-01 6.885332465171813965e-01 -5.639193952083587646e-02 -7.495979666709899902e-01
1.305045634508132935e-01 1.104358285665512085e-01 7.542427182197570801e-01 -8.150582313537597656e-01 -6.140574216842651367e-01 5.137051939964294434e-01 9.556553959846496582e-01 6.739352345466613770e-01 2.858692407608032227e-02 -6.383511424064636230e-01
1.023187041282653809e-01 2.208163589239120483e-01 6.620951294898986816e-01 -7.541888952255249023e-01 -6.391392946243286133e-01 4.504391551017761230e-01 9.582753777503967285e-01 6.758407950401306152e-01 1.819726824760437012e-01 -7.898504734039306641e-01
1.018870994448661804e-02 1.821542829275131226e-01 3.780051469802856445e-01 -6.761537194252014160e-01 -5.246909260749816895e-01 3.339412808418273926e-01 1.013057231903076172e+00 5.572870373725891113e-01 4.207500517368316650e-01 -9.133774638175964355e-01
6.149184331297874451e-02 3.875375986099243164e-01 5.420090556144714355e-01 -6.469117403030395508e-01 -8.424735069274902344e-01 1.887117475271224976e-01 4.920088052749633789e-01 5.485569238662719727e-01 3.306173384189605713e-01 -1.070885062217712402e+00
8.176887035369873047e-02 3.989486694335937500e-01 6.405185461044311523e-01 -6.941821575164794922e-01 -8.817623257637023926e-01 2.338527888059616089e-01 3.710614442825317383e-01 5.525115728378295898e-01 2.504967749118804932e-01 -1.144953131675720215e+00
1.120657473802566528e-01 3.944854736328125000e-01 4.842836260795593262e-01 -6.969928145408630371e-01 -6.622052788734436035e-01 2.644701600074768066e-01 -5.324056148529052734e-01 6.640105247497558594e-01 1.541060358285903931e-01 -1.595387578010559082e+00
1.227190345525741577e-01 3.564363121986389160e-01 4.929401576519012451e-01 -6.989986896514892578e-01 -7.285560965538024902e-01 2.102399319410324097e-01 -6.765840053558349609e-01 7.059284448623657227e-01 4.975679516792297363e-02 -1.641853690147399902e+00
1.579588204622268677e-01 2.826228141784667969e-01 5.174375772476196289e-01 -7.430984973907470703e-01 -8.526418209075927734e-01 1.422608345746994019e-01 -8.462076187133789062e-01 7.458105683326721191e-01 -1.933111250400543213e-02 -1.612081646919250488e+00
1.580990403890609741e-01 2.882571816444396973e-01 5.377043485641479492e-01 -7.575072646141052246e-01 -8.615448474884033203e-01 1.616372317075729370e-01 -8.574526906013488770e-01 7.157991528511047363e-01 -2.128209173679351807e-02 -1.603730440139770508e+00
1.585388332605361938e-01 2.849797010421752930e-01 5.313304662704467773e-01 -7.573667764663696289e-01 -8.553605675697326660e-01 1.609898656606674194e-01 -8.586734533309936523e-01 7.214612364768981934e-01 -2.218738198280334473e-02 -1.597820401191711426e+00
1.590219885110855103e-01 2.880339026451110840e-01 5.365579724311828613e-01 -7.544214725494384766e-01 -8.611122369766235352e-01 1.513768881559371948e-01 -8.570768237113952637e-01 7.194867134094238281e-01 -2.038659155368804932e-02 -1.606783866882324219e+00
2.033150345087051392e-01 -7.299318443983793259e-03 7.955770492553710938e-01 -6.606464982032775879e-01 -1.324323415756225586e+00 1.464267224073410034e-01 -1.105044603347778320e+00 7.975441813468933105e-01 2.969068586826324463e-01 -6.162735223770141602e-01
2.524568438529968262e-01 -4.930312931537628174e-02 5.482401847839355469e-01 -3.376087546348571777e-01 -1.008933782577514648e+00 9.459148645401000977e-01 -7.754001021385192871e-01 8.568164110183715820e-01 1.111165881156921387e+00 -2.599259614944458008e-01
2.790296077728271484e-01 -9.264935553073883057e-02 5.124455690383911133e-01 -3.117352128028869629e-01 -9.552762508392333984e-01 9.588345289230346680e-01 -8.176876902580261230e-01 8.733657002449035645e-01 1.184462666511535645e+00 -2.359012365341186523e-01
2.598245143890380859e-01 -8.272011578083038330e-02 5.062158107757568359e-01 -3.199892342090606689e-01 -9.516794681549072266e-01 9.737904667854309082e-01 -7.918279170989990234e-01 8.601765036582946777e-01 1.191769957542419434e+00 -2.400918602943420410e-01
2.602541446685791016e-01 -8.649934828281402588e-02 5.048944950103759766e-01 -3.234850168228149414e-01 -9.496734142303466797e-01 9.567062854766845703e-01 -7.921916842460632324e-01 8.645291924476623535e-01 1.193364500999450684e+00 -2.382398247718811035e-01
2.295825034379959106e-01 8.676610887050628662e-02 4.536522030830383301e-01 -4.264581501483917236e-01 -8.440614342689514160e-01 9.863237142562866211e-01 -3.877004981040954590e-01 7.358028888702392578e-01 1.256235241889953613e+00 -4.414158463478088379e-01
1.555888652801513672e-01 1.587676852941513062e-01 8.485458493232727051e-01 -5.383888483047485352e-01 -1.270548701286315918e+00 9.218841791152954102e-01 3.616735339164733887e-01 6.518734693527221680e-01 1.270502328872680664e+00 -2.950391769409179688e-01
2.833418548107147217e-01 1.743478029966354370e-01 1.019387960433959961e+00 -5.175843238830566406e-01 -1.283599376678466797e+00 1.049117445945739746e+00 4.103605747222900391e-01 6.676502823829650879e-01 1.241206407546997070e+00 -3.053313493728637695e-01
1.026982814073562622e-01 1.574085801839828491e-01 8.018357157707214355e-01 -5.018488168716430664e-01 -1.237404704093933105e+00 7.735773324966430664e-01 6.744420528411865234e-01 6.538611054420471191e-01 1.390051722526550293e+00 -2.982743382453918457e-01
4.565679410006850958e-04 -1.844979822635650635e-02 8.171058297157287598e-01 -4.956795275211334229e-01 -1.092705249786376953e+00 7.937325835227966309e-01 1.081279873847961426e+00 6.038271784782409668e-01 1.154674649238586426e+00 -9.982055425643920898e-02
1.146118044853210449e-01 -1.180350929498672485e-01 1.154505848884582520e+00 -5.060147643089294434e-01 -1.080768465995788574e+00 1.005644083023071289e+00 9.721086621284484863e-01 6.651118993759155273e-01 1.039335370063781738e+00 3.268367424607276917e-02
