7.955953478813171387e-01 2.405386418104171753e-01 -1.104169487953186035e+00 -1.682850003242492676e+00 -1.077657341957092285e+00 4.145188927650451660e-01 2.272347807884216309e-01 7.871504127979278564e-02 3.753027021884918213e-01 4.695566296577453613e-01
7.802414894104003906e-01 2.334358543157577515e-01 -1.086035609245300293e+00 -1.690330386161804199e+00 -1.070047616958618164e+00 4.551676511764526367e-01 2.026200890541076660e-01 6.962271034717559814e-02 3.756606280803680420e-01 5.043473839759826660e-01
7.539983987808227539e-01 2.204409092664718628e-01 -1.051631689071655273e+00 -1.657639384269714355e+00 -1.124338865280151367e+00 4.267397522926330566e-01 3.564053773880004883e-01 5.559892952442169189e-02 4.137462675571441650e-01 4.837004244327545166e-01
6.983627080917358398e-01 1.780654639005661011e-01 -9.594590663909912109e-01 -1.610800623893737793e+00 -1.156645894050598145e+00 4.252185225486755371e-01 5.155197978019714355e-01 4.849322140216827393e-02 4.767632782459259033e-01 5.123333334922790527e-01
6.259032487869262695e-01 1.597867459058761597e-01 -8.692056536674499512e-01 -1.552191615104675293e+00 -1.136142253875732422e+00 4.435027241706848145e-01 6.742846965789794922e-01 3.877677023410797119e-02 5.354667901992797852e-01 5.502820611000061035e-01
5.948411822319030762e-01 2.590341567993164062e-01 -8.682085275650024414e-01 -1.510302424430847168e+00 -1.177008032798767090e+00 3.629077076911926270e-01 7.732031941413879395e-01 2.875305712223052979e-02 6.504414677619934082e-01 4.768862128257751465e-01
5.617716312408447266e-01 2.555257081985473633e-01 -8.768295049667358398e-01 -1.394063353538513184e+00 -9.849457740783691406e-01 2.163805812597274780e-01 8.737221360206604004e-01 -2.333959564566612244e-04 9.018754363059997559e-01 4.000517725944519043e-01
5.209655761718750000e-01 8.142371177673339844e-01 -9.095675945281982422e-01 -1.505863785743713379e+00 -1.282208442687988281e+00 2.370421141386032104e-01 5.274061560630798340e-01 -5.493645370006561279e-02 7.387508749961853027e-01 5.689471364021301270e-01
5.425261855125427246e-01 8.043310642242431641e-01 -9.357789754867553711e-01 -1.535257697105407715e+00 -1.374971628189086914e+00 2.554025650024414062e-01 4.225226640701293945e-01 -6.495510041713714600e-02 6.639570593833923340e-01 5.634735226631164551e-01
5.462290644645690918e-01 8.145817518234252930e-01 -9.385730624198913574e-01 -1.555775046348571777e+00 -1.416059613227844238e+00 2.878513932228088379e-01 3.395975530147552490e-01 -4.648332297801971436e-02 6.269373893737792969e-01 5.773103833198547363e-01
5.502650737762451172e-01 8.060188889503479004e-01 -9.388230443000793457e-01 -1.560732007026672363e+00 -1.414119243621826172e+00 2.891315221786499023e-01 3.460912704467773438e-01 -4.061810672283172607e-02 6.274129152297973633e-01 5.689294338226318359e-01
5.503805875778198242e-01 8.185284733772277832e-01 -9.430867433547973633e-01 -1.559277772903442383e+00 -1.403015375137329102e+00 2.893657088279724121e-01 3.402328491210937500e-01 -4.036812484264373779e-02 6.272162795066833496e-01 5.720227956771850586e-01
5.511279106140136719e-01 8.117914199829101562e-01 -9.438823461532592773e-01 -1.557107329368591309e+00 -1.417390108108520508e+00 2.933804988861083984e-01 3.325747549533843994e-01 -4.233144223690032959e-02 6.195159554481506348e-01 5.658594965934753418e-01
7.102442383766174316e-01 8.381983041763305664e-01 -7.942793965339660645e-01 -1.432725787162780762e+00 -1.008749485015869141e+00 2.273776382207870483e-01 -1.240381598472595215e-01 1.875270903110504150e-02 8.821496367454528809e-01 3.826747536659240723e-01
9.223408699035644531e-01 5.882524251937866211e-01 -8.936156034469604492e-01 -1.617410659790039062e+00 -1.120689153671264648e+00 2.170317023992538452e-01 -1.104484915733337402e+00 2.081812918186187744e-02 3.815908133983612061e-01 3.143560886383056641e-01
9.216748476028442383e-01 6.038801670074462891e-01 -9.096022844314575195e-01 -1.602697968482971191e+00 -1.118787646293640137e+00 2.073772400617599487e-01 -1.065242052078247070e+00 5.325545370578765869e-02 3.894366025924682617e-01 3.117420077323913574e-01
9.222394227981567383e-01 6.029683947563171387e-01 -9.078975915908813477e-01 -1.600150942802429199e+00 -1.112052440643310547e+00 2.037598341703414917e-01 -1.072349190711975098e+00 5.481751263141632080e-02 3.896728456020355225e-01 3.107565641403198242e-01
9.265071749687194824e-01 6.019719839096069336e-01 -9.047994017601013184e-01 -1.609856963157653809e+00 -1.106090188026428223e+00 2.159136384725570679e-01 -1.078594565391540527e+00 5.902732908725738525e-02 3.900837898254394531e-01 3.288611769676208496e-01
9.262489676475524902e-01 6.055037975311279297e-01 -9.070906043052673340e-01 -1.600960016250610352e+00 -1.107002139091491699e+00 2.144962996244430542e-01 -1.068125009536743164e+00 5.993844568729400635e-02 3.982166647911071777e-01 3.099488019943237305e-01
9.232940077781677246e-01 6.053240299224853516e-01 -9.077485203742980957e-01 -1.602069020271301270e+00 -1.116719007492065430e+00 2.118978947401046753e-01 -1.073754787445068359e+00 5.808790028095245361e-02 3.909531533718109131e-01 3.270259499549865723e-01
9.257118105888366699e-01 5.994143486022949219e-01 -9.024907946586608887e-01 -1.602993369102478027e+00 -1.101894497871398926e+00 2.205453962087631226e-01 -1.068711400032043457e+00 5.518330633640289307e-02 3.940944969654083252e-01 3.162040710449218750e-01
9.185974001884460449e-01 6.089450120925903320e-01 -8.984858989715576172e-01 -1.600363135337829590e+00 -1.113608598709106445e+00 2.088799923658370972e-01 -1.069293856620788574e+00 5.120046436786651611e-02 3.939872682094573975e-01 3.130933642387390137e-01
9.180375337600708008e-01 5.971101522445678711e-01 -9.018891453742980957e-01 -1.604369521141052246e+00 -1.108827352523803711e+00 2.116528004407882690e-01 -1.061246991157531738e+00 5.269576609134674072e-02 3.926636278629302979e-01 3.045891523361206055e-01
9.406515955924987793e-01 2.522103786468505859e-01 -8.078934252262115479e-02 -1.356766819953918457e+00 -9.779955148696899414e-01 1.250157207250595093e-01 -5.605162382125854492e-01 2.018700540065765381e-02 1.214144587516784668e+00 7.167213559150695801e-01
7.738557457923889160e-01 3.992862701416015625e-01 -1.160597652196884155e-01 -1.334854722023010254e+00 -5.510880351066589355e-01 4.223937392234802246e-01 -3.799910545349121094e-01 -4.903979599475860596e-02 1.430157184600830078e+00 7.121804356575012207e-01
7.268638014793395996e-01 4.088534116744995117e-01 -1.307828277349472046e-01 -1.334089994430541992e+00 -5.301263332366943359e-01 4.249690175056457520e-01 -3.365092277526855469e-01 -5.911986529827117920e-02 1.436016201972961426e+00 7.097389698028564453e-01
7.323473691940307617e-01 4.097111821174621582e-01 -1.278099268674850464e-01 -1.342051386833190918e+00 -5.370830893516540527e-01 4.198112487792968750e-01 -3.387776613235473633e-01 -5.591361224651336670e-02 1.437955856323242188e+00 7.080842852592468262e-01
7.275725603103637695e-01 4.166760444641113281e-01 -1.317873746156692505e-01 -1.335938215255737305e+00 -5.374993681907653809e-01 4.241358637809753418e-01 -3.341928124427795410e-01 -6.116272509098052979e-02 1.436443448066711426e+00 7.169118523597717285e-01
7.249343395233154297e-01 4.121923446655273438e-01 -1.298752278089523315e-01 -1.341426491737365723e+00 -5.333386063575744629e-01 4.179959297180175781e-01 -3.315989375114440918e-01 -6.329523026943206787e-02 1.440389394760131836e+00 7.092469334602355957e-01
7.144365906715393066e-01 5.202952623367309570e-01 -1.362545639276504517e-01 -1.341316103935241699e+00 -4.776598513126373291e-01 3.530613780021667480e-01 -1.471051573753356934e-01 -7.749141752719879150e-02 1.584411144256591797e+00 6.302292943000793457e-01
4.417380690574645996e-01 5.777610540390014648e-01 -8.695088326930999756e-02 -1.350442528724670410e+00 -6.527457833290100098e-01 2.592816352844238281e-01 2.973068356513977051e-01 -7.779775559902191162e-02 1.733946084976196289e+00 8.287194371223449707e-01
6.462316513061523438e-01 5.881155133247375488e-01 5.666144192218780518e-02 -1.503352522850036621e+00 -9.688447713851928711e-01 4.398693442344665527e-01 4.551067948341369629e-01 -2.301498316228389740e-03 1.613071322441101074e+00 1.135268211364746094e+00
6.519121527671813965e-01 5.763216018676757812e-01 6.595040857791900635e-02 -1.515397429466247559e+00 -9.687311053276062012e-01 4.480875730514526367e-01 4.682820439338684082e-01 -4.504754208028316498e-03 1.596338152885437012e+00 1.148944735527038574e+00
6.458237171173095703e-01 5.977932214736938477e-01 6.391902267932891846e-02 -1.517275691032409668e+00 -9.837956428527832031e-01 4.476504921913146973e-01 4.799627065658569336e-01 1.598079502582550049e-02 1.585224986076354980e+00 1.136151552200317383e+00
4.530252516269683838e-01 6.280035972595214844e-01 -2.933470904827117920e-02 -1.461104512214660645e+00 -8.054399490356445312e-01 3.203459382057189941e-01 6.620938777923583984e-01 -2.514551579952239990e-02 1.718161940574645996e+00 1.016565680503845215e+00
3.544964194297790527e-01 3.177675604820251465e-01 -5.187915265560150146e-02 -1.338139891624450684e+00 -6.866109371185302734e-01 2.689535021781921387e-01 9.769300818443298340e-01 -1.162602156400680542e-01 1.525986075401306152e+00 1.178270697593688965e+00
4.656286239624023438e-01 1.625871509313583374e-01 8.372665941715240479e-02 -1.437215685844421387e+00 -6.827769875526428223e-01 4.425067305564880371e-01 8.065891265869140625e-01 -8.643071353435516357e-02 1.357292175292968750e+00 1.403187394142150879e+00
5.632857084274291992e-01 1.320217698812484741e-01 1.222893148660659790e-01 -1.535820841789245605e+00 -6.362280845642089844e-01 5.250707864761352539e-01 6.784155964851379395e-01 -5.266024172306060791e-02 1.324193358421325684e+00 1.450498938560485840e+00
