2.153604179620742798e-01 5.409853160381317139e-02 5.211505889892578125e-01 -8.446513414382934570e-01 -5.105749368667602539e-01 5.751226544380187988e-01 4.401493072509765625e-01 8.547852635383605957e-01 -1.001084893941879272e-01 -1.046099781990051270e+00
2.531415224075317383e-01 6.357912719249725342e-02 5.018128752708435059e-01 -8.225530385971069336e-01 -5.127635002136230469e-01 5.047805905342102051e-01 4.500153064727783203e-01 8.817819356918334961e-01 -8.099265396595001221e-02 -1.085861682891845703e+00
1.990521103143692017e-01 -8.297517895698547363e-03 5.269732475280761719e-01 -8.622915744781494141e-01 -5.768931508064270020e-01 5.911628007888793945e-01 4.677935242652893066e-01 8.735742568969726562e-01 -1.370023339986801147e-01 -9.574219584465026855e-01
1.201067045331001282e-01 -2.564509212970733643e-02 5.158452987670898438e-01 -8.473570942878723145e-01 -6.168320775032043457e-01 6.517817378044128418e-01 4.991498589515686035e-01 9.094515442848205566e-01 -1.875252276659011841e-01 -9.021517038345336914e-01
5.789360031485557556e-02 1.658634841442108154e-02 5.122201442718505859e-01 -8.687158823013305664e-01 -6.312877535820007324e-01 6.957601904869079590e-01 5.425358414649963379e-01 8.927804231643676758e-01 -1.838216930627822876e-01 -9.332040548324584961e-01
8.336239308118820190e-02 -2.223415672779083252e-02 5.712593793869018555e-01 -8.750129342079162598e-01 -6.913855075836181641e-01 6.799575686454772949e-01 5.184389352798461914e-01 8.842284083366394043e-01 -2.435532361268997192e-01 -8.740581870079040527e-01
1.237495988607406616e-01 -1.233534961938858032e-01 6.115964651107788086e-01 -8.565067648887634277e-01 -7.698001861572265625e-01 6.341146230697631836e-01 4.689151644706726074e-01 9.176262021064758301e-01 -3.545063436031341553e-01 -7.859294414520263672e-01
2.042313665151596069e-01 -1.211275607347488403e-01 6.308318376541137695e-01 -8.667389154434204102e-01 -7.470321655273437500e-01 5.383794903755187988e-01 3.832930326461791992e-01 8.725851178169250488e-01 -3.333735167980194092e-01 -7.671774029731750488e-01
2.610502541065216064e-01 -1.278896480798721313e-01 6.232801675796508789e-01 -9.013552069664001465e-01 -7.077000737190246582e-01 4.838167428970336914e-01 3.468509912490844727e-01 8.664038181304931641e-01 -3.085571527481079102e-01 -8.294123411178588867e-01
5.351215004920959473e-01 -4.455944895744323730e-01 7.349568009376525879e-01 -9.060174226760864258e-01 -5.721742510795593262e-01 5.073997378349304199e-01 1.144402623176574707e-01 8.586447238922119141e-01 -7.320372462272644043e-01 -8.652393221855163574e-01
6.880202293395996094e-01 -5.160951018333435059e-01 7.233087420463562012e-01 -8.932886123657226562e-01 -4.977854788303375244e-01 3.664599657058715820e-01 -2.262082695960998535e-01 8.061622977256774902e-01 -8.581857681274414062e-01 -1.022060751914978027e+00
6.894677281379699707e-01 -5.124084949493408203e-01 7.171957492828369141e-01 -8.962038755416870117e-01 -4.880670905113220215e-01 3.891153335571289062e-01 -2.397579550743103027e-01 7.990624308586120605e-01 -8.709321618080139160e-01 -1.038751840591430664e+00
6.912916898727416992e-01 -5.090224742889404297e-01 7.233587503433227539e-01 -9.032378196716308594e-01 -4.969306290149688721e-01 3.874067664146423340e-01 -2.347954511642456055e-01 7.966916561126708984e-01 -8.635217547416687012e-01 -1.032322883605957031e+00
6.940468549728393555e-01 -5.085421204566955566e-01 7.289015054702758789e-01 -9.038581848144531250e-01 -4.871683716773986816e-01 3.938986063003540039e-01 -2.402379512786865234e-01 7.889012694358825684e-01 -8.645452857017517090e-01 -1.033833265304565430e+00
6.888553500175476074e-01 -5.126798152923583984e-01 7.192214727401733398e-01 -9.017728567123413086e-01 -5.001757740974426270e-01 3.879542946815490723e-01 -2.304705977439880371e-01 7.979337573051452637e-01 -8.701680302619934082e-01 -1.028099417686462402e+00
6.344121098518371582e-01 -4.794150888919830322e-01 6.306403875350952148e-01 -9.395744800567626953e-01 -4.099932610988616943e-01 1.104503124952316284e-01 -8.718382120132446289e-01 7.856943607330322266e-01 -1.113294601440429688e+00 -1.255471348762512207e+00
-3.386119902133941650e-01 -5.006939768791198730e-01 3.026348352432250977e-01 -7.077664136886596680e-01 -6.578575968742370605e-01 3.583219051361083984e-01 8.639019727706909180e-02 6.653162240982055664e-01 -1.261163115501403809e+00 -7.077862620353698730e-01
-3.386036157608032227e-01 -4.814673662185668945e-01 2.974879741668701172e-01 -7.245869636535644531e-01 -4.586466252803802490e-01 4.847250580787658691e-01 1.624342203140258789e-01 6.567059159278869629e-01 -1.258989214897155762e+00 -5.988181233406066895e-01
-3.370851874351501465e-01 -4.711253046989440918e-01 2.905825972557067871e-01 -7.226670980453491211e-01 -4.650848507881164551e-01 4.761630296707153320e-01 1.947882175445556641e-01 6.701355576515197754e-01 -1.258207917213439941e+00 -6.033937931060791016e-01
-3.355044722557067871e-01 -4.740368723869323730e-01 2.874905467033386230e-01 -7.296118736267089844e-01 -4.703079462051391602e-01 4.809489250183105469e-01 1.896619796752929688e-01 6.672655344009399414e-01 -1.253558993339538574e+00 -5.944903492927551270e-01
-4.274349808692932129e-01 -1.968527585268020630e-01 1.930551677942276001e-01 -6.560980081558227539e-01 -3.051008880138397217e-01 5.994596481323242188e-01 4.801450967788696289e-01 7.310538887977600098e-01 -1.058299303054809570e+00 -7.477834820747375488e-01
-7.319106459617614746e-01 4.880413878709077835e-03 1.505040079355239868e-01 -6.108127832412719727e-01 -4.799151122570037842e-01 4.601052403450012207e-01 2.977685332298278809e-01 7.192259430885314941e-01 -1.166270613670349121e+00 -8.567112088203430176e-01
-8.032003045082092285e-01 7.171379029750823975e-02 1.455863863229751587e-01 -6.319403648376464844e-01 -4.512332975864410400e-01 3.811017274856567383e-01 2.170998454093933105e-01 6.780923008918762207e-01 -1.112188577651977539e+00 -9.160444140434265137e-01
-8.515377044677734375e-01 1.100141257047653198e-01 1.121147423982620239e-01 -6.601568460464477539e-01 -4.443930089473724365e-01 4.732885956764221191e-01 3.832018971443176270e-01 6.443026661872863770e-01 -1.101672649383544922e+00 -8.123574256896972656e-01
-9.454106688499450684e-01 2.549613714218139648e-01 9.569264948368072510e-02 -6.599770784378051758e-01 -3.623419702053070068e-01 5.816449522972106934e-01 5.082014799118041992e-01 6.466335058212280273e-01 -9.771499633789062500e-01 -8.936364054679870605e-01
-9.909227490425109863e-01 3.049413561820983887e-01 1.096045523881912231e-01 -6.472085714340209961e-01 -3.732816874980926514e-01 5.922096967697143555e-01 4.819065034389495850e-01 6.765491962432861328e-01 -9.129430055618286133e-01 -9.712667465209960938e-01
