2.064989805221557617e-01 3.509734570980072021e-01 -4.968791902065277100e-01 -4.935491383075714111e-01 -2.543692886829376221e-01 -3.134958744049072266e-01 9.993239641189575195e-01 1.590742230415344238e+00 -1.869996637105941772e-01 -5.659648180007934570e-01
2.356948405504226685e-01 3.388886451721191406e-01 -5.149139761924743652e-01 -4.924896061420440674e-01 -2.833616733551025391e-01 -3.520515263080596924e-01 1.010055899620056152e+00 1.619887113571166992e+00 -1.966787576675415039e-01 -5.503674149513244629e-01
1.779152899980545044e-01 2.828923463821411133e-01 -4.969272017478942871e-01 -5.523917675018310547e-01 -3.230457305908203125e-01 -2.461117655038833618e-01 1.049884438514709473e+00 1.569422960281372070e+00 -2.265317440032958984e-01 -4.723779857158660889e-01
1.341678798198699951e-01 2.699331045150756836e-01 -4.986462891101837158e-01 -5.610045194625854492e-01 -3.629279732704162598e-01 -2.511574029922485352e-01 1.075937867164611816e+00 1.580065727233886719e+00 -2.274823337793350220e-01 -4.764315485954284668e-01
8.417053520679473877e-02 3.168886303901672363e-01 -4.882406890392303467e-01 -5.587857961654663086e-01 -3.599306643009185791e-01 -2.159925252199172974e-01 1.044882655143737793e+00 1.554502844810485840e+00 -2.560634315013885498e-01 -4.955782890319824219e-01
1.527394205331802368e-01 2.586450576782226562e-01 -4.888883233070373535e-01 -5.726025104522705078e-01 -4.513941705226898193e-01 -2.665209472179412842e-01 1.061634540557861328e+00 1.614400625228881836e+00 -3.175330162048339844e-01 -3.692956566810607910e-01
2.150057405233383179e-01 2.249522656202316284e-01 -4.826481640338897705e-01 -5.919129848480224609e-01 -5.347070097923278809e-01 -2.658671736717224121e-01 1.034787058830261230e+00 1.577962636947631836e+00 -3.664494454860687256e-01 -2.806623578071594238e-01
2.491511404514312744e-01 2.114798277616500854e-01 -4.939268231391906738e-01 -6.037349700927734375e-01 -5.205406546592712402e-01 -3.548586666584014893e-01 9.517986178398132324e-01 1.507441997528076172e+00 -3.544275760650634766e-01 -2.850993275642395020e-01
2.923982441425323486e-01 1.612227410078048706e-01 -4.882519245147705078e-01 -6.262888908386230469e-01 -5.021116137504577637e-01 -3.752049505710601807e-01 9.660532474517822266e-01 1.515173316001892090e+00 -3.524883091449737549e-01 -2.705145478248596191e-01
7.229498028755187988e-01 -1.017248183488845825e-01 -4.507541954517364502e-01 -6.641360521316528320e-01 -4.721067547798156738e-01 -3.559159040451049805e-01 4.032502174377441406e-01 1.444856286048889160e+00 -6.634536385536193848e-01 -2.994011640548706055e-01
8.977632522583007812e-01 -1.101153045892715454e-01 -4.612708091735839844e-01 -6.397933363914489746e-01 -4.510542452335357666e-01 -4.013748168945312500e-01 1.489728689193725586e-01 1.439868450164794922e+00 -6.912769675254821777e-01 -4.509585499763488770e-01
8.954250216484069824e-01 -1.067071706056594849e-01 -4.644037485122680664e-01 -6.367870569229125977e-01 -4.475569128990173340e-01 -4.088634848594665527e-01 1.611496806144714355e-01 1.433566927909851074e+00 -6.867337226867675781e-01 -4.498021006584167480e-01
8.958101272583007812e-01 -1.112071424722671509e-01 -4.762994349002838135e-01 -6.395789384841918945e-01 -4.444463849067687988e-01 -4.060215353965759277e-01 1.524170637130737305e-01 1.437649965286254883e+00 -6.973142623901367188e-01 -4.514561295509338379e-01
8.976461291313171387e-01 -1.101731210947036743e-01 -4.734373986721038818e-01 -6.340222358703613281e-01 -4.497430622577667236e-01 -4.123981595039367676e-01 1.415998935699462891e-01 1.437605619430541992e+00 -6.976692676544189453e-01 -4.633820652961730957e-01
8.891351819038391113e-01 -1.057830601930618286e-01 -4.792039394378662109e-01 -6.278703212738037109e-01 -4.552549123764038086e-01 -4.097117185592651367e-01 1.588557958602905273e-01 1.450075149536132812e+00 -6.955388188362121582e-01 -4.523664116859436035e-01
7.004029750823974609e-01 -2.119827121496200562e-01 -4.455306828022003174e-01 -5.797388553619384766e-01 -6.424614787101745605e-01 -4.922646582126617432e-01 -3.654353618621826172e-01 1.361669063568115234e+00 -9.021392464637756348e-01 -7.889192700386047363e-01
2.536709234118461609e-02 -4.911317229270935059e-01 -4.888198077678680420e-01 -4.581676423549652100e-01 -9.195745587348937988e-01 -2.348016649484634399e-01 3.287878036499023438e-01 1.196974158287048340e+00 -1.248200654983520508e+00 -9.399172067642211914e-01
-1.762858405709266663e-02 -4.985025525093078613e-01 -4.290646016597747803e-01 -4.671823978424072266e-01 -9.812344908714294434e-01 -2.034712284803390503e-01 2.327536344528198242e-01 1.162644863128662109e+00 -1.279565453529357910e+00 -9.176952242851257324e-01
-1.062421873211860657e-02 -4.954012632369995117e-01 -4.487920105457305908e-01 -4.481867849826812744e-01 -9.721310734748840332e-01 -2.115638107061386108e-01 2.740847468376159668e-01 1.167299509048461914e+00 -1.262140750885009766e+00 -9.234341382980346680e-01
-1.491140201687812805e-02 -4.912962913513183594e-01 -4.428599774837493896e-01 -4.467444121837615967e-01 -9.753820896148681641e-01 -2.070758789777755737e-01 2.782055735588073730e-01 1.166648626327514648e+00 -1.261407136917114258e+00 -9.142971634864807129e-01
-9.171618521213531494e-02 -1.556249409914016724e-01 -5.646004676818847656e-01 -5.476128458976745605e-01 -8.572095036506652832e-01 -8.093865215778350830e-02 6.851414442062377930e-01 1.292421102523803711e+00 -1.060557961463928223e+00 -1.027292609214782715e+00
-3.144327104091644287e-01 1.081833690404891968e-01 -5.707359313964843750e-01 -4.766045510768890381e-01 -1.119928836822509766e+00 -1.560180336236953735e-01 4.829049110412597656e-01 1.121383070945739746e+00 -9.543806910514831543e-01 -1.142185807228088379e+00
-3.406000137329101562e-01 1.699441522359848022e-01 -5.706488490104675293e-01 -4.925239384174346924e-01 -1.102766633033752441e+00 -2.811613082885742188e-01 3.946236371994018555e-01 1.063668847084045410e+00 -9.061641693115234375e-01 -1.237622618675231934e+00
-4.056570529937744141e-01 1.705630868673324585e-01 -5.596714019775390625e-01 -5.348353385925292969e-01 -1.147970199584960938e+00 -1.547486931085586548e-01 6.142725348472595215e-01 1.070700526237487793e+00 -9.240727424621582031e-01 -1.118489384651184082e+00
-4.764879941940307617e-01 3.150663375854492188e-01 -5.592085123062133789e-01 -5.405479073524475098e-01 -1.002374768257141113e+00 -3.938756883144378662e-02 7.526701092720031738e-01 1.079013109207153320e+00 -8.062853217124938965e-01 -1.301262617111206055e+00
-5.281327962875366211e-01 3.742422461509704590e-01 -5.432866811752319336e-01 -5.161696672439575195e-01 -9.564837217330932617e-01 -5.183442030102014542e-03 6.820341348648071289e-01 1.041101455688476562e+00 -7.641395330429077148e-01 -1.331782937049865723e+00
