7.863218784332275391e-01 3.680176138877868652e-01 -9.695702791213989258e-01 -7.756334543228149414e-01 -8.413459658622741699e-01 5.666387677192687988e-01 1.930578947067260742e-01 1.599664330482482910e+00 1.760617643594741821e-01 4.359953999519348145e-01
8.186119794845581055e-01 3.806645870208740234e-01 -9.937193393707275391e-01 -7.755296826362609863e-01 -8.374932408332824707e-01 5.519421100616455078e-01 1.852652430534362793e-01 1.640508413314819336e+00 1.653301417827606201e-01 4.095829725265502930e-01
7.413438558578491211e-01 3.732758164405822754e-01 -9.228467941284179688e-01 -7.953386306762695312e-01 -8.893843293190002441e-01 6.248535513877868652e-01 2.601844072341918945e-01 1.535522580146789551e+00 1.858504116535186768e-01 4.921796321868896484e-01
6.840872764587402344e-01 3.479812145233154297e-01 -8.442410230636596680e-01 -7.843151092529296875e-01 -9.533231854438781738e-01 6.081365346908569336e-01 4.005581140518188477e-01 1.459876418113708496e+00 2.505312561988830566e-01 5.207107067108154297e-01
6.028525233268737793e-01 3.622775077819824219e-01 -7.242118120193481445e-01 -7.514126896858215332e-01 -1.010040044784545898e+00 6.181299090385437012e-01 6.497412323951721191e-01 1.392627596855163574e+00 3.267765939235687256e-01 6.031430363655090332e-01
5.473918914794921875e-01 4.230951666831970215e-01 -6.935024261474609375e-01 -7.320590615272521973e-01 -1.056740403175354004e+00 6.182839870452880859e-01 7.449290156364440918e-01 1.369981527328491211e+00 3.999042510986328125e-01 5.760237574577331543e-01
5.403863191604614258e-01 3.157483339309692383e-01 -7.119244933128356934e-01 -7.594019174575805664e-01 -8.171590566635131836e-01 4.235936403274536133e-01 7.128925919532775879e-01 1.237633705139160156e+00 6.698216795921325684e-01 3.089030385017395020e-01
5.356978178024291992e-01 7.354977130889892578e-01 -6.939577460289001465e-01 -7.258466482162475586e-01 -1.149052381515502930e+00 3.935213685035705566e-01 5.818229317665100098e-01 1.154024243354797363e+00 6.940183043479919434e-01 3.065578341484069824e-01
6.587678194046020508e-01 8.247944116592407227e-01 -6.846225261688232422e-01 -6.660385131835937500e-01 -1.315760254859924316e+00 3.967008590698242188e-01 3.361323773860931396e-01 1.148648262023925781e+00 6.330690383911132812e-01 3.765708804130554199e-01
8.617446422576904297e-01 8.039969205856323242e-01 -6.381767988204956055e-01 -6.866011619567871094e-01 -9.074031114578247070e-01 3.562471866607666016e-01 -2.180013060569763184e-01 1.440186142921447754e+00 8.534120917320251465e-01 1.568709611892700195e-01
9.326574206352233887e-01 7.813951969146728516e-01 -7.412738204002380371e-01 -6.857225894927978516e-01 -9.184616208076477051e-01 2.859032154083251953e-01 -1.021318197250366211e+00 1.517299413681030273e+00 4.211387932300567627e-01 2.503813505172729492e-01
9.339727163314819336e-01 7.793406248092651367e-01 -7.400494813919067383e-01 -6.871364116668701172e-01 -9.129526019096374512e-01 2.760684490203857422e-01 -1.009646058082580566e+00 1.521634221076965332e+00 4.232335984706878662e-01 2.476454377174377441e-01
9.340581297874450684e-01 7.892590761184692383e-01 -7.476390004158020020e-01 -6.789696216583251953e-01 -9.165048599243164062e-01 2.669624388217926025e-01 -1.024263620376586914e+00 1.525395154953002930e+00 4.179154336452484131e-01 2.484330534934997559e-01
9.276247024536132812e-01 7.902284264564514160e-01 -7.430884838104248047e-01 -6.882847547531127930e-01 -9.072092771530151367e-01 2.702852487564086914e-01 -1.020819067955017090e+00 1.523145675659179688e+00 4.167709648609161377e-01 2.513279318809509277e-01
9.200938940048217773e-01 7.836852073669433594e-01 -7.418590188026428223e-01 -6.938531398773193359e-01 -9.207808375358581543e-01 2.699437737464904785e-01 -1.018771767616271973e+00 1.516560077667236328e+00 4.111983478069305420e-01 2.504569292068481445e-01
9.236906170845031738e-01 5.549015402793884277e-01 -5.951557755470275879e-01 -6.542474627494812012e-01 -1.056928396224975586e+00 1.344737261533737183e-01 -1.136474251747131348e+00 1.508905887603759766e+00 4.461735785007476807e-01 3.598697781562805176e-01
1.013502717018127441e+00 3.054824471473693848e-01 -6.484340131282806396e-02 -5.312978625297546387e-01 -8.315862417221069336e-01 1.035299748182296753e-01 -6.730715632438659668e-01 1.285580873489379883e+00 1.043617963790893555e+00 7.162273526191711426e-01
8.634152412414550781e-01 3.216525316238403320e-01 -8.217798173427581787e-02 -5.426647663116455078e-01 -4.359709918498992920e-01 4.827096164226531982e-01 -4.746997952461242676e-01 1.180464506149291992e+00 1.243292927742004395e+00 6.455385088920593262e-01
8.879315257072448730e-01 3.065698146820068359e-01 -9.172300994396209717e-02 -5.450890064239501953e-01 -4.384545981884002686e-01 4.592176377773284912e-01 -4.716280698776245117e-01 1.200000524520874023e+00 1.259378552436828613e+00 6.247712373733520508e-01
8.808526396751403809e-01 3.112847805023193359e-01 -8.590810000896453857e-02 -5.419772863388061523e-01 -4.483611881732940674e-01 4.776090383529663086e-01 -4.711143374443054199e-01 1.187900900840759277e+00 1.250104308128356934e+00 6.314404606819152832e-01
8.287203907966613770e-01 3.976706266403198242e-01 -7.922472059726715088e-02 -6.074438095092773438e-01 -4.039619565010070801e-01 4.218066930770874023e-01 -2.933420538902282715e-01 1.122856974601745605e+00 1.336152672767639160e+00 5.505701899528503418e-01
6.580814719200134277e-01 5.728158354759216309e-01 -9.069408476352691650e-02 -6.745982170104980469e-01 -4.146952927112579346e-01 3.674396276473999023e-01 1.830416321754455566e-01 1.057220578193664551e+00 1.469035744667053223e+00 5.632728338241577148e-01
7.734996080398559570e-01 6.236504316329956055e-01 6.744624674320220947e-02 -6.176252365112304688e-01 -7.805874943733215332e-01 5.207076072692871094e-01 4.250267744064331055e-01 1.002449393272399902e+00 1.412126183509826660e+00 9.355347156524658203e-01
7.168505787849426270e-01 7.195514440536499023e-01 1.177446544170379639e-02 -6.175835132598876953e-01 -7.224302291870117188e-01 4.679361581802368164e-01 4.826754927635192871e-01 1.048079967498779297e+00 1.524189829826354980e+00 8.323280215263366699e-01
4.096946418285369873e-01 4.676098227500915527e-01 -2.555982768535614014e-02 -6.241120696067810059e-01 -6.459968686103820801e-01 3.665778040885925293e-01 1.024999380111694336e+00 9.120228886604309082e-01 1.400924086570739746e+00 9.348614215850830078e-01
3.967912495136260986e-01 2.862802743911743164e-01 9.246446192264556885e-02 -5.834749341011047363e-01 -5.919713973999023438e-01 5.287440419197082520e-01 9.746721386909484863e-01 9.340556263923645020e-01 1.175141692161560059e+00 1.237185955047607422e+00
