7.898521423339843750e-01 2.128770202398300171e-01 -1.101907610893249512e+00 -1.636883854866027832e+00 -7.458677887916564941e-01 5.024154186248779297e-01 2.791071236133575439e-01 -4.199431836605072021e-02 3.954781591892242432e-01 4.313648939132690430e-01
7.680723667144775391e-01 2.247904390096664429e-01 -1.103238940238952637e+00 -1.627612233161926270e+00 -7.114626765251159668e-01 5.060728192329406738e-01 2.728818058967590332e-01 -3.958462178707122803e-02 4.046567976474761963e-01 4.355376958847045898e-01
8.163422346115112305e-01 1.299567669630050659e-01 -1.081777215003967285e+00 -1.665041208267211914e+00 -7.612001895904541016e-01 4.884183406829833984e-01 2.868774533271789551e-01 -6.749407947063446045e-02 3.711088597774505615e-01 4.824561178684234619e-01
7.510036826133728027e-01 1.170157641172409058e-01 -1.066312789916992188e+00 -1.683024525642395020e+00 -8.034389615058898926e-01 5.185168981552124023e-01 3.133456110954284668e-01 -6.788508594036102295e-02 3.413270413875579834e-01 5.206080675125122070e-01
6.479093432426452637e-01 1.406947225332260132e-01 -1.060508370399475098e+00 -1.695514917373657227e+00 -8.003685474395751953e-01 5.556547045707702637e-01 3.229435682296752930e-01 -8.456103503704071045e-02 3.154858648777008057e-01 5.264447331428527832e-01
6.193307042121887207e-01 1.780437082052230835e-01 -1.071421861648559570e+00 -1.710297226905822754e+00 -8.129072785377502441e-01 5.694018602371215820e-01 3.092283010482788086e-01 -8.830146491527557373e-02 2.963782846927642822e-01 5.392835736274719238e-01
6.640940904617309570e-01 4.277484118938446045e-02 -9.996969103813171387e-01 -1.699115872383117676e+00 -8.443619608879089355e-01 5.490700006484985352e-01 2.239595055580139160e-01 -1.774354837834835052e-03 2.065329700708389282e-01 6.484722495079040527e-01
6.922811269760131836e-01 -7.747426163405179977e-03 -1.020834088325500488e+00 -1.722927331924438477e+00 -9.367577433586120605e-01 5.145198106765747070e-01 1.929743885993957520e-01 -9.092693030834197998e-02 2.112319916486740112e-01 6.598076224327087402e-01
7.588149905204772949e-01 -1.550687849521636963e-02 -1.034562468528747559e+00 -1.708835482597351074e+00 -8.777159452438354492e-01 4.550473093986511230e-01 1.341630220413208008e-01 -5.877833068370819092e-02 2.117390781641006470e-01 6.210373044013977051e-01
8.066766262054443359e-01 1.804296672344207764e-02 -1.052258729934692383e+00 -1.727654814720153809e+00 -8.631913661956787109e-01 4.129834771156311035e-01 1.182006001472473145e-01 -6.893585622310638428e-02 2.254895567893981934e-01 5.946301817893981934e-01
7.993700504302978516e-01 9.689316153526306152e-03 -1.047513127326965332e+00 -1.709038376808166504e+00 -8.590805530548095703e-01 4.228771924972534180e-01 1.119497418403625488e-01 -7.356832921504974365e-02 2.258938699960708618e-01 6.000002622604370117e-01
7.982209324836730957e-01 1.333372294902801514e-02 -1.051905870437622070e+00 -1.719452023506164551e+00 -8.599113225936889648e-01 4.137657284736633301e-01 1.225042939186096191e-01 -8.561007678508758545e-02 2.317799925804138184e-01 5.981066823005676270e-01
8.008602261543273926e-01 1.676665246486663818e-02 -1.054229259490966797e+00 -1.713822722434997559e+00 -8.535561561584472656e-01 4.155049324035644531e-01 1.180834770202636719e-01 -7.247082889080047607e-02 2.266430556774139404e-01 6.145344376564025879e-01
8.252424597740173340e-01 -1.129161268472671509e-01 -9.948239922523498535e-01 -1.622713327407836914e+00 -8.105458021163940430e-01 5.265452265739440918e-01 2.028899192810058594e-01 -1.120175570249557495e-01 2.072669863700866699e-01 7.566003799438476562e-01
1.476446986198425293e+00 -4.433362483978271484e-01 -1.107810616493225098e+00 -1.744504332542419434e+00 -6.833636760711669922e-01 3.379322886466979980e-01 -4.461616575717926025e-01 -1.018000096082687378e-01 2.085848152637481689e-02 4.614444375038146973e-01
1.539904475212097168e+00 -4.657313823699951172e-01 -1.133587479591369629e+00 -1.754980087280273438e+00 -6.970675587654113770e-01 3.301042914390563965e-01 -6.151581406593322754e-01 -1.339805573225021362e-01 -1.504857838153839111e-02 3.790093660354614258e-01
1.540987253189086914e+00 -4.609004855155944824e-01 -1.139792084693908691e+00 -1.752774596214294434e+00 -7.042044401168823242e-01 3.418315052986145020e-01 -6.199769377708435059e-01 -1.263074725866317749e-01 -2.144624292850494385e-02 3.846855163574218750e-01
1.547747611999511719e+00 -4.592740535736083984e-01 -1.146997094154357910e+00 -1.749327778816223145e+00 -6.997957825660705566e-01 3.274826407432556152e-01 -6.158298850059509277e-01 -1.244020909070968628e-01 -2.218990027904510498e-02 3.739976882934570312e-01
1.543869614601135254e+00 -4.558599591255187988e-01 -1.137428998947143555e+00 -1.751093983650207520e+00 -6.935660839080810547e-01 3.395562171936035156e-01 -6.162874102592468262e-01 -1.233367770910263062e-01 -1.475621759891510010e-02 3.795168995857238770e-01
1.543783068656921387e+00 -4.522774815559387207e-01 -1.137980699539184570e+00 -1.745493292808532715e+00 -7.085667252540588379e-01 3.353926539421081543e-01 -6.244136691093444824e-01 -1.175254434347152710e-01 -1.504443585872650146e-02 3.820802569389343262e-01
1.546167492866516113e+00 -4.577326774597167969e-01 -1.132573246955871582e+00 -1.750274658203125000e+00 -7.006124258041381836e-01 3.357969522476196289e-01 -6.151331067085266113e-01 -1.277367919683456421e-01 -1.170684397220611572e-02 3.812425136566162109e-01
1.541725993156433105e+00 -4.583433866500854492e-01 -1.142846226692199707e+00 -1.758919358253479004e+00 -7.053663730621337891e-01 3.334948420524597168e-01 -6.219537854194641113e-01 -1.309966295957565308e-01 -2.090014517307281494e-02 3.708456754684448242e-01
1.548592209815979004e+00 -4.586967229843139648e-01 -1.136807441711425781e+00 -1.759796738624572754e+00 -6.988743543624877930e-01 3.421713113784790039e-01 -6.076074838638305664e-01 -1.248279660940170288e-01 -1.782779395580291748e-02 3.861917853355407715e-01
1.143143534660339355e+00 -5.635646581649780273e-01 -1.417070508003234863e+00 -1.653892278671264648e+00 -5.996600985527038574e-01 8.268950879573822021e-02 -1.499740242958068848e+00 -1.567889899015426636e-01 -2.437486797571182251e-01 2.372879162430763245e-02
-1.170685440301895142e-01 -9.674301147460937500e-01 -1.487545967102050781e+00 -1.138977169990539551e+00 -1.384038329124450684e+00 6.719905734062194824e-01 -5.554676651954650879e-01 -2.731705605983734131e-01 -6.753507256507873535e-01 -6.692077517509460449e-01
-2.019862979650497437e-01 -9.973590373992919922e-01 -1.438143014907836914e+00 -1.119765400886535645e+00 -1.312615036964416504e+00 7.439252734184265137e-01 -4.573275446891784668e-01 -2.694219648838043213e-01 -6.395889520645141602e-01 -7.293005585670471191e-01
-2.059058696031570435e-01 -9.835828542709350586e-01 -1.435415267944335938e+00 -1.130224704742431641e+00 -1.311825990676879883e+00 7.476913928985595703e-01 -4.385592341423034668e-01 -2.743832767009735107e-01 -6.315092444419860840e-01 -7.272035479545593262e-01
-2.033453434705734253e-01 -9.811769723892211914e-01 -1.436765313148498535e+00 -1.131075263023376465e+00 -1.314055681228637695e+00 7.601147890090942383e-01 -4.390698075294494629e-01 -2.754259407520294189e-01 -6.264799833297729492e-01 -7.365878224372863770e-01
-2.064565122127532959e-01 -9.818851351737976074e-01 -1.441733598709106445e+00 -1.125747442245483398e+00 -1.323310852050781250e+00 7.596490383148193359e-01 -4.514821171760559082e-01 -2.709460556507110596e-01 -6.329496502876281738e-01 -7.342483997344970703e-01
-2.088934332132339478e-01 -9.776307344436645508e-01 -1.433111667633056641e+00 -1.126059174537658691e+00 -1.314967632293701172e+00 7.536168098449707031e-01 -4.452399611473083496e-01 -2.685925066471099854e-01 -6.277257800102233887e-01 -7.384381294250488281e-01
-3.494895994663238525e-01 -3.818770051002502441e-01 -1.582878232002258301e+00 -1.224780440330505371e+00 -1.433153629302978516e+00 1.050899744033813477e+00 2.330654487013816833e-02 -1.530886739492416382e-01 -4.185518622398376465e-01 -8.811175227165222168e-01
-4.924325942993164062e-01 -1.900507360696792603e-01 -1.612687826156616211e+00 -1.120767593383789062e+00 -1.641942620277404785e+00 8.155633807182312012e-01 -2.899659276008605957e-01 -1.842503398656845093e-01 -5.469148755073547363e-01 -9.684781432151794434e-01
-4.744758605957031250e-01 -1.538006216287612915e-01 -1.652158856391906738e+00 -1.128463149070739746e+00 -1.643462181091308594e+00 7.454054355621337891e-01 -3.778248727321624756e-01 -1.858653277158737183e-01 -5.654569864273071289e-01 -1.030368685722351074e+00
-4.788304269313812256e-01 -1.494329124689102173e-01 -1.659003138542175293e+00 -1.138475537300109863e+00 -1.641868352890014648e+00 7.519699335098266602e-01 -3.780243098735809326e-01 -1.945410221815109253e-01 -5.657297968864440918e-01 -1.024303793907165527e+00
-5.750883221626281738e-01 -1.042832881212234497e-01 -1.598940610885620117e+00 -1.162319302558898926e+00 -1.688251018524169922e+00 8.461902141571044922e-01 -2.196697592735290527e-01 -1.660765260457992554e-01 -5.569735169410705566e-01 -9.404515624046325684e-01
-7.018914818763732910e-01 6.393049657344818115e-02 -1.590665459632873535e+00 -1.224374651908874512e+00 -1.553936958312988281e+00 1.014551639556884766e+00 -1.135266106575727463e-02 -2.235708087682723999e-01 -4.469844102859497070e-01 -9.763998985290527344e-01
-7.700243592262268066e-01 1.795371621847152710e-01 -1.601975917816162109e+00 -1.149322628974914551e+00 -1.564989328384399414e+00 1.014197111129760742e+00 -1.250001788139343262e-01 -2.029098719358444214e-01 -4.266755580902099609e-01 -1.090708136558532715e+00
-7.630302906036376953e-01 1.714646071195602417e-01 -1.632249474525451660e+00 -1.109523653984069824e+00 -1.495112419128417969e+00 9.451680183410644531e-01 -1.948646306991577148e-01 -2.360462993383407593e-01 -4.110158681869506836e-01 -1.110852241516113281e+00
-7.209870815277099609e-01 1.239394992589950562e-01 -1.648651003837585449e+00 -1.080577969551086426e+00 -1.502282977104187012e+00 8.897489309310913086e-01 -2.411125302314758301e-01 -2.513361275196075439e-01 -4.397929310798645020e-01 -1.127634167671203613e+00
