8.368024826049804688e-01 2.807942628860473633e-01 -5.188957322388887405e-03 -9.308999776840209961e-01 -5.429092049598693848e-01 6.136741042137145996e-01 2.576085925102233887e-01 1.064232587814331055e+00 5.884516239166259766e-02 2.738201022148132324e-01
8.387853503227233887e-01 2.960963845252990723e-01 4.256858956068754196e-03 -9.279453754425048828e-01 -5.347114205360412598e-01 6.098102927207946777e-01 2.331714630126953125e-01 1.063430786132812500e+00 4.419167339801788330e-02 2.727535963058471680e-01
8.388389348983764648e-01 3.030386567115783691e-01 7.842019200325012207e-03 -9.169474840164184570e-01 -5.257759094238281250e-01 5.867650508880615234e-01 2.257161736488342285e-01 1.074406266212463379e+00 4.563906788825988770e-02 2.935776114463806152e-01
8.289571404457092285e-01 2.516363859176635742e-01 3.483607899397611618e-03 -9.275161027908325195e-01 -5.743382573127746582e-01 5.777066349983215332e-01 2.771080136299133301e-01 1.029342889785766602e+00 5.527485907077789307e-02 3.128409981727600098e-01
7.935003042221069336e-01 1.835459321737289429e-01 1.018072664737701416e-02 -9.265234470367431641e-01 -5.980318188667297363e-01 5.739076733589172363e-01 3.497542142868041992e-01 9.570642709732055664e-01 9.507761895656585693e-02 3.203272819519042969e-01
6.634030342102050781e-01 1.316925734281539917e-01 3.778122365474700928e-02 -9.395640492439270020e-01 -6.725775599479675293e-01 6.291996836662292480e-01 5.045024752616882324e-01 8.871328234672546387e-01 1.252141743898391724e-01 3.872335553169250488e-01
5.167520046234130859e-01 2.185997813940048218e-01 1.449052840471267700e-01 -8.634759187698364258e-01 -7.265873551368713379e-01 6.139734983444213867e-01 7.868952751159667969e-01 8.301296830177307129e-01 1.753288358449935913e-01 4.304977059364318848e-01
4.453054368495941162e-01 3.113673925399780273e-01 1.112785190343856812e-01 -7.938292026519775391e-01 -8.281060457229614258e-01 4.964923262596130371e-01 9.683066010475158691e-01 7.505516409873962402e-01 3.600646257400512695e-01 3.204185366630554199e-01
5.494632124900817871e-01 4.604141116142272949e-01 1.457689851522445679e-01 -8.139180541038513184e-01 -9.408832192420959473e-01 5.091850757598876953e-01 7.166216969490051270e-01 7.322002649307250977e-01 3.347988426685333252e-01 2.707552313804626465e-01
3.424480557441711426e-01 5.262894034385681152e-01 7.637079060077667236e-02 -7.994731664657592773e-01 -5.777459740638732910e-01 3.858903050422668457e-01 9.980852007865905762e-01 7.436490654945373535e-01 5.316720008850097656e-01 2.734889388084411621e-01
1.166004300117492676e+00 1.081615686416625977e+00 5.670479536056518555e-01 -7.391659021377563477e-01 -1.394041538238525391e+00 -2.365853339433670044e-01 -7.674889564514160156e-01 8.510662913322448730e-01 7.224679589271545410e-01 -1.272088885307312012e-01
1.282846212387084961e+00 3.818278908729553223e-01 1.138948798179626465e+00 -7.631183862686157227e-01 -4.042263925075531006e-01 -6.684576869010925293e-01 -1.410349130630493164e+00 8.387351632118225098e-01 2.408633083105087280e-01 -1.458519324660301208e-02
1.226826310157775879e+00 2.184038609266281128e-01 1.168610930442810059e+00 -7.642945647239685059e-01 -1.734683662652969360e-01 -7.049393653869628906e-01 -1.366271138191223145e+00 9.234144091606140137e-01 2.601824104785919189e-01 2.061230316758155823e-02
1.224259614944458008e+00 2.188092321157455444e-01 1.173488259315490723e+00 -7.645357251167297363e-01 -1.723891943693161011e-01 -7.104077339172363281e-01 -1.363660216331481934e+00 9.264533519744873047e-01 2.530688345432281494e-01 1.667112484574317932e-02
1.224463105201721191e+00 2.193118184804916382e-01 1.168144822120666504e+00 -7.637015581130981445e-01 -1.741882711648941040e-01 -7.165642976760864258e-01 -1.364053130149841309e+00 9.289346337318420410e-01 2.525877654552459717e-01 1.630062237381935120e-02
1.246172428131103516e+00 4.824849069118499756e-01 9.666152000427246094e-01 -6.847003698348999023e-01 -2.632512152194976807e-01 -8.083849549293518066e-01 -1.284619927406311035e+00 9.627366662025451660e-01 5.328958034515380859e-01 -1.733748316764831543e-01
1.246255517005920410e+00 5.546742677688598633e-01 9.011451005935668945e-01 -6.652573943138122559e-01 -2.567252218723297119e-01 -8.087117671966552734e-01 -1.230609178543090820e+00 9.473070502281188965e-01 6.476663947105407715e-01 -2.062147259712219238e-01
1.246176838874816895e+00 5.544584989547729492e-01 9.105494022369384766e-01 -6.654988527297973633e-01 -2.576016783714294434e-01 -7.989056706428527832e-01 -1.231631636619567871e+00 9.464553594589233398e-01 6.477691531181335449e-01 -1.972951292991638184e-01
1.242253422737121582e+00 5.588762760162353516e-01 9.047746062278747559e-01 -6.658478975296020508e-01 -2.555340826511383057e-01 -7.973080873489379883e-01 -1.224360346794128418e+00 9.457854032516479492e-01 6.530955433845520020e-01 -2.056954503059387207e-01
1.245014071464538574e+00 5.610880255699157715e-01 9.064462780952453613e-01 -6.661216020584106445e-01 -2.550406455993652344e-01 -7.993161678314208984e-01 -1.231700301170349121e+00 9.476810097694396973e-01 6.470310091972351074e-01 -2.006937861442565918e-01
1.246144890785217285e+00 5.968642830848693848e-01 9.049649238586425781e-01 -6.553850173950195312e-01 -2.236414700746536255e-01 -8.068515062332153320e-01 -1.148837327957153320e+00 9.141663312911987305e-01 7.188174128532409668e-01 -2.306841015815734863e-01
1.042058825492858887e+00 7.257735729217529297e-01 9.651985168457031250e-01 -6.720752120018005371e-01 -1.459905058145523071e-01 -8.090077042579650879e-01 -4.176334142684936523e-01 6.703043580055236816e-01 1.372297883033752441e+00 -1.716166138648986816e-01
8.010858893394470215e-01 3.278298974037170410e-01 1.423890709877014160e+00 -7.107540369033813477e-01 -1.586448848247528076e-01 -7.224653363227844238e-01 3.476888537406921387e-01 6.188908219337463379e-01 7.611269354820251465e-01 3.493145704269409180e-01
8.338914513587951660e-01 2.739057540893554688e-01 1.376103758811950684e+00 -6.773633956909179688e-01 -2.468212842941284180e-01 -7.635478973388671875e-01 3.133470416069030762e-01 6.610010266304016113e-01 8.751278519630432129e-01 2.755895256996154785e-01
7.989642620086669922e-01 2.591816186904907227e-01 1.310854673385620117e+00 -6.616928577423095703e-01 -2.358962893486022949e-01 -7.485734820365905762e-01 2.728456854820251465e-01 6.679715514183044434e-01 9.631083011627197266e-01 2.169972062110900879e-01
6.674698591232299805e-01 8.351193368434906006e-02 1.318809390068054199e+00 -7.230656743049621582e-01 -1.809259057044982910e-01 -7.001651525497436523e-01 4.342817068099975586e-01 7.463091015815734863e-01 7.865083813667297363e-01 4.286690950393676758e-01
