3.954083323478698730e-01 -4.342945814132690430e-01 1.718651801347732544e-01 -1.311610579490661621e+00 -7.122949957847595215e-01 4.457842707633972168e-01 2.183995842933654785e-01 -2.124928086996078491e-01 3.675579726696014404e-01 -5.800751447677612305e-01
3.958864510059356689e-01 -4.313436746597290039e-01 1.791786402463912964e-01 -1.312523603439331055e+00 -7.042759060859680176e-01 4.554839730262756348e-01 1.947505474090576172e-01 -2.126106470823287964e-01 3.595837652683258057e-01 -5.856273770332336426e-01
3.975236713886260986e-01 -4.279338121414184570e-01 1.804997175931930542e-01 -1.305029153823852539e+00 -7.006387114524841309e-01 4.248173832893371582e-01 2.030533552169799805e-01 -2.015352696180343628e-01 3.623668551445007324e-01 -5.844728946685791016e-01
3.991242051124572754e-01 -4.622597694396972656e-01 1.531315892934799194e-01 -1.306238293647766113e+00 -7.221387028694152832e-01 3.980473279953002930e-01 2.242499589920043945e-01 -2.003229707479476929e-01 3.726157248020172119e-01 -5.663190484046936035e-01
3.775210380554199219e-01 -5.145624876022338867e-01 1.112657934427261353e-01 -1.288506865501403809e+00 -7.108975648880004883e-01 3.765066266059875488e-01 2.830657958984375000e-01 -2.223191708326339722e-01 4.276318550109863281e-01 -4.994376897811889648e-01
2.807469666004180908e-01 -5.438204407691955566e-01 1.062843948602676392e-01 -1.252164840698242188e+00 -7.542460560798645020e-01 4.004314541816711426e-01 3.785786032676696777e-01 -2.100902050733566284e-01 4.634600877761840820e-01 -3.918233811855316162e-01
1.391104310750961304e-01 -4.933097958564758301e-01 1.664277464151382446e-01 -1.133312106132507324e+00 -8.774465918540954590e-01 2.712485194206237793e-01 6.141625642776489258e-01 -2.167366594076156616e-01 5.895095467567443848e-01 -3.268417716026306152e-01
1.282897144556045532e-01 -4.248901605606079102e-01 1.613593846559524536e-01 -1.078349828720092773e+00 -1.017472863197326660e+00 2.324504107236862183e-01 7.030092477798461914e-01 -2.394909709692001343e-01 7.555668950080871582e-01 -3.349816203117370605e-01
1.775373667478561401e-01 -3.930761814117431641e-01 1.647449582815170288e-01 -1.137385487556457520e+00 -1.134299516677856445e+00 2.663371562957763672e-01 5.573285222053527832e-01 -2.342926114797592163e-01 7.079957127571105957e-01 -4.002143740653991699e-01
2.007063180208206177e-01 -3.835307359695434570e-01 1.489692181348800659e-01 -1.148014903068542480e+00 -1.145181536674499512e+00 2.699647545814514160e-01 5.153936147689819336e-01 -2.276209443807601929e-01 6.974654197692871094e-01 -4.350539743900299072e-01
2.069273293018341064e-01 -3.835906982421875000e-01 1.495610028505325317e-01 -1.149830818176269531e+00 -1.135834097862243652e+00 2.796759009361267090e-01 5.170992016792297363e-01 -2.273064702749252319e-01 6.935865283012390137e-01 -4.260616004467010498e-01
2.018743306398391724e-01 -3.734080791473388672e-01 1.474020034074783325e-01 -1.152764081954956055e+00 -1.141057372093200684e+00 2.787587642669677734e-01 5.258364677429199219e-01 -2.223926931619644165e-01 6.949445605278015137e-01 -4.338902235031127930e-01
1.989153772592544556e-01 -3.748556971549987793e-01 1.509794443845748901e-01 -1.151498436927795410e+00 -1.143568634986877441e+00 2.777204513549804688e-01 5.205528736114501953e-01 -2.202572375535964966e-01 6.891905665397644043e-01 -4.326453208923339844e-01
1.119202673435211182e-01 -3.918586969375610352e-01 9.510244429111480713e-02 -1.068145871162414551e+00 -9.680585265159606934e-01 1.901500076055526733e-01 6.931417584419250488e-01 -2.059574276208877563e-01 9.238306879997253418e-01 -4.179629683494567871e-01
1.961206346750259399e-01 6.849054992198944092e-02 2.727202475070953369e-01 -1.042939662933349609e+00 -1.896464586257934570e+00 -2.328635752201080322e-01 -5.107326507568359375e-01 -1.237724274396896362e-01 1.099290609359741211e+00 -9.660417437553405762e-01
6.571450233459472656e-01 -4.476506710052490234e-01 8.326607346534729004e-01 -1.128787994384765625e+00 -1.205778241157531738e+00 -8.657847046852111816e-01 -1.611557841300964355e+00 -1.747457832098007202e-01 9.417551755905151367e-01 -6.543073058128356934e-01
6.842651963233947754e-01 -5.677688717842102051e-01 9.082900881767272949e-01 -1.170556306838989258e+00 -9.950376749038696289e-01 -8.197323679924011230e-01 -1.669960379600524902e+00 -1.568216532468795776e-01 8.178109526634216309e-01 -5.270753502845764160e-01
6.941891908645629883e-01 -5.621365904808044434e-01 9.140715599060058594e-01 -1.178623318672180176e+00 -9.944185614585876465e-01 -8.141233325004577637e-01 -1.672738552093505859e+00 -1.517824083566665649e-01 8.145459890365600586e-01 -5.294910073280334473e-01
6.843603849411010742e-01 -5.789070725440979004e-01 9.224902391433715820e-01 -1.172852277755737305e+00 -9.938372373580932617e-01 -8.111407160758972168e-01 -1.671631693840026855e+00 -1.567315906286239624e-01 8.185310959815979004e-01 -5.256481766700744629e-01
6.900240182876586914e-01 -5.676248669624328613e-01 9.164666533470153809e-01 -1.179872155189514160e+00 -9.937235713005065918e-01 -8.127679824829101562e-01 -1.672370672225952148e+00 -1.552578061819076538e-01 8.167520165443420410e-01 -5.172494053840637207e-01
6.926582455635070801e-01 -5.681835412979125977e-01 9.205618500709533691e-01 -1.177073359489440918e+00 -9.914994239807128906e-01 -8.157771825790405273e-01 -1.662135481834411621e+00 -1.607111543416976929e-01 8.168260455131530762e-01 -5.290299654006958008e-01
6.781625151634216309e-01 -5.662879943847656250e-01 9.175831079483032227e-01 -1.169152140617370605e+00 -9.911187291145324707e-01 -8.212858438491821289e-01 -1.666854143142700195e+00 -1.536220759153366089e-01 8.093893527984619141e-01 -5.275183916091918945e-01
6.904089450836181641e-01 -5.551360845565795898e-01 9.158368110656738281e-01 -1.174355387687683105e+00 -1.000888109207153320e+00 -8.215515017509460449e-01 -1.662106871604919434e+00 -1.516614407300949097e-01 8.112462759017944336e-01 -5.258615612983703613e-01
5.929814577102661133e-01 -3.284639120101928711e-01 7.344864010810852051e-01 -1.052377104759216309e+00 -1.066013693809509277e+00 -8.392141461372375488e-01 -1.328698277473449707e+00 -1.799363344907760620e-01 1.373250961303710938e+00 -7.523788809776306152e-01
5.819338560104370117e-01 -3.188063502311706543e-01 7.481606006622314453e-01 -1.041042208671569824e+00 -1.057662010192871094e+00 -8.306404948234558105e-01 -1.329388260841369629e+00 -1.771918982267379761e-01 1.371842265129089355e+00 -7.515097856521606445e-01
5.793513059616088867e-01 -3.166493773460388184e-01 7.467271685600280762e-01 -1.046535849571228027e+00 -1.049573659896850586e+00 -8.276873826980590820e-01 -1.327831625938415527e+00 -1.843013316392898560e-01 1.369319438934326172e+00 -7.558746337890625000e-01
5.840303301811218262e-01 -3.201080560684204102e-01 7.439022660255432129e-01 -1.043536901473999023e+00 -1.062525272369384766e+00 -8.384394049644470215e-01 -1.333359718322753906e+00 -1.767816990613937378e-01 1.365330815315246582e+00 -7.550541162490844727e-01
5.936669111251831055e-01 -3.200052380561828613e-01 7.477518320083618164e-01 -1.050589323043823242e+00 -1.054406881332397461e+00 -8.367022871971130371e-01 -1.332526803016662598e+00 -1.804993003606796265e-01 1.366894960403442383e+00 -7.559530138969421387e-01
5.871504545211791992e-01 -3.197702169418334961e-01 7.477737069129943848e-01 -1.043551445007324219e+00 -1.052338719367980957e+00 -8.321211338043212891e-01 -1.330000519752502441e+00 -1.781277507543563843e-01 1.373718142509460449e+00 -7.578555941581726074e-01
6.132897138595581055e-01 -3.360515832901000977e-01 7.862793803215026855e-01 -1.058903455734252930e+00 -9.952518343925476074e-01 -8.276032805442810059e-01 -1.322262406349182129e+00 -1.711535304784774780e-01 1.350856184959411621e+00 -7.758592367172241211e-01
3.806144595146179199e-01 -1.372676640748977661e-01 8.546780347824096680e-01 -9.648523926734924316e-01 -8.258693814277648926e-01 -7.632132768630981445e-01 -5.515435338020324707e-01 -2.926732003688812256e-01 2.092435836791992188e+00 -6.542325615882873535e-01
3.645957410335540771e-01 -3.963825702667236328e-01 1.379711508750915527e+00 -1.029187083244323730e+00 -9.981902837753295898e-01 -8.094683289527893066e-01 1.564590334892272949e-01 -2.587006390094757080e-01 1.370112419128417969e+00 -1.821231245994567871e-01
3.992466330528259277e-01 -5.283235907554626465e-01 1.432306408882141113e+00 -9.971880912780761719e-01 -1.108647942543029785e+00 -8.366351723670959473e-01 5.751722678542137146e-02 -2.757143974304199219e-01 1.311212062835693359e+00 -1.642380356788635254e-01
4.351943433284759521e-01 -5.319691896438598633e-01 1.418533682823181152e+00 -1.004297971725463867e+00 -1.048964381217956543e+00 -8.311445116996765137e-01 3.504627570509910583e-02 -2.648121416568756104e-01 1.321761727333068848e+00 -2.025738954544067383e-01
3.298500180244445801e-01 -4.445809125900268555e-01 1.291206002235412598e+00 -9.641518592834472656e-01 -1.111947774887084961e+00 -8.357080817222595215e-01 9.707182645797729492e-02 -2.419089823961257935e-01 1.507642388343811035e+00 -2.145016789436340332e-01
2.537207603454589844e-01 -4.733647108078002930e-01 1.162399172782897949e+00 -9.491202235221862793e-01 -1.022097468376159668e+00 -8.087049126625061035e-01 1.532698869705200195e-01 -2.169464677572250366e-01 1.580251574516296387e+00 -1.914370059967041016e-01
3.027170300483703613e-01 -6.914258003234863281e-01 1.199270248413085938e+00 -9.617878198623657227e-01 -1.017259120941162109e+00 -8.392469286918640137e-01 1.239905357360839844e-01 -1.551657468080520630e-01 1.236885905265808105e+00 -6.307566165924072266e-02
4.451757669448852539e-01 -7.817428708076477051e-01 1.354504704475402832e+00 -1.012597084045410156e+00 -1.003809571266174316e+00 -7.638092637062072754e-01 3.246771916747093201e-02 -2.030359059572219849e-01 1.179937958717346191e+00 1.678747311234474182e-02
