5.030235648155212402e-01 -2.839013338088989258e-01 2.219080477952957153e-01 -5.614843964576721191e-01 -6.725598573684692383e-01 6.358894705772399902e-01 1.533644795417785645e-01 1.114580988883972168e+00 2.171982079744338989e-01 -7.377843856811523438e-01
5.099537968635559082e-01 -2.754742503166198730e-01 2.360889166593551636e-01 -5.569534897804260254e-01 -6.470492482185363770e-01 6.349774003028869629e-01 1.305041909217834473e-01 1.115529656410217285e+00 2.014946788549423218e-01 -7.559142112731933594e-01
4.950053691864013672e-01 -2.740395069122314453e-01 2.565245032310485840e-01 -5.501379370689392090e-01 -6.519233584403991699e-01 6.173982024192810059e-01 1.209481358528137207e-01 1.092936754226684570e+00 2.076964527368545532e-01 -7.104903459548950195e-01
5.026524662971496582e-01 -3.089611530303955078e-01 2.462418824434280396e-01 -5.501456260681152344e-01 -6.577724814414978027e-01 5.894600749015808105e-01 1.727774739265441895e-01 1.083472967147827148e+00 2.199055105447769165e-01 -6.894613504409790039e-01
4.611649811267852783e-01 -3.534021377563476562e-01 2.160588949918746948e-01 -5.768013000488281250e-01 -7.252724766731262207e-01 5.702713131904602051e-01 2.856149077415466309e-01 1.008379459381103516e+00 2.654135227203369141e-01 -6.132381558418273926e-01
3.354792594909667969e-01 -3.574900627136230469e-01 2.107598930597305298e-01 -5.942772626876831055e-01 -8.340378403663635254e-01 5.905635952949523926e-01 4.035481810569763184e-01 9.821324944496154785e-01 3.071152269840240479e-01 -4.723199009895324707e-01
1.929713338613510132e-01 -2.762910723686218262e-01 2.712478339672088623e-01 -5.102179050445556641e-01 -9.193695783615112305e-01 3.815703988075256348e-01 6.594818234443664551e-01 8.949626088142395020e-01 4.162304997444152832e-01 -4.273712038993835449e-01
1.537027209997177124e-01 -1.916794329881668091e-01 2.503438591957092285e-01 -4.308473169803619385e-01 -1.092387676239013672e+00 3.668172955513000488e-01 6.867272853851318359e-01 8.287167549133300781e-01 5.891263484954833984e-01 -4.844394326210021973e-01
2.392315864562988281e-01 -1.793537884950637817e-01 2.891111969947814941e-01 -4.445511400699615479e-01 -1.104827284812927246e+00 4.415414929389953613e-01 4.394904971122741699e-01 8.041717410087585449e-01 5.157396197319030762e-01 -5.433555245399475098e-01
1.493371576070785522e-01 -1.014031320810317993e-01 1.436969786882400513e-01 -5.180568099021911621e-01 -7.782800197601318359e-01 2.985092401504516602e-01 4.631362557411193848e-01 9.184400439262390137e-01 8.375272154808044434e-01 -6.536065340042114258e-01
4.202625155448913574e-01 2.354517430067062378e-01 8.212546110153198242e-01 -2.090200781822204590e-01 -1.510573148727416992e+00 -4.893488883972167969e-01 -1.432966232299804688e+00 9.985941052436828613e-01 7.121751904487609863e-01 -1.174378037452697754e+00
6.792231202125549316e-01 -4.480631351470947266e-01 1.349866867065429688e+00 -3.729182779788970947e-01 -3.474412858486175537e-01 -8.597017526626586914e-01 -1.746379613876342773e+00 1.126875519752502441e+00 4.375849068164825439e-01 -5.487222075462341309e-01
6.422386765480041504e-01 -3.378186225891113281e-01 1.390284776687622070e+00 -4.271181225776672363e-01 -2.469954043626785278e-01 -8.369446992874145508e-01 -1.634219050407409668e+00 1.068297863006591797e+00 3.912988007068634033e-01 -5.398099422454833984e-01
6.321929693222045898e-01 -3.373683691024780273e-01 1.394447445869445801e+00 -4.354656636714935303e-01 -2.406673282384872437e-01 -8.360818028450012207e-01 -1.635406136512756348e+00 1.063884496688842773e+00 3.877696990966796875e-01 -5.382516980171203613e-01
6.332381963729858398e-01 -3.320073485374450684e-01 1.391712307929992676e+00 -4.286847710609436035e-01 -2.406308203935623169e-01 -8.472447991371154785e-01 -1.638101458549499512e+00 1.063985824584960938e+00 3.807193934917449951e-01 -5.471872687339782715e-01
5.942474007606506348e-01 -1.044806391000747681e-01 1.092543959617614746e+00 -3.440061509609222412e-01 -3.682702481746673584e-01 -1.000434517860412598e+00 -1.555200815200805664e+00 1.101593971252441406e+00 7.590875029563903809e-01 -8.755398392677307129e-01
5.963641405105590820e-01 -8.794333040714263916e-02 1.082850456237792969e+00 -3.380262255668640137e-01 -3.722291290760040283e-01 -9.958525300025939941e-01 -1.534204602241516113e+00 1.094812154769897461e+00 7.990662455558776855e-01 -8.901640176773071289e-01
5.923157930374145508e-01 -7.932765781879425049e-02 1.067390084266662598e+00 -3.376234471797943115e-01 -3.683703243732452393e-01 -9.942049384117126465e-01 -1.519123911857604980e+00 1.091446399688720703e+00 8.176499009132385254e-01 -9.081303477287292480e-01
5.909563302993774414e-01 -7.817305624485015869e-02 1.073302984237670898e+00 -3.367255628108978271e-01 -3.677659928798675537e-01 -9.949006438255310059e-01 -1.520038604736328125e+00 1.094316720962524414e+00 8.131654858589172363e-01 -9.120177030563354492e-01
5.951598882675170898e-01 -7.110805809497833252e-02 1.072724938392639160e+00 -3.407747447490692139e-01 -3.583568930625915527e-01 -9.958311915397644043e-01 -1.519362211227416992e+00 1.095566272735595703e+00 8.182558417320251465e-01 -9.131127595901489258e-01
6.441326737403869629e-01 -7.183934748172760010e-02 1.097760558128356934e+00 -3.312974572181701660e-01 -2.773472964763641357e-01 -8.826082348823547363e-01 -1.351697087287902832e+00 1.004635572433471680e+00 9.906061291694641113e-01 -9.325948357582092285e-01
4.872134029865264893e-01 -6.281204521656036377e-02 1.437216401100158691e+00 -3.394483923912048340e-01 -1.599194556474685669e-01 -8.491155505180358887e-01 -1.664072871208190918e-01 7.554766535758972168e-01 1.800764560699462891e+00 -5.733441710472106934e-01
4.106581211090087891e-01 -3.550244569778442383e-01 1.693488240242004395e+00 -2.972457408905029297e-01 -2.145839780569076538e-01 -8.625121116638183594e-01 -1.034075301140546799e-02 7.372157573699951172e-01 1.155205368995666504e+00 -2.569703459739685059e-01
3.944123387336730957e-01 -2.965114712715148926e-01 1.613517165184020996e+00 -3.271678686141967773e-01 -2.433844953775405884e-01 -8.639736771583557129e-01 7.645544596016407013e-03 7.993086576461791992e-01 1.308586001396179199e+00 -2.969763875007629395e-01
3.090531527996063232e-01 -3.566284179687500000e-01 1.468745112419128418e+00 -3.486284315586090088e-01 -1.975350528955459595e-01 -8.652877211570739746e-01 1.136612296104431152e-01 7.685330510139465332e-01 1.312271356582641602e+00 -2.420728206634521484e-01
3.604659438133239746e-01 -4.424681663513183594e-01 1.702484726905822754e+00 -3.841567933559417725e-01 -1.684300303459167480e-01 -7.847304940223693848e-01 7.854706048965454102e-02 8.242574930191040039e-01 9.333167672157287598e-01 -6.511932611465454102e-02
