1.877780109643936157e-01 -1.278252899646759033e-02 -1.037088513374328613e+00 -1.191337466239929199e+00 -8.880921006202697754e-01 5.544150471687316895e-01 1.032143831253051758e-01 -3.464830219745635986e-01 3.856587707996368408e-01 -4.566984996199607849e-02
1.933579295873641968e-01 -1.646013557910919189e-02 -1.051341295242309570e+00 -1.180127382278442383e+00 -8.768761157989501953e-01 5.113001465797424316e-01 1.463357806205749512e-01 -3.316524922847747803e-01 3.923487961292266846e-01 -3.513985499739646912e-02
2.667583152651786804e-02 -2.101887762546539307e-02 -7.381747961044311523e-01 -1.070357561111450195e+00 -9.091034531593322754e-01 4.964775443077087402e-01 5.709253549575805664e-01 -2.803825736045837402e-01 6.167430281639099121e-01 1.014749407768249512e-01
2.013819366693496704e-01 1.171492189168930054e-01 -7.178672552108764648e-01 -1.013125419616699219e+00 -6.439544558525085449e-01 5.510241985321044922e-01 4.873557686805725098e-01 -3.163870275020599365e-01 1.032091498374938965e+00 -1.986149549484252930e-01
3.032674491405487061e-01 2.284680455923080444e-01 -7.285357713699340820e-01 -1.060244441032409668e+00 -5.712774991989135742e-01 5.923222303390502930e-01 4.102676510810852051e-01 -3.107227385044097900e-01 1.212063908576965332e+00 -3.359191715717315674e-01
2.884834706783294678e-01 3.696500062942504883e-01 -7.606470584869384766e-01 -1.096574187278747559e+00 -5.045363903045654297e-01 5.841728448867797852e-01 4.429339766502380371e-01 -2.972345650196075439e-01 1.123894095420837402e+00 -2.805154919624328613e-01
2.730425596237182617e-01 3.696490526199340820e-01 -7.469037771224975586e-01 -1.092242836952209473e+00 -5.100038647651672363e-01 5.913224220275878906e-01 4.322172403335571289e-01 -2.998367249965667725e-01 1.125720620155334473e+00 -2.631124258041381836e-01
2.785070538520812988e-01 3.697496652603149414e-01 -7.508510351181030273e-01 -1.099966406822204590e+00 -5.036836266517639160e-01 5.880605578422546387e-01 4.365168809890747070e-01 -3.015129268169403076e-01 1.116393089294433594e+00 -2.683002948760986328e-01
2.774832546710968018e-01 3.751176595687866211e-01 -7.502557039260864258e-01 -1.098203063011169434e+00 -5.143052935600280762e-01 5.848330259323120117e-01 4.329659342765808105e-01 -2.999378144741058350e-01 1.122529864311218262e+00 -2.704834342002868652e-01
2.725749015808105469e-01 3.769294619560241699e-01 -7.490148544311523438e-01 -1.092721104621887207e+00 -5.072167515754699707e-01 5.961242914199829102e-01 4.366797208786010742e-01 -3.023442924022674561e-01 1.118828296661376953e+00 -2.682115733623504639e-01
2.751960158348083496e-01 3.672376275062561035e-01 -7.447087764739990234e-01 -1.092971920967102051e+00 -5.052368044853210449e-01 5.868626236915588379e-01 4.300951957702636719e-01 -2.986449897289276123e-01 1.127454161643981934e+00 -2.739930152893066406e-01
2.752130627632141113e-01 3.744299411773681641e-01 -7.545515298843383789e-01 -1.100221514701843262e+00 -5.136748552322387695e-01 5.917445421218872070e-01 4.305612444877624512e-01 -2.983837425708770752e-01 1.117512583732604980e+00 -2.691287398338317871e-01
2.834609746932983398e-01 3.700096011161804199e-01 -7.468792200088500977e-01 -1.101020574569702148e+00 -5.001282691955566406e-01 6.057540774345397949e-01 4.387872815132141113e-01 -2.921387255191802979e-01 1.114140033721923828e+00 -2.779799401760101318e-01
3.384614586830139160e-01 3.883484601974487305e-01 -7.954409122467041016e-01 -1.141316056251525879e+00 -4.566003084182739258e-01 6.753498315811157227e-01 3.909978866577148438e-01 -2.711679637432098389e-01 1.129607081413269043e+00 -3.657063245773315430e-01
4.563758373260498047e-01 2.400538176298141479e-01 -5.730245709419250488e-01 -1.158008456230163574e+00 3.371448814868927002e-02 1.416231870651245117e+00 8.815735578536987305e-02 -2.000484317541122437e-01 1.336433768272399902e+00 -4.664209485054016113e-01
3.975353240966796875e-01 1.367301195859909058e-01 -8.363140821456909180e-01 -9.447210431098937988e-01 5.831820368766784668e-01 2.481363862752914429e-01 -5.108297467231750488e-01 -3.065796196460723877e-01 1.582646727561950684e+00 -4.728874862194061279e-01
4.154180884361267090e-01 1.544741243124008179e-01 -7.621245384216308594e-01 -8.974219560623168945e-01 6.952651143074035645e-01 1.336941570043563843e-01 -8.889370560646057129e-01 -3.435837328433990479e-01 1.576428532600402832e+00 -5.076767206192016602e-01
4.061593413352966309e-01 1.566400974988937378e-01 -7.529147863388061523e-01 -8.933249115943908691e-01 7.002261281013488770e-01 1.281958669424057007e-01 -8.847804665565490723e-01 -3.454659283161163330e-01 1.568128228187561035e+00 -5.035308003425598145e-01
4.052825570106506348e-01 1.641181558370590210e-01 -7.540998458862304688e-01 -8.968628644943237305e-01 7.033814191818237305e-01 1.297126263380050659e-01 -8.908966779708862305e-01 -3.496885597705841064e-01 1.559541583061218262e+00 -5.019016861915588379e-01
3.999087214469909668e-01 1.661869138479232788e-01 -7.520757913589477539e-01 -8.982936143875122070e-01 7.080123424530029297e-01 1.248763650655746460e-01 -8.826661705970764160e-01 -3.445666730403900146e-01 1.562093138694763184e+00 -5.037654638290405273e-01
3.990792036056518555e-01 1.614245027303695679e-01 -7.512348890304565430e-01 -8.950421810150146484e-01 7.006859779357910156e-01 1.265345662832260132e-01 -8.783257603645324707e-01 -3.387770354747772217e-01 1.554882407188415527e+00 -5.006273984909057617e-01
4.044737219810485840e-01 1.609552949666976929e-01 -7.576750516891479492e-01 -8.923181295394897461e-01 7.057273387908935547e-01 1.250505894422531128e-01 -8.784918785095214844e-01 -3.379703462123870850e-01 1.558791756629943848e+00 -5.034441351890563965e-01
4.084027409553527832e-01 1.550810188055038452e-01 -7.526962161064147949e-01 -8.993942737579345703e-01 7.034367918968200684e-01 1.221818178892135620e-01 -8.745688199996948242e-01 -3.378750383853912354e-01 1.560369253158569336e+00 -4.949420094490051270e-01
6.632354855537414551e-01 3.667548298835754395e-01 -2.815936803817749023e-01 -1.039150357246398926e+00 6.486721038818359375e-01 6.178001761436462402e-01 -7.926085591316223145e-01 -2.928119599819183350e-01 1.862650156021118164e+00 -3.058778643608093262e-01
8.017525076866149902e-01 6.053286790847778320e-01 -2.122285664081573486e-01 -1.294758558273315430e+00 5.281394124031066895e-01 9.901685118675231934e-01 -1.122625827789306641e+00 -1.702939718961715698e-01 1.198226571083068848e+00 -6.698858737945556641e-01
8.214685320854187012e-01 5.512534976005554199e-01 -2.103966176509857178e-01 -1.277702569961547852e+00 4.980468750000000000e-01 1.028965115547180176e+00 -1.142523646354675293e+00 -1.700132936239242554e-01 1.244958519935607910e+00 -6.883510947227478027e-01
8.171485662460327148e-01 5.611784458160400391e-01 -2.121966481208801270e-01 -1.272721171379089355e+00 5.067800879478454590e-01 1.024359703063964844e+00 -1.139016032218933105e+00 -1.766713112592697144e-01 1.238626122474670410e+00 -6.894295811653137207e-01
8.213484287261962891e-01 5.595701336860656738e-01 -2.130179852247238159e-01 -1.268615007400512695e+00 4.980567395687103271e-01 1.028216838836669922e+00 -1.141356825828552246e+00 -1.721502393484115601e-01 1.241327643394470215e+00 -6.883034706115722656e-01
8.255913257598876953e-01 5.647923946380615234e-01 -2.166138291358947754e-01 -1.271506428718566895e+00 5.068900585174560547e-01 1.034003496170043945e+00 -1.144484162330627441e+00 -1.652167290449142456e-01 1.237980008125305176e+00 -6.903224587440490723e-01
7.237501740455627441e-01 4.662877917289733887e-01 -2.604464292526245117e-01 -1.122765421867370605e+00 5.657590031623840332e-01 9.416511654853820801e-01 -9.512012600898742676e-01 -2.579197585582733154e-01 1.635536670684814453e+00 -5.763305425643920898e-01
7.985163927078247070e-01 4.947528839111328125e-01 -1.073313504457473755e-01 -1.104787945747375488e+00 2.470177710056304932e-01 4.077647328376770020e-01 -9.944254159927368164e-01 -2.218490093946456909e-01 1.282597303390502930e+00 -6.688913702964782715e-01
7.163830995559692383e-01 4.348422288894653320e-01 -5.354861915111541748e-02 -1.098098635673522949e+00 2.252562344074249268e-01 2.683939337730407715e-01 -9.229940772056579590e-01 -2.106543630361557007e-01 1.176136255264282227e+00 -5.856141448020935059e-01
7.221370935440063477e-01 4.304856061935424805e-01 -5.146898329257965088e-02 -1.097462892532348633e+00 2.229143232107162476e-01 2.668492794036865234e-01 -9.197283387184143066e-01 -2.109246999025344849e-01 1.168907165527343750e+00 -5.788981318473815918e-01
7.106117606163024902e-01 4.330112934112548828e-01 -5.527423322200775146e-02 -1.077871799468994141e+00 2.263419330120086670e-01 2.296104282140731812e-01 -9.178225398063659668e-01 -2.233002930879592896e-01 1.189001321792602539e+00 -5.957621932029724121e-01
4.253517985343933105e-01 1.246746629476547241e-01 -5.901844799518585205e-02 -1.027777552604675293e+00 4.066404402256011963e-01 1.432590335607528687e-01 -1.091195225715637207e+00 -3.246944844722747803e-01 8.915370702743530273e-01 -2.038806080818176270e-01
4.746007323265075684e-01 6.387774646282196045e-02 4.930706322193145752e-02 -1.066157460212707520e+00 4.728129804134368896e-01 3.154048323631286621e-01 -1.574813365936279297e+00 -4.949501156806945801e-01 6.577050685882568359e-01 -1.236700415611267090e-01
5.647265315055847168e-01 1.600926965475082397e-01 7.940892875194549561e-02 -1.127301335334777832e+00 4.556105434894561768e-01 3.030995130538940430e-01 -1.683138489723205566e+00 -4.085931777954101562e-01 5.674205422401428223e-01 -2.080358862876892090e-01
5.502948760986328125e-01 1.850768178701400757e-01 8.759270608425140381e-02 -1.135874152183532715e+00 4.640724956989288330e-01 3.078271150588989258e-01 -1.690977454185485840e+00 -4.326960146427154541e-01 5.581789612770080566e-01 -2.153531908988952637e-01
