3.256220817565917969e-01 -8.572150766849517822e-02 1.680319160223007202e-01 -1.284803986549377441e+00 -2.087164074182510376e-01 1.229698508977890015e-01 7.006170153617858887e-01 -5.135391950607299805e-01 2.082667797803878784e-01 -1.042187690734863281e+00
3.164290189743041992e-01 -9.748406708240509033e-02 1.593130677938461304e-01 -1.278623461723327637e+00 -2.245850712060928345e-01 1.188024729490280151e-01 7.021589279174804688e-01 -5.221099257469177246e-01 2.060136049985885620e-01 -1.030255317687988281e+00
2.604650855064392090e-01 -3.036621809005737305e-01 2.219688147306442261e-01 -1.278575062751770020e+00 -3.912330567836761475e-01 1.763588637113571167e-01 8.478091359138488770e-01 -4.945795238018035889e-01 7.241453230381011963e-02 -8.224463462829589844e-01
6.759211421012878418e-01 -7.574585676193237305e-01 2.445795685052871704e-01 -1.372322797775268555e+00 -3.870816230773925781e-01 3.594146370887756348e-01 1.166805863380432129e+00 -6.871114373207092285e-01 -6.906054913997650146e-02 -5.024622082710266113e-01
7.531589269638061523e-01 -9.062557220458984375e-01 2.915045320987701416e-01 -1.329366564750671387e+00 -4.334055185317993164e-01 4.483092427253723145e-01 1.215858817100524902e+00 -7.154601812362670898e-01 -1.709841340780258179e-01 -4.472976922988891602e-01
7.200700044631958008e-01 -9.286231994628906250e-01 2.771016359329223633e-01 -1.260864615440368652e+00 -4.901708960533142090e-01 4.336459040641784668e-01 1.294828772544860840e+00 -6.991503238677978516e-01 -1.949697881937026978e-01 -4.276357889175415039e-01
7.190953493118286133e-01 -9.181119203567504883e-01 2.789255380630493164e-01 -1.277492403984069824e+00 -4.840337038040161133e-01 4.555080533027648926e-01 1.281864285469055176e+00 -7.040761113166809082e-01 -1.955701410770416260e-01 -4.432959556579589844e-01
7.235464453697204590e-01 -9.239084124565124512e-01 2.741819918155670166e-01 -1.281860947608947754e+00 -4.888589084148406982e-01 4.649058580398559570e-01 1.273760318756103516e+00 -7.109034657478332520e-01 -1.995902210474014282e-01 -4.411212801933288574e-01
7.205686569213867188e-01 -9.148154258728027344e-01 2.820000052452087402e-01 -1.277681112289428711e+00 -4.760379493236541748e-01 4.526205658912658691e-01 1.285538554191589355e+00 -7.132412791252136230e-01 -1.912068873643875122e-01 -4.318260550498962402e-01
7.093971371650695801e-01 -9.177355170249938965e-01 2.883768379688262939e-01 -1.266306757926940918e+00 -4.967932999134063721e-01 4.513369202613830566e-01 1.274844765663146973e+00 -7.049632072448730469e-01 -2.021027058362960815e-01 -4.346358776092529297e-01
7.187410593032836914e-01 -9.166764020919799805e-01 2.667821645736694336e-01 -1.275192618370056152e+00 -4.804103374481201172e-01 4.601394534111022949e-01 1.280130267143249512e+00 -7.079514265060424805e-01 -1.937427669763565063e-01 -4.416381716728210449e-01
7.211394309997558594e-01 -9.134724736213684082e-01 2.806610465049743652e-01 -1.275665402412414551e+00 -4.775675237178802490e-01 4.522682428359985352e-01 1.276713728904724121e+00 -7.075890302658081055e-01 -1.892907768487930298e-01 -4.400877356529235840e-01
7.148629426956176758e-01 -9.109013676643371582e-01 2.817898690700531006e-01 -1.272792935371398926e+00 -4.907353222370147705e-01 4.637696146965026855e-01 1.257867455482482910e+00 -6.957089304924011230e-01 -2.043688446283340454e-01 -4.479754567146301270e-01
7.451432347297668457e-01 -9.384589195251464844e-01 2.726819515228271484e-01 -1.292862534523010254e+00 -4.493810832500457764e-01 4.459902048110961914e-01 1.312482714653015137e+00 -7.596411108970642090e-01 -1.847419589757919312e-01 -4.342302083969116211e-01
4.629870653152465820e-01 -1.004018306732177734e+00 2.046172171831130981e-01 -9.481240510940551758e-01 -1.894407123327255249e-01 6.766566038131713867e-01 1.419345736503601074e+00 -7.868275642395019531e-01 -1.736694872379302979e-01 -3.434826135635375977e-01
6.713813543319702148e-01 -9.291883111000061035e-01 1.482375413179397583e-01 -1.298970103263854980e+00 4.248708784580230713e-01 4.582406282424926758e-01 1.147592902183532715e+00 -4.776292145252227783e-01 -2.624262273311614990e-01 -7.501687407493591309e-01
9.146062731742858887e-01 -9.218190908432006836e-01 1.820962578058242798e-01 -1.588885188102722168e+00 8.612522482872009277e-01 2.635846138000488281e-01 7.387717366218566895e-01 -3.849439918994903564e-01 -5.739226937294006348e-01 -9.266697764396667480e-01
9.015260338783264160e-01 -9.239073395729064941e-01 1.889890581369400024e-01 -1.582634806632995605e+00 8.729559779167175293e-01 2.489413470029830933e-01 7.171227335929870605e-01 -3.708769381046295166e-01 -5.894560217857360840e-01 -9.064186811447143555e-01
8.906959295272827148e-01 -9.216350317001342773e-01 1.885584741830825806e-01 -1.580516576766967773e+00 8.683122992515563965e-01 2.444265931844711304e-01 7.136708498001098633e-01 -3.668924868106842041e-01 -5.864210724830627441e-01 -8.995472192764282227e-01
9.008967876434326172e-01 -9.336137771606445312e-01 1.817364841699600220e-01 -1.580489516258239746e+00 8.669526576995849609e-01 2.482937425374984741e-01 6.943774223327636719e-01 -3.715226948261260986e-01 -5.899822115898132324e-01 -8.994269371032714844e-01
9.010592699050903320e-01 -9.307523965835571289e-01 1.886775344610214233e-01 -1.585502028465270996e+00 8.653532862663269043e-01 2.566698193550109863e-01 7.004454731941223145e-01 -3.705338537693023682e-01 -5.942640304565429688e-01 -9.118727445602416992e-01
8.959286212921142578e-01 -9.264451265335083008e-01 1.830978840589523315e-01 -1.577130198478698730e+00 8.689718842506408691e-01 2.532674670219421387e-01 7.187721133232116699e-01 -3.689085543155670166e-01 -5.904647707939147949e-01 -9.041227102279663086e-01
8.887146711349487305e-01 -9.231380820274353027e-01 2.007286399602890015e-01 -1.586826324462890625e+00 8.722513318061828613e-01 2.538060545921325684e-01 7.043749690055847168e-01 -3.672227561473846436e-01 -5.937041044235229492e-01 -8.994674086570739746e-01
4.173246920108795166e-01 -1.050865054130554199e+00 1.964714080095291138e-01 -1.297037839889526367e+00 6.804388165473937988e-01 2.281998246908187866e-01 5.889821648597717285e-01 -4.046935737133026123e-01 -6.561630368232727051e-01 -5.738551616668701172e-01
2.700956463813781738e-01 -1.278378367424011230e+00 2.919059097766876221e-01 -1.140879511833190918e+00 6.523159146308898926e-01 1.738248914480209351e-01 9.151991605758666992e-01 -2.587543427944183350e-01 -6.823166608810424805e-01 -9.058552980422973633e-02
2.720968127250671387e-01 -1.275095462799072266e+00 3.046404123306274414e-01 -1.140461444854736328e+00 6.546645760536193848e-01 1.757905334234237671e-01 9.216592311859130859e-01 -2.617722451686859131e-01 -6.706208586692810059e-01 -6.939929723739624023e-02
2.694601416587829590e-01 -1.267369031906127930e+00 3.132062256336212158e-01 -1.139500617980957031e+00 6.624524593353271484e-01 1.739456504583358765e-01 9.068463444709777832e-01 -2.628581225872039795e-01 -6.716226935386657715e-01 -6.937646865844726562e-02
2.702183723449707031e-01 -1.263290405273437500e+00 2.998633980751037598e-01 -1.138536572456359863e+00 6.599997878074645996e-01 1.707072108983993530e-01 9.229534864425659180e-01 -2.614022791385650635e-01 -6.625363230705261230e-01 -6.543236970901489258e-02
2.721147537231445312e-01 -1.272359848022460938e+00 3.005931973457336426e-01 -1.139406800270080566e+00 6.609038710594177246e-01 1.799228042364120483e-01 9.208790659904479980e-01 -2.655966579914093018e-01 -6.680932641029357910e-01 -6.534159183502197266e-02
2.745028138160705566e-01 -1.269692540168762207e+00 3.002396225929260254e-01 -1.139789938926696777e+00 6.596432328224182129e-01 1.747688502073287964e-01 9.251723885536193848e-01 -2.563400566577911377e-01 -6.675593256950378418e-01 -7.094997167587280273e-02
5.617132186889648438e-01 -1.329591035842895508e+00 2.102691084146499634e-01 -1.149173021316528320e+00 7.151711583137512207e-01 1.887656897306442261e-01 8.848115801811218262e-01 -3.778478205204010010e-01 -9.558379650115966797e-01 -3.534763678908348083e-02
8.049436211585998535e-01 -1.226479172706604004e+00 4.358018934726715088e-02 -1.453962564468383789e+00 5.981084108352661133e-01 1.214631050825119019e-01 6.895926594734191895e-01 -3.978389203548431396e-01 -1.079368352890014648e+00 -1.524623036384582520e-01
8.069555163383483887e-01 -1.212016820907592773e+00 3.580242395401000977e-02 -1.453076362609863281e+00 6.119939088821411133e-01 1.206120699644088745e-01 6.853964924812316895e-01 -4.092423617839813232e-01 -1.068819165229797363e+00 -1.514196991920471191e-01
8.033887743949890137e-01 -1.211861014366149902e+00 4.244203865528106689e-02 -1.458464622497558594e+00 6.068301796913146973e-01 1.310031861066818237e-01 6.754282116889953613e-01 -3.989396393299102783e-01 -1.076798915863037109e+00 -1.541290879249572754e-01
7.081962823867797852e-01 -8.013976812362670898e-01 5.388988554477691650e-02 -1.584539413452148438e+00 8.304628133773803711e-01 2.887599356472492218e-02 5.635890364646911621e-01 -2.300666421651840210e-01 -8.423729538917541504e-01 -3.015629053115844727e-01
4.208132624626159668e-01 -5.996679663658142090e-01 8.816428482532501221e-02 -1.422626495361328125e+00 1.006590843200683594e+00 -1.833974272012710571e-01 5.211737155914306641e-01 3.407533466815948486e-02 -6.750832200050354004e-01 -4.050423502922058105e-01
3.773750066757202148e-01 -6.006096005439758301e-01 6.683070957660675049e-02 -1.439308524131774902e+00 1.015776634216308594e+00 -2.439981251955032349e-01 3.507018089294433594e-01 -5.005668103694915771e-02 -7.213975191116333008e-01 -2.380277514457702637e-01
4.098092913627624512e-01 -6.128585338592529297e-01 4.080994427204132080e-02 -1.430363774299621582e+00 1.001220226287841797e+00 -2.787237465381622314e-01 3.083534240722656250e-01 -6.285373866558074951e-02 -7.383345961570739746e-01 -2.192870378494262695e-01
