6.951463222503662109e-01 4.186547398567199707e-01 -8.570496737957000732e-02 -8.322107791900634766e-01 -4.485379159450531006e-02 2.077584713697433472e-01 3.389908075332641602e-01 1.164415836334228516e+00 -6.618309020996093750e-02 5.303660035133361816e-01
7.316774129867553711e-01 4.054450392723083496e-01 -1.139424294233322144e-01 -8.123348951339721680e-01 -7.131259143352508545e-02 1.475574225187301636e-01 3.411832451820373535e-01 1.203636646270751953e+00 -7.605193555355072021e-02 5.319564342498779297e-01
6.630307435989379883e-01 3.463492393493652344e-01 -6.668345630168914795e-02 -8.778499364852905273e-01 -8.737774193286895752e-02 2.631683349609375000e-01 3.522925376892089844e-01 1.147543907165527344e+00 -1.187216490507125854e-01 6.119658350944519043e-01
6.139584183692932129e-01 3.177961111068725586e-01 -6.535844504833221436e-02 -8.913887739181518555e-01 -1.263455599546432495e-01 2.701622843742370605e-01 3.702270984649658203e-01 1.189204335212707520e+00 -1.427721977233886719e-01 6.358146071434020996e-01
5.173792243003845215e-01 3.791938424110412598e-01 -4.445950686931610107e-02 -9.100227952003479004e-01 -1.105949580669403076e-01 2.982136011123657227e-01 3.657504320144653320e-01 1.160043478012084961e+00 -1.539004892110824585e-01 6.266988515853881836e-01
5.878409147262573242e-01 3.003039956092834473e-01 -4.304458200931549072e-02 -9.389491081237792969e-01 -1.776912063360214233e-01 2.758685350418090820e-01 3.485900163650512695e-01 1.176761388778686523e+00 -2.134507447481155396e-01 7.150913476943969727e-01
6.279641389846801758e-01 2.657012343406677246e-01 -3.363735973834991455e-02 -9.238573908805847168e-01 -2.207064032554626465e-01 2.427854388952255249e-01 3.153585791587829590e-01 1.220514535903930664e+00 -2.641907334327697754e-01 7.705772519111633301e-01
7.015197277069091797e-01 2.538269162178039551e-01 -4.331542551517486572e-02 -9.216127395629882812e-01 -1.954225748777389526e-01 1.893499940633773804e-01 2.808615565299987793e-01 1.146975517272949219e+00 -2.517251670360565186e-01 7.299833893775939941e-01
7.706778645515441895e-01 2.429199069738388062e-01 -4.087634384632110596e-02 -9.460250139236450195e-01 -1.726716607809066772e-01 1.669538468122482300e-01 2.734138369560241699e-01 1.146256923675537109e+00 -2.350361794233322144e-01 7.409245371818542480e-01
1.197327256202697754e+00 -6.002368032932281494e-02 -5.158890783786773682e-02 -9.530384540557861328e-01 -9.123376011848449707e-02 1.799805015325546265e-01 -5.970687046647071838e-02 1.079516410827636719e+00 -4.877173006534576416e-01 5.929037928581237793e-01
1.423989057540893555e+00 -1.235075145959854126e-01 -7.847039401531219482e-02 -9.414221644401550293e-01 -8.644668757915496826e-02 1.210314482450485229e-01 -4.150895476341247559e-01 1.070852398872375488e+00 -5.536049008369445801e-01 4.150964021682739258e-01
1.435481667518615723e+00 -1.267340332269668579e-01 -8.298681676387786865e-02 -9.366803169250488281e-01 -9.190072119235992432e-02 1.181720346212387085e-01 -4.198151230812072754e-01 1.072733283042907715e+00 -5.578876137733459473e-01 4.080083966255187988e-01
1.446241497993469238e+00 -1.199473291635513306e-01 -8.126465976238250732e-02 -9.257021546363830566e-01 -8.742921054363250732e-02 1.152109950780868530e-01 -4.315134882926940918e-01 1.073536872863769531e+00 -5.571979284286499023e-01 4.108259677886962891e-01
1.450253009796142578e+00 -1.226443201303482056e-01 -7.800523936748504639e-02 -9.336144924163818359e-01 -8.740600943565368652e-02 1.110865920782089233e-01 -4.437507987022399902e-01 1.076731801033020020e+00 -5.580574870109558105e-01 4.048704504966735840e-01
1.439388036727905273e+00 -1.134885698556900024e-01 -8.109827339649200439e-02 -9.281666874885559082e-01 -8.930991590023040771e-02 1.261682957410812378e-01 -4.387580752372741699e-01 1.074309587478637695e+00 -5.632929205894470215e-01 4.054258465766906738e-01
1.167591810226440430e+00 -2.491114288568496704e-01 -8.335910737514495850e-02 -7.774910330772399902e-01 -1.337069869041442871e-01 -5.740846693515777588e-02 -1.242323756217956543e+00 1.112510204315185547e+00 -8.008487820625305176e-01 -1.250511035323143005e-02
-1.931039541959762573e-01 -5.274664163589477539e-01 -3.762851655483245850e-01 -4.643863141536712646e-01 -9.799638390541076660e-01 5.275330543518066406e-01 -3.087884783744812012e-01 9.244672060012817383e-01 -1.328961730003356934e+00 -8.592869639396667480e-01
-2.496907711029052734e-01 -6.196148395538330078e-01 -3.024366796016693115e-01 -4.597819745540618896e-01 -8.824040293693542480e-01 5.543024539947509766e-01 -3.152140378952026367e-01 8.996709585189819336e-01 -1.298635959625244141e+00 -8.213897347450256348e-01
-2.535108327865600586e-01 -6.209610700607299805e-01 -3.154910206794738770e-01 -4.453929662704467773e-01 -8.933375477790832520e-01 5.331329703330993652e-01 -2.949647903442382812e-01 9.102292060852050781e-01 -1.299783349037170410e+00 -8.330222964286804199e-01
-2.490191459655761719e-01 -6.269103884696960449e-01 -3.072655797004699707e-01 -4.432977139949798584e-01 -8.955108523368835449e-01 5.338593125343322754e-01 -3.050421476364135742e-01 9.113362431526184082e-01 -1.305695176124572754e+00 -8.272369503974914551e-01
-3.255526721477508545e-01 -2.579059600830078125e-01 -4.727912545204162598e-01 -5.289182662963867188e-01 -7.620005011558532715e-01 7.056887745857238770e-01 4.675989970564842224e-02 1.017405509948730469e+00 -1.097168087959289551e+00 -9.817902445793151855e-01
-6.689381599426269531e-01 -2.233107388019561768e-02 -4.874503910541534424e-01 -4.277770817279815674e-01 -1.056331157684326172e+00 5.759385228157043457e-01 -7.558947801589965820e-02 9.549335837364196777e-01 -1.056445121765136719e+00 -1.108531594276428223e+00
-7.170517444610595703e-01 2.662651240825653076e-02 -4.838674068450927734e-01 -4.340954124927520752e-01 -1.042500972747802734e+00 5.073238015174865723e-01 -1.257848739624023438e-01 9.079450964927673340e-01 -1.043071389198303223e+00 -1.144370198249816895e+00
-7.896504402160644531e-01 6.232832372188568115e-02 -4.873057901859283447e-01 -5.093370676040649414e-01 -1.004954338073730469e+00 6.608240008354187012e-01 5.803632363677024841e-02 8.272252678871154785e-01 -1.012253165245056152e+00 -1.030180096626281738e+00
-8.512181043624877930e-01 2.192352861166000366e-01 -4.923075735569000244e-01 -5.401730537414550781e-01 -9.053558707237243652e-01 8.038634657859802246e-01 1.601305603981018066e-01 8.423257470130920410e-01 -8.950302004814147949e-01 -1.133351445198059082e+00
-8.991346359252929688e-01 2.463827580213546753e-01 -4.655140340328216553e-01 -5.244054794311523438e-01 -8.887221217155456543e-01 8.424741625785827637e-01 7.879823446273803711e-02 7.867911458015441895e-01 -9.122610688209533691e-01 -1.178317666053771973e+00
