3.920942544937133789e-01 -2.785944938659667969e-01 3.609259128570556641e-01 -5.772234797477722168e-01 -5.003617405891418457e-01 5.590569972991943359e-01 9.803384542465209961e-02 9.760670065879821777e-01 1.734459549188613892e-01 -6.506519317626953125e-01
3.611232042312622070e-01 -2.657294273376464844e-01 3.682910501956939697e-01 -6.194970607757568359e-01 -5.018500089645385742e-01 6.361643075942993164e-01 6.682306528091430664e-02 9.307465553283691406e-01 1.567371487617492676e-01 -6.430228352546691895e-01
3.684712052345275879e-01 -2.898150682449340820e-01 3.483364284038543701e-01 -5.867236256599426270e-01 -5.678332448005676270e-01 5.334143042564392090e-01 2.133347988128662109e-01 9.511148333549499512e-01 2.254859060049057007e-01 -5.946554541587829590e-01
3.052499890327453613e-01 -3.115857839584350586e-01 3.943744301795959473e-01 -5.854662060737609863e-01 -6.869700551033020020e-01 5.386610627174377441e-01 3.828429579734802246e-01 9.167098999023437500e-01 2.720054686069488525e-01 -4.710897207260131836e-01
2.457370907068252563e-01 -2.771424651145935059e-01 4.072857797145843506e-01 -5.897630453109741211e-01 -7.415915727615356445e-01 5.904605388641357422e-01 5.645115375518798828e-01 9.120798110961914062e-01 3.267122209072113037e-01 -4.284497499465942383e-01
2.131739705801010132e-01 -1.562537699937820435e-01 3.694057464599609375e-01 -5.300159454345703125e-01 -7.914709448814392090e-01 5.359002947807312012e-01 5.849333405494689941e-01 8.893932104110717773e-01 4.625395834445953369e-01 -5.314463973045349121e-01
1.355304569005966187e-01 -2.314227968454360962e-01 1.858002096414566040e-01 -4.770447313785552979e-01 -6.867345571517944336e-01 3.286440372467041016e-01 6.096075177192687988e-01 7.942971587181091309e-01 6.916375160217285156e-01 -5.905772447586059570e-01
1.794280856847763062e-01 -9.450437128543853760e-02 2.856942415237426758e-01 -4.731585085391998291e-01 -9.725115895271301270e-01 3.029173016548156738e-01 2.765066027641296387e-01 7.895534634590148926e-01 6.531568169593811035e-01 -6.301129460334777832e-01
1.975110173225402832e-01 -8.374239504337310791e-02 3.388971090316772461e-01 -4.977253973484039307e-01 -1.016445159912109375e+00 3.588928580284118652e-01 1.617477536201477051e-01 7.870909571647644043e-01 5.630223751068115234e-01 -6.777117252349853516e-01
3.428441286087036133e-01 -7.669283449649810791e-02 2.175889164209365845e-01 -4.433833360671997070e-01 -5.838623642921447754e-01 3.920421600341796875e-01 -6.764886975288391113e-01 1.036265492439270020e+00 5.413396954536437988e-01 -9.942814707756042480e-01
3.858138918876647949e-01 -1.197883039712905884e-01 2.020696550607681274e-01 -4.530050754547119141e-01 -7.082328796386718750e-01 3.240004181861877441e-01 -9.747306108474731445e-01 1.051870107650756836e+00 3.605704307556152344e-01 -1.084678053855895996e+00
3.909541964530944824e-01 -1.233481317758560181e-01 1.943524330854415894e-01 -4.469630718231201172e-01 -7.149884104728698730e-01 3.093284964561462402e-01 -9.691725373268127441e-01 1.061642289161682129e+00 3.623288869857788086e-01 -1.092962861061096191e+00
4.003455340862274170e-01 -1.245317012071609497e-01 2.064987570047378540e-01 -4.543901085853576660e-01 -7.175859212875366211e-01 3.246571421623229980e-01 -9.799479246139526367e-01 1.053283452987670898e+00 3.635913729667663574e-01 -1.093932509422302246e+00
3.981647789478302002e-01 -1.215982586145401001e-01 1.991020292043685913e-01 -4.588636457920074463e-01 -7.164138555526733398e-01 3.264521956443786621e-01 -9.651076197624206543e-01 1.056279420852661133e+00 3.552190959453582764e-01 -1.091644883155822754e+00
3.913129568099975586e-01 -1.148511320352554321e-01 2.055101543664932251e-01 -4.490259289741516113e-01 -7.206532955169677734e-01 3.235332965850830078e-01 -9.786031842231750488e-01 1.053385734558105469e+00 3.647419810295104980e-01 -1.086144089698791504e+00
3.716291487216949463e-01 -3.011740446090698242e-01 4.379251599311828613e-01 -4.381164014339447021e-01 -1.050898790359497070e+00 1.682529896497726440e-01 -1.035330653190612793e+00 9.432249069213867188e-01 5.627605319023132324e-01 -4.394183754920959473e-01
3.594294786453247070e-01 -2.813187837600708008e-01 3.724498748779296875e-01 -2.888046205043792725e-01 -6.164746284484863281e-01 7.466765046119689941e-01 -7.952256798744201660e-01 1.006469011306762695e+00 1.321420550346374512e+00 -2.930365204811096191e-01
3.784841299057006836e-01 -2.865939140319824219e-01 3.695830702781677246e-01 -2.801132500171661377e-01 -5.889927148818969727e-01 7.363879084587097168e-01 -7.815049290657043457e-01 9.985747337341308594e-01 1.341729283332824707e+00 -2.933964133262634277e-01
3.504075407981872559e-01 -2.786950469017028809e-01 3.758549690246582031e-01 -2.794666290283203125e-01 -5.989444851875305176e-01 7.549781799316406250e-01 -7.863082289695739746e-01 9.757390618324279785e-01 1.327981948852539062e+00 -2.892273664474487305e-01
3.562715649604797363e-01 -2.781759500503540039e-01 3.747032880783081055e-01 -2.751982808113098145e-01 -6.039685010910034180e-01 7.436054944992065430e-01 -7.824684977531433105e-01 9.841011166572570801e-01 1.332508206367492676e+00 -2.887274026870727539e-01
3.428737223148345947e-01 -1.283899694681167603e-01 3.140214681625366211e-01 -4.001087546348571777e-01 -5.168192386627197266e-01 7.280798554420471191e-01 -4.069912433624267578e-01 8.299402594566345215e-01 1.478452801704406738e+00 -4.892529249191284180e-01
3.280379772186279297e-01 -1.229683905839920044e-01 5.990812182426452637e-01 -3.996478021144866943e-01 -9.545455574989318848e-01 6.636906862258911133e-01 2.214049696922302246e-01 7.704918980598449707e-01 1.540118932723999023e+00 -3.139774203300476074e-01
4.385490417480468750e-01 -1.450234800577163696e-01 7.150923609733581543e-01 -3.675095736980438232e-01 -1.004159808158874512e+00 7.385968565940856934e-01 2.989300489425659180e-01 7.545310854911804199e-01 1.515252947807312012e+00 -3.053398728370666504e-01
2.953906953334808350e-01 -1.214071065187454224e-01 6.006523966789245605e-01 -4.017281532287597656e-01 -9.300229549407958984e-01 5.771720409393310547e-01 4.789382815361022949e-01 7.348058819770812988e-01 1.649632811546325684e+00 -3.239853978157043457e-01
1.993482112884521484e-01 -2.717967033386230469e-01 5.248802304267883301e-01 -4.334022104740142822e-01 -8.931810259819030762e-01 6.028681397438049316e-01 7.884681820869445801e-01 7.031437158584594727e-01 1.387117862701416016e+00 -1.721066236495971680e-01
3.285748362541198730e-01 -3.870630264282226562e-01 7.526635527610778809e-01 -4.032799303531646729e-01 -9.020687937736511230e-01 8.260793685913085938e-01 6.942492723464965820e-01 7.787154912948608398e-01 1.222483992576599121e+00 -4.413991793990135193e-02
