8.221424818038940430e-01 2.294857949018478394e-01 -2.666035592555999756e-01 -1.448927998542785645e+00 3.632352221757173538e-03 -2.428850084543228149e-01 4.823244214057922363e-01 2.040083706378936768e-02 1.723796725273132324e-01 4.922806024551391602e-01
8.025917410850524902e-01 1.989679187536239624e-01 -2.502702772617340088e-01 -1.453959107398986816e+00 3.734738100320100784e-03 -2.387540489435195923e-01 4.842027425765991211e-01 1.801790297031402588e-02 1.598797887563705444e-01 5.035290122032165527e-01
8.505419492721557617e-01 -1.102711111307144165e-01 -1.716836541891098022e-01 -1.563905119895935059e+00 -6.842882931232452393e-02 -1.447625309228897095e-01 6.818781495094299316e-01 -5.193873308598995209e-03 9.281690418720245361e-02 7.009603977203369141e-01
1.316900491714477539e+00 -5.495518445968627930e-01 -1.624621301889419556e-01 -1.508088707923889160e+00 -2.230270206928253174e-02 1.014415472745895386e-01 9.949196577072143555e-01 -8.318971097469329834e-02 8.175191283226013184e-02 7.294057011604309082e-01
1.294437646865844727e+00 -6.763328313827514648e-01 -6.246201694011688232e-02 -1.422471523284912109e+00 -1.083520799875259399e-01 1.734888404607772827e-01 1.111545801162719727e+00 -7.299129664897918701e-02 6.367668509483337402e-03 8.015421032905578613e-01
1.304507255554199219e+00 -6.979229450225830078e-01 -7.506571710109710693e-02 -1.377437114715576172e+00 -1.049934774637222290e-01 1.697834581136703491e-01 1.116144061088562012e+00 -4.113183915615081787e-02 1.227897405624389648e-02 7.907271981239318848e-01
1.300133228302001953e+00 -6.914170384407043457e-01 -7.824586331844329834e-02 -1.385159373283386230e+00 -1.124250292778015137e-01 1.676882356405258179e-01 1.137203931808471680e+00 -4.935620725154876709e-02 7.717296481132507324e-03 7.944897413253784180e-01
1.294340014457702637e+00 -6.956180334091186523e-01 -7.537643611431121826e-02 -1.397333145141601562e+00 -1.204628348350524902e-01 1.830887645483016968e-01 1.137099862098693848e+00 -5.557732284069061279e-02 6.851807236671447754e-03 7.900843024253845215e-01
1.308344483375549316e+00 -6.936151385307312012e-01 -8.152832090854644775e-02 -1.388882517814636230e+00 -1.149051785469055176e-01 1.811390370130538940e-01 1.128409862518310547e+00 -4.660300910472869873e-02 5.353763699531555176e-03 7.880961894989013672e-01
1.300143837928771973e+00 -6.927295327186584473e-01 -7.899759709835052490e-02 -1.388122320175170898e+00 -1.211607456207275391e-01 1.780877560377120972e-01 1.127121806144714355e+00 -5.062334239482879639e-02 7.424935698509216309e-03 7.937939763069152832e-01
1.302398800849914551e+00 -6.942426562309265137e-01 -7.202346622943878174e-02 -1.397660732269287109e+00 -1.181755065917968750e-01 1.797026246786117554e-01 1.123764157295227051e+00 -4.334323108196258545e-02 5.142614245414733887e-03 7.924311161041259766e-01
1.292881727218627930e+00 -6.914817094802856445e-01 -6.966097652912139893e-02 -1.390353798866271973e+00 -1.083502620458602905e-01 1.791282147169113159e-01 1.133615851402282715e+00 -5.764929950237274170e-02 3.150895237922668457e-03 7.950510978698730469e-01
1.300822615623474121e+00 -6.922511458396911621e-01 -7.758136093616485596e-02 -1.390480399131774902e+00 -1.145191043615341187e-01 1.789215654134750366e-01 1.125360131263732910e+00 -5.205766856670379639e-02 5.823925137519836426e-03 7.984069585800170898e-01
1.298609137535095215e+00 -7.220672965049743652e-01 -4.860152304172515869e-02 -1.327026963233947754e+00 -4.757809638977050781e-02 2.032392472028732300e-01 1.163491964340209961e+00 -4.463587701320648193e-02 6.099152565002441406e-02 7.297577261924743652e-01
6.994551420211791992e-01 -1.046516656875610352e+00 7.168643176555633545e-02 -9.030027389526367188e-01 1.927571445703506470e-01 5.171921253204345703e-01 1.418856024742126465e+00 -6.060763262212276459e-03 9.686649590730667114e-02 5.017033219337463379e-01
1.129154801368713379e+00 -1.099893331527709961e+00 -4.385754466056823730e-01 -1.255677342414855957e+00 6.739578247070312500e-01 4.372976422309875488e-01 9.059743881225585938e-01 6.926472485065460205e-02 5.459606647491455078e-03 -2.856989502906799316e-01
1.226908087730407715e+00 -1.111323237419128418e+00 -4.885154366493225098e-01 -1.355927228927612305e+00 8.641234636306762695e-01 3.394094109535217285e-01 6.920976042747497559e-01 7.626064121723175049e-02 -1.160743013024330139e-01 -4.135333895683288574e-01
1.223650217056274414e+00 -1.115420937538146973e+00 -4.916908144950866699e-01 -1.359962344169616699e+00 8.591615557670593262e-01 3.279486894607543945e-01 6.858856081962585449e-01 7.962878048419952393e-02 -1.093794852495193481e-01 -4.127519726753234863e-01
1.216487526893615723e+00 -1.110566020011901855e+00 -4.864464998245239258e-01 -1.355421423912048340e+00 8.616983294486999512e-01 3.307495713233947754e-01 6.883745789527893066e-01 7.718975841999053955e-02 -1.138469055294990540e-01 -4.083432555198669434e-01
1.233832478523254395e+00 -1.115597605705261230e+00 -4.846048355102539062e-01 -1.358004450798034668e+00 8.684261441230773926e-01 3.376260995864868164e-01 6.751629710197448730e-01 7.913847267627716064e-02 -1.138743907213211060e-01 -4.119755625724792480e-01
1.227306008338928223e+00 -1.120416283607482910e+00 -4.963024854660034180e-01 -1.358191728591918945e+00 8.614222407341003418e-01 3.354079723358154297e-01 6.934956908226013184e-01 7.878656685352325439e-02 -1.125514209270477295e-01 -4.192188382148742676e-01
1.225031733512878418e+00 -1.111349821090698242e+00 -4.957755506038665771e-01 -1.356018900871276855e+00 8.618923425674438477e-01 3.331318497657775879e-01 6.909673213958740234e-01 7.838292419910430908e-02 -1.141713857650756836e-01 -4.115769863128662109e-01
1.227415442466735840e+00 -1.120098471641540527e+00 -4.924631118774414062e-01 -1.355658769607543945e+00 8.632619976997375488e-01 3.357006907463073730e-01 6.908208727836608887e-01 7.742603123188018799e-02 -1.134117916226387024e-01 -4.055246710777282715e-01
5.626627206802368164e-01 -1.337087988853454590e+00 -4.797396957874298096e-01 -1.154742121696472168e+00 7.459089159965515137e-01 4.694642424583435059e-01 8.490273356437683105e-01 1.932822018861770630e-01 -3.372229933738708496e-01 -2.246279120445251465e-01
4.423922896385192871e-01 -1.397934436798095703e+00 -3.356021642684936523e-01 -1.039107680320739746e+00 6.504257917404174805e-01 3.880988955497741699e-01 1.184133887290954590e+00 1.993815451860427856e-01 -2.383081912994384766e-01 2.429763674736022949e-01
4.403027594089508057e-01 -1.399827241897583008e+00 -3.420861363410949707e-01 -1.035041451454162598e+00 6.434364914894104004e-01 3.864727616310119629e-01 1.198632955551147461e+00 2.012731581926345825e-01 -2.379009872674942017e-01 2.387532591819763184e-01
4.465779960155487061e-01 -1.401782155036926270e+00 -3.401815295219421387e-01 -1.029418945312500000e+00 6.533079743385314941e-01 3.876972794532775879e-01 1.189750075340270996e+00 2.044401913881301880e-01 -2.422761321067810059e-01 2.384516596794128418e-01
4.414895474910736084e-01 -1.398417711257934570e+00 -3.423277139663696289e-01 -1.032500624656677246e+00 6.441131234169006348e-01 3.923135399818420410e-01 1.193539023399353027e+00 1.973613053560256958e-01 -2.406641393899917603e-01 2.447690963745117188e-01
4.418126940727233887e-01 -1.397067189216613770e+00 -3.357644081115722656e-01 -1.026678681373596191e+00 6.446163058280944824e-01 3.928704261779785156e-01 1.191126942634582520e+00 1.990308314561843872e-01 -2.412559986114501953e-01 2.487769722938537598e-01
4.418577551841735840e-01 -1.389105081558227539e+00 -3.396830260753631592e-01 -1.053645968437194824e+00 6.511963605880737305e-01 3.927144408226013184e-01 1.144741415977478027e+00 2.240740805864334106e-01 -2.388568967580795288e-01 2.081735730171203613e-01
9.162456989288330078e-01 -1.338383197784423828e+00 -5.320066213607788086e-01 -1.091409087181091309e+00 5.899497866630554199e-01 3.625121116638183594e-01 1.138438463211059570e+00 1.171414405107498169e-01 -4.341273307800292969e-01 2.308549284934997559e-01
1.141180157661437988e+00 -1.231150507926940918e+00 -6.419713497161865234e-01 -1.453367471694946289e+00 5.222342610359191895e-01 3.209667205810546875e-01 1.014542102813720703e+00 5.538411438465118408e-02 -5.199092626571655273e-01 2.296147942543029785e-01
1.137790560722351074e+00 -1.231073975563049316e+00 -6.403311491012573242e-01 -1.456116318702697754e+00 5.237365365028381348e-01 3.281606435775756836e-01 1.006419777870178223e+00 5.035586655139923096e-02 -5.261178612709045410e-01 2.284615635871887207e-01
1.130445361137390137e+00 -1.212699055671691895e+00 -6.284129619598388672e-01 -1.461790204048156738e+00 5.225719213485717773e-01 3.380289077758789062e-01 9.765824675559997559e-01 7.619674503803253174e-02 -5.178288817405700684e-01 2.292611002922058105e-01
8.779291510581970215e-01 -7.347592115402221680e-01 -6.507438421249389648e-01 -1.570713400840759277e+00 7.563667297363281250e-01 1.908904761075973511e-01 7.148566246032714844e-01 2.167592793703079224e-01 -4.002791345119476318e-01 2.291774153709411621e-01
6.687660217285156250e-01 -5.502799749374389648e-01 -6.860333085060119629e-01 -1.489695310592651367e+00 9.558640718460083008e-01 3.486542403697967529e-02 5.996163487434387207e-01 3.395988643169403076e-01 -3.214727938175201416e-01 2.159429192543029785e-01
6.436293721199035645e-01 -6.062131524085998535e-01 -6.783430576324462891e-01 -1.476594567298889160e+00 1.069099545478820801e+00 4.893510043621063232e-02 5.328278541564941406e-01 1.915993243455886841e-01 -2.347261905670166016e-01 2.460590600967407227e-01
6.905839443206787109e-01 -6.281251907348632812e-01 -6.930766105651855469e-01 -1.463602900505065918e+00 1.077564954757690430e+00 -3.662748634815216064e-02 5.796753764152526855e-01 1.982306391000747681e-01 -2.018525153398513794e-01 2.593578696250915527e-01
