2.114585191011428833e-01 6.907843053340911865e-02 -9.232476353645324707e-01 -6.194095015525817871e-01 -7.837587594985961914e-01 5.970757007598876953e-01 1.069715023040771484e-01 1.139329910278320312e+00 2.286316603422164917e-01 -1.944861412048339844e-01
2.026222795248031616e-01 6.749127805233001709e-02 -9.197121858596801758e-01 -6.074556708335876465e-01 -7.853412032127380371e-01 5.955635905265808105e-01 9.485763311386108398e-02 1.136350154876708984e+00 2.357996106147766113e-01 -1.875495314598083496e-01
1.487902402877807617e-01 5.303262174129486084e-02 -8.104559779167175293e-01 -6.265295743942260742e-01 -8.498973846435546875e-01 5.604310035705566406e-01 2.932772040367126465e-01 1.041682243347167969e+00 3.109985291957855225e-01 -9.026509523391723633e-02
9.141771495342254639e-02 2.634434103965759277e-01 -6.431185007095336914e-01 -5.814409852027893066e-01 -6.899770498275756836e-01 6.106499433517456055e-01 6.246280074119567871e-01 1.050526380538940430e+00 5.920845270156860352e-01 -8.373481035232543945e-02
2.436823397874832153e-01 4.265345931053161621e-01 -6.628479957580566406e-01 -4.786545336246490479e-01 -5.174204707145690918e-01 6.864345669746398926e-01 3.791449666023254395e-01 1.088324546813964844e+00 8.414846062660217285e-01 -2.130848169326782227e-01
3.499950170516967773e-01 5.622271299362182617e-01 -7.392395138740539551e-01 -4.614220261573791504e-01 -3.814946711063385010e-01 7.833753228187561035e-01 3.004654347896575928e-01 1.222467541694641113e+00 8.734781146049499512e-01 -3.664962649345397949e-01
3.307492733001708984e-01 5.748286843299865723e-01 -7.272645831108093262e-01 -4.689392149448394775e-01 -3.830293416976928711e-01 8.315291404724121094e-01 3.114699721336364746e-01 1.205478191375732422e+00 8.745830059051513672e-01 -3.511571884155273438e-01
3.345350623130798340e-01 5.616672635078430176e-01 -7.278109192848205566e-01 -4.733318388462066650e-01 -3.742762207984924316e-01 8.143837451934814453e-01 3.071173429489135742e-01 1.211572408676147461e+00 8.680465221405029297e-01 -3.566661477088928223e-01
3.434074521064758301e-01 5.728191733360290527e-01 -7.282704710960388184e-01 -4.711095988750457764e-01 -3.652332425117492676e-01 8.127925395965576172e-01 3.032176494598388672e-01 1.224857687950134277e+00 8.697513937950134277e-01 -3.539377450942993164e-01
3.633618354797363281e-01 5.731565952301025391e-01 -7.424700260162353516e-01 -4.857788085937500000e-01 -3.396849632263183594e-01 8.769128918647766113e-01 2.485603690147399902e-01 1.263716816902160645e+00 8.267722725868225098e-01 -3.952636718750000000e-01
3.738099932670593262e-01 6.232830882072448730e-01 -6.362394094467163086e-01 -5.031051635742187500e-01 1.738050431013107300e-01 1.733590960502624512e+00 2.257761545479297638e-03 1.194626092910766602e+00 7.994574308395385742e-01 -4.652993083000183105e-01
4.011157751083374023e-01 2.484782189130783081e-01 -7.803813815116882324e-01 -4.298027157783508301e-01 8.780580759048461914e-01 3.843681216239929199e-01 -4.356346726417541504e-01 1.041944622993469238e+00 1.224518179893493652e+00 -4.150562882423400879e-01
3.344095945358276367e-01 2.881826162338256836e-01 -6.619802713394165039e-01 -3.562858104705810547e-01 9.857755303382873535e-01 1.898452490568161011e-01 -9.373154044151306152e-01 9.871346354484558105e-01 1.244961500167846680e+00 -4.657393097877502441e-01
3.284454941749572754e-01 2.778760194778442383e-01 -6.380218267440795898e-01 -3.433018326759338379e-01 9.756814241409301758e-01 1.730207651853561401e-01 -9.684296250343322754e-01 9.900627732276916504e-01 1.230340123176574707e+00 -4.562750458717346191e-01
3.292007446289062500e-01 2.781439423561096191e-01 -6.372668147087097168e-01 -3.505970835685729980e-01 9.707397818565368652e-01 1.665226072072982788e-01 -9.686672091484069824e-01 9.919065237045288086e-01 1.227702736854553223e+00 -4.543119072914123535e-01
3.357432484626770020e-01 2.749090790748596191e-01 -6.424563527107238770e-01 -3.442899584770202637e-01 9.701037406921386719e-01 1.716970652341842651e-01 -9.617254137992858887e-01 9.890396595001220703e-01 1.240276694297790527e+00 -4.546315073966979980e-01
4.863224625587463379e-01 6.517663002014160156e-01 -1.713426709175109863e-01 -2.608290016651153564e-01 9.343435764312744141e-01 9.463307261466979980e-01 -8.046823143959045410e-01 1.103275060653686523e+00 1.432197093963623047e+00 -3.218448162078857422e-01
5.606223344802856445e-01 7.884036302566528320e-01 -1.429234594106674194e-01 -3.495036363601684570e-01 8.211665153503417969e-01 1.241415977478027344e+00 -1.023420453071594238e+00 1.267187118530273438e+00 1.045009016990661621e+00 -5.183627009391784668e-01
5.925728082656860352e-01 7.391919493675231934e-01 -1.374679654836654663e-01 -3.630984723567962646e-01 8.100189566612243652e-01 1.249981403350830078e+00 -1.025524020195007324e+00 1.260088205337524414e+00 1.075850129127502441e+00 -5.339317917823791504e-01
5.874643921852111816e-01 7.529403567314147949e-01 -1.350808292627334595e-01 -3.464181721210479736e-01 8.046981692314147949e-01 1.258693933486938477e+00 -1.023426532745361328e+00 1.271709918975830078e+00 1.068698167800903320e+00 -5.458253622055053711e-01
5.961325764656066895e-01 7.400008440017700195e-01 -1.445265859365463257e-01 -3.454794585704803467e-01 7.967539429664611816e-01 1.272174358367919922e+00 -1.034340620040893555e+00 1.266302585601806641e+00 1.057707667350769043e+00 -5.598387122154235840e-01
7.049675583839416504e-01 7.054640054702758789e-01 3.760501276701688766e-03 -3.454577326774597168e-01 3.704831898212432861e-01 6.214383840560913086e-01 -9.498491883277893066e-01 1.166908979415893555e+00 9.939461350440979004e-01 -6.116750240325927734e-01
6.316209435462951660e-01 5.949329733848571777e-01 3.772558271884918213e-02 -2.823680341243743896e-01 2.954684197902679443e-01 2.938319444656372070e-01 -8.913222551345825195e-01 1.233234643936157227e+00 9.262287020683288574e-01 -5.377386212348937988e-01
4.114891886711120605e-01 3.283811211585998535e-01 9.450335800647735596e-02 -3.810727298259735107e-01 3.788646757602691650e-01 1.342738121747970581e-01 -9.498186707496643066e-01 9.894729256629943848e-01 8.615687489509582520e-01 -3.030706048011779785e-01
3.400402069091796875e-01 -3.188337385654449463e-02 4.209394752979278564e-02 -3.193936645984649658e-01 6.162155270576477051e-01 1.559440344572067261e-01 -1.271976947784423828e+00 9.995751976966857910e-01 6.147755980491638184e-01 -6.858277320861816406e-02
4.076773524284362793e-01 1.664341539144515991e-01 1.580500453710556030e-01 -3.989694416522979736e-01 6.010728478431701660e-01 2.685020565986633301e-01 -1.635987877845764160e+00 9.612552523612976074e-01 4.297810494899749756e-01 -1.170524954795837402e-01
