6.756335496902465820e-01 4.773714542388916016e-01 -9.566098451614379883e-01 -8.622428178787231445e-01 -5.607634186744689941e-01 5.526559948921203613e-01 1.666802763938903809e-01 1.228292703628540039e+00 8.805148303508758545e-02 5.936388373374938965e-01
6.866875886917114258e-01 5.185636281967163086e-01 -9.716657400131225586e-01 -8.614164590835571289e-01 -5.626346468925476074e-01 5.373141169548034668e-01 1.542871594429016113e-01 1.213054656982421875e+00 9.620454907417297363e-02 5.953376889228820801e-01
6.775834560394287109e-01 5.362023711204528809e-01 -9.889106154441833496e-01 -8.543111085891723633e-01 -5.616516470909118652e-01 5.144776701927185059e-01 1.521967053413391113e-01 1.210286617279052734e+00 7.384605705738067627e-02 6.120986342430114746e-01
5.824096202850341797e-01 5.757749080657958984e-01 -9.549802541732788086e-01 -8.652724027633666992e-01 -5.791389346122741699e-01 5.806854963302612305e-01 1.583120226860046387e-01 1.195111036300659180e+00 6.804566085338592529e-02 6.618466973304748535e-01
5.194391012191772461e-01 6.017305254936218262e-01 -9.263657331466674805e-01 -8.762553930282592773e-01 -5.928619503974914551e-01 6.268335580825805664e-01 1.723666787147521973e-01 1.179460644721984863e+00 6.280197203159332275e-02 6.523110270500183105e-01
4.871982932090759277e-01 6.279166340827941895e-01 -9.260028600692749023e-01 -8.712096810340881348e-01 -5.859338045120239258e-01 6.527156829833984375e-01 1.732515692710876465e-01 1.172746419906616211e+00 7.676103711128234863e-02 6.472621560096740723e-01
5.168260335922241211e-01 6.421549320220947266e-01 -9.624425172805786133e-01 -8.561906218528747559e-01 -6.347445845603942871e-01 6.338401436805725098e-01 1.639752388000488281e-01 1.244434833526611328e+00 4.944269359111785889e-02 6.612869501113891602e-01
5.809279680252075195e-01 5.867983698844909668e-01 -9.804542064666748047e-01 -8.618385195732116699e-01 -6.228989362716674805e-01 5.682944655418395996e-01 1.343074440956115723e-01 1.210556745529174805e+00 1.724518835544586182e-02 7.077833414077758789e-01
6.292196512222290039e-01 5.477619171142578125e-01 -1.000215649604797363e+00 -8.629579544067382812e-01 -5.796840786933898926e-01 5.134281516075134277e-01 1.102269887924194336e-01 1.201353311538696289e+00 2.090178430080413818e-02 6.874926090240478516e-01
5.909643173217773438e-01 3.527345657348632812e-01 -7.747038602828979492e-01 -9.547855854034423828e-01 -1.040031909942626953e+00 5.591104626655578613e-01 -1.426905672997236252e-02 1.001045227050781250e+00 -1.038764864206314087e-01 7.943024039268493652e-01
4.083694219589233398e-01 -6.659944057464599609e-01 -3.371948003768920898e-01 -8.121992349624633789e-01 -1.408848643302917480e+00 1.582746356725692749e-01 -6.367819905281066895e-01 8.814805746078491211e-01 -5.191046595573425293e-01 1.298762917518615723e+00
4.631682932376861572e-01 -7.574934959411621094e-01 -6.157338023185729980e-01 -8.425881266593933105e-01 -6.769899129867553711e-01 -1.680161505937576294e-01 -1.324579715728759766e+00 9.295997619628906250e-01 -9.245029091835021973e-01 1.223813056945800781e+00
4.651231765747070312e-01 -7.681083679199218750e-01 -6.280803084373474121e-01 -8.449867963790893555e-01 -6.448339223861694336e-01 -1.734478622674942017e-01 -1.358395695686340332e+00 9.416396021842956543e-01 -9.537259936332702637e-01 1.200922489166259766e+00
4.667052030563354492e-01 -7.783117294311523438e-01 -6.390299797058105469e-01 -8.447688817977905273e-01 -6.391431093215942383e-01 -1.699876338243484497e-01 -1.352535367012023926e+00 9.291325807571411133e-01 -9.403509497642517090e-01 1.202751994132995605e+00
4.673776328563690186e-01 -7.692341208457946777e-01 -6.339195966720581055e-01 -8.415746092796325684e-01 -6.466048359870910645e-01 -1.668754369020462036e-01 -1.352644443511962891e+00 9.424683451652526855e-01 -9.533080458641052246e-01 1.201692461967468262e+00
4.282317459583282471e-01 -6.332885026931762695e-01 -4.784480035305023193e-01 -8.445640802383422852e-01 -9.734599590301513672e-01 -1.494971066713333130e-01 -1.111858487129211426e+00 8.314420580863952637e-01 -6.973602175712585449e-01 1.385795712471008301e+00
4.296640753746032715e-01 -6.116304397583007812e-01 -4.762184917926788330e-01 -8.400465846061706543e-01 -9.645754694938659668e-01 -1.482369452714920044e-01 -1.130091786384582520e+00 8.371773958206176758e-01 -7.244729399681091309e-01 1.391551494598388672e+00
4.238463640213012695e-01 -6.132963895797729492e-01 -4.625805914402008057e-01 -8.454099893569946289e-01 -9.618322849273681641e-01 -1.413642913103103638e-01 -1.134972691535949707e+00 8.470052480697631836e-01 -7.285210490226745605e-01 1.393726468086242676e+00
4.252682328224182129e-01 -6.148756742477416992e-01 -4.633682966232299805e-01 -8.451517820358276367e-01 -9.648342728614807129e-01 -1.441079527139663696e-01 -1.124927878379821777e+00 8.387978672981262207e-01 -7.337773442268371582e-01 1.389530777931213379e+00
4.277286231517791748e-01 -6.137145757675170898e-01 -4.729152023792266846e-01 -8.457449078559875488e-01 -9.633595347404479980e-01 -1.479604393243789673e-01 -1.124755144119262695e+00 8.393161296844482422e-01 -7.281322479248046875e-01 1.390987634658813477e+00
3.509849905967712402e-01 -3.806835412979125977e-01 -5.403720140457153320e-01 -9.080947637557983398e-01 -9.810993075370788574e-01 -1.259785443544387817e-01 -1.041872739791870117e+00 7.605891823768615723e-01 -6.871846318244934082e-01 1.536976575851440430e+00
2.385319396853446960e-02 2.516033649444580078e-01 -7.513393163681030273e-01 -1.004108667373657227e+00 -8.740768432617187500e-01 -1.628081947565078735e-01 -7.254529595375061035e-01 7.550691366195678711e-01 -6.901596188545227051e-01 1.810138940811157227e+00
-3.801559284329414368e-02 2.089027017354965210e-01 -9.028775691986083984e-01 -9.299223423004150391e-01 -8.088697791099548340e-01 -2.279624789953231812e-01 -1.033925771713256836e+00 7.249732017517089844e-01 -8.779231905937194824e-01 1.312711477279663086e+00
-4.271829500794410706e-02 2.471991628408432007e-01 -8.767158985137939453e-01 -9.430688023567199707e-01 -8.234946131706237793e-01 -2.015220671892166138e-01 -9.348977804183959961e-01 7.286344170570373535e-01 -8.658472895622253418e-01 1.416445255279541016e+00
-6.391416490077972412e-02 3.292334079742431641e-01 -8.629802465438842773e-01 -9.721709489822387695e-01 -8.161247372627258301e-01 -2.038939148187637329e-01 -8.875735402107238770e-01 7.260845303535461426e-01 -8.287911415100097656e-01 1.514406442642211914e+00
-1.335377842187881470e-01 4.500994682312011719e-01 -8.012256622314453125e-01 -9.340102672576904297e-01 -8.625420928001403809e-01 -2.160217911005020142e-01 -8.978374004364013672e-01 7.031075358390808105e-01 -7.248987555503845215e-01 1.487278461456298828e+00
