1.288412958383560181e-01 2.274490445852279663e-01 -9.438362121582031250e-01 -6.330583095550537109e-01 -7.800136804580688477e-01 6.554882526397705078e-01 2.001819200813770294e-03 1.130319714546203613e+00 8.510510623455047607e-02 -1.598771894350647926e-03
1.208759099245071411e-01 2.346193641424179077e-01 -9.456918239593505859e-01 -6.373259425163269043e-01 -7.886840701103210449e-01 6.704388856887817383e-01 1.243469305336475372e-03 1.116587996482849121e+00 1.011014878749847412e-01 6.029044743627309799e-04
1.510685980319976807e-01 1.530517190694808960e-01 -9.269701242446899414e-01 -6.384284496307373047e-01 -8.149606585502624512e-01 6.590201854705810547e-01 4.490989074110984802e-02 1.133092880249023438e+00 6.350722908973693848e-02 5.233317986130714417e-02
9.553593397140502930e-02 1.544233411550521851e-01 -9.031935334205627441e-01 -6.462507843971252441e-01 -8.366366624832153320e-01 6.925260424613952637e-01 5.859768018126487732e-02 1.143640637397766113e+00 5.412779748439788818e-02 6.988143920898437500e-02
1.813923940062522888e-02 1.777001470327377319e-01 -8.842163085937500000e-01 -6.614133119583129883e-01 -8.685802221298217773e-01 7.549397945404052734e-01 6.918710470199584961e-02 1.139455556869506836e+00 3.965352475643157959e-02 9.084379673004150391e-02
7.937904447317123413e-03 2.039559930562973022e-01 -9.081282615661621094e-01 -6.670143604278564453e-01 -8.726193308830261230e-01 7.523909211158752441e-01 7.035827636718750000e-02 1.150846242904663086e+00 2.088420093059539795e-02 9.000670909881591797e-02
6.465087831020355225e-02 8.770577609539031982e-02 -9.191661477088928223e-01 -6.720594167709350586e-01 -9.233323335647583008e-01 7.159922719001770020e-01 4.174249991774559021e-02 1.204532146453857422e+00 -4.705901443958282471e-02 1.963328719139099121e-01
7.897825539112091064e-02 9.012661874294281006e-02 -9.389951825141906738e-01 -6.565634608268737793e-01 -9.776293635368347168e-01 6.871548295021057129e-01 -2.061191014945507050e-03 1.175566673278808594e+00 -5.777004361152648926e-02 2.257333397865295410e-01
1.461294144392013550e-01 7.943145930767059326e-02 -9.746713042259216309e-01 -6.913257837295532227e-01 -9.276530742645263672e-01 5.948194861412048340e-01 -8.496946096420288086e-02 1.103602886199951172e+00 -5.063383281230926514e-02 1.932696104049682617e-01
2.126647979021072388e-01 -9.781993925571441650e-02 -9.043418765068054199e-01 -6.232390999794006348e-01 -8.410264849662780762e-01 7.375593185424804688e-01 2.435844764113426208e-02 1.168763518333435059e+00 -8.612149953842163086e-02 3.539921045303344727e-01
6.516183614730834961e-01 -3.302925825119018555e-01 -1.031791806221008301e+00 -6.501685380935668945e-01 -7.851369976997375488e-01 5.317839980125427246e-01 -6.409195661544799805e-01 1.103819847106933594e+00 -3.692856132984161377e-01 1.017773151397705078e-01
7.919539809226989746e-01 -3.529456853866577148e-01 -1.089632272720336914e+00 -6.607415676116943359e-01 -7.752849459648132324e-01 4.999113082885742188e-01 -7.856569290161132812e-01 1.122358083724975586e+00 -4.199323356151580811e-01 3.846079483628273010e-02
7.986752986907958984e-01 -3.542646765708923340e-01 -1.095912337303161621e+00 -6.633744239807128906e-01 -7.725497484207153320e-01 4.982199668884277344e-01 -7.829398512840270996e-01 1.130801558494567871e+00 -4.184326529502868652e-01 4.147476330399513245e-02
7.961681485176086426e-01 -3.576899170875549316e-01 -1.093525052070617676e+00 -6.776134371757507324e-01 -7.806585431098937988e-01 5.025086402893066406e-01 -7.806846499443054199e-01 1.124475121498107910e+00 -4.232722520828247070e-01 4.643553867936134338e-02
7.897556424140930176e-01 -3.536687493324279785e-01 -1.090043544769287109e+00 -6.677149534225463867e-01 -7.757010459899902344e-01 5.049409270286560059e-01 -7.884094119071960449e-01 1.127189278602600098e+00 -4.261552095413208008e-01 4.293525591492652893e-02
8.590418696403503418e-01 -3.550250530242919922e-01 -1.127945780754089355e+00 -6.875414848327636719e-01 -7.944896817207336426e-01 4.594388604164123535e-01 -9.608972668647766113e-01 1.110904693603515625e+00 -4.497259855270385742e-01 -1.138406619429588318e-02
1.572660654783248901e-01 -1.070200085639953613e+00 -1.193026661872863770e+00 -4.552583396434783936e-01 -9.225221276283264160e-01 2.787320017814636230e-01 -1.581407666206359863e+00 1.022282719612121582e+00 -8.290627002716064453e-01 -4.774039387702941895e-01
-9.411834180355072021e-02 -9.012351632118225098e-01 -1.086066365242004395e+00 -5.198192596435546875e-01 -1.313181161880493164e+00 8.257783055305480957e-01 -4.730535149574279785e-01 1.009900689125061035e+00 -7.545291185379028320e-01 -2.687118053436279297e-01
-9.391181170940399170e-02 -8.807597756385803223e-01 -1.120675683021545410e+00 -5.173104405403137207e-01 -1.300257921218872070e+00 8.313319683074951172e-01 -4.385846853256225586e-01 1.004548072814941406e+00 -7.451975345611572266e-01 -2.898927330970764160e-01
-9.562307596206665039e-02 -8.775639533996582031e-01 -1.115929126739501953e+00 -5.206319093704223633e-01 -1.303143143653869629e+00 8.232271075248718262e-01 -4.248197674751281738e-01 1.017953753471374512e+00 -7.568991184234619141e-01 -2.925485968589782715e-01
-1.501832753419876099e-01 -5.989376306533813477e-01 -1.189360737800598145e+00 -5.295926928520202637e-01 -1.240946650505065918e+00 9.667844176292419434e-01 -1.367208361625671387e-01 9.830149412155151367e-01 -5.876484513282775879e-01 -3.345040082931518555e-01
-3.891319632530212402e-01 -1.952397972345352173e-01 -1.298741102218627930e+00 -5.163597464561462402e-01 -1.443577408790588379e+00 9.555996060371398926e-01 -9.682476520538330078e-02 9.491328001022338867e-01 -5.372230410575866699e-01 -5.095095634460449219e-01
-4.856131076812744141e-01 -5.551429092884063721e-02 -1.324253201484680176e+00 -4.764067232608795166e-01 -1.629201054573059082e+00 6.780919432640075684e-01 -3.209733366966247559e-01 8.570830821990966797e-01 -5.917136669158935547e-01 -6.031409502029418945e-01
-5.327847599983215332e-01 -2.491702139377593994e-02 -1.317274093627929688e+00 -4.853315055370330811e-01 -1.635986924171447754e+00 7.408220767974853516e-01 -2.258666157722473145e-01 8.603265881538391113e-01 -5.782988071441650391e-01 -5.449079275131225586e-01
-6.503851413726806641e-01 1.161178797483444214e-01 -1.310889840126037598e+00 -5.461480617523193359e-01 -1.473476886749267578e+00 9.391588568687438965e-01 -4.324669018387794495e-02 7.796409726142883301e-01 -4.497451782226562500e-01 -5.747944712638854980e-01
-7.297179102897644043e-01 2.138917297124862671e-01 -1.292235970497131348e+00 -5.329443812370300293e-01 -1.466771841049194336e+00 1.038305997848510742e+00 -4.314554110169410706e-02 7.793865799903869629e-01 -4.022113084793090820e-01 -6.835384368896484375e-01
