2.618701383471488953e-02 3.652138113975524902e-01 -2.574466764926910400e-01 -1.427598357200622559e+00 5.553631484508514404e-02 -2.596182934939861298e-02 4.921522140502929688e-01 -9.892970919609069824e-01 5.674324929714202881e-02 -1.459928154945373535e-01
1.905776187777519226e-02 3.790308237075805664e-01 -2.361781746149063110e-01 -1.445368170738220215e+00 6.421251595020294189e-02 -1.516343466937541962e-02 4.615411758422851562e-01 -9.855310320854187012e-01 4.470695555210113525e-02 -1.397294402122497559e-01
-3.429491072893142700e-03 3.541222810745239258e-01 -2.326947599649429321e-01 -1.405219912528991699e+00 3.184308111667633057e-02 -1.750249974429607391e-02 5.916197896003723145e-01 -9.971754550933837891e-01 7.957640290260314941e-02 -8.201777935028076172e-02
-4.208092764019966125e-02 3.354552984237670898e-01 -2.235534042119979858e-01 -1.344968914985656738e+00 -5.160048138350248337e-03 -6.026519928127527237e-03 7.304983735084533691e-01 -9.902369379997253418e-01 1.228524595499038696e-01 -1.694720610976219177e-02
-9.777751564979553223e-02 3.323065042495727539e-01 -1.926039904356002808e-01 -1.289139151573181152e+00 2.545736730098724365e-02 8.379267528653144836e-03 9.111215472221374512e-01 -1.007535934448242188e+00 1.747447699308395386e-01 5.924368277192115784e-02
-7.832868397235870361e-02 4.184995293617248535e-01 -2.062932699918746948e-01 -1.231200337409973145e+00 -9.612591564655303955e-02 -4.930378496646881104e-02 9.042637944221496582e-01 -9.449229240417480469e-01 2.791815400123596191e-01 -2.478181943297386169e-02
-1.402850747108459473e-01 3.603639602661132812e-01 -2.479816228151321411e-01 -1.174755930900573730e+00 -9.299637377262115479e-02 -2.657897584140300751e-02 7.926127910614013672e-01 -9.899460673332214355e-01 3.654057085514068604e-01 -4.868393763899803162e-02
2.435768768191337585e-02 8.044629096984863281e-01 -6.840513646602630615e-02 -1.193961739540100098e+00 -8.609018325805664062e-01 -2.521028518676757812e-01 6.742659807205200195e-01 -6.473396420478820801e-01 3.699868619441986084e-01 -2.111557126045227051e-01
5.228753015398979187e-02 7.926977872848510742e-01 -7.585196197032928467e-02 -1.246356964111328125e+00 -1.008016467094421387e+00 -2.757513523101806641e-01 5.412079691886901855e-01 -5.762591361999511719e-01 3.237731754779815674e-01 -2.656640410423278809e-01
3.212041780352592468e-02 8.184413909912109375e-01 -6.503055989742279053e-02 -1.262344241142272949e+00 -1.004199028015136719e+00 -2.530740797519683838e-01 5.280915498733520508e-01 -6.073234081268310547e-01 3.148699402809143066e-01 -2.569141983985900879e-01
3.589041158556938171e-02 8.170652389526367188e-01 -6.309197843074798584e-02 -1.269739866256713867e+00 -9.873180985450744629e-01 -2.481530457735061646e-01 5.272538661956787109e-01 -6.206831336021423340e-01 3.125956356525421143e-01 -2.567516565322875977e-01
2.841053530573844910e-02 8.243910074234008789e-01 -6.331740319728851318e-02 -1.273983836174011230e+00 -9.874805808067321777e-01 -2.562485933303833008e-01 5.356926918029785156e-01 -6.297736763954162598e-01 3.125962913036346436e-01 -2.523997426033020020e-01
3.068746253848075867e-02 8.281077146530151367e-01 -5.719639360904693604e-02 -1.273659944534301758e+00 -9.741237759590148926e-01 -2.520743012428283691e-01 5.217751860618591309e-01 -6.201887726783752441e-01 2.994076311588287354e-01 -2.493733465671539307e-01
3.507615253329277039e-02 9.303610324859619141e-01 -2.359716594219207764e-02 -1.250543951988220215e+00 -7.993377447128295898e-01 -1.898029595613479614e-01 2.102808356285095215e-01 -5.763312578201293945e-01 4.243610203266143799e-01 -4.150079190731048584e-01
1.056083589792251587e-01 8.087584376335144043e-01 -1.036840528249740601e-01 -1.385011792182922363e+00 -9.214988350868225098e-01 -2.660602331161499023e-01 -5.866211652755737305e-01 -5.122508406639099121e-01 8.336663246154785156e-02 -6.022320985794067383e-01
1.054846793413162231e-01 7.607383131980895996e-01 -7.848228514194488525e-02 -1.407997369766235352e+00 -9.730382561683654785e-01 -2.905074059963226318e-01 -6.617047190666198730e-01 -5.161010026931762695e-01 5.310881882905960083e-02 -5.904704332351684570e-01
1.039029806852340698e-01 7.680817246437072754e-01 -7.148472964763641357e-02 -1.410597801208496094e+00 -9.795605540275573730e-01 -2.873946428298950195e-01 -6.653837561607360840e-01 -5.152716040611267090e-01 5.335901677608489990e-02 -5.848385691642761230e-01
1.096236854791641235e-01 7.666468620300292969e-01 -7.700307667255401611e-02 -1.406888127326965332e+00 -9.729888439178466797e-01 -2.832793891429901123e-01 -6.603311300277709961e-01 -5.168475508689880371e-01 5.430511385202407837e-02 -5.895407199859619141e-01
1.104827076196670532e-01 7.588896155357360840e-01 -7.874448597431182861e-02 -1.409847855567932129e+00 -9.748623371124267578e-01 -2.778258621692657471e-01 -6.655262112617492676e-01 -5.096027255058288574e-01 5.509380996227264404e-02 -5.905974507331848145e-01
1.132325679063796997e-01 7.538151144981384277e-01 -8.397810161113739014e-02 -1.415435314178466797e+00 -9.672624468803405762e-01 -2.852770984172821045e-01 -6.570317745208740234e-01 -5.122658014297485352e-01 5.549842864274978638e-02 -5.856075286865234375e-01
1.089498847723007202e-01 7.580393552780151367e-01 -8.050705492496490479e-02 -1.409239172935485840e+00 -9.670920968055725098e-01 -2.839186787605285645e-01 -6.584708690643310547e-01 -5.159385800361633301e-01 5.391655117273330688e-02 -6.009716987609863281e-01
1.015952378511428833e-01 7.589635252952575684e-01 -7.653529942035675049e-02 -1.407736420631408691e+00 -9.713371992111206055e-01 -2.836865782737731934e-01 -6.628005504608154297e-01 -5.120046734809875488e-01 5.434162169694900513e-02 -5.837324261665344238e-01
1.058982759714126587e-01 7.603324055671691895e-01 -7.757215201854705811e-02 -1.417710542678833008e+00 -9.671430587768554688e-01 -2.914718687534332275e-01 -6.743808388710021973e-01 -5.207363963127136230e-01 4.971110075712203979e-02 -5.898569822311401367e-01
1.094126254320144653e-01 2.850415110588073730e-01 2.797011733055114746e-01 -1.309247255325317383e+00 -1.589630126953125000e+00 -1.562481969594955444e-01 -9.062297344207763672e-01 -3.156950473785400391e-01 3.392297327518463135e-01 -1.599484309554100037e-02
9.057499468326568604e-02 4.408142566680908203e-01 3.328984975814819336e-01 -1.095203876495361328e+00 -1.212995767593383789e+00 4.809899926185607910e-01 -6.376609802246093750e-01 -2.722635567188262939e-01 9.009076952934265137e-01 2.901970744132995605e-01
9.410570561885833740e-02 3.816977739334106445e-01 2.756695747375488281e-01 -1.081657528877258301e+00 -1.024222612380981445e+00 5.528855323791503906e-01 -5.978534221649169922e-01 -3.286685049533843994e-01 1.062709927558898926e+00 2.496237754821777344e-01
8.731697499752044678e-02 3.769531846046447754e-01 2.662726640701293945e-01 -1.071642398834228516e+00 -1.030691385269165039e+00 5.567059516906738281e-01 -5.820958018302917480e-01 -3.488205373287200928e-01 1.087699294090270996e+00 2.366269826889038086e-01
8.872841298580169678e-02 3.741922974586486816e-01 2.660871148109436035e-01 -1.077184319496154785e+00 -1.033267021179199219e+00 5.562283396720886230e-01 -5.856821537017822266e-01 -3.389266431331634521e-01 1.087978243827819824e+00 2.424974441528320312e-01
8.971391618251800537e-02 3.691186904907226562e-01 2.643443942070007324e-01 -1.080425620079040527e+00 -1.027177095413208008e+00 5.614162087440490723e-01 -5.833386778831481934e-01 -3.423050343990325928e-01 1.083178758621215820e+00 2.401431202888488770e-01
8.325584232807159424e-02 3.717144727706909180e-01 2.640690207481384277e-01 -1.075582027435302734e+00 -1.032287001609802246e+00 5.604084730148315430e-01 -5.856556892395019531e-01 -3.393139541149139404e-01 1.083637356758117676e+00 2.344612479209899902e-01
3.961480781435966492e-02 6.481095552444458008e-01 2.326074689626693726e-01 -1.096049547195434570e+00 -9.491443037986755371e-01 4.680769443511962891e-01 1.839458569884300232e-02 -5.443624854087829590e-01 1.278647780418395996e+00 1.055260300636291504e-01
1.260681077837944031e-02 5.782341957092285156e-01 5.229942202568054199e-01 -1.267688035964965820e+00 -1.440887570381164551e+00 5.800295472145080566e-01 4.027885198593139648e-01 -3.249239027500152588e-01 1.145779371261596680e+00 3.899907469749450684e-01
6.306092441082000732e-02 5.411168932914733887e-01 5.814720392227172852e-01 -1.305261850357055664e+00 -1.433061361312866211e+00 6.260077953338623047e-01 4.010101556777954102e-01 -3.147324025630950928e-01 1.099475979804992676e+00 4.118431210517883301e-01
6.912852823734283447e-02 5.403761863708496094e-01 5.827707052230834961e-01 -1.304484248161315918e+00 -1.437465786933898926e+00 6.299213767051696777e-01 3.964828252792358398e-01 -3.188389241695404053e-01 1.096031785011291504e+00 4.138038158416748047e-01
5.757134407758712769e-03 6.434438824653625488e-01 4.544618129730224609e-01 -1.224184751510620117e+00 -1.324091792106628418e+00 5.210740566253662109e-01 5.131884217262268066e-01 -3.773252665996551514e-01 1.251418948173522949e+00 3.486459851264953613e-01
-1.173380464315414429e-01 4.505845308303833008e-01 3.452399969100952148e-01 -1.134253740310668945e+00 -1.035206794738769531e+00 3.800172209739685059e-01 9.027460217475891113e-01 -4.137707948684692383e-01 1.135479211807250977e+00 4.725368618965148926e-01
-6.523348391056060791e-02 2.563563585281372070e-01 5.344015359878540039e-01 -1.145036101341247559e+00 -1.182088851928710938e+00 4.741176962852478027e-01 7.749953866004943848e-01 -2.969372570514678955e-01 9.904694557189941406e-01 6.332190036773681641e-01
-4.425147548317909241e-02 1.896191686391830444e-01 6.715286970138549805e-01 -1.204535722732543945e+00 -1.188011169433593750e+00 5.779296755790710449e-01 6.675109267234802246e-01 -2.992038130760192871e-01 9.483932852745056152e-01 7.027426362037658691e-01
