7.707630991935729980e-01 3.134598135948181152e-01 2.401180565357208252e-02 -9.168965816497802734e-01 -3.818436563014984131e-01 5.008245706558227539e-01 2.401249408721923828e-01 1.003155231475830078e+00 1.299658417701721191e-02 3.870549798011779785e-01
7.695558667182922363e-01 2.912115454673767090e-01 1.263819634914398193e-02 -9.096395969390869141e-01 -4.105291068553924561e-01 4.758492112159729004e-01 3.059185147285461426e-01 9.957291483879089355e-01 3.065773844718933105e-02 3.834233880043029785e-01
5.605653524398803711e-01 3.040968775749206543e-01 1.741525679826736450e-01 -8.526250123977661133e-01 -5.740457177162170410e-01 5.618886947631835938e-01 9.107849597930908203e-01 8.750060200691223145e-01 2.270401865243911743e-01 4.152998328208923340e-01
7.670286297798156738e-01 7.575872540473937988e-01 3.206335008144378662e-02 -8.757719397544860840e-01 -1.968966573476791382e-01 5.858520865440368652e-01 6.447121500968933105e-01 9.821667671203613281e-01 4.851159751415252686e-01 1.966366171836853027e-01
9.615089893341064453e-01 9.538264274597167969e-01 -6.238289177417755127e-02 -8.115321397781372070e-01 -1.191275864839553833e-01 7.201910614967346191e-01 5.717396140098571777e-01 1.080355405807495117e+00 6.136159300804138184e-01 7.604140043258666992e-02
9.900733232498168945e-01 9.608970284461975098e-01 -7.530312240123748779e-02 -8.241754174232482910e-01 -1.054391711950302124e-01 7.400777339935302734e-01 5.647752285003662109e-01 1.076653838157653809e+00 6.348868012428283691e-01 5.640685930848121643e-02
9.846032261848449707e-01 9.639478921890258789e-01 -7.361032068729400635e-02 -8.229271173477172852e-01 -9.706686437129974365e-02 7.400702834129333496e-01 5.639106631278991699e-01 1.076140046119689941e+00 6.414458155632019043e-01 5.673402920365333557e-02
1.000147938728332520e+00 9.579043388366699219e-01 -6.988038122653961182e-02 -8.249071240425109863e-01 -1.105275601148605347e-01 7.360855340957641602e-01 5.600311160087585449e-01 1.067480683326721191e+00 6.455480456352233887e-01 6.025094166398048401e-02
9.855678677558898926e-01 9.481631517410278320e-01 -6.219516694545745850e-02 -7.989461421966552734e-01 -1.199762076139450073e-01 7.765683531761169434e-01 5.748262405395507812e-01 1.092011690139770508e+00 6.191157698631286621e-01 4.583603516221046448e-02
1.130254030227661133e+00 1.076122522354125977e+00 -2.138157635927200317e-01 -8.343664407730102539e-01 2.062034457921981812e-01 1.024040937423706055e+00 4.881844818592071533e-01 1.072589874267578125e+00 6.870514154434204102e-01 -9.411042928695678711e-02
8.002107143402099609e-01 4.659789800643920898e-01 -4.490352272987365723e-01 -6.001458168029785156e-01 7.098489403724670410e-01 8.025985360145568848e-01 5.556802153587341309e-01 8.330426812171936035e-01 1.067971110343933105e+00 1.375569701194763184e-01
4.320882558822631836e-01 4.616121053695678711e-01 -4.529774785041809082e-01 -5.941364765167236328e-01 1.274081945419311523e+00 -2.725072018802165985e-02 -1.597664952278137207e-01 7.218467593193054199e-01 1.030801773071289062e+00 1.463825106620788574e-01
4.234225749969482422e-01 4.965941309928894043e-01 -4.890792369842529297e-01 -6.004989147186279297e-01 1.274915933609008789e+00 -4.319067299365997314e-02 -2.358372807502746582e-01 6.991291046142578125e-01 9.815865159034729004e-01 1.102283596992492676e-01
4.314097762107849121e-01 4.800236225128173828e-01 -4.893029332160949707e-01 -5.922068953514099121e-01 1.266765117645263672e+00 -3.518433868885040283e-02 -2.419595122337341309e-01 7.062803506851196289e-01 1.001883149147033691e+00 1.026282310485839844e-01
4.264114499092102051e-01 4.765349626541137695e-01 -4.810426235198974609e-01 -5.865526795387268066e-01 1.268544793128967285e+00 -3.735335171222686768e-02 -2.364998459815979004e-01 7.028354406356811523e-01 9.998466968536376953e-01 9.500807523727416992e-02
5.178535580635070801e-01 2.697885632514953613e-01 -1.964382678270339966e-01 -5.881233215332031250e-01 1.051536202430725098e+00 1.749936789274215698e-01 1.387504935264587402e-01 8.306193351745605469e-01 1.242757081985473633e+00 3.274326920509338379e-01
7.573023438453674316e-01 9.250562191009521484e-01 1.105454415082931519e-01 -7.321057319641113281e-01 1.253448367118835449e+00 7.442815303802490234e-01 5.523395165801048279e-02 8.466249108314514160e-01 1.000948309898376465e+00 1.647595763206481934e-01
7.625966668128967285e-01 9.450734257698059082e-01 1.170011907815933228e-01 -7.349378466606140137e-01 1.246553301811218262e+00 7.708607912063598633e-01 4.478543624281883240e-02 8.619953393936157227e-01 9.754096865653991699e-01 1.721651554107666016e-01
7.615543603897094727e-01 9.517416954040527344e-01 1.142300814390182495e-01 -7.356519103050231934e-01 1.250447630882263184e+00 7.600948810577392578e-01 4.280525073409080505e-02 8.705625534057617188e-01 9.767712950706481934e-01 1.630186438560485840e-01
7.671766281127929688e-01 9.457581043243408203e-01 1.193948239088058472e-01 -7.432182431221008301e-01 1.239382505416870117e+00 7.669021487236022949e-01 5.043083056807518005e-02 8.599575757980346680e-01 9.768557548522949219e-01 1.733234524726867676e-01
8.398870229721069336e-01 1.034504890441894531e+00 1.593749970197677612e-01 -8.179636597633361816e-01 1.062448143959045410e+00 7.628273367881774902e-01 4.151898249983787537e-02 8.511118292808532715e-01 7.600700855255126953e-01 1.482545137405395508e-01
9.293730258941650391e-01 8.999925851821899414e-01 2.974390983581542969e-01 -7.273802757263183594e-01 6.015202999114990234e-01 1.797454804182052612e-01 6.260859966278076172e-02 8.046636581420898438e-01 8.236669898033142090e-01 1.144742369651794434e-01
8.633326888084411621e-01 8.101583123207092285e-01 3.295821547508239746e-01 -8.000515699386596680e-01 5.164750218391418457e-01 9.764610230922698975e-02 5.950981006026268005e-02 7.253965139389038086e-01 8.176265358924865723e-01 1.384603381156921387e-01
5.840350985527038574e-01 1.582542508840560913e-01 3.587270677089691162e-01 -7.432957291603088379e-01 6.377257108688354492e-01 -3.637273609638214111e-02 -2.630848065018653870e-02 6.532154083251953125e-01 7.209777235984802246e-01 2.657309174537658691e-01
7.093195915222167969e-01 9.502796828746795654e-02 5.258975028991699219e-01 -8.769874572753906250e-01 7.840234041213989258e-01 9.465174376964569092e-02 -3.812767267227172852e-01 5.388023257255554199e-01 4.730669558048248291e-01 4.368293881416320801e-01
8.519493937492370605e-01 1.356966346502304077e-01 5.809366106986999512e-01 -8.528498411178588867e-01 7.640766501426696777e-01 1.374966949224472046e-01 -5.180224776268005371e-01 6.665233373641967773e-01 4.274897873401641846e-01 3.781046271324157715e-01
