4.236778616905212402e-01 -3.957999348640441895e-01 1.140296906232833862e-01 -1.324967265129089355e+00 -6.289905309677124023e-01 5.607320666313171387e-01 2.500401735305786133e-01 -3.460250496864318848e-01 3.880666494369506836e-01 -6.319469809532165527e-01
4.750568866729736328e-01 -3.763597607612609863e-01 1.035837382078170776e-01 -1.329887866973876953e+00 -5.963457226753234863e-01 5.374200940132141113e-01 2.450647354125976562e-01 -3.474216163158416748e-01 4.160981476306915283e-01 -6.548407673835754395e-01
4.793794751167297363e-01 -3.731844425201416016e-01 1.175187975168228149e-01 -1.326481580734252930e+00 -6.037406325340270996e-01 5.386298894882202148e-01 2.279143333435058594e-01 -3.328394591808319092e-01 4.062198400497436523e-01 -6.521708369255065918e-01
3.880099058151245117e-01 -3.311465382575988770e-01 1.142264157533645630e-01 -1.275504350662231445e+00 -6.059301495552062988e-01 5.878014564514160156e-01 2.542830705642700195e-01 -3.228498399257659912e-01 3.902863562107086182e-01 -6.423485875129699707e-01
2.872449159622192383e-01 -2.906504869461059570e-01 1.057203263044357300e-01 -1.234700083732604980e+00 -5.974047780036926270e-01 6.789991259574890137e-01 2.676308155059814453e-01 -3.106839954853057861e-01 3.766750693321228027e-01 -6.615349650382995605e-01
2.657395005226135254e-01 -2.646425366401672363e-01 9.966994822025299072e-02 -1.242294788360595703e+00 -5.694856047630310059e-01 7.158070206642150879e-01 2.811169624328613281e-01 -2.953610718250274658e-01 3.827584087848663330e-01 -6.984677910804748535e-01
2.753579020500183105e-01 -2.791207432746887207e-01 1.021604686975479126e-01 -1.265218853950500488e+00 -6.638252735137939453e-01 7.145037651062011719e-01 2.608864903450012207e-01 -2.488067597150802612e-01 3.266841173171997070e-01 -7.456704974174499512e-01
3.447583913803100586e-01 -3.255519866943359375e-01 1.262359768152236938e-01 -1.299777865409851074e+00 -7.156904935836791992e-01 6.510918140411376953e-01 2.215255498886108398e-01 -3.148625195026397705e-01 3.265699744224548340e-01 -6.918967366218566895e-01
4.518974423408508301e-01 -3.401696681976318359e-01 1.223787814378738403e-01 -1.348131895065307617e+00 -6.529189348220825195e-01 5.767035484313964844e-01 2.182849049568176270e-01 -3.310680687427520752e-01 3.719609379768371582e-01 -6.578949689865112305e-01
4.821768999099731445e-01 -3.505893945693969727e-01 1.161922067403793335e-01 -1.354861855506896973e+00 -6.393029689788818359e-01 5.341894030570983887e-01 2.231863737106323242e-01 -3.245932757854461670e-01 3.865592777729034424e-01 -6.682621836662292480e-01
4.914237558841705322e-01 -3.517254590988159180e-01 1.212894469499588013e-01 -1.353276371955871582e+00 -6.399374604225158691e-01 5.358782410621643066e-01 2.170542478561401367e-01 -3.294536769390106201e-01 3.856127560138702393e-01 -6.587866544723510742e-01
4.701585173606872559e-01 -3.482700586318969727e-01 1.131376773118972778e-01 -1.351388812065124512e+00 -6.408383250236511230e-01 5.274530053138732910e-01 2.364920973777770996e-01 -3.380592465400695801e-01 3.849619030952453613e-01 -6.636464595794677734e-01
4.775561988353729248e-01 -3.513296842575073242e-01 1.188697069883346558e-01 -1.352837443351745605e+00 -6.462060213088989258e-01 5.381670594215393066e-01 2.310356497764587402e-01 -3.292914330959320068e-01 3.811112642288208008e-01 -6.572322249412536621e-01
2.643727660179138184e-01 -3.846437931060791016e-01 1.413785964250564575e-01 -1.284511685371398926e+00 -8.181262612342834473e-01 6.281000375747680664e-01 1.728246212005615234e-01 -2.607682645320892334e-01 2.611114084720611572e-01 -6.435002684593200684e-01
1.635775715112686157e-01 -1.433527469635009766e+00 4.870650470256805420e-01 -1.044618964195251465e+00 -1.430115938186645508e+00 5.456344783306121826e-02 1.210321187973022461e-01 -7.089808583259582520e-01 3.421223163604736328e-02 5.013930201530456543e-01
2.434446662664413452e-01 -1.061395764350891113e+00 -7.877339422702789307e-02 -1.484243750572204590e+00 5.079753696918487549e-02 -6.578989624977111816e-01 -2.569207549095153809e-01 -3.896995484828948975e-01 -5.810895562171936035e-01 1.216229081153869629e+00
2.383752912282943726e-01 -1.042648553848266602e+00 -1.008738428354263306e-01 -1.470306992530822754e+00 8.989353477954864502e-02 -6.781537532806396484e-01 -2.959125638008117676e-01 -3.828552663326263428e-01 -6.006030440330505371e-01 1.202686309814453125e+00
2.386474460363388062e-01 -1.041092753410339355e+00 -1.002267748117446899e-01 -1.465301275253295898e+00 1.019525676965713501e-01 -6.820274591445922852e-01 -2.880128622055053711e-01 -3.908833563327789307e-01 -6.029306054115295410e-01 1.195762634277343750e+00
2.450786978006362915e-01 -1.040792465209960938e+00 -1.066685467958450317e-01 -1.465793013572692871e+00 1.001240164041519165e-01 -6.805107593536376953e-01 -2.876198887825012207e-01 -3.970557153224945068e-01 -6.007723808288574219e-01 1.201561450958251953e+00
2.461512535810470581e-01 -1.035929203033447266e+00 -9.899418056011199951e-02 -1.467473149299621582e+00 9.961865842342376709e-02 -6.816807985305786133e-01 -2.909549474716186523e-01 -3.865789473056793213e-01 -6.060739159584045410e-01 1.198578000068664551e+00
2.441547363996505737e-01 -1.037856459617614746e+00 -9.473170340061187744e-02 -1.470123291015625000e+00 9.647215902805328369e-02 -6.791433691978454590e-01 -2.933692336082458496e-01 -3.884261548519134521e-01 -6.010352373123168945e-01 1.201650500297546387e+00
2.427680641412734985e-01 -1.039836168289184570e+00 -1.027204841375350952e-01 -1.470481514930725098e+00 9.473021328449249268e-02 -6.816793084144592285e-01 -2.956312298774719238e-01 -3.856606185436248779e-01 -6.041089892387390137e-01 1.199843525886535645e+00
2.391848415136337280e-01 -1.038314104080200195e+00 -1.007120758295059204e-01 -1.466746091842651367e+00 9.270961582660675049e-02 -6.868297457695007324e-01 -2.949900031089782715e-01 -3.901058733463287354e-01 -5.964516997337341309e-01 1.194263339042663574e+00
1.742550283670425415e-01 -1.008995652198791504e+00 1.637670546770095825e-01 -1.362426877021789551e+00 -1.951469331979751587e-01 -6.498388051986694336e-01 -6.849485635757446289e-02 -3.845936357975006104e-01 -3.492401540279388428e-01 1.322903275489807129e+00
1.744308620691299438e-01 -1.002815246582031250e+00 1.581597477197647095e-01 -1.359738945960998535e+00 -1.951006799936294556e-01 -6.586700677871704102e-01 -6.761902570724487305e-02 -3.855470120906829834e-01 -3.455671966075897217e-01 1.324789166450500488e+00
1.714578419923782349e-01 -1.001727104187011719e+00 1.537475138902664185e-01 -1.360436677932739258e+00 -1.988382786512374878e-01 -6.551647186279296875e-01 -6.458741426467895508e-02 -3.875309526920318604e-01 -3.519044816493988037e-01 1.322275519371032715e+00
1.783330589532852173e-01 -1.003336787223815918e+00 1.538865119218826294e-01 -1.362964868545532227e+00 -2.010873407125473022e-01 -6.556090712547302246e-01 -6.394213438034057617e-02 -3.885599672794342041e-01 -3.461132049560546875e-01 1.328785777091979980e+00
1.759848147630691528e-01 -9.961279034614562988e-01 1.610550135374069214e-01 -1.360031247138977051e+00 -2.042860835790634155e-01 -6.562797427177429199e-01 -6.922680139541625977e-02 -3.858911097049713135e-01 -3.500441312789916992e-01 1.321902871131896973e+00
1.759168654680252075e-01 -9.990004897117614746e-01 1.583187431097030640e-01 -1.362013339996337891e+00 -1.936474591493606567e-01 -6.588600873947143555e-01 -6.253594160079956055e-02 -3.921479880809783936e-01 -3.481794893741607666e-01 1.324017882347106934e+00
8.881779015064239502e-02 -8.628063201904296875e-01 1.976924091577529907e-01 -1.337018132209777832e+00 -2.669521570205688477e-01 -6.283146739006042480e-01 -4.385084286332130432e-02 -3.629405796527862549e-01 -2.869618833065032959e-01 1.345414519309997559e+00
-1.079761683940887451e-01 -3.510224819183349609e-01 6.526462733745574951e-02 -1.378658175468444824e+00 -2.529586851596832275e-01 -5.115806460380554199e-01 1.716230511665344238e-01 -3.282143175601959229e-01 -2.229871302843093872e-01 1.566200256347656250e+00
-3.906428813934326172e-01 7.540558278560638428e-02 -2.612589001655578613e-01 -1.329275608062744141e+00 -1.116252094507217407e-01 -5.396702289581298828e-01 -1.306192278861999512e-01 -2.665071189403533936e-01 -4.701742529869079590e-01 1.206302285194396973e+00
-3.652918934822082520e-01 1.660928595811128616e-03 -2.771276235580444336e-01 -1.318635106086730957e+00 -1.204126328229904175e-01 -5.702403783798217773e-01 -1.612747311592102051e-01 -2.593404054641723633e-01 -4.905918538570404053e-01 1.134176731109619141e+00
-3.565550148487091064e-01 -4.626537859439849854e-02 -2.736983895301818848e-01 -1.308896899223327637e+00 -1.248563975095748901e-01 -5.855124592781066895e-01 -1.685126423835754395e-01 -2.474512904882431030e-01 -4.801054894924163818e-01 1.109731674194335938e+00
-3.795911669731140137e-01 4.029868543148040771e-02 -2.536506652832031250e-01 -1.336301565170288086e+00 -1.276219040155410767e-01 -5.561154484748840332e-01 -8.881658315658569336e-02 -2.564406692981719971e-01 -4.409681856632232666e-01 1.213539719581604004e+00
-3.949452340602874756e-01 1.114489883184432983e-01 -2.294728606939315796e-01 -1.364294171333312988e+00 -1.216456145048141479e-01 -5.428370237350463867e-01 -5.082744732499122620e-02 -2.428204268217086792e-01 -3.939473032951354980e-01 1.344131469726562500e+00
-5.093383789062500000e-01 2.385715097188949585e-01 -1.934987157583236694e-01 -1.258663654327392578e+00 -2.052344232797622681e-01 -5.312148332595825195e-01 -8.265107870101928711e-02 -2.213908284902572632e-01 -3.455397188663482666e-01 1.271428108215332031e+00
-5.157176256179809570e-01 1.497161239385604858e-01 -1.873166412115097046e-01 -1.255923628807067871e+00 -1.996681839227676392e-01 -5.329612493515014648e-01 -8.684247732162475586e-02 -2.584761083126068115e-01 -2.975508272647857666e-01 1.138415694236755371e+00
