2.224030643701553345e-01 3.773240447044372559e-01 -4.164830446243286133e-01 -6.938056945800781250e-01 -4.904255568981170654e-01 1.467214431613683701e-03 6.044721007347106934e-01 1.254106760025024414e+00 -1.367909759283065796e-01 -6.528267264366149902e-01
1.812683790922164917e-01 3.403934836387634277e-01 -4.146893322467803955e-01 -6.887087821960449219e-01 -5.132292509078979492e-01 1.440166123211383820e-02 6.443518400192260742e-01 1.257849216461181641e+00 -1.576427817344665527e-01 -6.173543930053710938e-01
1.805306524038314819e-01 3.474973142147064209e-02 -3.913816213607788086e-01 -7.699715495109558105e-01 -6.938771605491638184e-01 9.882782399654388428e-02 9.465517401695251465e-01 1.331948757171630859e+00 -2.686771452426910400e-01 -3.295459747314453125e-01
5.788464546203613281e-01 -3.408488631248474121e-01 -3.269030451774597168e-01 -7.803310751914978027e-01 -8.546324372291564941e-01 3.689156174659729004e-01 1.184644460678100586e+00 1.425991654396057129e+00 -3.873221278190612793e-01 -2.176223397254943848e-01
5.450854897499084473e-01 -2.944971323013305664e-01 -2.002416402101516724e-01 -7.583883404731750488e-01 -7.467885613441467285e-01 3.528204560279846191e-01 1.238972544670104980e+00 1.360739469528198242e+00 -5.739123225212097168e-01 -5.228441581130027771e-02
5.313926339149475098e-01 -2.806997299194335938e-01 -1.922130435705184937e-01 -7.686070203781127930e-01 -7.604060769081115723e-01 4.001853466033935547e-01 1.220961689949035645e+00 1.338691473007202148e+00 -5.812905430793762207e-01 -4.973369464278221130e-02
5.414496064186096191e-01 -2.918515205383300781e-01 -2.043036967515945435e-01 -7.472984790802001953e-01 -7.604376673698425293e-01 3.746039271354675293e-01 1.224544048309326172e+00 1.358077526092529297e+00 -5.732013583183288574e-01 -5.044304952025413513e-02
5.498248338699340820e-01 -2.888064384460449219e-01 -1.992537826299667358e-01 -7.527518272399902344e-01 -7.509306073188781738e-01 3.854897618293762207e-01 1.238420724868774414e+00 1.354056119918823242e+00 -5.799502134323120117e-01 -5.523615702986717224e-02
5.358468294143676758e-01 -2.881878614425659180e-01 -1.909631639719009399e-01 -7.580379247665405273e-01 -7.477321028709411621e-01 3.636476993560791016e-01 1.228981018066406250e+00 1.346987366676330566e+00 -5.855916142463684082e-01 -4.891448840498924255e-02
4.697490036487579346e-01 -3.303000926971435547e-01 -1.515174955129623413e-01 -5.463747978210449219e-01 -5.921773314476013184e-01 5.211687088012695312e-01 1.388137698173522949e+00 1.338566064834594727e+00 -4.180547297000885010e-01 -1.661991477012634277e-01
2.698714435100555420e-01 -5.200624465942382812e-01 -1.710336953401565552e-01 -5.856491327285766602e-01 -4.199304580688476562e-01 8.155389428138732910e-01 1.362863898277282715e+00 1.366329669952392578e+00 -3.530916273593902588e-01 -6.213541626930236816e-01
6.824568510055541992e-01 -5.755937695503234863e-01 -3.545742332935333252e-01 -6.744339466094970703e-01 5.765871703624725342e-02 5.330114960670471191e-01 9.741294384002685547e-01 1.591258525848388672e+00 -7.145652770996093750e-01 -1.067584514617919922e+00
6.695179343223571777e-01 -5.942091345787048340e-01 -3.017508089542388916e-01 -6.841055154800415039e-01 8.364893496036529541e-02 4.780686497688293457e-01 8.713056445121765137e-01 1.586714506149291992e+00 -7.752690911293029785e-01 -1.056458234786987305e+00
6.656746268272399902e-01 -5.932080745697021484e-01 -3.051020503044128418e-01 -6.928395032882690430e-01 8.578528463840484619e-02 4.766896963119506836e-01 8.671942353248596191e-01 1.571386456489562988e+00 -7.644342184066772461e-01 -1.049543976783752441e+00
6.702506542205810547e-01 -5.948982238769531250e-01 -3.113018274307250977e-01 -6.784169673919677734e-01 8.931900560855865479e-02 4.767093062400817871e-01 8.783184289932250977e-01 1.587088823318481445e+00 -7.752377390861511230e-01 -1.049549460411071777e+00
1.022853106260299683e-01 -6.180934309959411621e-01 -2.478110045194625854e-01 -6.206313967704772949e-01 -8.942599594593048096e-02 4.253810644149780273e-01 7.380061149597167969e-01 1.302038669586181641e+00 -8.812415003776550293e-01 -6.729730963706970215e-01
1.467138975858688354e-01 -7.620896697044372559e-01 -1.754260659217834473e-01 -5.716553330421447754e-01 -1.375913470983505249e-01 3.966249823570251465e-01 1.182136416435241699e+00 1.466116189956665039e+00 -9.253996014595031738e-01 -1.241769194602966309e-01
1.426190286874771118e-01 -7.531308531761169434e-01 -1.743912398815155029e-01 -5.767400264739990234e-01 -1.331679075956344604e-01 3.920844197273254395e-01 1.178966045379638672e+00 1.459479093551635742e+00 -9.213640689849853516e-01 -1.159525513648986816e-01
1.390995830297470093e-01 -7.568281292915344238e-01 -1.650213152170181274e-01 -5.895997285842895508e-01 -1.317840367555618286e-01 3.941406607627868652e-01 1.186421394348144531e+00 1.450859665870666504e+00 -9.108490943908691406e-01 -1.097890138626098633e-01
1.414034813642501831e-01 -7.534373402595520020e-01 -1.796166151762008667e-01 -5.787237882614135742e-01 -1.333457380533218384e-01 3.846827745437622070e-01 1.184508919715881348e+00 1.455549955368041992e+00 -9.148967862129211426e-01 -1.149637103080749512e-01
2.375570088624954224e-01 -7.678053379058837891e-01 -2.144255787134170532e-01 -5.733056664466857910e-01 -2.080939263105392456e-01 4.451161623001098633e-01 1.139335036277770996e+00 1.457499265670776367e+00 -9.442389607429504395e-01 -9.002751111984252930e-02
5.046339631080627441e-01 -6.696267724037170410e-01 -5.032961368560791016e-01 -7.867839932441711426e-01 -2.570569813251495361e-01 3.785228729248046875e-01 8.352245092391967773e-01 1.456232786178588867e+00 -1.267759203910827637e+00 -2.494687438011169434e-01
5.080226659774780273e-01 -6.665241718292236328e-01 -5.233693718910217285e-01 -7.836251854896545410e-01 -2.367951720952987671e-01 3.294892311096191406e-01 8.046457171440124512e-01 1.452576875686645508e+00 -1.271111369132995605e+00 -2.633286118507385254e-01
2.096839994192123413e-01 -2.758812606334686279e-01 -5.077121853828430176e-01 -7.070643901824951172e-01 -4.498585592955350876e-03 1.784968823194503784e-01 6.315262913703918457e-01 1.502912640571594238e+00 -1.100829243659973145e+00 -4.878479242324829102e-01
1.626076921820640564e-02 -1.041200906038284302e-01 -4.034934937953948975e-01 -5.947264432907104492e-01 1.926850229501724243e-01 -5.402399692684412003e-03 3.651131391525268555e-01 1.551972627639770508e+00 -9.987155795097351074e-01 -4.443284869194030762e-01
8.613899350166320801e-02 -1.200685054063796997e-01 -4.820464253425598145e-01 -5.553562641143798828e-01 1.830170303583145142e-01 -1.979751735925674438e-01 3.544325232505798340e-01 1.642741322517395020e+00 -1.041478037834167480e+00 -3.401558399200439453e-01
