6.223489642143249512e-01 5.363779067993164062e-01 -9.204764366149902344e-01 -8.949568271636962891e-01 -5.244683623313903809e-01 5.899795889854431152e-01 1.161886453628540039e-01 1.142264723777770996e+00 3.276561200618743896e-02 6.683403849601745605e-01
6.320605278015136719e-01 5.353255867958068848e-01 -9.293960332870483398e-01 -8.921336531639099121e-01 -5.290325284004211426e-01 5.863277316093444824e-01 9.740251302719116211e-02 1.160889625549316406e+00 2.705411612987518311e-02 6.587346196174621582e-01
6.168445348739624023e-01 5.434202551841735840e-01 -9.247307181358337402e-01 -8.896239399909973145e-01 -5.177640914916992188e-01 5.755619406700134277e-01 1.077345609664916992e-01 1.155137419700622559e+00 2.755270898342132568e-02 6.773983836174011230e-01
6.344000101089477539e-01 4.937508702278137207e-01 -9.256699681282043457e-01 -8.888480067253112793e-01 -5.381826758384704590e-01 5.534326434135437012e-01 1.518344283103942871e-01 1.124101400375366211e+00 5.022577941417694092e-02 6.782571673393249512e-01
5.948755741119384766e-01 4.120632410049438477e-01 -8.950790166854858398e-01 -9.227386116981506348e-01 -5.353999733924865723e-01 5.353147387504577637e-01 2.406633496284484863e-01 1.002271771430969238e+00 1.103381216526031494e-01 6.935527324676513672e-01
4.612372517585754395e-01 3.774312138557434082e-01 -7.631807923316955566e-01 -9.293423891067504883e-01 -6.020628809928894043e-01 5.980774760246276855e-01 3.951632976531982422e-01 9.267253279685974121e-01 1.645602881908416748e-01 7.734472751617431641e-01
3.001979291439056396e-01 5.194895863533020020e-01 -6.744546890258789062e-01 -7.951731085777282715e-01 -6.845988631248474121e-01 4.795306921005249023e-01 7.483006119728088379e-01 8.502242565155029297e-01 3.016317784786224365e-01 8.528472781181335449e-01
2.370595186948776245e-01 6.929484009742736816e-01 -6.051933765411376953e-01 -7.397338151931762695e-01 -8.867802023887634277e-01 5.126164555549621582e-01 9.027982354164123535e-01 7.856594324111938477e-01 4.450760185718536377e-01 7.794094681739807129e-01
3.446381986141204834e-01 7.489047050476074219e-01 -6.828955411911010742e-01 -7.789336442947387695e-01 -9.584037661552429199e-01 5.243229866027832031e-01 5.733273625373840332e-01 8.014560937881469727e-01 3.794175088405609131e-01 7.054254412651062012e-01
2.878803908824920654e-01 7.768975496292114258e-01 -6.336675882339477539e-01 -7.535678744316101074e-01 -6.128067374229431152e-01 4.264995455741882324e-01 7.070276141166687012e-01 9.539802670478820801e-01 7.153123021125793457e-01 5.194467902183532715e-01
1.046653747558593750e+00 1.440449595451354980e+00 3.119205236434936523e-01 -6.295945644378662109e-01 -1.566113471984863281e+00 -6.781983375549316406e-01 -1.454820990562438965e+00 1.232658863067626953e+00 6.618086695671081543e-01 2.812997698783874512e-01
1.006767868995666504e+00 6.847020387649536133e-01 6.503887176513671875e-01 -7.679177522659301758e-01 -2.226707488298416138e-01 -1.042733192443847656e+00 -1.409559965133666992e+00 1.114791154861450195e+00 2.262006253004074097e-01 5.940986871719360352e-01
9.951125383377075195e-01 6.906460523605346680e-01 6.530097126960754395e-01 -7.592165470123291016e-01 -2.240698188543319702e-01 -1.033423662185668945e+00 -1.425546884536743164e+00 1.117924213409423828e+00 2.311405390501022339e-01 5.872915983200073242e-01
1.009330868721008301e+00 6.916897892951965332e-01 6.510475277900695801e-01 -7.573186159133911133e-01 -2.321861535310745239e-01 -1.039886474609375000e+00 -1.436387419700622559e+00 1.129333496093750000e+00 2.254899591207504272e-01 5.959498882293701172e-01
9.987108707427978516e-01 6.905981302261352539e-01 6.452236771583557129e-01 -7.605040073394775391e-01 -2.339220792055130005e-01 -1.044293522834777832e+00 -1.431661605834960938e+00 1.124424934387207031e+00 2.297316938638687134e-01 5.862450003623962402e-01
9.021788835525512695e-01 1.110118508338928223e+00 3.893994688987731934e-01 -6.447061896324157715e-01 -3.132641613483428955e-01 -1.221354961395263672e+00 -1.344128608703613281e+00 1.085187315940856934e+00 6.411350369453430176e-01 3.404076695442199707e-01
9.074805974960327148e-01 1.096665143966674805e+00 3.860503435134887695e-01 -6.422591209411621094e-01 -3.052203059196472168e-01 -1.230177760124206543e+00 -1.345630526542663574e+00 1.099423646926879883e+00 6.342787146568298340e-01 3.389603495597839355e-01
8.988054990768432617e-01 1.099405765533447266e+00 3.877778053283691406e-01 -6.525132060050964355e-01 -3.098487555980682373e-01 -1.233677744865417480e+00 -1.342277407646179199e+00 1.096785545349121094e+00 6.318606734275817871e-01 3.336457014083862305e-01
9.024718999862670898e-01 1.093326926231384277e+00 3.953407406806945801e-01 -6.525928974151611328e-01 -3.075340688228607178e-01 -1.229900956153869629e+00 -1.345112681388854980e+00 1.087075471878051758e+00 6.277542710304260254e-01 3.293865919113159180e-01
9.042838215827941895e-01 1.091271638870239258e+00 3.947495222091674805e-01 -6.466615796089172363e-01 -3.084916770458221436e-01 -1.232593059539794922e+00 -1.345932126045227051e+00 1.083692669868469238e+00 6.304313540458679199e-01 3.294796347618103027e-01
9.225108623504638672e-01 1.126354336738586426e+00 4.529803395271301270e-01 -6.335361003875732422e-01 -3.155262172222137451e-01 -1.181961536407470703e+00 -1.176130533218383789e+00 1.011023640632629395e+00 7.912091612815856934e-01 3.270712494850158691e-01
5.774382948875427246e-01 1.120416283607482910e+00 6.341735720634460449e-01 -6.276720762252807617e-01 -2.651361227035522461e-01 -1.125072956085205078e+00 -3.724503889679908752e-02 7.328401207923889160e-01 1.309028863906860352e+00 6.363368034362792969e-01
6.391041278839111328e-01 8.376463651657104492e-01 9.210048317909240723e-01 -7.124222517013549805e-01 -2.291716188192367554e-01 -1.051475405693054199e+00 3.130685687065124512e-01 7.125388979911804199e-01 6.712482571601867676e-01 9.924916625022888184e-01
5.735990405082702637e-01 9.342687726020812988e-01 9.131407141685485840e-01 -7.099411487579345703e-01 -2.774596512317657471e-01 -1.072353363037109375e+00 3.172184824943542480e-01 7.297518253326416016e-01 7.778317928314208984e-01 9.198805093765258789e-01
4.324368834495544434e-01 7.454761266708374023e-01 7.674088478088378906e-01 -7.015579342842102051e-01 -2.539121806621551514e-01 -1.065265297889709473e+00 4.603206515312194824e-01 6.838682293891906738e-01 8.277201056480407715e-01 9.590510725975036621e-01
5.228259563446044922e-01 5.603621006011962891e-01 9.556613564491271973e-01 -8.083847761154174805e-01 -1.723304837942123413e-01 -9.239649772644042969e-01 4.461234211921691895e-01 7.816594243049621582e-01 5.109880566596984863e-01 1.209207892417907715e+00
