2.766537070274353027e-01 5.231206119060516357e-02 4.819218516349792480e-01 -8.080367445945739746e-01 -4.985773861408233643e-01 4.886766076087951660e-01 4.700165390968322754e-01 8.361992239952087402e-01 -6.672911345958709717e-02 -1.080991744995117188e+00
2.950333356857299805e-01 6.873176991939544678e-02 4.910444319248199463e-01 -8.216812610626220703e-01 -4.862460196018218994e-01 4.758226275444030762e-01 4.417020678520202637e-01 8.055713176727294922e-01 -6.226010620594024658e-02 -1.093586921691894531e+00
2.934707403182983398e-01 6.905399262905120850e-02 4.817077815532684326e-01 -7.961882948875427246e-01 -4.783332943916320801e-01 4.327404499053955078e-01 4.414994120597839355e-01 8.043451905250549316e-01 -5.981348454952239990e-02 -1.099445104598999023e+00
2.194541096687316895e-01 8.831523358821868896e-02 4.929586052894592285e-01 -7.919023036956787109e-01 -4.823471009731292725e-01 5.105182528495788574e-01 4.643628597259521484e-01 8.069195151329040527e-01 -5.703558027744293213e-02 -1.066440582275390625e+00
1.636150330305099487e-01 9.953682124614715576e-02 4.945746362209320068e-01 -7.970557212829589844e-01 -4.785232543945312500e-01 5.883427858352661133e-01 5.043602585792541504e-01 8.122963905334472656e-01 -5.128650367259979248e-02 -1.076201081275939941e+00
1.537379771471023560e-01 1.187207549810409546e-01 4.833304584026336670e-01 -7.935696840286254883e-01 -4.739761054515838623e-01 6.148868203163146973e-01 5.141602158546447754e-01 8.390037417411804199e-01 -4.370222985744476318e-02 -1.100680708885192871e+00
1.713736653327941895e-01 1.072391718626022339e-01 5.031139850616455078e-01 -7.611671090126037598e-01 -5.237099528312683105e-01 5.962278842926025391e-01 5.252088904380798340e-01 9.007120728492736816e-01 -8.921641111373901367e-02 -1.126196026802062988e+00
2.383906543254852295e-01 8.037666976451873779e-02 5.298122167587280273e-01 -7.757870554924011230e-01 -5.580591559410095215e-01 5.148307085037231445e-01 4.559826254844665527e-01 8.246881365776062012e-01 -1.219526678323745728e-01 -1.069641113281250000e+00
2.929165959358215332e-01 6.669168174266815186e-02 5.173397064208984375e-01 -8.181285262107849121e-01 -5.119211077690124512e-01 4.337535500526428223e-01 4.112074375152587891e-01 7.887766957283020020e-01 -1.067522019147872925e-01 -1.072835445404052734e+00
1.284025609493255615e-01 -1.092646867036819458e-01 6.429888606071472168e-01 -8.308820724487304688e-01 -9.809339046478271484e-01 5.420360565185546875e-01 4.364551305770874023e-01 7.681774497032165527e-01 -3.439999222755432129e-01 -8.058417439460754395e-01
2.113196849822998047e-01 -8.712754249572753906e-01 1.090963244438171387e+00 -7.694873809814453125e-01 -1.040024757385253906e+00 -2.310424000024795532e-01 2.296639084815979004e-01 6.661358475685119629e-01 -1.327586889266967773e+00 6.387237310409545898e-01
2.772696614265441895e-01 -6.933386325836181641e-01 5.915204286575317383e-01 -9.192163944244384766e-01 -7.095240056514739990e-02 -5.480160117149353027e-01 -1.325586438179016113e-01 6.363409161567687988e-01 -1.864540934562683105e+00 8.963021039962768555e-01
2.730578184127807617e-01 -6.915045380592346191e-01 5.872454047203063965e-01 -9.242213964462280273e-01 -7.059364020824432373e-02 -5.453948378562927246e-01 -1.380214095115661621e-01 6.460686326026916504e-01 -1.872675538063049316e+00 8.974161744117736816e-01
2.762228250503540039e-01 -6.864492297172546387e-01 5.921373963356018066e-01 -9.312984943389892578e-01 -6.365130841732025146e-02 -5.370116829872131348e-01 -1.441624164581298828e-01 6.360730528831481934e-01 -1.897102952003479004e+00 9.012526869773864746e-01
2.778038084506988525e-01 -6.906168460845947266e-01 5.889631509780883789e-01 -9.236181974411010742e-01 -6.225417554378509521e-02 -5.408308506011962891e-01 -1.356371641159057617e-01 6.322321295738220215e-01 -1.897949099540710449e+00 9.047252535820007324e-01
2.477410286664962769e-01 -5.650043487548828125e-01 7.947836518287658691e-01 -8.651423454284667969e-01 -3.665017485618591309e-01 -5.123746991157531738e-01 3.926717862486839294e-02 6.064993739128112793e-01 -1.565537095069885254e+00 1.035302639007568359e+00
2.521449327468872070e-01 -5.690951943397521973e-01 7.980055809020996094e-01 -8.742213249206542969e-01 -3.634034097194671631e-01 -5.063160061836242676e-01 3.928994759917259216e-02 6.180823445320129395e-01 -1.578653931617736816e+00 1.033976793289184570e+00
2.488932162523269653e-01 -5.682190060615539551e-01 8.029272556304931641e-01 -8.651434779167175293e-01 -3.585391342639923096e-01 -5.124628543853759766e-01 4.436504468321800232e-02 6.030846238136291504e-01 -1.579464793205261230e+00 1.036649823188781738e+00
2.531546354293823242e-01 -5.699113607406616211e-01 7.959933876991271973e-01 -8.647197484970092773e-01 -3.587570488452911377e-01 -5.162900090217590332e-01 3.885656222701072693e-02 6.053646206855773926e-01 -1.580539584159851074e+00 1.030578970909118652e+00
2.519272565841674805e-01 -5.715382099151611328e-01 8.040010333061218262e-01 -8.633732795715332031e-01 -3.497861027717590332e-01 -5.150260925292968750e-01 3.585195168852806091e-02 5.946953892707824707e-01 -1.588885188102722168e+00 1.033797979354858398e+00
1.888479143381118774e-01 -3.414324522018432617e-01 7.273951768875122070e-01 -9.428773522377014160e-01 -3.119814693927764893e-01 -4.729414582252502441e-01 9.955465793609619141e-02 6.002346873283386230e-01 -1.529249548912048340e+00 1.189525127410888672e+00
-1.694156527519226074e-01 2.345975488424301147e-01 4.718699455261230469e-01 -1.023365378379821777e+00 -3.317089974880218506e-01 -4.113563597202301025e-01 3.294170498847961426e-01 6.219917535781860352e-01 -1.404827237129211426e+00 1.319301486015319824e+00
-2.576505839824676514e-01 1.932426542043685913e-01 3.746198415756225586e-01 -9.527181982994079590e-01 -1.976549476385116577e-01 -5.042377114295959473e-01 -2.382278814911842346e-02 5.737186670303344727e-01 -1.618139386177062988e+00 9.183459877967834473e-01
-2.565636336803436279e-01 2.603639364242553711e-01 3.775393962860107422e-01 -9.741819500923156738e-01 -2.162467688322067261e-01 -4.730250239372253418e-01 5.369144305586814880e-02 5.467942953109741211e-01 -1.585845828056335449e+00 1.001923680305480957e+00
-2.546072304248809814e-01 3.174487352371215820e-01 3.877902626991271973e-01 -1.005365371704101562e+00 -2.346175163984298706e-01 -4.593426585197448730e-01 1.287124752998352051e-01 5.417582392692565918e-01 -1.518075227737426758e+00 1.101862788200378418e+00
-3.687145709991455078e-01 4.504625797271728516e-01 4.294142723083496094e-01 -9.770536422729492188e-01 -2.951907813549041748e-01 -4.574581980705261230e-01 1.328667998313903809e-01 5.144537687301635742e-01 -1.332852959632873535e+00 1.038341164588928223e+00
