7.961282730102539062e-01 3.069764375686645508e-01 -9.060233831405639648e-01 -8.963290452957153320e-01 -7.928785681724548340e-01 6.171342730522155762e-01 2.064670920372009277e-01 1.242460727691650391e+00 2.081353068351745605e-01 3.642305731773376465e-01
7.929147481918334961e-01 3.035193681716918945e-01 -9.080322980880737305e-01 -8.799046874046325684e-01 -8.128289580345153809e-01 5.878679156303405762e-01 2.590246796607971191e-01 1.233672618865966797e+00 2.175046056509017944e-01 3.750063776969909668e-01
5.367662310600280762e-01 3.278814554214477539e-01 -5.850600600242614746e-01 -8.072271347045898438e-01 -9.570039510726928711e-01 6.263530254364013672e-01 8.273105025291442871e-01 1.040784716606140137e+00 4.619323909282684326e-01 4.948461055755615234e-01
7.770663499832153320e-01 7.695144414901733398e-01 -7.462418079376220703e-01 -8.239299058914184570e-01 -5.297347307205200195e-01 6.858589053153991699e-01 5.822663307189941406e-01 1.155345916748046875e+00 7.405208349227905273e-01 2.673832178115844727e-01
9.643617272377014160e-01 1.008772492408752441e+00 -8.016647100448608398e-01 -7.775237560272216797e-01 -4.157459139823913574e-01 8.031870722770690918e-01 4.858155250549316406e-01 1.272316932678222656e+00 8.735395669937133789e-01 1.679568290710449219e-01
9.921896457672119141e-01 1.047306418418884277e+00 -8.061376214027404785e-01 -8.072084188461303711e-01 -3.768099844455718994e-01 8.211356401443481445e-01 4.802693128585815430e-01 1.266118526458740234e+00 8.908109068870544434e-01 1.610689759254455566e-01
9.791480302810668945e-01 1.047323465347290039e+00 -7.963976263999938965e-01 -7.884995937347412109e-01 -3.821068406105041504e-01 8.315356969833374023e-01 4.941357076168060303e-01 1.262052774429321289e+00 8.947851061820983887e-01 1.656000018119812012e-01
9.965107440948486328e-01 1.042211174964904785e+00 -8.063569068908691406e-01 -8.067419528961181641e-01 -3.810766935348510742e-01 8.272778987884521484e-01 4.968203306198120117e-01 1.264211416244506836e+00 8.953510522842407227e-01 1.547800898551940918e-01
9.832184910774230957e-01 1.044463872909545898e+00 -7.952367067337036133e-01 -7.814137339591979980e-01 -4.069842696189880371e-01 8.601785302162170410e-01 5.057293772697448730e-01 1.277223348617553711e+00 8.663803935050964355e-01 1.543611884117126465e-01
1.131769537925720215e+00 1.086454153060913086e+00 -8.284034729003906250e-01 -8.327724933624267578e-01 -7.970263063907623291e-02 1.072107195854187012e+00 3.374668359756469727e-01 1.295602083206176758e+00 9.935581684112548828e-01 5.383526440709829330e-04
9.633740186691284180e-01 4.787164032459259033e-01 -8.160866498947143555e-01 -6.191002726554870605e-01 6.082264780998229980e-01 9.031420350074768066e-01 3.975457549095153809e-01 1.022701740264892578e+00 1.418590664863586426e+00 2.590315937995910645e-01
7.514455318450927734e-01 6.678537130355834961e-01 -1.001899957656860352e+00 -6.096469759941101074e-01 1.293665289878845215e+00 1.362968534231185913e-01 -5.277019739151000977e-01 9.230142235755920410e-01 1.238258123397827148e+00 -6.875848770141601562e-02
7.064106464385986328e-01 6.624181866645812988e-01 -9.468951821327209473e-01 -5.972869992256164551e-01 1.268812656402587891e+00 7.435046136379241943e-02 -6.814326643943786621e-01 9.139474630355834961e-01 1.216979146003723145e+00 -3.357857093214988708e-02
7.056697607040405273e-01 6.590240597724914551e-01 -9.454443454742431641e-01 -6.055170893669128418e-01 1.266282558441162109e+00 7.270847260951995850e-02 -6.918889284133911133e-01 9.219828844070434570e-01 1.219808459281921387e+00 -2.622669562697410583e-02
7.066229581832885742e-01 6.508279442787170410e-01 -9.426057338714599609e-01 -6.076234579086303711e-01 1.259319186210632324e+00 7.381330430507659912e-02 -6.862887144088745117e-01 9.124172329902648926e-01 1.214632272720336914e+00 -3.318971022963523865e-02
7.501135468482971191e-01 4.420329928398132324e-01 -5.826107859611511230e-01 -5.469565391540527344e-01 9.746482372283935547e-01 3.641543984413146973e-01 -3.459637761116027832e-01 9.969368577003479004e-01 1.385050415992736816e+00 2.400513291358947754e-01
1.107112526893615723e+00 1.467347741127014160e+00 -3.493627011775970459e-01 -6.604818105697631836e-01 1.008697032928466797e+00 1.038072586059570312e+00 -7.261011004447937012e-01 1.147168159484863281e+00 9.330062270164489746e-01 3.922593966126441956e-02
1.121218085289001465e+00 1.486612200736999512e+00 -3.585266768932342529e-01 -6.662663817405700684e-01 9.996628165245056152e-01 1.044230103492736816e+00 -7.289824485778808594e-01 1.152019739151000977e+00 9.208176732063293457e-01 3.907299414277076721e-02
1.117599844932556152e+00 1.477793812751770020e+00 -3.591974377632141113e-01 -6.692338585853576660e-01 9.924730658531188965e-01 1.024188876152038574e+00 -7.264762520790100098e-01 1.150168657302856445e+00 9.215342402458190918e-01 3.226375952363014221e-02
1.113981366157531738e+00 1.482071399688720703e+00 -3.477301001548767090e-01 -6.615763902664184570e-01 9.862686991691589355e-01 1.035744667053222656e+00 -7.339423298835754395e-01 1.146609067916870117e+00 9.195103049278259277e-01 4.248625412583351135e-02
1.184709072113037109e+00 1.470668315887451172e+00 -3.822221457958221436e-01 -7.367103099822998047e-01 7.894882559776306152e-01 8.893555998802185059e-01 -7.124998569488525391e-01 1.116207122802734375e+00 8.025243878364562988e-01 5.563366785645484924e-02
1.171074032783508301e+00 1.333360671997070312e+00 -2.029347568750381470e-01 -6.325135231018066406e-01 4.126679897308349609e-01 2.643878459930419922e-01 -6.755607128143310547e-01 1.147518634796142578e+00 7.712808847427368164e-01 4.265547171235084534e-02
1.131073594093322754e+00 1.259057164192199707e+00 -1.721069365739822388e-01 -6.620615720748901367e-01 3.646094501018524170e-01 1.910186856985092163e-01 -6.882893443107604980e-01 1.070910215377807617e+00 7.722987532615661621e-01 4.596126452088356018e-02
8.004903197288513184e-01 4.750036597251892090e-01 -9.497533738613128662e-02 -6.646538972854614258e-01 6.505081653594970703e-01 1.168137639760971069e-01 -8.712791800498962402e-01 8.266595005989074707e-01 6.206764578819274902e-01 2.111566066741943359e-01
8.766521215438842773e-01 4.637337327003479004e-01 -3.381804097443819046e-03 -7.546212077140808105e-01 7.958518862724304199e-01 2.012170404195785522e-01 -1.454551339149475098e+00 6.828430294990539551e-01 3.852287232875823975e-01 3.495123982429504395e-01
9.911854863166809082e-01 4.939283728599548340e-01 3.563822805881500244e-02 -7.153534889221191406e-01 7.106435894966125488e-01 2.437261790037155151e-01 -1.578117847442626953e+00 8.346371054649353027e-01 3.550257980823516846e-01 2.626892924308776855e-01
