3.531885743141174316e-01 -9.245707094669342041e-02 1.832952946424484253e-01 -1.298576474189758301e+00 -1.931259781122207642e-01 1.120771020650863647e-01 7.009707093238830566e-01 -3.628953397274017334e-01 2.052334398031234741e-01 -1.088211774826049805e+00
3.969582617282867432e-01 -7.515986263751983643e-02 1.701984852552413940e-01 -1.307085394859313965e+00 -1.657270640134811401e-01 9.713445603847503662e-02 6.905129551887512207e-01 -3.593516647815704346e-01 2.221071273088455200e-01 -1.118412256240844727e+00
3.841507732868194580e-01 -6.777037680149078369e-02 1.729034930467605591e-01 -1.284278750419616699e+00 -1.738167256116867065e-01 7.104139029979705811e-02 6.791653633117675781e-01 -3.565653860569000244e-01 2.195112258195877075e-01 -1.108395695686340332e+00
2.969307005405426025e-01 -4.060198366641998291e-02 1.885353475809097290e-01 -1.269863009452819824e+00 -1.831263154745101929e-01 1.469352692365646362e-01 6.985809803009033203e-01 -3.600232899188995361e-01 2.123372107744216919e-01 -1.094521880149841309e+00
2.115734964609146118e-01 -4.943981301039457321e-03 2.037003487348556519e-01 -1.257002949714660645e+00 -1.596698760986328125e-01 2.320173829793930054e-01 7.156082987785339355e-01 -3.493349850177764893e-01 2.001609057188034058e-01 -1.113396525382995605e+00
2.024625092744827271e-01 1.411686837673187256e-02 2.107133120298385620e-01 -1.251663804054260254e+00 -1.401451081037521362e-01 2.495192140340805054e-01 7.312827706336975098e-01 -3.332662880420684814e-01 2.059971541166305542e-01 -1.155385255813598633e+00
2.109908312559127808e-01 -1.992388069629669189e-02 2.275719195604324341e-01 -1.262287020683288574e+00 -2.377106398344039917e-01 2.389534562826156616e-01 7.351130843162536621e-01 -2.926823198795318604e-01 1.504864841699600220e-01 -1.192188024520874023e+00
2.702634930610656738e-01 -4.853881895542144775e-02 2.312232702970504761e-01 -1.275450348854064941e+00 -2.632942199707031250e-01 1.969902366399765015e-01 6.784389019012451172e-01 -3.492540419101715088e-01 1.179490089416503906e-01 -1.133683681488037109e+00
3.638531565666198730e-01 -6.905736029148101807e-02 1.910618394613265991e-01 -1.315010309219360352e+00 -2.354867756366729736e-01 1.015276163816452026e-01 6.322703361511230469e-01 -3.602681457996368408e-01 1.453021019697189331e-01 -1.112294077873229980e+00
3.889964818954467773e-01 -6.737698614597320557e-02 1.825535744428634644e-01 -1.333502411842346191e+00 -2.066039294004440308e-01 9.037379920482635498e-02 6.386894583702087402e-01 -3.605075776576995850e-01 1.632121056318283081e-01 -1.119501709938049316e+00
3.814946413040161133e-01 -7.013268768787384033e-02 1.870963722467422485e-01 -1.318718314170837402e+00 -2.093365043401718140e-01 8.171294629573822021e-02 6.390415430068969727e-01 -3.586114943027496338e-01 1.590478569269180298e-01 -1.117542505264282227e+00
3.840822577476501465e-01 -7.527275383472442627e-02 1.795224398374557495e-01 -1.323856234550476074e+00 -2.106006592512130737e-01 7.241342961788177490e-02 6.347667574882507324e-01 -3.538390100002288818e-01 1.525401175022125244e-01 -1.121108412742614746e+00
3.890519440174102783e-01 -7.092852890491485596e-02 1.821393221616744995e-01 -1.322638869285583496e+00 -2.050759643316268921e-01 8.135209977626800537e-02 6.378484368324279785e-01 -3.560917079448699951e-01 1.623288989067077637e-01 -1.107645630836486816e+00
2.449698001146316528e-01 -1.328498870134353638e-01 2.475973814725875854e-01 -1.302448630332946777e+00 -3.588735461235046387e-01 1.826283186674118042e-01 6.531234383583068848e-01 -2.881840765476226807e-01 5.589638650417327881e-02 -1.074398875236511230e+00
1.889486461877822876e-01 -1.070487976074218750e+00 6.285128593444824219e-01 -1.023236036300659180e+00 -1.128080248832702637e+00 -3.431516587734222412e-01 6.965324282646179199e-01 -7.772512435913085938e-01 -3.549052178859710693e-01 3.027569055557250977e-01
3.869006633758544922e-01 -8.425494432449340820e-01 1.294411867856979370e-01 -1.463025212287902832e+00 -2.006633579730987549e-02 -8.377034664154052734e-01 1.713756918907165527e-01 -5.219107866287231445e-01 -1.076095461845397949e+00 8.390119671821594238e-01
3.874251246452331543e-01 -7.788984775543212891e-01 -2.617463935166597366e-03 -1.472335934638977051e+00 1.813750416040420532e-01 -9.513114690780639648e-01 9.576851129531860352e-02 -5.410102009773254395e-01 -1.152820229530334473e+00 7.758277654647827148e-01
3.909399509429931641e-01 -7.768429517745971680e-01 -2.144560683518648148e-03 -1.477038264274597168e+00 1.797613054513931274e-01 -9.525706768035888672e-01 9.873050451278686523e-02 -5.405317544937133789e-01 -1.148926138877868652e+00 7.769938111305236816e-01
3.935431838035583496e-01 -7.774479389190673828e-01 -6.602451670914888382e-03 -1.482245802879333496e+00 1.826091557741165161e-01 -9.514451026916503906e-01 9.504479169845581055e-02 -5.478250980377197266e-01 -1.156419277191162109e+00 7.750352025032043457e-01
3.925424814224243164e-01 -7.762050628662109375e-01 -1.180068124085664749e-03 -1.474521398544311523e+00 1.778349429368972778e-01 -9.546462297439575195e-01 9.631985425949096680e-02 -5.403227806091308594e-01 -1.155783295631408691e+00 7.736093997955322266e-01
3.896148800849914551e-01 -7.809368371963500977e-01 -5.137399304658174515e-03 -1.479208350181579590e+00 1.772647053003311157e-01 -9.484579563140869141e-01 8.712989091873168945e-02 -5.437447428703308105e-01 -1.153051614761352539e+00 7.771260142326354980e-01
3.901027739048004150e-01 -7.771271467208862305e-01 -2.950285561382770538e-04 -1.472463607788085938e+00 1.738041788339614868e-01 -9.420030713081359863e-01 9.250104427337646484e-02 -5.428867340087890625e-01 -1.157341122627258301e+00 7.754188179969787598e-01
3.865839242935180664e-01 -7.702130675315856934e-01 1.570775639265775681e-03 -1.474388599395751953e+00 1.740927249193191528e-01 -9.439838528633117676e-01 8.490365743637084961e-02 -5.431286096572875977e-01 -1.157070517539978027e+00 7.721244096755981445e-01
3.385578393936157227e-01 -7.771776318550109863e-01 2.449929267168045044e-01 -1.343701124191284180e+00 -1.086965948343276978e-01 -9.331466555595397949e-01 2.972864508628845215e-01 -5.862205028533935547e-01 -8.672910332679748535e-01 8.862974047660827637e-01
3.424512743949890137e-01 -7.671338319778442383e-01 2.493646293878555298e-01 -1.351258635520935059e+00 -1.136049777269363403e-01 -9.407033920288085938e-01 3.000445365905761719e-01 -5.769200921058654785e-01 -8.649981617927551270e-01 8.845548629760742188e-01
3.388940691947937012e-01 -7.699971199035644531e-01 2.565760016441345215e-01 -1.348910689353942871e+00 -1.199719756841659546e-01 -9.355469942092895508e-01 3.000287413597106934e-01 -5.717140436172485352e-01 -8.669932484626770020e-01 8.911196589469909668e-01
3.396319150924682617e-01 -7.713367938995361328e-01 2.467927485704421997e-01 -1.351737499237060547e+00 -1.173062175512313843e-01 -9.279145598411560059e-01 2.971505522727966309e-01 -5.771651864051818848e-01 -8.701908588409423828e-01 8.889025449752807617e-01
3.406734168529510498e-01 -7.710310220718383789e-01 2.424655407667160034e-01 -1.347151637077331543e+00 -1.092716604471206665e-01 -9.368362426757812500e-01 3.021036982536315918e-01 -5.793716907501220703e-01 -8.690679669380187988e-01 8.969669938087463379e-01
3.408526480197906494e-01 -7.730505466461181641e-01 2.458914071321487427e-01 -1.350558519363403320e+00 -1.158866137266159058e-01 -9.382788538932800293e-01 2.984690070152282715e-01 -5.802685022354125977e-01 -8.706784844398498535e-01 8.848124146461486816e-01
2.619881629943847656e-01 -6.419582366943359375e-01 2.846916615962982178e-01 -1.308503270149230957e+00 -2.030641585588455200e-01 -9.033650755882263184e-01 3.820481896400451660e-01 -5.610228180885314941e-01 -7.315021157264709473e-01 9.526299238204956055e-01
5.402578040957450867e-02 -1.991712003946304321e-01 1.854960471391677856e-01 -1.403538107872009277e+00 -1.697070449590682983e-01 -7.604663372039794922e-01 6.551899313926696777e-01 -5.834094285964965820e-01 -5.619931817054748535e-01 1.172059893608093262e+00
-2.735294401645660400e-01 2.140235751867294312e-01 -1.326860040426254272e-01 -1.342266678810119629e+00 -1.514039933681488037e-02 -7.532516121864318848e-01 3.192953467369079590e-01 -4.261442422866821289e-01 -8.235835433006286621e-01 7.960907816886901855e-01
-2.548192143440246582e-01 1.419325917959213257e-01 -1.336286514997482300e-01 -1.320209145545959473e+00 -1.440261304378509521e-02 -8.024484515190124512e-01 2.588557600975036621e-01 -4.015103578567504883e-01 -8.416089415550231934e-01 7.337167263031005859e-01
-2.488992512226104736e-01 1.123797744512557983e-01 -1.428582519292831421e-01 -1.314679265022277832e+00 1.273349393159151077e-03 -8.106523752212524414e-01 2.456440329551696777e-01 -4.153464138507843018e-01 -8.274511098861694336e-01 7.274327874183654785e-01
-2.430244982242584229e-01 2.027126401662826538e-01 -1.160886734724044800e-01 -1.352555394172668457e+00 -2.722500264644622803e-02 -7.527150511741638184e-01 3.650678396224975586e-01 -4.501312077045440674e-01 -8.003767132759094238e-01 8.320760130882263184e-01
-2.354755848646163940e-01 2.568340301513671875e-01 -9.671334922313690186e-02 -1.377030730247497559e+00 -3.118894994258880615e-02 -7.315489649772644043e-01 4.443855285644531250e-01 -4.624886214733123779e-01 -7.576352953910827637e-01 9.518565535545349121e-01
-3.945374190807342529e-01 4.045382738113403320e-01 -4.086868464946746826e-02 -1.290862083435058594e+00 -7.528005540370941162e-02 -7.158343195915222168e-01 4.105156064033508301e-01 -4.153414666652679443e-01 -6.811544895172119141e-01 8.738732933998107910e-01
-4.355873167514801025e-01 3.447290658950805664e-01 -2.071683108806610107e-02 -1.276780724525451660e+00 -5.014143884181976318e-02 -6.987816691398620605e-01 3.810068368911743164e-01 -4.564526975154876709e-01 -6.241063475608825684e-01 7.634479999542236328e-01
