4.126681387424468994e-01 -3.981168270111083984e-01 1.189791709184646606e-01 -1.317997574806213379e+00 -5.787447094917297363e-01 5.416921973228454590e-01 2.637013792991638184e-01 -3.138206303119659424e-01 4.141539037227630615e-01 -6.388295292854309082e-01
4.118194580078125000e-01 -3.597905635833740234e-01 1.221772283315658569e-01 -1.328049540519714355e+00 -5.435881614685058594e-01 5.731060504913330078e-01 2.560808658599853516e-01 -3.157827556133270264e-01 4.163456261157989502e-01 -6.465337872505187988e-01
3.983369767665863037e-01 -4.662404060363769531e-01 1.258319765329360962e-01 -1.315512299537658691e+00 -6.615194082260131836e-01 5.209228992462158203e-01 2.485867142677307129e-01 -2.921120822429656982e-01 3.757683038711547852e-01 -5.954145789146423340e-01
3.236972689628601074e-01 -4.843419194221496582e-01 1.268460601568222046e-01 -1.286735177040100098e+00 -7.146221399307250977e-01 5.539831519126892090e-01 2.618896961212158203e-01 -2.733723819255828857e-01 3.518334925174713135e-01 -5.624578595161437988e-01
2.240435928106307983e-01 -4.547655582427978516e-01 1.259313970804214478e-01 -1.290083527565002441e+00 -7.590338587760925293e-01 6.025207638740539551e-01 2.836672663688659668e-01 -2.645690143108367920e-01 3.132832348346710205e-01 -5.619215369224548340e-01
2.010930329561233521e-01 -4.288353323936462402e-01 1.418787389993667603e-01 -1.291202425956726074e+00 -7.745969891548156738e-01 6.103548407554626465e-01 2.749014496803283691e-01 -2.667436897754669189e-01 2.954931855201721191e-01 -5.906336307525634766e-01
1.903488188982009888e-01 -5.305931568145751953e-01 1.999128013849258423e-01 -1.236212849617004395e+00 -8.970247507095336914e-01 6.052285432815551758e-01 1.447213292121887207e-01 -1.384380310773849487e-01 2.106702774763107300e-01 -4.707140326499938965e-01
2.451526671648025513e-01 -5.746887922286987305e-01 2.141820937395095825e-01 -1.278373837471008301e+00 -9.522932171821594238e-01 5.413007140159606934e-01 1.162464022636413574e-01 -2.667156755924224854e-01 1.891566067934036255e-01 -4.331619739532470703e-01
3.256938755512237549e-01 -5.910534262657165527e-01 2.224263399839401245e-01 -1.274845719337463379e+00 -8.704519867897033691e-01 4.584858417510986328e-01 5.300950631499290466e-02 -2.530653774738311768e-01 2.230700403451919556e-01 -4.290794134140014648e-01
3.508316278457641602e-01 -5.750712752342224121e-01 2.121391743421554565e-01 -1.308251619338989258e+00 -8.444287776947021484e-01 4.514116644859313965e-01 3.231203183531761169e-02 -2.709307968616485596e-01 2.356532067060470581e-01 -4.561998248100280762e-01
3.639789819717407227e-01 -5.799030065536499023e-01 2.107271999120712280e-01 -1.307935833930969238e+00 -8.394343256950378418e-01 4.455863833427429199e-01 4.724752530455589294e-02 -2.639619410037994385e-01 2.470250874757766724e-01 -4.648956060409545898e-01
3.565047979354858398e-01 -5.792500972747802734e-01 2.000511139631271362e-01 -1.312951087951660156e+00 -8.378834724426269531e-01 4.462174177169799805e-01 4.323249682784080505e-02 -2.679007351398468018e-01 2.455915063619613647e-01 -4.589366316795349121e-01
3.531821668148040771e-01 -5.780603885650634766e-01 2.039357572793960571e-01 -1.312131285667419434e+00 -8.374283313751220703e-01 4.480771422386169434e-01 3.689264878630638123e-02 -2.672592699527740479e-01 2.409300357103347778e-01 -4.655308723449707031e-01
3.541915118694305420e-01 -6.674028635025024414e-01 2.045274227857589722e-01 -1.255220532417297363e+00 -8.571460843086242676e-01 4.623903036117553711e-01 4.771482571959495544e-02 -2.598053514957427979e-01 2.119085788726806641e-01 -4.031106829643249512e-01
7.645386457443237305e-01 -1.145943403244018555e+00 1.970961838960647583e-01 -1.411984562873840332e+00 -6.901233792304992676e-01 3.966543078422546387e-01 -2.968719601631164551e-01 -2.571817338466644287e-01 -1.164451125077903271e-03 -4.980565309524536133e-01
9.182173013687133789e-01 -1.195044994354248047e+00 1.584929078817367554e-01 -1.437989830970764160e+00 -6.995228528976440430e-01 3.856765031814575195e-01 -4.469968080520629883e-01 -2.511427104473114014e-01 -5.373300611972808838e-02 -5.834160447120666504e-01
9.697427749633789062e-01 -1.219335317611694336e+00 1.514820903539657593e-01 -1.436789393424987793e+00 -6.983895897865295410e-01 3.874537944793701172e-01 -5.085472464561462402e-01 -2.684412300586700439e-01 -6.498907506465911865e-02 -6.136546730995178223e-01
9.688073992729187012e-01 -1.225221395492553711e+00 1.461384743452072144e-01 -1.436985254287719727e+00 -6.973164677619934082e-01 3.842037916183471680e-01 -5.119141340255737305e-01 -2.601602375507354736e-01 -7.353371381759643555e-02 -6.219297647476196289e-01
9.614874720573425293e-01 -1.227088689804077148e+00 1.425404399633407593e-01 -1.430240750312805176e+00 -7.091756463050842285e-01 3.832887411117553711e-01 -5.126459002494812012e-01 -2.594036161899566650e-01 -6.855595111846923828e-02 -6.242595314979553223e-01
9.643316864967346191e-01 -1.222513437271118164e+00 1.542838364839553833e-01 -1.432805895805358887e+00 -7.072040438652038574e-01 3.902368545532226562e-01 -5.127110481262207031e-01 -2.531938254833221436e-01 -7.478550076484680176e-02 -6.119262576103210449e-01
9.701508283615112305e-01 -1.225326657295227051e+00 1.450852304697036743e-01 -1.436189055442810059e+00 -7.079467177391052246e-01 3.925679922103881836e-01 -5.002858042716979980e-01 -2.662734091281890869e-01 -6.794880330562591553e-02 -6.172657012939453125e-01
9.698019623756408691e-01 -1.224987030029296875e+00 1.417119055986404419e-01 -1.434666037559509277e+00 -7.026839852333068848e-01 3.831312060356140137e-01 -5.077915191650390625e-01 -2.575895488262176514e-01 -6.716409325599670410e-02 -6.221817135810852051e-01
9.717580676078796387e-01 -1.222288727760314941e+00 1.441677361726760864e-01 -1.435966014862060547e+00 -7.105643749237060547e-01 3.799405694007873535e-01 -5.141512751579284668e-01 -2.644684612751007080e-01 -7.660363614559173584e-02 -6.205427050590515137e-01
9.989603161811828613e-01 -1.282056570053100586e+00 -3.251046407967805862e-03 -1.425207138061523438e+00 -6.509990692138671875e-01 2.257630079984664917e-01 -8.374543786048889160e-01 -3.442489802837371826e-01 -1.801096051931381226e-01 -6.633293032646179199e-01
-1.500153541564941406e-01 -1.221599459648132324e+00 -1.249270588159561157e-01 -9.528559446334838867e-01 -7.513090968132019043e-01 1.937016695737838745e-01 -4.234713315963745117e-01 -4.662010371685028076e-01 -4.232077896595001221e-01 -4.934996962547302246e-01
-3.373166322708129883e-01 -9.672053456306457520e-01 -2.257174402475357056e-01 -1.017330408096313477e+00 -7.970455288887023926e-01 4.554775953292846680e-01 -1.212972681969404221e-02 -2.571041882038116455e-01 -5.029547214508056641e-01 -6.271641850471496582e-01
-3.466141223907470703e-01 -9.507886171340942383e-01 -2.182712405920028687e-01 -1.027389407157897949e+00 -8.098916411399841309e-01 4.917592406272888184e-01 -2.139860764145851135e-02 -2.677927911281585693e-01 -5.088719725608825684e-01 -6.446589231491088867e-01
-3.381842374801635742e-01 -9.610288143157958984e-01 -2.211368829011917114e-01 -1.023315310478210449e+00 -8.024536967277526855e-01 4.846712946891784668e-01 -1.498312037438154221e-02 -2.614177763462066650e-01 -4.957782626152038574e-01 -6.336162686347961426e-01
-3.411436378955841064e-01 -9.563162326812744141e-01 -2.169942110776901245e-01 -1.026560187339782715e+00 -8.063203096389770508e-01 4.859401583671569824e-01 -8.967819623649120331e-03 -2.587927877902984619e-01 -4.946749210357666016e-01 -6.303712129592895508e-01
-3.401784300804138184e-01 -9.542739391326904297e-01 -2.218609601259231567e-01 -1.024031519889831543e+00 -8.039799332618713379e-01 4.878268241882324219e-01 -6.617727689445018768e-03 -2.620106637477874756e-01 -5.027884244918823242e-01 -6.286008954048156738e-01
-3.587764501571655273e-01 -6.432211399078369141e-01 -2.917165756225585938e-01 -1.057333111763000488e+00 -7.111839652061462402e-01 6.233336925506591797e-01 2.739229202270507812e-01 -2.432232350111007690e-01 -3.492263257503509521e-01 -7.990691065788269043e-01
-6.804846525192260742e-01 -3.947408199310302734e-01 -2.238119095563888550e-01 -9.447834491729736328e-01 -9.950326085090637207e-01 5.016048550605773926e-01 4.664325341582298279e-02 -2.348818629980087280e-01 -3.609053790569305420e-01 -9.037991166114807129e-01
-7.125821709632873535e-01 -3.208630084991455078e-01 -2.615051865577697754e-01 -9.368189573287963867e-01 -9.902458786964416504e-01 3.551319837570190430e-01 -5.845332518219947815e-02 -2.544084489345550537e-01 -3.322556316852569580e-01 -9.480251073837280273e-01
-7.159253358840942383e-01 -3.107891082763671875e-01 -2.528848350048065186e-01 -9.393137097358703613e-01 -9.841278195381164551e-01 3.574748039245605469e-01 -7.374554872512817383e-02 -2.571519911289215088e-01 -3.244489133358001709e-01 -9.470922350883483887e-01
-7.221708297729492188e-01 -3.581824302673339844e-01 -2.540114820003509521e-01 -9.521669745445251465e-01 -1.051915168762207031e+00 4.381661415100097656e-01 5.010652169585227966e-02 -2.187211960554122925e-01 -3.562764823436737061e-01 -8.910402655601501465e-01
-8.012372255325317383e-01 -1.451472193002700806e-01 -3.041474223136901855e-01 -9.706948399543762207e-01 -8.432478308677673340e-01 4.711265563964843750e-01 2.172712087631225586e-01 -2.664172649383544922e-01 -2.605145275592803955e-01 -9.015417695045471191e-01
-9.259473085403442383e-01 -4.747487604618072510e-02 -2.755254507064819336e-01 -9.682364463806152344e-01 -8.175184130668640137e-01 5.720743536949157715e-01 3.122346401214599609e-01 -1.879755109548568726e-01 -1.978942900896072388e-01 -9.388511776924133301e-01
-9.418206810951232910e-01 -3.479923307895660400e-02 -2.881795763969421387e-01 -9.024970531463623047e-01 -7.810015082359313965e-01 4.997182488441467285e-01 2.129666805267333984e-01 -2.464287132024765015e-01 -1.845922172069549561e-01 -1.004447460174560547e+00
-9.179006814956665039e-01 -7.640440762042999268e-02 -3.027684986591339111e-01 -9.087176918983459473e-01 -7.589309811592102051e-01 4.908739924430847168e-01 2.063976526260375977e-01 -2.672857344150543213e-01 -1.946810632944107056e-01 -9.769903421401977539e-01
