1.485523879528045654e-01 2.165218442678451538e-01 -9.436956644058227539e-01 -6.506841182708740234e-01 -8.785389065742492676e-01 6.700609922409057617e-01 -1.708698645234107971e-02 1.132177352905273438e+00 1.084847897291183472e-01 -1.817222917452454567e-03
1.515279561281204224e-01 2.189209312200546265e-01 -9.423849582672119141e-01 -6.441222429275512695e-01 -8.836798071861267090e-01 6.493588685989379883e-01 -3.924253396689891815e-03 1.152618765830993652e+00 1.025458574295043945e-01 -1.032646978273987770e-03
1.160415112972259521e-01 3.270922601222991943e-02 -8.323701620101928711e-01 -6.458904743194580078e-01 -9.674874544143676758e-01 7.780333161354064941e-01 9.958571195602416992e-02 1.183473587036132812e+00 5.076088011264801025e-02 1.201727986335754395e-01
4.288329184055328369e-01 -4.048593044281005859e-01 -8.692689538002014160e-01 -7.434780597686767578e-01 -1.096578598022460938e+00 1.055402278900146484e+00 3.117275834083557129e-01 1.254676818847656250e+00 -3.746655583381652832e-02 3.626881241798400879e-01
4.965272545814514160e-01 -5.201221108436584473e-01 -8.811817765235900879e-01 -7.180031538009643555e-01 -1.126976013183593750e+00 1.216639280319213867e+00 3.454257845878601074e-01 1.267852544784545898e+00 -9.617072343826293945e-02 4.044424891471862793e-01
4.826229810714721680e-01 -5.145184397697448730e-01 -8.728199005126953125e-01 -6.782272458076477051e-01 -1.134920835494995117e+00 1.146520137786865234e+00 3.673866391181945801e-01 1.291677355766296387e+00 -9.600627422332763672e-02 4.169138669967651367e-01
4.728660583496093750e-01 -5.102937817573547363e-01 -8.604505062103271484e-01 -6.874607801437377930e-01 -1.118407964706420898e+00 1.202262043952941895e+00 3.523311018943786621e-01 1.271982431411743164e+00 -8.887384831905364990e-02 4.151608943939208984e-01
4.804644286632537842e-01 -5.136101245880126953e-01 -8.573507070541381836e-01 -6.865937113761901855e-01 -1.137630701065063477e+00 1.181838035583496094e+00 3.526386618614196777e-01 1.276299118995666504e+00 -8.735474944114685059e-02 4.193923473358154297e-01
4.628447890281677246e-01 -5.116519331932067871e-01 -8.605212569236755371e-01 -6.791885495185852051e-01 -1.127671599388122559e+00 1.164984822273254395e+00 3.588545918464660645e-01 1.270347952842712402e+00 -8.692835271358489990e-02 4.173145890235900879e-01
5.109637379646301270e-01 -5.479455590248107910e-01 -8.354964256286621094e-01 -6.927444934844970703e-01 -1.141841650009155273e+00 1.250149250030517578e+00 3.666771650314331055e-01 1.268971204757690430e+00 -6.367078423500061035e-02 3.689406514167785645e-01
2.095600962638854980e-01 -8.643757104873657227e-01 -4.554803967475891113e-01 -5.429507493972778320e-01 -6.175174713134765625e-01 1.392433762550354004e+00 5.404360890388488770e-01 1.230079889297485352e+00 5.102950334548950195e-02 3.397676944732666016e-01
6.328456997871398926e-01 -1.021633386611938477e+00 -1.082978129386901855e+00 -5.863854885101318359e-01 -8.713744580745697021e-02 1.378834366798400879e+00 3.133042454719543457e-01 1.496606230735778809e+00 -6.352563202381134033e-02 -2.976700067520141602e-01
6.595407724380493164e-01 -1.134838223457336426e+00 -1.289611697196960449e+00 -6.398361325263977051e-01 1.111292690038681030e-01 1.126123666763305664e+00 -1.173955481499433517e-02 1.507083415985107422e+00 -2.082677632570266724e-01 -4.588397145271301270e-01
6.810820698738098145e-01 -1.136863231658935547e+00 -1.274898171424865723e+00 -6.412063837051391602e-01 1.162793785333633423e-01 1.124151229858398438e+00 1.509842462837696075e-03 1.517524838447570801e+00 -2.037484645843505859e-01 -4.484596252441406250e-01
6.805047988891601562e-01 -1.139197587966918945e+00 -1.283783793449401855e+00 -6.347892284393310547e-01 1.081233173608779907e-01 1.122190713882446289e+00 1.214545685797929764e-02 1.536229491233825684e+00 -2.027285397052764893e-01 -4.472476243972778320e-01
4.942969679832458496e-01 -1.140201330184936523e+00 -1.267759561538696289e+00 -6.259980201721191406e-01 7.446102797985076904e-02 1.084778785705566406e+00 -2.392453327775001526e-02 1.420997262001037598e+00 -2.366774380207061768e-01 -4.240006804466247559e-01
8.976809680461883545e-02 -1.334820270538330078e+00 -8.448151946067810059e-01 -5.965304970741271973e-01 -9.481786191463470459e-02 9.208811521530151367e-01 2.772511243820190430e-01 1.385799765586853027e+00 -3.010539114475250244e-01 2.379085421562194824e-01
8.598197996616363525e-02 -1.299665689468383789e+00 -8.202815651893615723e-01 -5.894852876663208008e-01 -1.119576543569564819e-01 9.375649690628051758e-01 2.836737036705017090e-01 1.379946231842041016e+00 -2.957085669040679932e-01 2.966330647468566895e-01
8.698444068431854248e-02 -1.295378208160400391e+00 -8.130156993865966797e-01 -5.952662229537963867e-01 -1.109383851289749146e-01 9.454924464225769043e-01 2.936022877693176270e-01 1.374649524688720703e+00 -2.993350923061370850e-01 2.963548898696899414e-01
8.413155376911163330e-02 -1.286818742752075195e+00 -8.105607628822326660e-01 -5.953851938247680664e-01 -1.165837198495864868e-01 9.424430727958679199e-01 2.966981530189514160e-01 1.364688873291015625e+00 -2.997553646564483643e-01 3.008618950843811035e-01
8.762721717357635498e-02 -1.272664666175842285e+00 -8.485251069068908691e-01 -6.170229315757751465e-01 -1.217015236616134644e-01 9.544681906700134277e-01 3.060472607612609863e-01 1.378374934196472168e+00 -3.086190819740295410e-01 2.485978007316589355e-01
4.482985138893127441e-01 -1.237899899482727051e+00 -1.356839776039123535e+00 -6.500759124755859375e-01 -1.756358295679092407e-01 1.001374006271362305e+00 1.424195170402526855e-01 1.422287583351135254e+00 -5.751995444297790527e-01 2.019132971763610840e-01
5.085322856903076172e-01 -1.160643696784973145e+00 -1.462928295135498047e+00 -7.513713836669921875e-01 -1.716618388891220093e-01 9.761695861816406250e-01 9.322267770767211914e-02 1.432645678520202637e+00 -6.435201764106750488e-01 1.529362201690673828e-01
2.426586300134658813e-01 -6.249279975891113281e-01 -1.532500863075256348e+00 -5.917799472808837891e-01 9.058879315853118896e-02 7.360103130340576172e-01 2.842145785689353943e-02 1.571891188621520996e+00 -4.707507193088531494e-01 -1.044099926948547363e-01
1.230911538004875183e-02 -4.349586963653564453e-01 -1.425397038459777832e+00 -4.092558920383453369e-01 1.916381269693374634e-01 4.146792292594909668e-01 -4.068535938858985901e-02 1.762869834899902344e+00 -3.619482219219207764e-01 -1.036593914031982422e-01
2.065704390406608582e-02 -4.416263699531555176e-01 -1.424709200859069824e+00 -5.183166265487670898e-01 2.188512235879898071e-01 3.899989724159240723e-01 -1.867353320121765137e-01 1.587110400199890137e+00 -4.471311867237091064e-01 9.557741880416870117e-02
