2.446147352457046509e-01 8.522592484951019287e-02 7.502098083496093750e-01 -9.151978492736816406e-01 -5.433662533760070801e-01 5.656777024269104004e-01 4.029282927513122559e-01 7.442324757575988770e-01 -1.808909326791763306e-01 -9.972257018089294434e-01
2.401417642831802368e-01 9.490351378917694092e-02 7.640969753265380859e-01 -9.098080396652221680e-01 -5.398932099342346191e-01 5.843293070793151855e-01 3.812440633773803711e-01 7.424890995025634766e-01 -1.900233775377273560e-01 -1.009039402008056641e+00
2.486470937728881836e-01 9.416233003139495850e-02 7.723526954650878906e-01 -9.078827500343322754e-01 -5.309788584709167480e-01 5.697727203369140625e-01 3.818050622940063477e-01 7.448039650917053223e-01 -1.887377649545669556e-01 -9.966939091682434082e-01
2.509826421737670898e-01 7.261888682842254639e-02 7.356012463569641113e-01 -9.084201455116271973e-01 -5.434976220130920410e-01 5.362520217895507812e-01 4.197403192520141602e-01 7.238151431083679199e-01 -1.782355159521102905e-01 -9.766080975532531738e-01
2.340319454669952393e-01 3.261654078960418701e-02 6.597963571548461914e-01 -9.220114946365356445e-01 -5.753432512283325195e-01 5.610953569412231445e-01 5.055645704269409180e-01 6.435867547988891602e-01 -1.243892014026641846e-01 -9.148814678192138672e-01
1.486734747886657715e-01 1.690362393856048584e-02 6.200834512710571289e-01 -9.129343032836914062e-01 -6.461150646209716797e-01 5.742745995521545410e-01 6.467424035072326660e-01 6.178730130195617676e-01 -6.326116621494293213e-02 -7.465885877609252930e-01
-2.004598453640937805e-02 1.066938489675521851e-01 7.110878825187683105e-01 -8.119811415672302246e-01 -6.801439523696899414e-01 5.032018423080444336e-01 9.760036468505859375e-01 5.440789461135864258e-01 8.460308611392974854e-02 -5.481659173965454102e-01
-4.749845340847969055e-02 1.682907193899154663e-01 6.076089143753051758e-01 -7.020773291587829590e-01 -7.871189713478088379e-01 4.182056784629821777e-01 1.113182306289672852e+00 5.096627473831176758e-01 2.714085578918457031e-01 -6.115381121635437012e-01
2.491488680243492126e-02 2.375408262014389038e-01 6.817081570625305176e-01 -7.533575892448425293e-01 -8.779121041297912598e-01 4.463394284248352051e-01 8.017988204956054688e-01 4.855649471282958984e-01 2.047021538019180298e-01 -7.295920252799987793e-01
-7.178902626037597656e-02 2.542252540588378906e-01 4.337410926818847656e-01 -7.127846479415893555e-01 -5.474875569343566895e-01 3.671831488609313965e-01 9.060914516448974609e-01 5.205007791519165039e-01 4.659664332866668701e-01 -8.346078991889953613e-01
3.229520842432975769e-02 5.381367802619934082e-01 8.070257902145385742e-01 -3.950458168983459473e-01 -1.553602337837219238e+00 -4.263806343078613281e-01 -1.113447308540344238e+00 6.303245425224304199e-01 5.984428524971008301e-01 -1.424320101737976074e+00
8.730389177799224854e-02 -1.219524443149566650e-02 1.527409911155700684e+00 -5.479940772056579590e-01 -1.932056993246078491e-01 -1.123675107955932617e+00 -1.549176096916198730e+00 7.285051345825195312e-01 1.856758594512939453e-01 -6.821947693824768066e-01
1.184410899877548218e-01 -6.855161488056182861e-02 1.503137707710266113e+00 -5.563901662826538086e-01 -1.746707111597061157e-01 -1.113578319549560547e+00 -1.589318633079528809e+00 7.652184963226318359e-01 2.250539511442184448e-01 -6.780034303665161133e-01
1.168600618839263916e-01 -6.713528931140899658e-02 1.504830479621887207e+00 -5.545043349266052246e-01 -1.732812076807022095e-01 -1.111589550971984863e+00 -1.591611266136169434e+00 7.691636085510253906e-01 2.183166444301605225e-01 -6.741132140159606934e-01
1.196532994508743286e-01 -6.092216074466705322e-02 1.509616255760192871e+00 -5.582578778266906738e-01 -1.695940941572189331e-01 -1.113563895225524902e+00 -1.574400544166564941e+00 7.737304568290710449e-01 2.157068997621536255e-01 -6.725133061408996582e-01
7.492512464523315430e-02 1.661475151777267456e-01 1.233545064926147461e+00 -4.355205893516540527e-01 -2.686381638050079346e-01 -1.283291459083557129e+00 -1.426432609558105469e+00 7.236116528511047363e-01 5.897355675697326660e-01 -1.006056427955627441e+00
7.152588665485382080e-02 1.790941208600997925e-01 1.234313726425170898e+00 -4.283991158008575439e-01 -2.704831361770629883e-01 -1.293073892593383789e+00 -1.415676116943359375e+00 7.315388321876525879e-01 5.923981070518493652e-01 -1.009579896926879883e+00
7.387296855449676514e-02 1.796797364950180054e-01 1.228006243705749512e+00 -4.355132281780242920e-01 -2.703008055686950684e-01 -1.292685985565185547e+00 -1.413029313087463379e+00 7.249115109443664551e-01 5.915279388427734375e-01 -1.014376759529113770e+00
7.609210908412933350e-02 1.738902777433395386e-01 1.232463479042053223e+00 -4.377913177013397217e-01 -2.644236385822296143e-01 -1.293566823005676270e+00 -1.415078997611999512e+00 7.210186719894409180e-01 5.879573225975036621e-01 -1.011344790458679199e+00
6.332945823669433594e-02 1.755245178937911987e-01 1.235747456550598145e+00 -4.249946773052215576e-01 -2.699119746685028076e-01 -1.291865348815917969e+00 -1.416306853294372559e+00 7.221156954765319824e-01 5.936477780342102051e-01 -1.015298008918762207e+00
1.012811809778213501e-01 2.063667029142379761e-01 1.236543059349060059e+00 -3.968338966369628906e-01 -2.339626699686050415e-01 -1.264124870300292969e+00 -1.243265390396118164e+00 6.864288449287414551e-01 7.224907279014587402e-01 -1.023900151252746582e+00
4.885311052203178406e-02 1.582153290510177612e-01 1.540620923042297363e+00 -4.046556651592254639e-01 -1.374923586845397949e-01 -1.237192273139953613e+00 -1.668117046356201172e-01 4.545148909091949463e-01 1.334985613822937012e+00 -6.262493729591369629e-01
-5.323252454400062561e-02 -2.829582989215850830e-02 1.801833391189575195e+00 -4.438934922218322754e-01 -7.762596011161804199e-02 -1.231633305549621582e+00 6.461673974990844727e-02 3.990165293216705322e-01 7.044383883476257324e-01 -3.489851951599121094e-01
-7.943507283926010132e-02 3.841683734208345413e-03 1.725500464439392090e+00 -4.612316191196441650e-01 -1.477093398571014404e-01 -1.226065397262573242e+00 9.144574403762817383e-02 4.346177875995635986e-01 8.074714541435241699e-01 -3.538649678230285645e-01
-1.238069459795951843e-01 -3.890021145343780518e-02 1.589560031890869141e+00 -4.643828570842742920e-01 -1.150911301374435425e-01 -1.167618393898010254e+00 1.683177351951599121e-01 4.003778696060180664e-01 8.485522866249084473e-01 -3.182567358016967773e-01
-9.540718048810958862e-02 -1.040088087320327759e-01 1.736878991127014160e+00 -5.403178930282592773e-01 -6.845681369304656982e-02 -1.207586288452148438e+00 1.694932579994201660e-01 5.169048905372619629e-01 5.295982956886291504e-01 -1.878596544265747070e-01
