8.245499730110168457e-01 2.570691108703613281e-01 -1.285259276628494263e-01 -8.132708668708801270e-01 -2.605961263179779053e-01 3.801369667053222656e-01 2.995312213897705078e-01 1.142918825149536133e+00 8.523535728454589844e-02 2.855307459831237793e-01
7.819550633430480957e-01 2.266852706670761108e-01 -9.966324269771575928e-02 -8.153204917907714844e-01 -2.671705782413482666e-01 4.221107363700866699e-01 3.152025341987609863e-01 1.117879629135131836e+00 7.608708739280700684e-02 2.902738451957702637e-01
7.367756366729736328e-01 -2.355678379535675049e-02 -1.344905793666839600e-02 -8.749897480010986328e-01 -3.726954162120819092e-01 5.307866930961608887e-01 4.357326030731201172e-01 1.132613182067871094e+00 -2.454877644777297974e-02 5.072183609008789062e-01
1.174759507179260254e+00 -3.288884758949279785e-01 1.185082048177719116e-01 -8.987956047058105469e-01 -3.376762866973876953e-01 7.946016192436218262e-01 6.489161252975463867e-01 1.110455870628356934e+00 -2.049169242382049561e-01 7.280058264732360840e-01
1.158777117729187012e+00 -3.869931697845458984e-01 1.595549136400222778e-01 -8.817301988601684570e-01 -4.182683527469635010e-01 8.336889147758483887e-01 6.652910113334655762e-01 1.108649253845214844e+00 -2.629641890525817871e-01 7.876418232917785645e-01
1.164815545082092285e+00 -3.897145986557006836e-01 1.645846217870712280e-01 -8.793634772300720215e-01 -4.130276739597320557e-01 8.785796761512756348e-01 6.482326388359069824e-01 1.118428945541381836e+00 -2.682401537895202637e-01 7.867193818092346191e-01
1.157105565071105957e+00 -3.845298886299133301e-01 1.598118692636489868e-01 -8.657490611076354980e-01 -4.229806959629058838e-01 8.343151211738586426e-01 6.710951328277587891e-01 1.128454446792602539e+00 -2.591834664344787598e-01 7.875844836235046387e-01
1.153697729110717773e+00 -3.860177993774414062e-01 1.695297211408615112e-01 -8.768354654312133789e-01 -4.256189167499542236e-01 8.531026840209960938e-01 6.701228022575378418e-01 1.118378520011901855e+00 -2.663945257663726807e-01 7.923310399055480957e-01
1.159320235252380371e+00 -3.856335878372192383e-01 1.733910590410232544e-01 -8.701080679893493652e-01 -4.239859282970428467e-01 8.530528545379638672e-01 6.502249836921691895e-01 1.129561424255371094e+00 -2.781281173229217529e-01 7.890939116477966309e-01
1.088276505470275879e+00 -4.317328929901123047e-01 2.073357254266738892e-01 -6.561568379402160645e-01 -2.686717510223388672e-01 9.797472953796386719e-01 7.900329828262329102e-01 1.120028018951416016e+00 -1.702434569597244263e-01 6.132578849792480469e-01
7.152807712554931641e-01 -6.382889747619628906e-01 1.254326850175857544e-01 -6.128159761428833008e-01 -8.537103235721588135e-02 1.477244853973388672e+00 9.003151655197143555e-01 1.108475565910339355e+00 -7.074953615665435791e-02 4.501092806458473206e-02
1.054148077964782715e+00 -7.292221784591674805e-01 -3.023685812950134277e-01 -7.645209431648254395e-01 5.533365011215209961e-01 1.126969933509826660e+00 5.519021153450012207e-01 1.191648364067077637e+00 -3.587723076343536377e-01 -3.396825194358825684e-01
1.049009680747985840e+00 -7.804875969886779785e-01 -3.137823343276977539e-01 -7.619502544403076172e-01 6.487891674041748047e-01 1.064317345619201660e+00 4.475458860397338867e-01 1.206176996231079102e+00 -4.360806047916412354e-01 -3.709247708320617676e-01
1.053639531135559082e+00 -7.856013774871826172e-01 -3.142133951187133789e-01 -7.642390727996826172e-01 6.420557498931884766e-01 1.077849864959716797e+00 4.571740627288818359e-01 1.204803943634033203e+00 -4.401393532752990723e-01 -3.724098205566406250e-01
1.056044220924377441e+00 -7.915734052658081055e-01 -3.198588490486145020e-01 -7.748864889144897461e-01 6.376228332519531250e-01 1.068241357803344727e+00 4.510542750358581543e-01 1.200557470321655273e+00 -4.305139183998107910e-01 -3.714364171028137207e-01
5.644930601119995117e-01 -8.678818941116333008e-01 -2.684205174446105957e-01 -7.246224880218505859e-01 5.450599789619445801e-01 1.091387152671813965e+00 4.646350145339965820e-01 1.072494387626647949e+00 -4.885154664516448975e-01 -2.019810080528259277e-01
4.122050702571868896e-01 -1.021853923797607422e+00 -1.954480707645416260e-01 -7.635679244995117188e-01 4.355656504631042480e-01 1.025007724761962891e+00 8.093528747558593750e-01 1.141536951065063477e+00 -6.127811074256896973e-01 2.437357902526855469e-01
4.083060026168823242e-01 -9.927781820297241211e-01 -1.774763613939285278e-01 -7.763845920562744141e-01 4.335443079471588135e-01 1.023272395133972168e+00 8.166411519050598145e-01 1.104513406753540039e+00 -6.145824193954467773e-01 2.901158928871154785e-01
4.081611633300781250e-01 -9.796772003173828125e-01 -1.777053326368331909e-01 -7.766351699829101562e-01 4.329031407833099365e-01 1.015767097473144531e+00 8.187047839164733887e-01 1.103196144104003906e+00 -6.162046790122985840e-01 2.924581170082092285e-01
4.065580666065216064e-01 -9.825433492660522461e-01 -1.836745142936706543e-01 -7.804279327392578125e-01 4.185188412666320801e-01 1.018424749374389648e+00 8.212868571281433105e-01 1.102452516555786133e+00 -6.147393584251403809e-01 2.960511445999145508e-01
4.378263056278228760e-01 -9.575755000114440918e-01 -2.037637978792190552e-01 -7.921405434608459473e-01 4.060608148574829102e-01 1.062197685241699219e+00 8.107639551162719727e-01 1.102118253707885742e+00 -6.316643357276916504e-01 2.929376959800720215e-01
9.499888420104980469e-01 -9.229296445846557617e-01 -4.032571911811828613e-01 -9.354053139686584473e-01 2.667264938354492188e-01 1.060427784919738770e+00 5.373370051383972168e-01 1.127325534820556641e+00 -9.448475241661071777e-01 2.520676255226135254e-01
1.016823887825012207e+00 -8.958016633987426758e-01 -4.214033186435699463e-01 -9.701163172721862793e-01 3.041457235813140869e-01 1.008168220520019531e+00 4.942007660865783691e-01 1.115809798240661621e+00 -9.593508839607238770e-01 2.499260902404785156e-01
7.366671562194824219e-01 -5.450966954231262207e-01 -4.686990082263946533e-01 -9.607391357421875000e-01 6.163455843925476074e-01 7.796161770820617676e-01 4.032257199287414551e-01 1.264374613761901855e+00 -7.504149675369262695e-01 2.153781056404113770e-01
4.754212498664855957e-01 -4.026415348052978516e-01 -4.519799649715423584e-01 -9.132928252220153809e-01 8.538976907730102539e-01 5.946927666664123535e-01 2.753975391387939453e-01 1.326982259750366211e+00 -7.280395627021789551e-01 2.477301955223083496e-01
4.583896398544311523e-01 -3.881475329399108887e-01 -4.929361045360565186e-01 -9.064772725105285645e-01 9.050182700157165527e-01 4.665203094482421875e-01 2.037481665611267090e-01 1.383121490478515625e+00 -7.679186463356018066e-01 3.196964263916015625e-01
