1.708668023347854614e-01 1.338564008474349976e-01 -1.175948381423950195e+00 -1.057102560997009277e+00 -4.266168177127838135e-01 2.694660425186157227e-01 1.344193816184997559e-01 -3.449549973011016846e-01 3.458805382251739502e-01 4.655305296182632446e-03
1.877492517232894897e-01 1.296106427907943726e-01 -1.196504712104797363e+00 -1.063776850700378418e+00 -4.443871080875396729e-01 2.515593171119689941e-01 1.304599046707153320e-01 -3.411158621311187744e-01 3.447922170162200928e-01 -1.193815097212791443e-02
1.514123827219009399e-01 1.322687119245529175e-01 -1.106762290000915527e+00 -1.057440400123596191e+00 -4.439515471458435059e-01 2.966303825378417969e-01 1.827422976493835449e-01 -3.450773656368255615e-01 3.659466505050659180e-01 5.220628157258033752e-02
1.197264343500137329e-01 1.139353960752487183e-01 -1.048560380935668945e+00 -1.022534012794494629e+00 -4.749590158462524414e-01 2.829188108444213867e-01 2.982476353645324707e-01 -3.533559739589691162e-01 4.150020778179168701e-01 1.030629277229309082e-01
5.476279184222221375e-02 9.457455575466156006e-02 -9.389163255691528320e-01 -9.768281579017639160e-01 -4.760327339172363281e-01 2.896521687507629395e-01 4.587852358818054199e-01 -3.584245741367340088e-01 4.965363740921020508e-01 1.777417063713073730e-01
4.200945422053337097e-02 1.167726963758468628e-01 -9.021344184875488281e-01 -9.524925947189331055e-01 -5.105320811271667480e-01 2.520281076431274414e-01 5.177897810935974121e-01 -3.428539335727691650e-01 5.667067766189575195e-01 1.775240898132324219e-01
-1.032475009560585022e-02 6.007449328899383545e-02 -8.411141633987426758e-01 -8.710587024688720703e-01 -4.628764390945434570e-01 1.221983879804611206e-01 4.851701855659484863e-01 -3.328075706958770752e-01 7.953155636787414551e-01 8.569020032882690430e-02
3.265451639890670776e-03 3.736958503723144531e-01 -8.166776299476623535e-01 -8.880384564399719238e-01 -9.184400439262390137e-01 9.194169938564300537e-02 4.004580974578857422e-01 -2.983360290527343750e-01 7.608544826507568359e-01 3.562128916382789612e-02
2.722562476992607117e-02 4.372900724411010742e-01 -8.607733249664306641e-01 -9.102659225463867188e-01 -1.098891258239746094e+00 1.357502788305282593e-01 2.338843345642089844e-01 -3.147622644901275635e-01 6.656466126441955566e-01 1.855576410889625549e-02
3.092093393206596375e-02 4.286526441574096680e-01 -8.695882558822631836e-01 -9.182357192039489746e-01 -1.108489274978637695e+00 1.516868323087692261e-01 2.069702148437500000e-01 -3.036022484302520752e-01 6.391374468803405762e-01 2.374473726376891136e-03
3.645996376872062683e-02 4.216302633285522461e-01 -8.627573251724243164e-01 -9.213957786560058594e-01 -1.115376472473144531e+00 1.643431633710861206e-01 2.083540558815002441e-01 -3.020864427089691162e-01 6.452797651290893555e-01 1.017249003052711487e-02
3.781224414706230164e-02 4.176663160324096680e-01 -8.668040037155151367e-01 -9.152963161468505859e-01 -1.118175268173217773e+00 1.498520821332931519e-01 2.011597156524658203e-01 -3.085016310214996338e-01 6.432626843452453613e-01 3.267589723691344261e-03
3.511400148272514343e-02 4.296319484710693359e-01 -8.603379726409912109e-01 -9.186560511589050293e-01 -1.120619297027587891e+00 1.579282134771347046e-01 2.028319835662841797e-01 -3.029126822948455811e-01 6.429194808006286621e-01 7.522586733102798462e-03
-1.264952495694160461e-02 5.017484426498413086e-01 -7.472127676010131836e-01 -9.064690470695495605e-01 -1.040310859680175781e+00 1.230088621377944946e-01 6.606811285018920898e-02 -2.240144461393356323e-01 7.383630871772766113e-01 -6.662493944168090820e-02
2.607167959213256836e-01 3.374435305595397949e-01 -8.180633783340454102e-01 -9.612360000610351562e-01 -7.913960814476013184e-01 2.225508540868759155e-01 -9.364984631538391113e-01 -2.497136443853378296e-01 5.203975439071655273e-01 -2.389278709888458252e-01
2.829245924949645996e-01 2.885561585426330566e-01 -8.307463526725769043e-01 -9.909669160842895508e-01 -8.602586388587951660e-01 2.120615094900131226e-01 -1.136318564414978027e+00 -2.319020479917526245e-01 4.307135343551635742e-01 -2.395566403865814209e-01
2.807945013046264648e-01 2.894281148910522461e-01 -8.336242437362670898e-01 -9.862285852432250977e-01 -8.505964279174804688e-01 2.137614339590072632e-01 -1.134136438369750977e+00 -2.279984205961227417e-01 4.333737492561340332e-01 -2.450333237648010254e-01
2.832795381546020508e-01 2.869007587432861328e-01 -8.349426984786987305e-01 -9.913984537124633789e-01 -8.672783374786376953e-01 2.107706516981124878e-01 -1.135943770408630371e+00 -2.374033778905868530e-01 4.273131191730499268e-01 -2.431599497795104980e-01
2.830645442008972168e-01 2.891563177108764648e-01 -8.283531069755554199e-01 -9.884272217750549316e-01 -8.568772077560424805e-01 2.126800268888473511e-01 -1.129826426506042480e+00 -2.308773845434188843e-01 4.276832640171051025e-01 -2.466813325881958008e-01
2.728101015090942383e-01 2.866194248199462891e-01 -8.360994458198547363e-01 -9.888653755187988281e-01 -8.662362694740295410e-01 2.132554501295089722e-01 -1.135628342628479004e+00 -2.303331941366195679e-01 4.221144616603851318e-01 -2.492860555648803711e-01
2.755362391471862793e-01 2.874126434326171875e-01 -8.354956507682800293e-01 -9.903657436370849609e-01 -8.725563883781433105e-01 2.089431732892990112e-01 -1.127295613288879395e+00 -2.313763350248336792e-01 4.276715219020843506e-01 -2.560028135776519775e-01
2.815048694610595703e-01 2.884601354598999023e-01 -8.314766287803649902e-01 -9.854690432548522949e-01 -8.669796586036682129e-01 2.067387551069259644e-01 -1.129695177078247070e+00 -2.346429079771041870e-01 4.297356307506561279e-01 -2.448389530181884766e-01
2.804806828498840332e-01 2.871234416961669922e-01 -8.308320045471191406e-01 -9.785814285278320312e-01 -8.703833818435668945e-01 2.073450535535812378e-01 -1.135057806968688965e+00 -2.293316572904586792e-01 4.260478019714355469e-01 -2.464879751205444336e-01
2.594890594482421875e-01 -8.593216538429260254e-03 -3.191307187080383301e-01 -9.471175670623779297e-01 -1.358855962753295898e+00 1.717601902782917023e-02 -1.172596931457519531e+00 -1.147255748510360718e-01 5.653927922248840332e-01 1.271958947181701660e-01
2.572975754737854004e-01 6.341563165187835693e-02 -4.136924445629119873e-02 -8.520777821540832520e-01 -5.676707625389099121e-01 3.727627396583557129e-01 -4.882283210754394531e-01 -1.853238791227340698e-01 1.599243998527526855e+00 2.656534314155578613e-01
2.716067433357238770e-01 4.955033957958221436e-02 -4.058550298213958740e-02 -8.749527931213378906e-01 -5.565153956413269043e-01 4.094098210334777832e-01 -5.212091207504272461e-01 -1.713793724775314331e-01 1.575939297676086426e+00 2.837794423103332520e-01
2.710972428321838379e-01 4.920630156993865967e-02 -3.852175176143646240e-02 -8.718355894088745117e-01 -5.593457818031311035e-01 4.056298732757568359e-01 -5.254833102226257324e-01 -1.689157336950302124e-01 1.580626845359802246e+00 2.829698920249938965e-01
2.714058160781860352e-01 4.841320216655731201e-02 -4.354988038539886475e-02 -8.694517016410827637e-01 -5.595529675483703613e-01 4.027906060218811035e-01 -5.172405838966369629e-01 -1.696977168321609497e-01 1.578937172889709473e+00 2.840091586112976074e-01
2.732856869697570801e-01 5.229757726192474365e-02 -4.091678559780120850e-02 -8.692793846130371094e-01 -5.559362769126892090e-01 4.145932793617248535e-01 -5.254911780357360840e-01 -1.698148995637893677e-01 1.583367943763732910e+00 2.810033559799194336e-01
2.701045870780944824e-01 5.387340486049652100e-02 -4.261837899684906006e-02 -8.575494289398193359e-01 -5.625106692314147949e-01 4.125342369079589844e-01 -5.216111540794372559e-01 -1.725212186574935913e-01 1.578323245048522949e+00 2.875304818153381348e-01
1.859211474657058716e-01 2.683779001235961914e-01 -8.890722692012786865e-02 -8.357692360877990723e-01 -4.291486144065856934e-01 3.180649876594543457e-01 -3.063053265213966370e-02 -4.118236005306243896e-01 1.939849257469177246e+00 1.009498834609985352e-01
1.132809072732925415e-01 1.899001449346542358e-01 9.234108030796051025e-02 -9.003661274909973145e-01 -8.553293347358703613e-01 3.763324618339538574e-01 2.814913392066955566e-01 -2.346978634595870972e-01 1.903589367866516113e+00 4.181231856346130371e-01
1.633732467889785767e-01 1.612112373113632202e-01 1.163561493158340454e-01 -9.164662361145019531e-01 -8.694173097610473633e-01 4.341458082199096680e-01 3.028869032859802246e-01 -2.115037590265274048e-01 1.835263967514038086e+00 4.610767364501953125e-01
1.636108309030532837e-01 1.632717698812484741e-01 1.138630658388137817e-01 -9.060350656509399414e-01 -8.675546050071716309e-01 4.412410259246826172e-01 3.068894743919372559e-01 -2.260723561048507690e-01 1.839520931243896484e+00 4.551388621330261230e-01
1.315106302499771118e-01 2.408524602651596069e-01 7.157535851001739502e-02 -9.016665220260620117e-01 -7.730337977409362793e-01 3.204185962677001953e-01 3.846410512924194336e-01 -2.519769668579101562e-01 2.006855964660644531e+00 3.466044068336486816e-01
1.215695962309837341e-02 1.307771652936935425e-01 2.169027458876371384e-03 -8.546545505523681641e-01 -6.281584501266479492e-01 1.823646277189254761e-01 6.617774963378906250e-01 -2.524488866329193115e-01 1.759276747703552246e+00 4.171736836433410645e-01
3.272652253508567810e-02 -3.173549473285675049e-02 7.128877937793731689e-02 -8.131411075592041016e-01 -7.261119484901428223e-01 3.082197904586791992e-01 6.589505076408386230e-01 -2.054192274808883667e-01 1.542749762535095215e+00 6.470784544944763184e-01
9.216533601284027100e-02 -1.167263537645339966e-01 1.262636333703994751e-01 -8.487323522567749023e-01 -6.969942450523376465e-01 4.431896805763244629e-01 5.663487315177917480e-01 -1.828077882528305054e-01 1.517465472221374512e+00 6.999582052230834961e-01
