2.268636971712112427e-01 -8.484855294227600098e-03 -1.084763169288635254e+00 -1.167912840843200684e+00 -7.836739420890808105e-01 4.842813611030578613e-01 1.655058264732360840e-01 -1.926180571317672729e-01 3.759112060070037842e-01 -8.085823059082031250e-02
1.956634968519210815e-01 -3.142012655735015869e-02 -1.059051871299743652e+00 -1.151222109794616699e+00 -8.015869259834289551e-01 4.916175007820129395e-01 1.889532208442687988e-01 -2.158017605543136597e-01 3.655469715595245361e-01 -5.834632739424705505e-02
1.896150857210159302e-01 -3.071320056915283203e-01 -1.028282761573791504e+00 -1.250839591026306152e+00 -9.619796872138977051e-01 6.453231573104858398e-01 3.783075809478759766e-01 -2.274215072393417358e-01 2.726783156394958496e-01 1.052860021591186523e-01
6.361432075500488281e-01 -7.890249490737915039e-01 -1.129858851432800293e+00 -1.312443256378173828e+00 -8.848521113395690918e-01 9.167432188987731934e-01 5.339223742485046387e-01 -3.082031309604644775e-01 2.106293886899948120e-01 2.869719266891479492e-01
5.497985482215881348e-01 -8.000805377960205078e-01 -1.068163990974426270e+00 -1.239681124687194824e+00 -9.418225288391113281e-01 9.528849720954895020e-01 5.883656144142150879e-01 -2.710711658000946045e-01 1.643407344818115234e-01 3.208962082862854004e-01
5.771673321723937988e-01 -8.384777903556823730e-01 -1.060945749282836914e+00 -1.226844668388366699e+00 -9.367015957832336426e-01 9.645288586616516113e-01 5.836310982704162598e-01 -2.554167807102203369e-01 1.535048484802246094e-01 3.150680065155029297e-01
5.706803798675537109e-01 -8.443077802658081055e-01 -1.078780412673950195e+00 -1.211922407150268555e+00 -9.441954493522644043e-01 9.519268870353698730e-01 6.147404909133911133e-01 -2.432486265897750854e-01 1.597326099872589111e-01 3.114933371543884277e-01
5.638227462768554688e-01 -8.363507986068725586e-01 -1.071929812431335449e+00 -1.219625949859619141e+00 -9.531585574150085449e-01 9.691468477249145508e-01 6.156929731369018555e-01 -2.590917050838470459e-01 1.531744748353958130e-01 3.101786375045776367e-01
5.635361075401306152e-01 -8.357043862342834473e-01 -1.063378810882568359e+00 -1.218035697937011719e+00 -9.418150186538696289e-01 9.604640603065490723e-01 5.988988280296325684e-01 -2.544074356555938721e-01 1.568110138177871704e-01 3.093068003654479980e-01
5.680530071258544922e-01 -8.365860581398010254e-01 -1.082375884056091309e+00 -1.214449167251586914e+00 -9.483075737953186035e-01 9.620753526687622070e-01 6.063873767852783203e-01 -2.562315762042999268e-01 1.525324136018753052e-01 3.061365485191345215e-01
5.697067975997924805e-01 -8.305622339248657227e-01 -1.071287035942077637e+00 -1.216442346572875977e+00 -9.417094588279724121e-01 9.639142751693725586e-01 5.933798551559448242e-01 -2.484620064496994019e-01 1.591118425130844116e-01 3.119568228721618652e-01
5.662608146667480469e-01 -8.327295184135437012e-01 -1.081333518028259277e+00 -1.227554321289062500e+00 -9.503969550132751465e-01 9.663667678833007812e-01 6.088816523551940918e-01 -2.606259882450103760e-01 1.551770269870758057e-01 3.000169396400451660e-01
5.702203512191772461e-01 -8.367980718612670898e-01 -1.077703833580017090e+00 -1.220447421073913574e+00 -9.510802626609802246e-01 9.623866677284240723e-01 5.977763533592224121e-01 -2.567783296108245850e-01 1.436140984296798706e-01 3.228161931037902832e-01
6.047221422195434570e-01 -9.059773683547973633e-01 -1.032078027725219727e+00 -1.167322278022766113e+00 -9.155742526054382324e-01 9.873178005218505859e-01 6.245589256286621094e-01 -2.611204683780670166e-01 2.003058493137359619e-01 2.512781023979187012e-01
2.064244002103805542e-01 -1.156370401382446289e+00 -6.343730092048645020e-01 -8.849123716354370117e-01 -3.629446923732757568e-01 1.237124085426330566e+00 6.634890437126159668e-01 -1.556158512830734253e-01 1.820143461227416992e-01 2.571051716804504395e-01
4.733162522315979004e-01 -1.157877206802368164e+00 -1.167238831520080566e+00 -1.150011777877807617e+00 8.219107985496520996e-02 1.084251403808593750e+00 4.702860713005065918e-01 -5.940072238445281982e-02 2.334862947463989258e-03 -2.755513191223144531e-01
5.610769391059875488e-01 -1.244247913360595703e+00 -1.370452523231506348e+00 -1.279928326606750488e+00 2.378771752119064331e-01 8.272544741630554199e-01 8.500474691390991211e-02 -8.700709044933319092e-02 -8.661396801471710205e-02 -5.524431467056274414e-01
5.565768480300903320e-01 -1.239957332611083984e+00 -1.363627672195434570e+00 -1.279291152954101562e+00 2.547382712364196777e-01 8.088051080703735352e-01 9.619098901748657227e-02 -8.833925426006317139e-02 -8.842894434928894043e-02 -5.451930165290832520e-01
5.568684935569763184e-01 -1.232398629188537598e+00 -1.370374441146850586e+00 -1.281024932861328125e+00 2.489048689603805542e-01 8.170980215072631836e-01 8.473807573318481445e-02 -8.909074962139129639e-02 -9.314730763435363770e-02 -5.539050102233886719e-01
5.617542266845703125e-01 -1.241329669952392578e+00 -1.373265981674194336e+00 -1.279917240142822266e+00 2.458999305963516235e-01 8.330665230751037598e-01 8.208280801773071289e-02 -8.043460547924041748e-02 -8.772040903568267822e-02 -5.500468611717224121e-01
5.608238577842712402e-01 -1.242684602737426758e+00 -1.367600798606872559e+00 -1.282261013984680176e+00 2.542768418788909912e-01 8.177522420883178711e-01 8.989351987838745117e-02 -9.238450229167938232e-02 -8.709239959716796875e-02 -5.490522980690002441e-01
5.593186616897583008e-01 -1.242860794067382812e+00 -1.370505928993225098e+00 -1.274936318397521973e+00 2.465229779481887817e-01 8.118274807929992676e-01 9.267848730087280273e-02 -8.454219996929168701e-02 -9.111988544464111328e-02 -5.487988591194152832e-01
5.601562261581420898e-01 -1.239400863647460938e+00 -1.366212725639343262e+00 -1.284704089164733887e+00 2.456726282835006714e-01 8.111342787742614746e-01 9.101170301437377930e-02 -8.512644469738006592e-02 -8.872608840465545654e-02 -5.448941588401794434e-01
5.489576980471611023e-02 -1.572658300399780273e+00 -1.135713934898376465e+00 -1.023832798004150391e+00 9.313116967678070068e-02 7.645056843757629395e-01 2.510126233100891113e-01 4.662390053272247314e-02 -1.910001486539840698e-01 -1.970989108085632324e-01
5.300398916006088257e-03 -1.513892173767089844e+00 -9.234638214111328125e-01 -9.081046581268310547e-01 4.152740538120269775e-02 7.274123430252075195e-01 3.989446759223937988e-01 4.746631719172000885e-03 -1.144967675209045410e-01 2.088900208473205566e-01
4.286866635084152222e-03 -1.504576683044433594e+00 -9.181789755821228027e-01 -9.143764376640319824e-01 4.309062659740447998e-02 7.225918769836425781e-01 3.899323344230651855e-01 7.668212987482547760e-03 -1.105435490608215332e-01 2.188263535499572754e-01
7.845174521207809448e-03 -1.510619640350341797e+00 -9.255819320678710938e-01 -9.102005958557128906e-01 4.569278657436370850e-02 7.275401353836059570e-01 4.066341519355773926e-01 6.070927716791629791e-03 -1.145048141479492188e-01 2.194871902465820312e-01
8.002560585737228394e-03 -1.509488105773925781e+00 -9.223266839981079102e-01 -9.148033857345581055e-01 4.821370542049407959e-02 7.324096560478210449e-01 3.849517703056335449e-01 1.014752779155969620e-02 -1.139660328626632690e-01 2.186638712882995605e-01
3.539454191923141479e-03 -1.512939691543579102e+00 -9.220219850540161133e-01 -9.080151915550231934e-01 3.650520741939544678e-02 7.306376695632934570e-01 3.874034285545349121e-01 1.263900194317102432e-02 -1.147286742925643921e-01 2.155955433845520020e-01
3.073106333613395691e-02 -1.461420893669128418e+00 -9.347724318504333496e-01 -9.581832885742187500e-01 3.064642846584320068e-02 7.484335303306579590e-01 4.052169322967529297e-01 2.512128651142120361e-02 -1.060659140348434448e-01 2.124617099761962891e-01
3.310699462890625000e-01 -1.462404489517211914e+00 -1.441726326942443848e+00 -1.087931275367736816e+00 3.042994439601898193e-02 6.965629458427429199e-01 3.372187614440917969e-01 -4.207416437566280365e-03 -3.338759243488311768e-01 6.650286912918090820e-02
4.750683307647705078e-01 -1.414651036262512207e+00 -1.627745509147644043e+00 -1.299520611763000488e+00 5.291537940502166748e-02 6.511580348014831543e-01 2.558122277259826660e-01 -4.291562736034393311e-02 -4.220630228519439697e-01 1.270968094468116760e-02
4.771835803985595703e-01 -1.417154312133789062e+00 -1.630423188209533691e+00 -1.294110894203186035e+00 6.727720797061920166e-02 6.425011754035949707e-01 2.457614541053771973e-01 -4.724840819835662842e-02 -4.182720780372619629e-01 7.213298231363296509e-03
4.562916159629821777e-01 -1.382042646408081055e+00 -1.617841124534606934e+00 -1.302236080169677734e+00 5.189521610736846924e-02 6.508837342262268066e-01 2.406889796257019043e-01 -1.874355971813201904e-02 -4.099872410297393799e-01 3.330234205350279808e-03
2.192593663930892944e-01 -8.295983076095581055e-01 -1.635721802711486816e+00 -1.297444581985473633e+00 1.966113597154617310e-01 4.874911904335021973e-01 8.631294965744018555e-02 3.459180891513824463e-02 -3.060574829578399658e-01 -1.663535237312316895e-01
1.340974494814872742e-02 -6.273201704025268555e-01 -1.516127467155456543e+00 -1.131409645080566406e+00 3.277554214000701904e-01 3.171865344047546387e-01 -6.807601451873779297e-02 1.628483086824417114e-01 -2.095936983823776245e-01 -1.173859834671020508e-01
2.263559028506278992e-02 -5.790466070175170898e-01 -1.547381281852722168e+00 -1.147604942321777344e+00 3.794958293437957764e-01 2.139134854078292847e-01 -1.378023028373718262e-01 9.739424288272857666e-02 -2.204982489347457886e-01 -5.512293428182601929e-03
4.388917610049247742e-02 -5.894879698753356934e-01 -1.589965581893920898e+00 -1.139025926589965820e+00 3.653608858585357666e-01 1.196423023939132690e-01 -9.700083732604980469e-02 1.481887251138687134e-01 -2.189204245805740356e-01 -1.082586869597434998e-02
