1.786523014307022095e-01 1.781167238950729370e-01 -8.318321704864501953e-01 -6.595090627670288086e-01 -1.046710133552551270e+00 7.651652693748474121e-01 3.683385439217090607e-03 1.086217880249023438e+00 1.293722987174987793e-01 -4.647489637136459351e-03
1.952853649854660034e-01 1.957529038190841675e-01 -8.521097302436828613e-01 -6.649059653282165527e-01 -1.035262107849121094e+00 7.479233145713806152e-01 -2.500671520829200745e-02 1.066715121269226074e+00 1.335493475198745728e-01 -4.012223333120346069e-03
1.945742219686508179e-01 2.004372328519821167e-01 -8.651223182678222656e-01 -6.521729230880737305e-01 -1.034078598022460938e+00 7.114278674125671387e-01 -4.264563694596290588e-02 1.075449943542480469e+00 1.235814243555068970e-01 -1.177316531538963318e-02
1.249537467956542969e-01 2.257432788610458374e-01 -8.315611481666564941e-01 -6.537750959396362305e-01 -1.037781715393066406e+00 7.853784561157226562e-01 -2.971196547150611877e-02 1.061798334121704102e+00 1.257688254117965698e-01 1.485568657517433167e-02
8.003716170787811279e-02 2.552713155746459961e-01 -8.079135417938232422e-01 -6.670615673065185547e-01 -1.043415546417236328e+00 8.450865149497985840e-01 2.421247586607933044e-02 1.058611035346984863e+00 1.321321874856948853e-01 -4.309976939111948013e-04
7.987709343433380127e-02 2.714996337890625000e-01 -8.142976760864257812e-01 -6.635338068008422852e-01 -1.028661489486694336e+00 8.758072257041931152e-01 2.141737565398216248e-02 1.074289202690124512e+00 1.372162103652954102e-01 -7.651027292013168335e-03
1.184566468000411987e-01 2.852327823638916016e-01 -8.500943183898925781e-01 -6.350811123847961426e-01 -1.081953287124633789e+00 8.616332411766052246e-01 3.399622067809104919e-02 1.173828244209289551e+00 1.128669828176498413e-01 -4.275854676961898804e-03
1.299075633287429810e-01 2.337287515401840210e-01 -8.686026334762573242e-01 -6.374903917312622070e-01 -1.121456265449523926e+00 7.866019606590270996e-01 -7.957878522574901581e-03 1.131832838058471680e+00 9.630052745342254639e-02 4.347759857773780823e-02
1.722257286310195923e-01 1.980186551809310913e-01 -8.943828344345092773e-01 -6.657145023345947266e-01 -1.070340633392333984e+00 7.203173637390136719e-01 -5.032807961106300354e-02 1.084369421005249023e+00 9.988494217395782471e-02 2.621621266007423401e-02
7.406078279018402100e-02 1.842318475246429443e-02 -7.593225836753845215e-01 -6.840785145759582520e-01 -1.449213027954101562e+00 7.928986549377441406e-01 -5.016976967453956604e-02 1.074257016181945801e+00 -6.382495164871215820e-03 1.798889636993408203e-01
1.257253438234329224e-01 -9.391215443611145020e-01 -3.703719079494476318e-01 -5.851070284843444824e-01 -1.589185118675231934e+00 1.860568374395370483e-01 -5.238002538681030273e-01 9.852241873741149902e-01 -3.576312363147735596e-01 9.739392399787902832e-01
2.162990421056747437e-01 -9.590198397636413574e-01 -8.162586688995361328e-01 -7.011914849281311035e-01 -8.133047819137573242e-01 -1.018447987735271454e-02 -9.642912745475769043e-01 1.053415298461914062e+00 -9.008513092994689941e-01 1.073598265647888184e+00
2.251551002264022827e-01 -9.857136607170104980e-01 -8.630951642990112305e-01 -7.056199312210083008e-01 -7.764300704002380371e-01 -3.335835039615631104e-02 -9.860355257987976074e-01 1.048055648803710938e+00 -8.668851852416992188e-01 1.054144382476806641e+00
2.197493463754653931e-01 -9.843965172767639160e-01 -8.678461909294128418e-01 -7.071784734725952148e-01 -7.772908806800842285e-01 -3.442700207233428955e-02 -9.883813858032226562e-01 1.046574354171752930e+00 -8.717241883277893066e-01 1.046641945838928223e+00
2.273437529802322388e-01 -9.819539189338684082e-01 -8.631702661514282227e-01 -7.029545903205871582e-01 -7.694641351699829102e-01 -3.157640993595123291e-02 -9.950079321861267090e-01 1.039982438087463379e+00 -8.647714853286743164e-01 1.053681254386901855e+00
1.314173191785812378e-01 -8.209103345870971680e-01 -6.279673576354980469e-01 -6.321601271629333496e-01 -1.138938426971435547e+00 1.610468514263629913e-02 -7.435554862022399902e-01 9.637214541435241699e-01 -5.829337239265441895e-01 1.207800269126892090e+00
1.377109438180923462e-01 -8.309617042541503906e-01 -6.273475885391235352e-01 -6.355210542678833008e-01 -1.134206533432006836e+00 1.091753132641315460e-02 -7.533839344978332520e-01 9.500499367713928223e-01 -5.776128172874450684e-01 1.208183526992797852e+00
1.314608603715896606e-01 -8.319990634918212891e-01 -6.330071687698364258e-01 -6.256400346755981445e-01 -1.135196924209594727e+00 1.650445349514484406e-02 -7.382160425186157227e-01 9.568631052970886230e-01 -5.847650766372680664e-01 1.202408909797668457e+00
1.408963799476623535e-01 -8.327729105949401855e-01 -6.249786615371704102e-01 -6.398265361785888672e-01 -1.136262178421020508e+00 1.109592802822589874e-02 -7.410549521446228027e-01 9.579277038574218750e-01 -5.783281326293945312e-01 1.203371286392211914e+00
1.312544196844100952e-01 -8.305148482322692871e-01 -6.249784231185913086e-01 -6.272221803665161133e-01 -1.131880998611450195e+00 1.382194645702838898e-02 -7.403652667999267578e-01 9.584194421768188477e-01 -5.844224095344543457e-01 1.203267574310302734e+00
6.313739717006683350e-02 -5.505844354629516602e-01 -6.924195885658264160e-01 -6.968359947204589844e-01 -1.146770715713500977e+00 2.071879990398883820e-02 -7.202467322349548340e-01 9.064053297042846680e-01 -5.953062176704406738e-01 1.353576660156250000e+00
-2.805851101875305176e-01 1.728783696889877319e-01 -9.155513644218444824e-01 -7.702847123146057129e-01 -1.095520496368408203e+00 -2.165694348514080048e-02 -3.762683272361755371e-01 8.682920336723327637e-01 -5.109996199607849121e-01 1.585991859436035156e+00
-2.965139150619506836e-01 9.187124669551849365e-02 -1.097559690475463867e+00 -7.312157750129699707e-01 -1.025942564010620117e+00 -8.716507256031036377e-02 -6.591014266014099121e-01 8.082939982414245605e-01 -7.584829330444335938e-01 1.100261569023132324e+00
-3.198242187500000000e-01 1.496616452932357788e-01 -1.053344130516052246e+00 -7.422987818717956543e-01 -1.024147868156433105e+00 -5.296309292316436768e-02 -5.768297314643859863e-01 7.871103882789611816e-01 -7.299125194549560547e-01 1.203945517539978027e+00
-3.387865126132965088e-01 2.200013250112533569e-01 -1.035800337791442871e+00 -7.648504376411437988e-01 -1.012281656265258789e+00 -4.872281849384307861e-02 -5.124605894088745117e-01 7.873654365539550781e-01 -6.759424805641174316e-01 1.323952317237854004e+00
-4.323120117187500000e-01 3.327124118804931641e-01 -9.943203926086425781e-01 -7.335611581802368164e-01 -1.053707838058471680e+00 -5.232997238636016846e-02 -4.929962754249572754e-01 6.777821183204650879e-01 -5.889021158218383789e-01 1.243021726608276367e+00
