1.429771333932876587e-01 2.554882168769836426e-01 -3.321370184421539307e-01 -1.505112171173095703e+00 -3.595914840698242188e-01 3.383436799049377441e-01 6.259106397628784180e-01 -7.256978154182434082e-01 2.088634520769119263e-01 -3.441991806030273438e-01
1.511725336313247681e-01 2.954000830650329590e-01 -3.338794112205505371e-01 -1.492905855178833008e+00 -3.193279802799224854e-01 3.348503708839416504e-01 6.294885277748107910e-01 -7.328701019287109375e-01 2.360233962535858154e-01 -3.688894510269165039e-01
1.200848966836929321e-01 1.752195209264755249e-01 -3.270525634288787842e-01 -1.507021546363830566e+00 -4.105032682418823242e-01 3.260430097579956055e-01 6.404932737350463867e-01 -7.545498013496398926e-01 1.532835811376571655e-01 -2.703314423561096191e-01
5.215830728411674500e-02 1.443443745374679565e-01 -3.211598992347717285e-01 -1.518717646598815918e+00 -4.543948471546173096e-01 3.863564729690551758e-01 6.773696541786193848e-01 -7.415347099304199219e-01 1.080092042684555054e-01 -2.168673276901245117e-01
1.258264109492301941e-02 1.868400424718856812e-01 -3.321205079555511475e-01 -1.534811735153198242e+00 -4.697354733943939209e-01 4.353339076042175293e-01 7.359332442283630371e-01 -7.457842230796813965e-01 9.927502274513244629e-02 -2.615290880203247070e-01
3.139336034655570984e-02 1.553033441305160522e-01 -2.970672845840454102e-01 -1.550660848617553711e+00 -5.021829009056091309e-01 4.354599118232727051e-01 7.150198221206665039e-01 -7.230676412582397461e-01 5.960531532764434814e-02 -2.126337885856628418e-01
2.394319698214530945e-02 4.136763513088226318e-02 -2.631449699401855469e-01 -1.558012485504150391e+00 -6.006447672843933105e-01 4.147408008575439453e-01 6.463647484779357910e-01 -6.909031867980957031e-01 -5.885866284370422363e-02 -9.407651424407958984e-02
3.936420008540153503e-02 3.965108096599578857e-02 -2.827945649623870850e-01 -1.533942818641662598e+00 -5.819690823554992676e-01 3.251803517341613770e-01 5.580977797508239746e-01 -6.975760459899902344e-01 -8.676842600107192993e-02 -5.844133719801902771e-02
9.971119463443756104e-02 4.206345975399017334e-02 -2.784731686115264893e-01 -1.530313611030578613e+00 -5.170778036117553711e-01 2.692251205444335938e-01 4.657431840896606445e-01 -6.807479858398437500e-01 -4.685236513614654541e-02 -1.220777630805969238e-01
1.028030961751937866e-01 4.938052594661712646e-02 -2.842984795570373535e-01 -1.531440615653991699e+00 -5.036363601684570312e-01 2.607143521308898926e-01 4.690581560134887695e-01 -6.918344497680664062e-01 -3.354753553867340088e-02 -1.332315802574157715e-01
1.075590997934341431e-01 5.164955556392669678e-02 -2.831531763076782227e-01 -1.539680361747741699e+00 -5.026822686195373535e-01 2.684586644172668457e-01 4.542455673217773438e-01 -6.877765059471130371e-01 -3.500181436538696289e-02 -1.397766470909118652e-01
9.541879594326019287e-02 5.221812427043914795e-02 -2.768376171588897705e-01 -1.534684538841247559e+00 -5.034724473953247070e-01 2.596330046653747559e-01 4.480099081993103027e-01 -6.854153871536254883e-01 -4.429253935813903809e-02 -1.370213627815246582e-01
9.750764071941375732e-02 5.188958346843719482e-02 -2.821678519248962402e-01 -1.529711842536926270e+00 -5.039039254188537598e-01 2.622128725051879883e-01 4.538794755935668945e-01 -6.865810155868530273e-01 -3.751379251480102539e-02 -1.414082050323486328e-01
1.281354576349258423e-01 -7.036103308200836182e-02 -3.062075674533843994e-01 -1.541827678680419922e+00 -5.035395026206970215e-01 3.854994773864746094e-01 6.819704174995422363e-01 -7.668769359588623047e-01 -1.170265227556228638e-01 3.928017988801002502e-02
6.401059627532958984e-01 -3.437925577163696289e-01 -3.822543025016784668e-01 -1.777955174446105957e+00 -4.520016610622406006e-01 1.891357153654098511e-01 3.564458712935447693e-02 -6.891536116600036621e-01 -4.190447330474853516e-01 -1.550934314727783203e-01
6.583642959594726562e-01 -3.420709371566772461e-01 -3.915373086929321289e-01 -1.779924273490905762e+00 -4.452126324176788330e-01 1.884112805128097534e-01 3.528231009840965271e-02 -6.963222622871398926e-01 -4.084893763065338135e-01 -1.682620048522949219e-01
6.554353833198547363e-01 -3.428297042846679688e-01 -3.877930641174316406e-01 -1.779982209205627441e+00 -4.478752315044403076e-01 1.839654296636581421e-01 8.065399713814258575e-03 -6.993918418884277344e-01 -4.176785051822662354e-01 -1.792591214179992676e-01
6.545801162719726562e-01 -3.421671390533447266e-01 -3.861608505249023438e-01 -1.788728117942810059e+00 -4.456106722354888916e-01 1.851956099271774292e-01 8.780774660408496857e-03 -7.003645896911621094e-01 -4.209267199039459229e-01 -1.735738515853881836e-01
6.597993373870849609e-01 -3.447009325027465820e-01 -3.990792930126190186e-01 -1.786693692207336426e+00 -4.483657777309417725e-01 1.908298581838607788e-01 1.346683222800493240e-02 -7.096592783927917480e-01 -4.137397110462188721e-01 -1.725187897682189941e-01
6.411922574043273926e-01 -3.450849056243896484e-01 -3.823940753936767578e-01 -1.783642292022705078e+00 -4.596652090549468994e-01 1.893763393163681030e-01 1.034972257912158966e-03 -7.022082209587097168e-01 -4.297357499599456787e-01 -1.735245585441589355e-01
6.581142544746398926e-01 -3.406268954277038574e-01 -3.908651769161224365e-01 -1.778361201286315918e+00 -4.474714696407318115e-01 1.946769803762435913e-01 1.224165875464677811e-02 -7.000539898872375488e-01 -4.179999828338623047e-01 -1.695893406867980957e-01
6.558839082717895508e-01 -3.418190479278564453e-01 -3.881763219833374023e-01 -1.785570502281188965e+00 -4.495001137256622314e-01 1.902428716421127319e-01 1.225065905600786209e-02 -6.933384537696838379e-01 -4.184978306293487549e-01 -1.684467792510986328e-01
6.442428231239318848e-01 -3.383746743202209473e-01 -3.849890232086181641e-01 -1.777060031890869141e+00 -4.588406980037689209e-01 1.856244653463363647e-01 -4.787567071616649628e-03 -6.976320743560791016e-01 -4.226091802120208740e-01 -1.770287156105041504e-01
5.081251859664916992e-01 -4.197128415107727051e-01 -4.133529067039489746e-01 -1.780765414237976074e+00 -4.648659229278564453e-01 2.766733057796955109e-02 -3.917768597602844238e-01 -7.860468029975891113e-01 -6.531851291656494141e-01 -3.442444205284118652e-01
-1.070920974016189575e-01 -6.864140033721923828e-01 -5.169424414634704590e-01 -1.411902785301208496e+00 -8.366402983665466309e-01 4.663651585578918457e-01 3.389633893966674805e-01 -7.503951191902160645e-01 -1.237113356590270996e+00 -6.374410986900329590e-01
-1.249169856309890747e-01 -6.914004087448120117e-01 -4.865707457065582275e-01 -1.416749358177185059e+00 -8.527079224586486816e-01 4.749010205268859863e-01 2.665524482727050781e-01 -7.356645464897155762e-01 -1.253168463706970215e+00 -6.236683130264282227e-01
-1.248620003461837769e-01 -6.851230859756469727e-01 -5.085011124610900879e-01 -1.400216937065124512e+00 -8.598214983940124512e-01 4.729911684989929199e-01 2.922806143760681152e-01 -7.261271476745605469e-01 -1.241899609565734863e+00 -6.219334006309509277e-01
-1.223725825548171997e-01 -6.909488439559936523e-01 -5.009843111038208008e-01 -1.409913778305053711e+00 -8.501537442207336426e-01 4.712283015251159668e-01 2.920158505439758301e-01 -7.336964011192321777e-01 -1.226858973503112793e+00 -6.221241354942321777e-01
-1.308666169643402100e-01 -6.833112239837646484e-01 -5.057712197303771973e-01 -1.407777667045593262e+00 -8.548532128334045410e-01 4.747397303581237793e-01 2.945556044578552246e-01 -7.315569519996643066e-01 -1.228620767593383789e+00 -6.334788203239440918e-01
-1.343010216951370239e-01 -6.501970291137695312e-01 -5.100342035293579102e-01 -1.413378953933715820e+00 -8.660594820976257324e-01 4.997249841690063477e-01 3.285517692565917969e-01 -7.275091409683227539e-01 -1.223273873329162598e+00 -6.466614603996276855e-01
-3.079336285591125488e-01 -1.025796681642532349e-01 -6.263629198074340820e-01 -1.403612971305847168e+00 -9.319383502006530762e-01 7.745193243026733398e-01 7.592172026634216309e-01 -7.337290644645690918e-01 -1.005696058273315430e+00 -8.530508875846862793e-01
-4.387708008289337158e-01 -1.917852461338043213e-02 -5.825727581977844238e-01 -1.390245676040649414e+00 -1.005788326263427734e+00 5.059059262275695801e-01 3.489148020744323730e-01 -7.301014661788940430e-01 -1.128229141235351562e+00 -8.460991978645324707e-01
-4.442794919013977051e-01 -3.774120938032865524e-03 -5.814716219902038574e-01 -1.377931475639343262e+00 -9.777938127517700195e-01 4.381657838821411133e-01 2.664961814880371094e-01 -7.318257689476013184e-01 -1.099086880683898926e+00 -8.910523056983947754e-01
-4.446706771850585938e-01 -5.450393073260784149e-04 -5.825984477996826172e-01 -1.376911759376525879e+00 -9.745659232139587402e-01 4.310075640678405762e-01 2.659940123558044434e-01 -7.339181900024414062e-01 -1.105404496192932129e+00 -8.875786066055297852e-01
-4.948349595069885254e-01 5.972771346569061279e-02 -5.785834789276123047e-01 -1.399240374565124512e+00 -1.003371000289916992e+00 4.962239861488342285e-01 4.484674930572509766e-01 -7.656211256980895996e-01 -1.094189405441284180e+00 -8.712328076362609863e-01
-5.854228138923645020e-01 2.139410823583602905e-01 -5.819904804229736328e-01 -1.437815308570861816e+00 -8.893870115280151367e-01 6.401098966598510742e-01 6.470633149147033691e-01 -8.964243531227111816e-01 -9.765351414680480957e-01 -9.368407130241394043e-01
-6.754462122917175293e-01 3.595852255821228027e-01 -5.666415691375732422e-01 -1.369639515876770020e+00 -8.983190059661865234e-01 6.402201056480407715e-01 5.594695806503295898e-01 -8.646023869514465332e-01 -8.178922533988952637e-01 -1.090243935585021973e+00
-6.921494603157043457e-01 3.559895157814025879e-01 -5.948059558868408203e-01 -1.314939022064208984e+00 -8.334445953369140625e-01 5.755405426025390625e-01 4.772485196590423584e-01 -8.853899836540222168e-01 -7.835773229598999023e-01 -1.118716716766357422e+00
