-5.619025213739999858e-01 -3.202639068829999935e-01 -2.958049037439999807e-03 3.465912778920000048e-01 -3.298830965760000261e-02 -5.631115390980000468e-01 3.216780757470000252e-01 4.102640076600000060e-03 -3.432506283189999952e-01 4.573572998670000223e-02
-5.613141306150000176e-01 -3.202639068829999935e-01 -2.958049037439999807e-03 3.449655506889999779e-01 -3.298830965760000261e-02 -5.219238201320000048e-01 1.406584157009999891e-01 6.411913769749999492e-02 -1.140210712379999963e-01 -3.176061684250000017e-01
-5.613141306150000176e-01 -3.202639068829999935e-01 -2.958049037439999807e-03 3.465912778920000048e-01 -3.298830965760000261e-02 -3.530540260510000028e-01 -2.348448057499999964e-01 2.253397604550000100e-01 2.355138149500000111e-01 -6.008782250499999922e-01
-5.613141306150000176e-01 -3.202639068829999935e-01 -2.958049037439999807e-03 3.465912778920000048e-01 -3.298830965760000261e-02 -1.788886236829999865e-01 -4.517690553190000236e-01 3.842068201750000189e-01 2.696543388959999898e-01 -6.096252592290000161e-01
-5.619025213739999858e-01 -3.202639068829999935e-01 -2.958049037439999807e-03 3.449655506889999779e-01 -3.298830965760000261e-02 -7.415406253919999691e-02 -4.652334217140000061e-01 4.530491791879999730e-01 2.745315205059999930e-01 -6.102981080110000400e-01
-5.613141306150000176e-01 -3.202639068829999935e-01 -2.958049037439999807e-03 3.449655506889999779e-01 -3.298830965760000261e-02 -6.709328197489999868e-02 -4.697214663400000045e-01 4.542259607069999983e-01 2.810346819969999910e-01 -6.102981080110000400e-01
-5.619025213739999858e-01 -3.202639068829999935e-01 -2.958049037439999807e-03 3.449655506889999779e-01 -3.298830965760000261e-02 -6.709328197489999868e-02 -4.697214663400000045e-01 4.542259607069999983e-01 2.810346819969999910e-01 -6.102981080110000400e-01
-5.613141306150000176e-01 -3.202639068829999935e-01 -2.958049037439999807e-03 3.449655506889999779e-01 -3.298830965760000261e-02 -6.709328197489999868e-02 -4.697214663400000045e-01 4.542259607069999983e-01 2.810346819969999910e-01 -6.096252592290000161e-01
-5.613141306150000176e-01 -3.202639068829999935e-01 -2.958049037439999807e-03 3.465912778920000048e-01 -3.298830965760000261e-02 -7.886118861520000078e-02 -4.697214663400000045e-01 4.542259607069999983e-01 2.517713396599999820e-01 -6.493237557309999852e-01
-5.613141306150000176e-01 -3.202639068829999935e-01 -2.958049037439999807e-03 3.465912778920000048e-01 -3.298830965760000261e-02 -8.474518766039999818e-02 -4.697214663400000045e-01 4.542259607069999983e-01 -8.313174902070000205e-02 -6.533608484280000184e-01
-5.613141306150000176e-01 -3.202639068829999935e-01 -2.958049037439999807e-03 3.449655506889999779e-01 -3.298830965760000261e-02 -8.474518766039999818e-02 -4.712174812150000114e-01 4.554027879520000099e-01 -5.155794806079999626e-01 -6.540336972110000202e-01
-5.613141306150000176e-01 -3.202639068829999935e-01 -2.958049037439999807e-03 3.449655506889999779e-01 -3.298830965760000261e-02 -8.886392297700000664e-02 -4.712174812150000114e-01 4.554027879520000099e-01 -7.253003112500000515e-01 -6.553793947770000239e-01
-5.613141306150000176e-01 -3.202639068829999935e-01 -2.958049037439999807e-03 3.449655506889999779e-01 -3.298830965760000261e-02 -9.651309430070000028e-02 -4.757055258410000098e-01 4.559911787109999781e-01 -7.513121991790000509e-01 -6.567250923430000276e-01
-5.613141306150000176e-01 -3.202639068829999935e-01 -2.958049037439999807e-03 3.465912778920000048e-01 -3.298830965760000261e-02 -9.651309430070000028e-02 -4.757055258410000098e-01 4.559911787109999781e-01 -7.513121991790000509e-01 -6.560522435600000257e-01
-5.613141306150000176e-01 -3.202639068829999935e-01 -2.958049037439999807e-03 3.465912778920000048e-01 -3.298830965760000261e-02 -9.651309430070000028e-02 -4.757055258410000098e-01 4.559911787109999781e-01 -7.513121991790000509e-01 -6.567250923430000276e-01
-5.613141306150000176e-01 -3.202639068829999935e-01 -2.958049037439999807e-03 3.465912778920000048e-01 -3.298830965760000261e-02 -9.651309430070000028e-02 -4.772015407160000167e-01 4.559911787109999781e-01 -5.497201308929999808e-01 -6.567250923430000276e-01
-5.613141306150000176e-01 -3.202639068829999935e-01 -2.958049037439999807e-03 3.449655506889999779e-01 -3.298830965760000261e-02 -9.651309430070000028e-02 -4.772015407160000167e-01 4.559911787109999781e-01 -3.578824258259999946e-01 -6.560522435600000257e-01
-5.613141306150000176e-01 -3.202639068829999935e-01 -2.958049037439999807e-03 3.465912778920000048e-01 -3.298830965760000261e-02 -9.651309430070000028e-02 -4.757055258410000098e-01 4.559911787109999781e-01 -3.546309714190000184e-01 -6.560522435600000257e-01
-5.613141306150000176e-01 -3.202639068829999935e-01 -2.958049037439999807e-03 3.449655506889999779e-01 -3.298830965760000261e-02 -9.651309430070000028e-02 -4.757055258410000098e-01 4.559911787109999781e-01 -3.530052442159999915e-01 -6.560522435600000257e-01
-5.613141306150000176e-01 -3.202639068829999935e-01 -2.958049037439999807e-03 3.449655506889999779e-01 -3.298830965760000261e-02 -9.651309430070000028e-02 -4.772015407160000167e-01 4.559911787109999781e-01 -3.530052442159999915e-01 -6.560522435600000257e-01
-5.613141306150000176e-01 -3.202639068829999935e-01 -2.958049037439999807e-03 3.465912778920000048e-01 -3.298830965760000261e-02 -7.062371798210000107e-02 -4.772015407160000167e-01 4.559911787109999781e-01 -1.562902311999999905e-01 -6.203910489099999648e-01
-5.613141306150000176e-01 -3.202639068829999935e-01 -2.958049037439999807e-03 3.465912778920000048e-01 -3.298830965760000261e-02 -6.885845425339999493e-02 -4.772015407160000167e-01 4.559911787109999781e-01 2.273851789340000096e-01 -6.190453513439999611e-01
-5.619025213739999858e-01 -3.202639068829999935e-01 -2.958049037439999807e-03 3.449655506889999779e-01 -3.298830965760000261e-02 -6.827006349389999618e-02 -4.682254514649999977e-01 4.471652258680000047e-01 2.257591990529999870e-01 -4.938942227909999816e-01
-5.613141306150000176e-01 -3.202639068829999935e-01 -2.958049037439999807e-03 3.465912778920000048e-01 -3.298830965760000261e-02 -1.988940924070000116e-01 -1.226425275189999969e-01 3.088920713569999754e-01 -1.741734831139999939e-01 -7.419846751469999849e-03
-5.613141306150000176e-01 -3.217599217580000004e-01 -2.958049037439999807e-03 3.449655506889999779e-01 -3.298830965760000261e-02 -3.965953080549999843e-01 2.693170900779999766e-01 1.229587623489999948e-01 -3.318705378960000174e-01 4.102578850610000272e-02
-5.613141306150000176e-01 -3.142798473819999883e-01 -2.958049037439999807e-03 3.498427322989999810e-01 -3.298830965760000261e-02 -5.366335891200000319e-01 2.887655159740000199e-01 1.410546588860000020e-02 -3.399991739120000189e-01 4.506288120379999679e-02
