-5.595489583360000463e-01 -3.202639068829999935e-01 -2.369658277940000189e-03 3.465912778920000048e-01 -3.366115844059999751e-02 -5.589928037820000029e-01 3.141980013699999796e-01 4.102640076600000060e-03 -3.432506283189999952e-01 4.506288120379999679e-02
-5.436622706539999683e-01 -1.901094501479999865e-01 -4.885298552979999709e-02 1.596306280960000101e-01 2.549937930250000262e-01 -5.589928037820000029e-01 3.141980013699999796e-01 4.102640076600000060e-03 -3.416249011160000237e-01 4.506288120379999679e-02
-3.765576488510000153e-01 1.883860335710000056e-01 -2.083084360090000087e-01 -2.045358029209999873e-01 5.968042689400000489e-01 -5.589928037820000029e-01 3.141980013699999796e-01 4.102640076600000060e-03 -3.416249011160000237e-01 4.506288120379999679e-02
-1.888591675650000135e-01 4.471991646819999944e-01 -3.783550116100000138e-01 -2.565595787809999972e-01 6.068971052610000472e-01 -5.589928037820000029e-01 3.141980013699999796e-01 4.102640076600000060e-03 -3.416249011160000237e-01 4.506288120379999679e-02
-7.824060737580000591e-02 4.741276649550000277e-01 -4.542581511870000255e-01 -2.614367603910000004e-01 6.075699540440000490e-01 -5.589928037820000029e-01 3.141980013699999796e-01 4.102640076600000060e-03 -3.416249011160000237e-01 4.506288120379999679e-02
-6.764948225450000130e-02 4.756236798299999791e-01 -4.572001049850000221e-01 -2.663139420000000257e-01 6.075699540440000490e-01 -5.589928037820000029e-01 3.141980013699999796e-01 4.102640076600000060e-03 -3.416249011160000237e-01 4.506288120379999679e-02
-6.823787301400000005e-02 4.741276649550000277e-01 -4.572001049850000221e-01 -2.663139420000000257e-01 6.068971052610000472e-01 -5.589928037820000029e-01 3.141980013699999796e-01 4.691030836099999678e-03 -3.416249011160000237e-01 4.506288120379999679e-02
-6.823787301400000005e-02 4.741276649550000277e-01 -4.572001049850000221e-01 -2.663139420000000257e-01 6.068971052610000472e-01 -5.589928037820000029e-01 3.141980013699999796e-01 4.102640076600000060e-03 -3.416249011160000237e-01 4.506288120379999679e-02
-6.823787301400000005e-02 4.756236798299999791e-01 -4.572001049850000221e-01 -2.663139420000000257e-01 6.068971052610000472e-01 -5.589928037820000029e-01 3.141980013699999796e-01 4.102640076600000060e-03 -3.416249011160000237e-01 4.506288120379999679e-02
-6.823787301400000005e-02 4.756236798299999791e-01 -4.572001049850000221e-01 -2.663139420000000257e-01 6.075699540440000490e-01 -5.589928037820000029e-01 3.141980013699999796e-01 4.102640076600000060e-03 -3.416249011160000237e-01 4.506288120379999679e-02
-6.823787301400000005e-02 4.741276649550000277e-01 -4.572001049850000221e-01 -2.663139420000000257e-01 6.075699540440000490e-01 -5.589928037820000029e-01 3.141980013699999796e-01 4.102640076600000060e-03 -3.416249011160000237e-01 4.506288120379999679e-02
-6.764948225450000130e-02 4.741276649550000277e-01 -4.572001049850000221e-01 -2.663139420000000257e-01 6.075699540440000490e-01 -5.589928037820000029e-01 3.141980013699999796e-01 4.102640076600000060e-03 -3.416249011160000237e-01 4.506288120379999679e-02
-6.823787301400000005e-02 4.741276649550000277e-01 -4.572001049850000221e-01 -2.663139420000000257e-01 6.075699540440000490e-01 -5.589928037820000029e-01 3.141980013699999796e-01 4.102640076600000060e-03 -3.416249011160000237e-01 4.506288120379999679e-02
-8.471299718060000539e-02 4.741276649550000277e-01 -4.572001049850000221e-01 -1.622663902810000114e-01 6.506326944610000274e-01 -5.589928037820000029e-01 3.141980013699999796e-01 4.691030836099999678e-03 -3.432506283189999952e-01 4.506288120379999679e-02
-8.647816945910000164e-02 4.756236798299999791e-01 -4.572001049850000221e-01 2.604267254090000261e-01 6.513055432440000292e-01 -5.589928037820000029e-01 3.141980013699999796e-01 4.102640076600000060e-03 -3.416249011160000237e-01 4.573572998670000223e-02
-9.118538698540000487e-02 4.741276649550000277e-01 -4.577884957439999902e-01 6.294703380360000544e-01 6.513055432440000292e-01 -5.589928037820000029e-01 3.141980013699999796e-01 4.102640076600000060e-03 -3.416249011160000237e-01 4.573572998670000223e-02
-9.648090382089999362e-02 4.756236798299999791e-01 -4.577884957439999902e-01 7.383950713650000441e-01 6.526512408100000329e-01 -5.589928037820000029e-01 3.141980013699999796e-01 4.102640076600000060e-03 -3.416249011160000237e-01 4.573572998670000223e-02
-9.706929458040000624e-02 4.756236798299999791e-01 -4.583768865039999918e-01 7.383950713650000441e-01 6.526512408100000329e-01 -5.589928037820000029e-01 3.141980013699999796e-01 4.102640076600000060e-03 -3.416249011160000237e-01 4.573572998670000223e-02
-9.706929458040000624e-02 4.756236798299999791e-01 -4.583768865039999918e-01 7.383950713650000441e-01 6.519783920270000310e-01 -5.589928037820000029e-01 3.141980013699999796e-01 4.102640076600000060e-03 -3.432506283189999952e-01 4.573572998670000223e-02
-9.706929458040000624e-02 4.756236798299999791e-01 -4.577884957439999902e-01 7.383950713650000441e-01 6.526512408100000329e-01 -5.589928037820000029e-01 3.141980013699999796e-01 4.102640076600000060e-03 -3.416249011160000237e-01 4.573572998670000223e-02
-9.706929458040000624e-02 4.756236798299999791e-01 -4.583768865039999918e-01 7.383950713650000441e-01 6.526512408100000329e-01 -5.589928037820000029e-01 3.141980013699999796e-01 4.102640076600000060e-03 -3.416249011160000237e-01 4.573572998670000223e-02
-9.706929458040000624e-02 4.756236798299999791e-01 -4.583768865039999918e-01 7.383950713650000441e-01 6.526512408100000329e-01 -5.589928037820000029e-01 3.141980013699999796e-01 4.102640076600000060e-03 -3.416249011160000237e-01 4.573572998670000223e-02
-9.706929458040000624e-02 4.756236798299999791e-01 -4.583768865039999918e-01 7.383950713650000441e-01 6.526512408100000329e-01 -5.589928037820000029e-01 3.141980013699999796e-01 4.691030836099999678e-03 -3.416249011160000237e-01 4.573572998670000223e-02
-9.648090382089999362e-02 4.771196947049999859e-01 -4.583768865039999918e-01 5.042883326739999728e-01 6.526512408100000329e-01 -5.584044130219999458e-01 3.141980013699999796e-01 4.102640076600000060e-03 -3.416249011160000237e-01 4.573572998670000223e-02
-9.706929458040000624e-02 4.756236798299999791e-01 -4.583768865039999918e-01 3.677257315349999889e-01 6.526512408100000329e-01 -5.589928037820000029e-01 3.141980013699999796e-01 4.102640076600000060e-03 -3.416249011160000237e-01 4.573572998670000223e-02
-9.706929458040000624e-02 4.756236798299999791e-01 -4.577884957439999902e-01 3.612228227209999809e-01 6.526512408100000329e-01 -5.589928037820000029e-01 3.141980013699999796e-01 4.102640076600000060e-03 -3.416249011160000237e-01 4.573572998670000223e-02
-9.706929458040000624e-02 4.756236798299999791e-01 -4.577884957439999902e-01 3.612228227209999809e-01 6.526512408100000329e-01 -5.589928037820000029e-01 3.141980013699999796e-01 4.102640076600000060e-03 -3.416249011160000237e-01 4.573572998670000223e-02
-9.648090382089999362e-02 4.756236798299999791e-01 -4.577884957439999902e-01 3.612228227209999809e-01 6.526512408100000329e-01 -5.589928037820000029e-01 3.141980013699999796e-01 4.691030836099999678e-03 -3.416249011160000237e-01 4.573572998670000223e-02
-9.706929458040000624e-02 4.756236798299999791e-01 -4.583768865039999918e-01 3.612228227209999809e-01 6.526512408100000329e-01 -5.589928037820000029e-01 3.141980013699999796e-01 4.691030836099999678e-03 -3.416249011160000237e-01 4.506288120379999679e-02
-8.235943414259999651e-02 4.756236798299999791e-01 -4.577884957439999902e-01 3.189534100809999773e-01 6.324656204559999662e-01 -5.584044130219999458e-01 3.141980013699999796e-01 4.691030836099999678e-03 -3.416249011160000237e-01 4.573572998670000223e-02
-6.764948225450000130e-02 4.756236798299999791e-01 -4.583768865039999918e-01 -1.757515312519999928e-02 6.257370280489999992e-01 -5.589928037820000029e-01 3.141980013699999796e-01 4.102640076600000060e-03 -3.416249011160000237e-01 4.573572998670000223e-02
-6.764948225450000130e-02 4.756236798299999791e-01 -4.583768865039999918e-01 -2.549338515780000258e-01 6.257370280489999992e-01 -5.589928037820000029e-01 3.141980013699999796e-01 4.691030836099999678e-03 -3.416249011160000237e-01 4.573572998670000223e-02
-6.764948225450000130e-02 4.756236798299999791e-01 -4.583768865039999918e-01 -2.598110331869999956e-01 6.257370280489999992e-01 -5.589928037820000029e-01 3.141980013699999796e-01 4.102640076600000060e-03 -3.416249011160000237e-01 4.640857876969999712e-02
-6.764948225450000130e-02 4.756236798299999791e-01 -4.572001049850000221e-01 -2.581853059840000242e-01 5.638343648439999578e-01 -5.589928037820000029e-01 3.141980013699999796e-01 4.102640076600000060e-03 -3.416249011160000237e-01 4.573572998670000223e-02
-1.406106680349999971e-01 2.063384445919999866e-01 -3.495236814930000047e-01 7.671803537440000098e-02 7.735993651649999969e-02 -5.584044130219999458e-01 3.141980013699999796e-01 4.102640076600000060e-03 -3.416249011160000237e-01 4.640857876969999712e-02
-3.336046661559999849e-01 -1.437325239799999987e-01 -1.677091078019999904e-01 3.124505012680000027e-01 -2.827836817699999963e-02 -5.589928037820000029e-01 3.156940162460000199e-01 4.102640076600000060e-03 -3.399991739120000189e-01 4.842712511850000290e-02
-5.130656310840000511e-01 -2.843590848420000095e-01 -2.119834548249999867e-02 3.530941867049999794e-01 -2.962406574289999997e-02 -5.589928037820000029e-01 3.171900311210000267e-01 4.102640076600000060e-03 -3.269933562860000142e-01 4.708142755260000256e-02
-5.601373490959999923e-01 -3.038075107379999973e-01 -3.546439796939999858e-03 3.465912778920000048e-01 -2.962406574289999997e-02 -5.589928037820000029e-01 3.127019864949999728e-01 4.102640076600000060e-03 -3.399991739120000189e-01 4.842712511850000290e-02
