-5.601373490959999923e-01 -3.217599217580000004e-01 -2.369658277940000189e-03 3.465912778920000048e-01 -3.433400722350000295e-02 -5.578160222629999776e-01 3.156940162460000199e-01 4.691030836099999678e-03 -3.416249011160000237e-01 4.506288120379999679e-02
-5.601373490959999923e-01 -2.649108914630000089e-01 -2.119834548249999867e-02 2.588009982059999992e-01 9.485421402730000173e-02 -5.578160222629999776e-01 3.156940162460000199e-01 4.691030836099999678e-03 -3.416249011160000237e-01 4.506288120379999679e-02
-4.312785381859999823e-01 5.523954708579999900e-02 -1.488804205979999962e-01 -1.053654328120000039e-01 5.564329236549999669e-01 -5.578160222629999776e-01 3.156940162460000199e-01 4.691030836099999678e-03 -3.416249011160000237e-01 4.506288120379999679e-02
-2.335773225389999874e-01 4.142866049089999891e-01 -3.395208556809999889e-01 -2.549338515780000258e-01 6.068971052610000472e-01 -5.578160222629999776e-01 3.156940162460000199e-01 4.691030836099999678e-03 -3.399991739120000189e-01 4.506288120379999679e-02
-9.530412230189999612e-02 4.726316500789999875e-01 -4.466090713140000168e-01 -2.581853059840000242e-01 6.068971052610000472e-01 -5.578160222629999776e-01 3.156940162460000199e-01 4.691030836099999678e-03 -3.416249011160000237e-01 4.506288120379999679e-02
-6.882626377349999880e-02 4.741276649550000277e-01 -4.566117142250000205e-01 -2.646882147969999988e-01 6.068971052610000472e-01 -5.578160222629999776e-01 3.156940162460000199e-01 4.691030836099999678e-03 -3.416249011160000237e-01 4.506288120379999679e-02
-6.882626377349999880e-02 4.741276649550000277e-01 -4.572001049850000221e-01 -2.646882147969999988e-01 6.068971052610000472e-01 -5.578160222629999776e-01 3.156940162460000199e-01 4.691030836099999678e-03 -3.416249011160000237e-01 4.506288120379999679e-02
-6.882626377349999880e-02 4.741276649550000277e-01 -4.572001049850000221e-01 -2.646882147969999988e-01 6.068971052610000472e-01 -5.578160222629999776e-01 3.156940162460000199e-01 4.691030836099999678e-03 -3.399991739120000189e-01 4.506288120379999679e-02
-6.882626377349999880e-02 4.741276649550000277e-01 -4.572001049850000221e-01 -2.646882147969999988e-01 6.068971052610000472e-01 -5.578160222629999776e-01 3.156940162460000199e-01 4.691030836099999678e-03 -3.416249011160000237e-01 4.506288120379999679e-02
-6.882626377349999880e-02 4.726316500789999875e-01 -4.572001049850000221e-01 -2.646882147969999988e-01 6.068971052610000472e-01 -5.578160222629999776e-01 3.156940162460000199e-01 4.691030836099999678e-03 -3.399991739120000189e-01 4.506288120379999679e-02
-6.882626377349999880e-02 4.741276649550000277e-01 -4.572001049850000221e-01 -2.646882147969999988e-01 6.068971052610000472e-01 -5.578160222629999776e-01 3.156940162460000199e-01 5.279513045829999952e-03 -3.416249011160000237e-01 4.506288120379999679e-02
-6.882626377349999880e-02 4.741276649550000277e-01 -4.572001049850000221e-01 -2.646882147969999988e-01 6.068971052610000472e-01 -5.578160222629999776e-01 3.156940162460000199e-01 4.691030836099999678e-03 -3.416249011160000237e-01 4.506288120379999679e-02
-6.882626377349999880e-02 4.741276649550000277e-01 -4.572001049850000221e-01 -2.646882147969999988e-01 6.068971052610000472e-01 -5.578160222629999776e-01 3.156940162460000199e-01 4.691030836099999678e-03 -3.416249011160000237e-01 4.506288120379999679e-02
-8.530138794010000414e-02 4.741276649550000277e-01 -4.572001049850000221e-01 -1.346287751480000072e-01 6.519783920270000310e-01 -5.578160222629999776e-01 3.156940162460000199e-01 4.691030836099999678e-03 -3.416249011160000237e-01 4.506288120379999679e-02
-8.530138794010000414e-02 4.741276649550000277e-01 -4.572001049850000221e-01 2.961932292359999996e-01 6.519783920270000310e-01 -5.578160222629999776e-01 3.156940162460000199e-01 4.691030836099999678e-03 -3.416249011160000237e-01 4.573572998670000223e-02
-9.177377774490000362e-02 4.741276649550000277e-01 -4.577884957439999902e-01 6.375989740519999449e-01 6.519783920270000310e-01 -5.578160222629999776e-01 3.156940162460000199e-01 4.691030836099999678e-03 -3.416249011160000237e-01 4.573572998670000223e-02
-9.589251306139999487e-02 4.756236798299999791e-01 -4.577884957439999902e-01 7.400207985679999600e-01 6.533240895930000347e-01 -5.578160222629999776e-01 3.156940162460000199e-01 4.691030836099999678e-03 -3.399991739120000189e-01 4.573572998670000223e-02
-9.589251306139999487e-02 4.741276649550000277e-01 -4.583768865039999918e-01 7.400207985679999600e-01 6.526512408100000329e-01 -5.578160222629999776e-01 3.156940162460000199e-01 4.691030836099999678e-03 -3.416249011160000237e-01 4.573572998670000223e-02
-9.589251306139999487e-02 4.756236798299999791e-01 -4.583768865039999918e-01 7.400207985679999600e-01 6.526512408100000329e-01 -5.578160222629999776e-01 3.156940162460000199e-01 4.691030836099999678e-03 -3.399991739120000189e-01 4.573572998670000223e-02
-9.589251306139999487e-02 4.756236798299999791e-01 -4.577884957439999902e-01 7.400207985679999600e-01 6.526512408100000329e-01 -5.578160222629999776e-01 3.156940162460000199e-01 4.691030836099999678e-03 -3.399991739120000189e-01 4.573572998670000223e-02
-9.589251306139999487e-02 4.756236798299999791e-01 -4.583768865039999918e-01 7.400207985679999600e-01 6.533240895930000347e-01 -5.578160222629999776e-01 3.156940162460000199e-01 4.691030836099999678e-03 -3.416249011160000237e-01 4.573572998670000223e-02
-9.589251306139999487e-02 4.756236798299999791e-01 -4.577884957439999902e-01 7.400207985679999600e-01 6.526512408100000329e-01 -5.578160222629999776e-01 3.141980013699999796e-01 4.691030836099999678e-03 -3.416249011160000237e-01 4.573572998670000223e-02
-9.589251306139999487e-02 4.756236798299999791e-01 -4.577884957439999902e-01 7.400207985679999600e-01 6.533240895930000347e-01 -5.578160222629999776e-01 3.156940162460000199e-01 4.691030836099999678e-03 -3.416249011160000237e-01 4.506288120379999679e-02
-9.589251306139999487e-02 4.756236798299999791e-01 -4.577884957439999902e-01 5.416800583490000154e-01 6.533240895930000347e-01 -5.578160222629999776e-01 3.156940162460000199e-01 4.691030836099999678e-03 -3.399991739120000189e-01 4.573572998670000223e-02
-9.589251306139999487e-02 4.756236798299999791e-01 -4.577884957439999902e-01 3.677257315349999889e-01 6.533240895930000347e-01 -5.578160222629999776e-01 3.156940162460000199e-01 4.691030836099999678e-03 -3.416249011160000237e-01 4.573572998670000223e-02
-9.589251306139999487e-02 4.756236798299999791e-01 -4.577884957439999902e-01 3.612228227209999809e-01 6.533240895930000347e-01 -5.578160222629999776e-01 3.156940162460000199e-01 4.691030836099999678e-03 -3.416249011160000237e-01 4.573572998670000223e-02
-9.589251306139999487e-02 4.756236798299999791e-01 -4.583768865039999918e-01 3.612228227209999809e-01 6.533240895930000347e-01 -5.578160222629999776e-01 3.156940162460000199e-01 4.691030836099999678e-03 -3.399991739120000189e-01 4.573572998670000223e-02
-9.589251306139999487e-02 4.756236798299999791e-01 -4.577884957439999902e-01 3.612228227209999809e-01 6.533240895930000347e-01 -5.578160222629999776e-01 3.156940162460000199e-01 4.691030836099999678e-03 -3.399991739120000189e-01 4.573572998670000223e-02
-9.589251306139999487e-02 4.756236798299999791e-01 -4.577884957439999902e-01 3.612228227209999809e-01 6.533240895930000347e-01 -5.578160222629999776e-01 3.156940162460000199e-01 4.691030836099999678e-03 -3.416249011160000237e-01 4.573572998670000223e-02
-8.883173249709999664e-02 4.756236798299999791e-01 -4.583768865039999918e-01 3.335849549109999868e-01 6.358298643709999753e-01 -5.578160222629999776e-01 3.156940162460000199e-01 4.691030836099999678e-03 -3.416249011160000237e-01 4.573572998670000223e-02
-6.764948225450000130e-02 4.756236798299999791e-01 -4.583768865039999918e-01 3.559300517249999827e-03 6.243913304839999734e-01 -5.578160222629999776e-01 3.156940162460000199e-01 4.691030836099999678e-03 -3.399991739120000189e-01 4.573572998670000223e-02
-6.764948225450000130e-02 4.756236798299999791e-01 -4.583768865039999918e-01 -2.533081243740000210e-01 6.237184817009999716e-01 -5.578160222629999776e-01 3.141980013699999796e-01 4.691030836099999678e-03 -3.416249011160000237e-01 4.573572998670000223e-02
-6.764948225450000130e-02 4.756236798299999791e-01 -4.583768865039999918e-01 -2.581853059840000242e-01 6.243913304839999734e-01 -5.578160222629999776e-01 3.156940162460000199e-01 4.691030836099999678e-03 -3.416249011160000237e-01 4.573572998670000223e-02
-6.764948225450000130e-02 4.756236798299999791e-01 -4.577884957439999902e-01 -2.581853059840000242e-01 5.692172073960000134e-01 -5.578160222629999776e-01 3.156940162460000199e-01 4.691030836099999678e-03 -3.399991739120000189e-01 4.573572998670000223e-02
-1.382571049970000021e-01 2.063384445919999866e-01 -3.507004630119999744e-01 6.858914668049999330e-02 7.803278529939999819e-02 -5.578160222629999776e-01 3.171900311210000267e-01 4.691030836099999678e-03 -3.399991739120000189e-01 4.640857876969999712e-02
-3.247787133139999893e-01 -1.257801129599999956e-01 -1.765350606449999915e-01 3.108247740649999757e-01 -2.827836817699999963e-02 -5.578160222629999776e-01 3.112059716200000214e-01 4.691030836099999678e-03 -3.399991739120000189e-01 4.910007847850000190e-02
-4.977673341619999747e-01 -2.828630699670000026e-01 -3.178947060380000328e-02 3.530941867049999794e-01 -3.164261209170000227e-02 -5.578160222629999776e-01 3.201820608720000183e-01 4.691030836099999678e-03 -3.318705378960000174e-01 4.842712511850000290e-02
-5.607257398549999605e-01 -3.008154809870000057e-01 -3.546439796939999858e-03 3.449655506889999779e-01 -3.231546087469999717e-02 -5.578160222629999776e-01 3.112059716200000214e-01 4.691030836099999678e-03 -3.416249011160000237e-01 4.910007847850000190e-02
