-5.601373490959999923e-01 -3.023114958620000126e-01 -2.369658277940000189e-03 3.384626418760000033e-01 -3.164261209170000227e-02 -5.607579760599999963e-01 3.171900311210000267e-01 4.691030836099999678e-03 -3.399991739120000189e-01 4.640857876969999712e-02
-5.507230054930000174e-01 -4.489225812589999753e-01 -2.958049037439999807e-03 5.888266525990000222e-01 3.303535887549999828e-01 -5.601695853010000281e-01 3.156940162460000199e-01 4.691030836099999678e-03 -3.416249011160000237e-01 4.640857876969999712e-02
-4.336321012239999773e-01 -4.773468638899999728e-01 -2.958049037439999807e-03 7.676586663790000431e-01 4.306089986070000264e-01 -5.607579760599999963e-01 3.141980013699999796e-01 4.691030836099999678e-03 -3.399991739120000189e-01 4.573572998670000223e-02
-2.794722590309999810e-01 -4.773468638899999728e-01 -3.546439796939999858e-03 7.676586663790000431e-01 4.306089986070000264e-01 -5.607579760599999963e-01 3.141980013699999796e-01 4.102640076600000060e-03 -3.399991739120000189e-01 4.640857876969999712e-02
-7.353348129980000203e-02 -4.728588192639999743e-01 -3.546439796939999858e-03 7.660329391760000162e-01 4.326275449559999764e-01 -5.607579760599999963e-01 3.141980013699999796e-01 4.691030836099999678e-03 -3.399991739120000189e-01 4.573572998670000223e-02
9.533631278170000278e-02 -4.474265663840000240e-01 -3.546439796939999858e-03 7.611557575659999575e-01 4.326275449559999764e-01 -5.607579760599999963e-01 3.141980013699999796e-01 4.691030836099999678e-03 -3.399991739120000189e-01 4.573572998670000223e-02
2.465542011780000042e-01 -4.474265663840000240e-01 -1.781267518430000108e-03 7.448979801780000187e-01 4.346460913049999819e-01 -5.601695853010000281e-01 3.141980013699999796e-01 4.691030836099999678e-03 -3.399991739120000189e-01 4.573572998670000223e-02
3.318717758079999802e-01 -4.534106258849999738e-01 1.351698367890000023e-02 7.497751617879999664e-01 4.346460913049999819e-01 -5.607579760599999963e-01 3.141980013699999796e-01 4.691030836099999678e-03 -3.399991739120000189e-01 4.573572998670000223e-02
3.542308075699999725e-01 -4.638827300119999775e-01 1.704741968610000089e-02 7.595300303619999527e-01 4.346460913049999819e-01 -5.607579760599999963e-01 3.141980013699999796e-01 4.102640076600000060e-03 -3.399991739120000189e-01 4.573572998670000223e-02
3.542308075699999725e-01 -4.638827300119999775e-01 1.704741968610000089e-02 7.579043031590000368e-01 4.346460913049999819e-01 -5.607579760599999963e-01 3.141980013699999796e-01 4.102640076600000060e-03 -3.399991739120000189e-01 4.573572998670000223e-02
3.542308075699999725e-01 -4.638827300119999775e-01 1.704741968610000089e-02 7.595300303619999527e-01 4.346460913049999819e-01 -5.607579760599999963e-01 3.141980013699999796e-01 4.691030836099999678e-03 -3.383734467089999920e-01 4.573572998670000223e-02
3.542308075699999725e-01 -4.638827300119999775e-01 1.704741968610000089e-02 7.595300303619999527e-01 4.346460913049999819e-01 -5.607579760599999963e-01 3.141980013699999796e-01 4.691030836099999678e-03 -3.399991739120000189e-01 4.573572998670000223e-02
3.542308075699999725e-01 -4.638827300119999775e-01 1.704741968610000089e-02 7.595300303619999527e-01 3.855277118420000204e-01 -5.601695853010000281e-01 3.141980013699999796e-01 4.691030836099999678e-03 -3.399991739120000189e-01 4.573572998670000223e-02
3.542308075699999725e-01 -1.901094501479999865e-01 2.528498176940000008e-02 7.595300303619999527e-01 3.639963416329999868e-01 -5.601695853010000281e-01 3.156940162460000199e-01 4.691030836099999678e-03 -3.399991739120000189e-01 4.573572998670000223e-02
3.542308075699999725e-01 -1.168040237079999988e-01 2.587337252889999883e-02 7.676586663790000431e-01 3.639963416329999868e-01 -5.607579760599999963e-01 3.141980013699999796e-01 4.691030836099999678e-03 -3.399991739120000189e-01 4.573572998670000223e-02
3.542308075699999725e-01 -1.168040237079999988e-01 2.587337252889999883e-02 7.692843935819999590e-01 3.639963416329999868e-01 -5.601695853010000281e-01 3.156940162460000199e-01 4.691030836099999678e-03 -3.399991739120000189e-01 4.573572998670000223e-02
3.542308075699999725e-01 -1.048356721890000010e-01 2.587337252889999883e-02 7.709101207849999859e-01 3.639963416329999868e-01 -5.601695853010000281e-01 3.141980013699999796e-01 4.691030836099999678e-03 -3.383734467089999920e-01 4.573572998670000223e-02
3.542308075699999725e-01 -1.048356721890000010e-01 2.528498176940000008e-02 7.709101207849999859e-01 3.639963416329999868e-01 -5.601695853010000281e-01 3.156940162460000199e-01 4.691030836099999678e-03 -3.399991739120000189e-01 4.573572998670000223e-02
3.542308075699999725e-01 -1.048356721890000010e-01 2.587337252889999883e-02 7.709101207849999859e-01 3.639963416329999868e-01 -5.601695853010000281e-01 3.141980013699999796e-01 4.691030836099999678e-03 -3.399991739120000189e-01 4.573572998670000223e-02
3.542308075699999725e-01 -1.048356721890000010e-01 2.587337252889999883e-02 7.709101207849999859e-01 3.639963416329999868e-01 -5.607579760599999963e-01 3.141980013699999796e-01 4.691030836099999678e-03 -3.399991739120000189e-01 4.573572998670000223e-02
3.542308075699999725e-01 -1.048356721890000010e-01 2.587337252889999883e-02 7.709101207849999859e-01 3.639963416329999868e-01 -5.607579760599999963e-01 3.141980013699999796e-01 4.691030836099999678e-03 -3.383734467089999920e-01 4.573572998670000223e-02
3.542308075699999725e-01 -1.048356721890000010e-01 2.528498176940000008e-02 7.709101207849999859e-01 3.639963416329999868e-01 -5.607579760599999963e-01 3.141980013699999796e-01 4.691030836099999678e-03 -3.399991739120000189e-01 4.573572998670000223e-02
3.536424168100000265e-01 -1.018436424379999955e-01 2.587337252889999883e-02 7.692843935819999590e-01 3.639963416329999868e-01 -5.601695853010000281e-01 3.141980013699999796e-01 4.691030836099999678e-03 -3.399991739120000189e-01 4.573572998670000223e-02
3.071590895579999758e-01 1.524814440470000088e-01 1.292859291939999974e-02 4.343810522239999750e-01 3.579405980099999995e-01 -5.607579760599999963e-01 3.141980013699999796e-01 4.102640076600000060e-03 -3.399991739120000189e-01 4.640857876969999712e-02
2.836231848269999967e-01 1.315370032759999863e-01 1.998937348360000157e-02 2.766839974409999736e-01 3.565949004439999959e-01 -5.601695853010000281e-01 3.141980013699999796e-01 4.691030836099999678e-03 -3.383734467089999920e-01 4.640857876969999712e-02
2.836231848269999967e-01 1.315370032759999863e-01 1.940098272409999935e-02 2.718068158320000038e-01 3.565949004439999959e-01 -5.607579760599999963e-01 3.141980013699999796e-01 4.102640076600000060e-03 -3.399991739120000189e-01 4.640857876969999712e-02
2.836231848269999967e-01 1.315370032759999863e-01 1.998937348360000157e-02 2.701810886279999990e-01 3.565949004439999959e-01 -5.607579760599999963e-01 3.141980013699999796e-01 4.691030836099999678e-03 -3.383734467089999920e-01 4.708142755260000256e-02
2.836231848269999967e-01 1.315370032759999863e-01 1.998937348360000157e-02 2.701810886279999990e-01 3.565949004439999959e-01 -5.601695853010000281e-01 3.141980013699999796e-01 4.102640076600000060e-03 -3.399991739120000189e-01 4.640857876969999712e-02
2.836231848269999967e-01 1.315370032759999863e-01 1.998937348360000157e-02 2.701810886279999990e-01 3.565949004439999959e-01 -5.607579760599999963e-01 3.141980013699999796e-01 4.691030836099999678e-03 -3.399991739120000189e-01 4.708142755260000256e-02
2.900955746319999751e-01 5.224751733519999997e-02 3.881806068819999844e-02 3.547199139080000063e-01 4.258990571269999914e-01 -5.607579760599999963e-01 3.141980013699999796e-01 4.691030836099999678e-03 -3.399991739120000189e-01 4.708142755260000256e-02
3.442279817580000123e-01 -3.023114958620000126e-01 3.352254385270000275e-02 7.237635265359999570e-01 4.333003937389999782e-01 -5.601695853010000281e-01 3.141980013699999796e-01 4.691030836099999678e-03 -3.383734467089999920e-01 4.640857876969999712e-02
3.571727613669999912e-01 -4.534106258849999738e-01 2.057776424310000032e-02 7.660329391760000162e-01 4.333003937389999782e-01 -5.607579760599999963e-01 3.141980013699999796e-01 4.691030836099999678e-03 -3.399991739120000189e-01 4.640857876969999712e-02
3.571727613669999912e-01 -4.608907002620000193e-01 1.998937348360000157e-02 7.660329391760000162e-01 4.333003937389999782e-01 -5.607579760599999963e-01 3.141980013699999796e-01 4.691030836099999678e-03 -3.383734467089999920e-01 4.640857876969999712e-02
3.536424168100000265e-01 -4.115217443429999844e-01 2.234293652169999991e-02 6.831198410990000358e-01 2.664323269119999726e-01 -5.607579760599999963e-01 3.156940162460000199e-01 4.691030836099999678e-03 -3.383734467089999920e-01 4.708142755260000256e-02
3.083358710770000011e-01 -2.993194661119999989e-01 1.116342064090000002e-02 3.904864177349999799e-01 -1.683983428980000141e-02 -5.607579760599999963e-01 3.141980013699999796e-01 4.691030836099999678e-03 -3.399991739120000189e-01 4.708142755260000256e-02
1.918333118430000095e-01 -3.008154809870000057e-01 -5.900094285180000099e-03 3.335849549109999868e-01 -2.760551939400000127e-02 -5.607579760599999963e-01 3.141980013699999796e-01 4.691030836099999678e-03 -3.399991739120000189e-01 4.640857876969999712e-02
1.237239263970000072e-02 -3.023114958620000126e-01 -6.488485044690000397e-03 3.368369146719999985e-01 -3.231546087469999717e-02 -5.601695853010000281e-01 3.141980013699999796e-01 4.691030836099999678e-03 -3.399991739120000189e-01 4.640857876969999712e-02
-1.947431666099999903e-01 -3.082957878800000051e-01 -5.311703525679999614e-03 3.384626418760000033e-01 -3.366115844059999751e-02 -5.601695853010000281e-01 3.141980013699999796e-01 4.691030836099999678e-03 -3.383734467089999920e-01 4.708142755260000256e-02
