-5.595489583360000463e-01 -3.202639068829999935e-01 -2.958049037439999807e-03 3.465912778920000048e-01 -3.164261209170000227e-02 -5.584044130219999458e-01 3.112059716200000214e-01 4.691030836099999678e-03 -3.416249011160000237e-01 4.506288120379999679e-02
-5.236567562060000514e-01 -1.512125983569999887e-01 -6.415132817740000493e-02 1.108583066430000041e-01 3.222792987820000121e-01 -5.584044130219999458e-01 3.112059716200000214e-01 4.691030836099999678e-03 -3.416249011160000237e-01 4.506288120379999679e-02
-3.506681810819999856e-01 2.347629597389999934e-01 -2.312559499799999863e-01 -2.337991452579999963e-01 6.008414139259999898e-01 -5.584044130219999458e-01 3.112059716200000214e-01 4.102640076600000060e-03 -3.416249011160000237e-01 4.573572998670000223e-02
-1.741492156770000077e-01 4.531832241839999775e-01 -3.901230097000000230e-01 -2.598110331869999956e-01 6.068971052610000472e-01 -5.584044130219999458e-01 3.112059716200000214e-01 4.691030836099999678e-03 -3.416249011160000237e-01 4.506288120379999679e-02
-7.059152750229999440e-02 4.741276649550000277e-01 -4.554349327059999952e-01 -2.598110331869999956e-01 6.068971052610000472e-01 -5.584044130219999458e-01 3.112059716200000214e-01 4.102640076600000060e-03 -3.416249011160000237e-01 4.506288120379999679e-02
-6.941465453310000089e-02 4.741276649550000277e-01 -4.572001049850000221e-01 -2.598110331869999956e-01 6.068971052610000472e-01 -5.584044130219999458e-01 3.112059716200000214e-01 4.691030836099999678e-03 -3.416249011160000237e-01 4.506288120379999679e-02
-6.882626377349999880e-02 4.726316500789999875e-01 -4.572001049850000221e-01 -2.598110331869999956e-01 6.062242564780000453e-01 -5.584044130219999458e-01 3.112059716200000214e-01 4.102640076600000060e-03 -3.416249011160000237e-01 4.506288120379999679e-02
-6.941465453310000089e-02 4.726316500789999875e-01 -4.572001049850000221e-01 -2.598110331869999956e-01 6.062242564780000453e-01 -5.584044130219999458e-01 3.112059716200000214e-01 4.102640076600000060e-03 -3.416249011160000237e-01 4.506288120379999679e-02
-7.765221661629999328e-02 4.726316500789999875e-01 -4.572001049850000221e-01 -2.516823971709999941e-01 6.492869968950000237e-01 -5.584044130219999458e-01 3.112059716200000214e-01 4.102640076600000060e-03 -3.416249011160000237e-01 4.573572998670000223e-02
-8.706656021860000039e-02 4.741276649550000277e-01 -4.577884957439999902e-01 1.254898514720000080e-01 6.499598456780000255e-01 -5.584044130219999458e-01 3.112059716200000214e-01 4.102640076600000060e-03 -3.416249011160000237e-01 4.573572998670000223e-02
-8.706656021860000039e-02 4.741276649550000277e-01 -4.577884957439999902e-01 5.449320181110000050e-01 6.499598456780000255e-01 -5.578160222629999776e-01 3.112059716200000214e-01 4.102640076600000060e-03 -3.416249011160000237e-01 4.573572998670000223e-02
-9.177377774490000362e-02 4.741276649550000277e-01 -4.583768865039999918e-01 7.351436169580000124e-01 6.499598456780000255e-01 -5.584044130219999458e-01 3.112059716200000214e-01 4.102640076600000060e-03 -3.416249011160000237e-01 4.506288120379999679e-02
-9.177377774490000362e-02 4.741276649550000277e-01 -4.583768865039999918e-01 7.465237073810000457e-01 6.499598456780000255e-01 -5.584044130219999458e-01 3.112059716200000214e-01 4.102640076600000060e-03 -3.416249011160000237e-01 4.573572998670000223e-02
-9.177377774490000362e-02 4.741276649550000277e-01 -4.583768865039999918e-01 7.465237073810000457e-01 6.499598456780000255e-01 -5.584044130219999458e-01 3.112059716200000214e-01 4.102640076600000060e-03 -3.416249011160000237e-01 4.573572998670000223e-02
-9.177377774490000362e-02 4.741276649550000277e-01 -4.583768865039999918e-01 7.465237073810000457e-01 6.499598456780000255e-01 -5.584044130219999458e-01 3.112059716200000214e-01 4.691030836099999678e-03 -3.416249011160000237e-01 4.573572998670000223e-02
-9.177377774490000362e-02 4.741276649550000277e-01 -4.589652772630000155e-01 5.042883326739999728e-01 6.499598456780000255e-01 -5.584044130219999458e-01 3.112059716200000214e-01 4.691030836099999678e-03 -3.416249011160000237e-01 4.573572998670000223e-02
-9.177377774490000362e-02 4.741276649550000277e-01 -4.583768865039999918e-01 3.661000043309999841e-01 6.499598456780000255e-01 -5.584044130219999458e-01 3.112059716200000214e-01 4.691030836099999678e-03 -3.416249011160000237e-01 4.573572998670000223e-02
-9.177377774490000362e-02 4.741276649550000277e-01 -4.583768865039999918e-01 3.661000043309999841e-01 6.506326944610000274e-01 -5.584044130219999458e-01 3.112059716200000214e-01 4.102640076600000060e-03 -3.416249011160000237e-01 4.573572998670000223e-02
-9.177377774490000362e-02 4.741276649550000277e-01 -4.583768865039999918e-01 3.661000043309999841e-01 6.499598456780000255e-01 -5.584044130219999458e-01 3.112059716200000214e-01 4.691030836099999678e-03 -3.416249011160000237e-01 4.573572998670000223e-02
-9.177377774490000362e-02 4.741276649550000277e-01 -4.589652772630000155e-01 3.644742771280000126e-01 6.492869968950000237e-01 -5.584044130219999458e-01 3.112059716200000214e-01 4.102640076600000060e-03 -3.416249011160000237e-01 4.573572998670000223e-02
-6.706109149500000255e-02 4.741276649550000277e-01 -4.583768865039999918e-01 8.484667139069999864e-02 6.230456329179999697e-01 -5.584044130219999458e-01 3.112059716200000214e-01 4.102640076600000060e-03 -3.416249011160000237e-01 4.573572998670000223e-02
-6.706109149500000255e-02 4.741276649550000277e-01 -4.583768865039999918e-01 -2.403020540709999986e-01 6.223727841349999679e-01 -5.584044130219999458e-01 3.112059716200000214e-01 4.102640076600000060e-03 -3.416249011160000237e-01 4.573572998670000223e-02
-7.000304529259999964e-02 4.576712688089999981e-01 -4.336642917040000045e-01 -2.012843485149999889e-01 4.299361498240000246e-01 -5.584044130219999458e-01 3.112059716200000214e-01 4.102640076600000060e-03 -3.416249011160000237e-01 4.640857876969999712e-02
-2.023923379339999939e-01 8.964812173429999309e-02 -2.895071838730000069e-01 2.051514951429999900e-01 5.364384701609999952e-03 -5.584044130219999458e-01 3.112059716200000214e-01 4.691030836099999678e-03 -3.416249011160000237e-01 4.708142755260000256e-02
-4.018587258610000212e-01 -2.828630699670000026e-01 -1.059274379029999935e-01 3.384626418760000033e-01 -3.096976330880000031e-02 -5.584044130219999458e-01 3.127019864949999728e-01 4.691030836099999678e-03 -3.399991739120000189e-01 4.640857876969999712e-02
-5.383666623689999930e-01 -3.038075107379999973e-01 -1.001882960170000052e-02 3.449655506889999779e-01 -3.231546087469999717e-02 -5.584044130219999458e-01 3.097099567450000146e-01 4.102640076600000060e-03 -3.416249011160000237e-01 4.708142755260000256e-02
