-5.613141306150000176e-01 -3.202639068829999935e-01 -2.958049037439999807e-03 3.465912778920000048e-01 -3.298830965760000261e-02 -5.589928037820000029e-01 3.112059716200000214e-01 4.102640076600000060e-03 -3.432506283189999952e-01 4.439003242080000189e-02
-5.613141306150000176e-01 -3.202639068829999935e-01 -2.958049037439999807e-03 3.465912778920000048e-01 -3.298830965760000261e-02 -5.566392407439999523e-01 3.112059716200000214e-01 -1.076926101820000065e-01 -2.489576924970000049e-01 -3.108775760190000126e-01
-5.613141306150000176e-01 -3.202639068829999935e-01 -2.958049037439999807e-03 3.465912778920000048e-01 -3.298830965760000261e-02 -4.460206805540000152e-01 3.141980013699999796e-01 -1.859494042469999886e-01 -2.310744405830000014e-01 -6.412495703349999632e-01
-5.613141306150000176e-01 -3.202639068829999935e-01 -2.958049037439999807e-03 3.465912778920000048e-01 -3.298830965760000261e-02 -2.918607469110000019e-01 3.127019864949999728e-01 -1.865377950069999902e-01 -2.261972589729999983e-01 -6.533608484280000184e-01
-5.613141306150000176e-01 -3.202639068829999935e-01 -2.958049037439999807e-03 3.465912778920000048e-01 -3.298830965760000261e-02 -9.886665733869999528e-02 3.127019864949999728e-01 -1.865377950069999902e-01 -2.180686229569999968e-01 -6.560522435600000257e-01
-5.619025213739999858e-01 -3.202639068829999935e-01 -2.958049037439999807e-03 3.465912778920000048e-01 -3.298830965760000261e-02 9.706929458040000624e-02 2.872695010979999797e-01 -1.859494042469999886e-01 -2.083140070600000004e-01 -6.560522435600000257e-01
-5.613141306150000176e-01 -3.202639068829999935e-01 -2.958049037439999807e-03 3.465912778920000048e-01 -3.298830965760000261e-02 2.665274794210000242e-01 2.603410008259999797e-01 -1.859494042469999886e-01 -2.099397342629999996e-01 -6.560522435600000257e-01
-5.613141306150000176e-01 -3.202639068829999935e-01 -2.958049037439999807e-03 3.465912778920000048e-01 -3.298830965760000261e-02 3.671433052490000182e-01 2.618370157009999866e-01 -1.959521386089999873e-01 -2.196943501599999959e-01 -6.560522435600000257e-01
-5.613141306150000176e-01 -3.202639068829999935e-01 -2.958049037439999807e-03 3.465912778920000048e-01 -3.298830965760000261e-02 4.253945391410000054e-01 2.693170900779999766e-01 -2.612641530659999822e-01 -2.327001677870000063e-01 -4.629429696210000111e-01
-5.613141306150000176e-01 -3.202639068829999935e-01 -2.958049037439999807e-03 3.465912778920000048e-01 -3.298830965760000261e-02 4.389276637849999774e-01 -6.728951209920000509e-02 -3.818853561669999785e-01 -2.310744405830000014e-01 -1.924550398719999944e-01
-5.613141306150000176e-01 -3.202639068829999935e-01 -2.958049037439999807e-03 3.465912778920000048e-01 -3.298830965760000261e-02 4.389276637849999774e-01 -4.068881440270000205e-01 -3.907114004600000245e-01 -2.424547836840000026e-01 -1.884179471749999890e-01
-5.613141306150000176e-01 -3.202639068829999935e-01 -2.958049037439999807e-03 3.465912778920000048e-01 -3.298830965760000261e-02 4.401044910290000112e-01 -4.742095109660000030e-01 -3.907114004600000245e-01 -2.440805108870000018e-01 -1.884179471749999890e-01
-5.613141306150000176e-01 -3.202639068829999935e-01 -2.958049037439999807e-03 3.465912778920000048e-01 -3.298830965760000261e-02 4.401044910290000112e-01 -4.742095109660000030e-01 -3.907114004600000245e-01 -2.440805108870000018e-01 -1.884179471749999890e-01
-5.613141306150000176e-01 -3.202639068829999935e-01 -2.958049037439999807e-03 3.465912778920000048e-01 -3.298830965760000261e-02 4.401044910290000112e-01 -4.742095109660000030e-01 -3.907114004600000245e-01 -2.440805108870000018e-01 -1.897636447399999871e-01
-5.613141306150000176e-01 -3.202639068829999935e-01 -2.958049037439999807e-03 3.465912778920000048e-01 -3.298830965760000261e-02 4.395160545449999789e-01 -4.742095109660000030e-01 -3.907114004600000245e-01 -2.440805108870000018e-01 -1.897636447399999871e-01
-5.613141306150000176e-01 -3.202639068829999935e-01 -2.958049037439999807e-03 3.465912778920000048e-01 -3.298830965760000261e-02 4.401044910290000112e-01 -4.098801737769999787e-01 -3.907114004600000245e-01 -2.522091469030000033e-01 -1.884179471749999890e-01
-5.613141306150000176e-01 -3.202639068829999935e-01 -2.958049037439999807e-03 3.465912778920000048e-01 -3.298830965760000261e-02 4.401044910290000112e-01 -4.098801737769999787e-01 -3.907114004600000245e-01 -2.522091469030000033e-01 -1.884179471749999890e-01
-5.619025213739999858e-01 -3.202639068829999935e-01 -2.958049037439999807e-03 3.465912778920000048e-01 -3.298830965760000261e-02 4.395160545449999789e-01 -4.098801737769999787e-01 -3.907114004600000245e-01 -2.522091469030000033e-01 -1.884179471749999890e-01
-5.613141306150000176e-01 -3.202639068829999935e-01 -2.958049037439999807e-03 3.465912778920000048e-01 -3.298830965760000261e-02 4.395160545449999789e-01 -4.098801737769999787e-01 -3.907114004600000245e-01 -2.522091469030000033e-01 -1.897636447399999871e-01
-5.613141306150000176e-01 -3.202639068829999935e-01 -2.958049037439999807e-03 3.465912778920000048e-01 -3.298830965760000261e-02 4.401044910290000112e-01 -4.083841589020000273e-01 -3.907114004600000245e-01 -2.522091469030000033e-01 -1.897636447399999871e-01
-5.613141306150000176e-01 -3.202639068829999935e-01 -2.958049037439999807e-03 3.465912778920000048e-01 -3.298830965760000261e-02 4.259829299010000070e-01 -2.527972167709999773e-01 -2.959794822269999903e-01 -2.912268524589999852e-01 -5.335927192930000063e-01
-5.613141306150000176e-01 -3.202639068829999935e-01 -2.958049037439999807e-03 3.465912778920000048e-01 -3.298830965760000261e-02 4.118614602219999865e-01 1.301863115740000132e-01 -2.277255139730000044e-01 -3.221161746760000111e-01 -6.520151508629999926e-01
-5.613141306150000176e-01 -3.202639068829999935e-01 -2.958049037439999807e-03 3.465912778920000048e-01 -3.366115844059999751e-02 4.148034140199999831e-01 2.902615308490000268e-01 -1.812421867210000093e-01 -3.416249011160000237e-01 -5.335927192930000063e-01
-5.613141306150000176e-01 -3.202639068829999935e-01 -2.958049037439999807e-03 3.465912778920000048e-01 -3.298830965760000261e-02 3.347815391260000051e-01 3.171900311210000267e-01 -4.767620401079999959e-02 -3.497537898090000152e-01 -1.953122942159999861e-02
-5.613141306150000176e-01 -3.202639068829999935e-01 -2.958049037439999807e-03 3.465912778920000048e-01 -3.298830965760000261e-02 2.447568384190000057e-01 3.112059716200000214e-01 -5.311703525679999614e-03 -3.399991739120000189e-01 3.698859123139999761e-02
-5.613141306150000176e-01 -3.202639068829999935e-01 -2.958049037439999807e-03 3.465912778920000048e-01 -3.298830965760000261e-02 8.588977869960000289e-02 3.007336349759999750e-01 7.044685324340000353e-03 -3.399991739120000189e-01 3.766154459139999661e-02
