-5.601373490959999923e-01 -3.202639068829999935e-01 -2.369658277940000189e-03 3.482170050949999762e-01 -3.029691452579999847e-02 -5.578160222629999776e-01 3.156940162460000199e-01 4.691030836099999678e-03 -3.416249011160000237e-01 4.439003242080000189e-02
-5.601373490959999923e-01 -3.202639068829999935e-01 -2.369658277940000189e-03 3.465912778920000048e-01 -3.029691452579999847e-02 -5.572276315030000315e-01 3.156940162460000199e-01 -9.592470354120000153e-02 -2.505834196999999763e-01 -2.718519282999999898e-01
-5.607257398549999605e-01 -3.202639068829999935e-01 -2.369658277940000189e-03 3.465912778920000048e-01 -3.029691452579999847e-02 -4.566117142250000205e-01 3.171900311210000267e-01 -1.847726227279999911e-01 -2.343258949900000054e-01 -6.378853264210000429e-01
-5.601373490959999923e-01 -3.202639068829999935e-01 -2.369658277940000189e-03 3.465912778920000048e-01 -3.029691452579999847e-02 -3.077474803179999774e-01 3.156940162460000199e-01 -1.859494042469999886e-01 -2.294487133800000023e-01 -6.520151508629999926e-01
-5.607257398549999605e-01 -3.202639068829999935e-01 -2.369658277940000189e-03 3.465912778920000048e-01 -3.029691452579999847e-02 -1.106346554290000006e-01 3.141980013699999796e-01 -1.859494042469999886e-01 -2.245715317699999991e-01 -6.560522435600000257e-01
-5.607257398549999605e-01 -3.202639068829999935e-01 -2.369658277940000189e-03 3.465912778920000048e-01 -3.029691452579999847e-02 8.353621566159999401e-02 2.962455903499999765e-01 -1.859494042469999886e-01 -2.213200773640000008e-01 -6.560522435600000257e-01
-5.607257398549999605e-01 -3.217599217580000004e-01 -2.369658277940000189e-03 3.465912778920000048e-01 -3.029691452579999847e-02 2.571131358190000271e-01 2.618370157009999866e-01 -1.859494042469999886e-01 -2.115654614670000044e-01 -6.560522435600000257e-01
-5.607257398549999605e-01 -3.202639068829999935e-01 -2.369658277940000189e-03 3.465912778920000048e-01 -3.029691452579999847e-02 3.571405708870000195e-01 2.603410008259999797e-01 -1.941869663309999938e-01 -2.180686229569999968e-01 -6.560522435600000257e-01
-5.607257398549999605e-01 -3.202639068829999935e-01 -2.369658277940000189e-03 3.465912778920000048e-01 -3.029691452579999847e-02 4.112730694630000183e-01 2.902615308490000268e-01 -2.094852175280000062e-01 -2.359516221930000046e-01 -6.560522435600000257e-01
-5.601373490959999923e-01 -3.202639068829999935e-01 -2.369658277940000189e-03 3.465912778920000048e-01 -3.029691452579999847e-02 4.195106315459999902e-01 3.037256647259999887e-01 -2.106619990470000037e-01 -2.375773493960000038e-01 -6.560522435600000257e-01
-5.607257398549999605e-01 -3.202639068829999935e-01 -2.369658277940000189e-03 3.465912778920000048e-01 -3.029691452579999847e-02 4.195106315459999902e-01 3.052216796019999734e-01 -2.106619990470000037e-01 -2.375773493960000038e-01 -6.560522435600000257e-01
-5.607257398549999605e-01 -3.202639068829999935e-01 -2.369658277940000189e-03 3.465912778920000048e-01 -3.029691452579999847e-02 4.189221493360000270e-01 3.052216796019999734e-01 -2.106619990470000037e-01 -2.375773493960000038e-01 -6.560522435600000257e-01
-5.607257398549999605e-01 -3.202639068829999935e-01 -2.369658277940000189e-03 3.465912778920000048e-01 -3.029691452579999847e-02 4.195106315459999902e-01 3.037256647259999887e-01 -2.183111703710000073e-01 -2.359516221930000046e-01 -6.304837806540000145e-01
-5.607257398549999605e-01 -3.202639068829999935e-01 -2.369658277940000189e-03 3.465912778920000048e-01 -3.029691452579999847e-02 4.406928817890000127e-01 8.829743003230000609e-02 -3.465815447960000073e-01 -2.359516221930000046e-01 -2.287891878830000114e-01
-5.601373490959999923e-01 -3.202639068829999935e-01 -2.369658277940000189e-03 3.465912778920000048e-01 -3.029691452579999847e-02 4.406928817890000127e-01 -3.111422619409999757e-01 -3.912997912189999927e-01 -2.375773493960000038e-01 -1.870721450320000090e-01
-5.607257398549999605e-01 -3.202639068829999935e-01 -2.369658277940000189e-03 3.465912778920000048e-01 -3.029691452579999847e-02 4.418696633079999825e-01 -4.547610850700000151e-01 -3.912997912189999927e-01 -2.424547836840000026e-01 -1.863992962490000072e-01
-5.607257398549999605e-01 -3.202639068829999935e-01 -2.369658277940000189e-03 3.465912778920000048e-01 -3.029691452579999847e-02 4.412812725479999809e-01 -4.622413919630000145e-01 -3.907114004600000245e-01 -2.440805108870000018e-01 -1.863992962490000072e-01
-5.601373490959999923e-01 -3.202639068829999935e-01 -2.369658277940000189e-03 3.465912778920000048e-01 -3.029691452579999847e-02 4.412812725479999809e-01 -4.622413919630000145e-01 -3.907114004600000245e-01 -2.440805108870000018e-01 -1.863992962490000072e-01
-5.607257398549999605e-01 -3.202639068829999935e-01 -2.369658277940000189e-03 3.465912778920000048e-01 -3.029691452579999847e-02 4.412812725479999809e-01 -4.622413919630000145e-01 -3.912997912189999927e-01 -2.440805108870000018e-01 -1.884179471749999890e-01
-5.607257398549999605e-01 -3.202639068829999935e-01 -2.369658277940000189e-03 3.465912778920000048e-01 -3.029691452579999847e-02 4.412812725479999809e-01 -4.622413919630000145e-01 -3.912997912189999927e-01 -2.440805108870000018e-01 -1.884179471749999890e-01
-5.607257398549999605e-01 -3.202639068829999935e-01 -2.369658277940000189e-03 3.465912778920000048e-01 -3.029691452579999847e-02 4.412812725479999809e-01 -4.622413919630000145e-01 -3.907114004600000245e-01 -2.440805108870000018e-01 -1.884179471749999890e-01
-5.607257398549999605e-01 -3.202639068829999935e-01 -2.369658277940000189e-03 3.465912778920000048e-01 -3.029691452579999847e-02 4.412812725479999809e-01 -4.622413919630000145e-01 -3.912997912189999927e-01 -2.440805108870000018e-01 -1.884179471749999890e-01
-5.601373490959999923e-01 -3.202639068829999935e-01 -2.369658277940000189e-03 3.465912778920000048e-01 -3.029691452579999847e-02 4.412812725479999809e-01 -4.607453770880000077e-01 -3.912997912189999927e-01 -2.440805108870000018e-01 -1.870721450320000090e-01
-5.601373490959999923e-01 -3.202639068829999935e-01 -2.369658277940000189e-03 3.465912778920000048e-01 -3.029691452579999847e-02 4.412812725479999809e-01 -4.068881440270000205e-01 -3.912997912189999927e-01 -2.522091469030000033e-01 -1.863992962490000072e-01
-5.607257398549999605e-01 -3.202639068829999935e-01 -2.369658277940000189e-03 3.465912778920000048e-01 -3.029691452579999847e-02 4.412812725479999809e-01 -4.068881440270000205e-01 -3.912997912189999927e-01 -2.538348741070000081e-01 -1.863992962490000072e-01
-5.607257398549999605e-01 -3.202639068829999935e-01 -2.369658277940000189e-03 3.465912778920000048e-01 -3.029691452579999847e-02 4.412812725479999809e-01 -4.068881440270000205e-01 -3.907114004600000245e-01 -2.538348741070000081e-01 -1.877449938150000108e-01
-5.607257398549999605e-01 -3.202639068829999935e-01 -2.369658277940000189e-03 3.465912778920000048e-01 -3.029691452579999847e-02 4.412812725479999809e-01 -4.068881440270000205e-01 -3.912997912189999927e-01 -2.522091469030000033e-01 -1.877449938150000108e-01
-5.601373490959999923e-01 -3.202639068829999935e-01 -2.369658277940000189e-03 3.465912778920000048e-01 -3.029691452579999847e-02 4.412812725479999809e-01 -4.068881440270000205e-01 -3.912997912189999927e-01 -2.522091469030000033e-01 -1.877449938150000108e-01
-5.607257398549999605e-01 -3.202639068829999935e-01 -2.369658277940000189e-03 3.465912778920000048e-01 -3.029691452579999847e-02 4.412812725479999809e-01 -4.068881440270000205e-01 -3.912997912189999927e-01 -2.538348741070000081e-01 -1.877449938150000108e-01
-5.607257398549999605e-01 -3.202639068829999935e-01 -2.369658277940000189e-03 3.465912778920000048e-01 -3.029691452579999847e-02 4.412812725479999809e-01 -3.620072327339999840e-01 -3.636450597220000081e-01 -2.538348741070000081e-01 -2.927104497249999882e-01
-5.607257398549999605e-01 -3.202639068829999935e-01 -2.369658277940000189e-03 3.465912778920000048e-01 -3.029691452579999847e-02 4.112730694630000183e-01 -5.532139309700000174e-02 -2.383166390939999990e-01 -3.221161746760000111e-01 -6.405767215519999613e-01
-5.607257398549999605e-01 -3.202639068829999935e-01 -2.369658277940000189e-03 3.465912778920000048e-01 -3.029691452579999847e-02 4.118614602219999865e-01 2.528606939329999803e-01 -2.230183878969999867e-01 -2.928525796620000121e-01 -6.540336972110000202e-01
-5.601373490959999923e-01 -3.217599217580000004e-01 -2.369658277940000189e-03 3.465912778920000048e-01 -3.029691452579999847e-02 4.212758038250000170e-01 3.037256647259999887e-01 -2.177227796110000058e-01 -2.327001677870000063e-01 -6.567250923430000276e-01
-5.601373490959999923e-01 -3.202639068829999935e-01 -2.369658277940000189e-03 3.465912778920000048e-01 -3.029691452579999847e-02 4.195106315459999902e-01 3.082139418689999744e-01 -1.865377950069999902e-01 -3.172387403890000179e-01 -5.537783919359999807e-01
-5.601373490959999923e-01 -3.202639068829999935e-01 -2.369658277940000189e-03 3.465912778920000048e-01 -3.029691452579999847e-02 3.394886652019999951e-01 3.276621352479999749e-01 -5.238342153710000282e-02 -3.432506283189999952e-01 -4.240829719599999853e-02
-5.607257398549999605e-01 -3.202639068829999935e-01 -2.369658277940000189e-03 3.465912778920000048e-01 -3.029691452579999847e-02 2.559363543000000019e-01 3.112059716200000214e-01 -7.665266563689999632e-03 -3.416249011160000237e-01 3.631574244840000271e-02
-5.601373490959999923e-01 -3.202639068829999935e-01 -2.369658277940000189e-03 3.465912778920000048e-01 -3.029691452579999847e-02 8.412460642110000664e-02 3.007336349759999750e-01 6.456294564839999868e-03 -3.383734467089999920e-01 3.698859123139999761e-02
-5.607257398549999605e-01 -3.202639068829999935e-01 -2.369658277940000189e-03 3.465912778920000048e-01 -3.029691452579999847e-02 -9.357114050320000653e-02 3.022296498509999818e-01 6.456294564839999868e-03 -3.399991739120000189e-01 3.766154459139999661e-02
