-5.601373490959999923e-01 -3.202639068829999935e-01 -2.369658277940000189e-03 3.465912778920000048e-01 -3.298830965760000261e-02 -5.584044130219999458e-01 3.171900311210000267e-01 5.279513045829999952e-03 -3.399991739120000189e-01 4.640857876969999712e-02
-5.518997870120000426e-01 -3.217599217580000004e-01 1.235471531089999964e-01 2.392922717659999865e-01 3.633234928499999850e-01 -5.584044130219999458e-01 3.171900311210000267e-01 5.279513045829999952e-03 -3.399991739120000189e-01 4.640857876969999712e-02
-4.389276637849999774e-01 -3.202639068829999935e-01 1.876823860459999882e-01 2.327893629530000119e-01 6.445770031259999699e-01 -5.584044130219999458e-01 3.171900311210000267e-01 5.279513045829999952e-03 -3.399991739120000189e-01 4.640857876969999712e-02
-2.930053379499999999e-01 -3.187678920070000088e-01 1.876823860459999882e-01 2.295374031920000002e-01 6.506326944610000274e-01 -5.584044130219999458e-01 3.171900311210000267e-01 5.279513045829999952e-03 -3.383734467089999920e-01 4.640857876969999712e-02
-7.824060737580000591e-02 -3.097918027559999898e-01 1.876823860459999882e-01 2.246602215819999970e-01 6.546698394469999682e-01 -5.584044130219999458e-01 3.171900311210000267e-01 5.279513045829999952e-03 -3.399991739120000189e-01 4.640857876969999712e-02
9.592470354120000153e-02 -2.948314214860000004e-01 1.876823860459999882e-01 2.214087671749999930e-01 6.553426882299999701e-01 -5.584044130219999458e-01 3.171900311210000267e-01 5.867903805340000251e-03 -3.383734467089999920e-01 4.640857876969999712e-02
2.724436689470000061e-01 -2.559345696940000248e-01 1.876823860459999882e-01 2.116544039559999923e-01 6.553426882299999701e-01 -5.584044130219999458e-01 3.171900311210000267e-01 5.279513045829999952e-03 -3.399991739120000189e-01 4.640857876969999712e-02
3.695291502170000020e-01 -2.574305845700000095e-01 2.012154649650000071e-01 2.149058583619999907e-01 6.553426882299999701e-01 -5.584044130219999458e-01 3.171900311210000267e-01 5.279513045829999952e-03 -3.399991739120000189e-01 4.640857876969999712e-02
4.118936507020000137e-01 -2.858553322340000036e-01 2.123950722959999926e-01 2.344150901569999890e-01 6.553426882299999701e-01 -5.584044130219999458e-01 3.171900311210000267e-01 5.279513045829999952e-03 -3.399991739120000189e-01 4.640857876969999712e-02
4.195427305760000003e-01 -2.933354066109999936e-01 2.135718538149999901e-01 2.360408173599999881e-01 6.553426882299999701e-01 -5.584044130219999458e-01 3.171900311210000267e-01 5.867903805340000251e-03 -3.399991739120000189e-01 4.640857876969999712e-02
4.195427305760000003e-01 -2.933354066109999936e-01 2.129834630549999885e-01 2.360408173599999881e-01 6.553426882299999701e-01 -5.584044130219999458e-01 3.171900311210000267e-01 5.279513045829999952e-03 -3.383734467089999920e-01 4.640857876969999712e-02
4.201311213350000240e-01 -2.933354066109999936e-01 2.135718538149999901e-01 2.360408173599999881e-01 6.553426882299999701e-01 -5.584044130219999458e-01 3.171900311210000267e-01 5.867903805340000251e-03 -3.383734467089999920e-01 4.640857876969999712e-02
4.201311213350000240e-01 -2.933354066109999936e-01 2.300468865310000000e-01 2.360408173599999881e-01 5.826742876329999987e-01 -5.589928037820000029e-01 3.171900311210000267e-01 5.279513045829999952e-03 -3.399991739120000189e-01 4.640857876969999712e-02
4.413133715779999910e-01 -4.200234987569999995e-02 3.718505227750000253e-01 2.360408173599999881e-01 2.031839138529999977e-01 -5.584044130219999458e-01 3.171900311210000267e-01 5.279513045829999952e-03 -3.383734467089999920e-01 4.640857876969999712e-02
4.419017623370000147e-01 3.349968864510000088e-01 3.942095545370000176e-01 2.360408173599999881e-01 1.890539848339999884e-01 -5.584044130219999458e-01 3.171900311210000267e-01 5.279513045829999952e-03 -3.399991739120000189e-01 4.640857876969999712e-02
4.419017623370000147e-01 4.756236798299999791e-01 3.912676007390000210e-01 2.409179989699999913e-01 1.883811360509999866e-01 -5.584044130219999458e-01 3.171900311210000267e-01 5.279513045829999952e-03 -3.383734467089999920e-01 4.640857876969999712e-02
4.419017623370000147e-01 4.756236798299999791e-01 3.918559914990000226e-01 2.409179989699999913e-01 1.883811360509999866e-01 -5.589928037820000029e-01 3.171900311210000267e-01 5.279513045829999952e-03 -3.399991739120000189e-01 4.640857876969999712e-02
4.424903359969999950e-01 4.756236798299999791e-01 3.912676007390000210e-01 2.409179989699999913e-01 1.883811360509999866e-01 -5.584044130219999458e-01 3.171900311210000267e-01 5.279513045829999952e-03 -3.399991739120000189e-01 4.640857876969999712e-02
4.424903359969999950e-01 4.756236798299999791e-01 3.918559914990000226e-01 2.409179989699999913e-01 1.883811360509999866e-01 -5.589928037820000029e-01 3.171900311210000267e-01 5.279513045829999952e-03 -3.399991739120000189e-01 4.640857876969999712e-02
4.419017623370000147e-01 4.756236798299999791e-01 3.918559914990000226e-01 2.409179989699999913e-01 1.883811360509999866e-01 -5.584044130219999458e-01 3.171900311210000267e-01 5.279513045829999952e-03 -3.399991739120000189e-01 4.640857876969999712e-02
4.424903359969999950e-01 4.756236798299999791e-01 3.912676007390000210e-01 2.409179989699999913e-01 1.883811360509999866e-01 -5.584044130219999458e-01 3.171900311210000267e-01 5.279513045829999952e-03 -3.399991739120000189e-01 4.640857876969999712e-02
4.424903359969999950e-01 4.756236798299999791e-01 3.912676007390000210e-01 2.409179989699999913e-01 1.883811360509999866e-01 -5.584044130219999458e-01 3.171900311210000267e-01 5.279513045829999952e-03 -3.399991739120000189e-01 4.640857876969999712e-02
4.419017623370000147e-01 4.546792390589999844e-01 3.895023370110000105e-01 2.441694533759999897e-01 1.883811360509999866e-01 -5.589928037820000029e-01 3.171900311210000267e-01 5.279513045829999952e-03 -3.399991739120000189e-01 4.640857876969999712e-02
4.419017623370000147e-01 4.142866049089999891e-01 3.895023370110000105e-01 2.457951805789999888e-01 1.883811360509999866e-01 -5.584044130219999458e-01 3.171900311210000267e-01 5.279513045829999952e-03 -3.399991739120000189e-01 4.640857876969999712e-02
4.419017623370000147e-01 4.083023128909999966e-01 3.895023370110000105e-01 2.457951805789999888e-01 1.883811360509999866e-01 -5.584044130219999458e-01 3.171900311210000267e-01 5.279513045829999952e-03 -3.383734467089999920e-01 4.640857876969999712e-02
4.424903359969999950e-01 4.083023128909999966e-01 3.889139462510000089e-01 2.457951805789999888e-01 1.883811360509999866e-01 -5.584044130219999458e-01 3.171900311210000267e-01 5.279513045829999952e-03 -3.399991739120000189e-01 4.640857876969999712e-02
4.424903359969999950e-01 4.083023128909999966e-01 3.889139462510000089e-01 2.457951805789999888e-01 1.883811360509999866e-01 -5.584044130219999458e-01 3.171900311210000267e-01 5.279513045829999952e-03 -3.399991739120000189e-01 4.640857876969999712e-02
4.419017623370000147e-01 4.083023128909999966e-01 3.889139462510000089e-01 2.457951805789999888e-01 1.883811360509999866e-01 -5.584044130219999458e-01 3.171900311210000267e-01 5.279513045829999952e-03 -3.399991739120000189e-01 4.640857876969999712e-02
4.424903359969999950e-01 4.083023128909999966e-01 3.895023370110000105e-01 2.457951805789999888e-01 1.883811360509999866e-01 -5.589928037820000029e-01 3.171900311210000267e-01 5.279513045829999952e-03 -3.399991739120000189e-01 4.640857876969999712e-02
4.395481992990000197e-01 3.335008715760000020e-01 3.383118836830000253e-01 2.604267254090000261e-01 3.969662457290000224e-01 -5.584044130219999458e-01 3.171900311210000267e-01 5.867903805340000251e-03 -3.399991739120000189e-01 4.640857876969999712e-02
4.054213523479999748e-01 -1.058580497779999970e-02 2.329889317790000136e-01 3.222048644880000090e-01 6.465955494749999755e-01 -5.584044130219999458e-01 3.171900311210000267e-01 5.867903805340000251e-03 -3.399991739120000189e-01 4.640857876969999712e-02
4.130704322209999835e-01 -2.574305845700000095e-01 2.206325429290000029e-01 2.929417748290000234e-01 6.533240895930000347e-01 -5.584044130219999458e-01 3.171900311210000267e-01 5.279513045829999952e-03 -3.399991739120000189e-01 4.640857876969999712e-02
4.201311213350000240e-01 -2.903433768600000020e-01 2.171021983720000104e-01 2.669296342220000007e-01 6.533240895930000347e-01 -5.584044130219999458e-01 3.171900311210000267e-01 5.279513045829999952e-03 -3.383734467089999920e-01 4.640857876969999712e-02
4.183659490569999750e-01 -3.172718771320000020e-01 1.776796516839999895e-01 3.270820460980000122e-01 5.120244856719999849e-01 -5.589928037820000029e-01 3.171900311210000267e-01 5.279513045829999952e-03 -3.399991739120000189e-01 4.640857876969999712e-02
3.442279817580000123e-01 -3.262479663839999988e-01 4.764401353099999986e-02 3.433398234860000064e-01 2.555005734419999938e-02 -5.584044130219999458e-01 3.171900311210000267e-01 5.279513045829999952e-03 -3.383734467089999920e-01 4.573572998670000223e-02
2.589105900279999872e-01 -3.232559366330000072e-01 2.925858557590000145e-03 3.433398234860000064e-01 -2.625971725110000030e-02 -5.584044130219999458e-01 3.171900311210000267e-01 5.279513045829999952e-03 -3.383734467089999920e-01 4.640857876969999712e-02
8.298001538190000193e-02 -3.038075107379999973e-01 -6.488485044690000397e-03 3.384626418760000033e-01 -3.096976330880000031e-02 -5.584044130219999458e-01 3.171900311210000267e-01 5.279513045829999952e-03 -3.383734467089999920e-01 4.573572998670000223e-02
-9.471573154239999737e-02 -3.082957878800000051e-01 -5.311703525679999614e-03 3.433398234860000064e-01 -3.164261209170000227e-02 -5.589928037820000029e-01 3.171900311210000267e-01 5.279513045829999952e-03 -3.383734467089999920e-01 4.640857876969999712e-02
