-5.607257398549999605e-01 -3.232559366330000072e-01 -2.369658277940000189e-03 3.384626418760000033e-01 -3.366115844059999751e-02 -5.584044130219999458e-01 2.992376201010000236e-01 5.279513045829999952e-03 -3.383734467089999920e-01 4.506288120379999679e-02
-5.601373490959999923e-01 -2.918393917350000089e-01 -1.060722036119999927e-02 2.961932292359999996e-01 3.631574244840000271e-02 -5.584044130219999458e-01 2.992376201010000236e-01 4.691030836099999678e-03 -3.383734467089999920e-01 4.439003242080000189e-02
-4.336321012239999773e-01 5.673556196110000199e-02 -1.477036390789999987e-01 -1.069911600150000031e-01 5.591243710750000151e-01 -5.584044130219999458e-01 2.992376201010000236e-01 5.279513045829999952e-03 -3.383734467089999920e-01 4.506288120379999679e-02
-2.565247450600000034e-01 3.873581046369999892e-01 -3.177502146789999982e-01 -2.516823971709999941e-01 6.068971052610000472e-01 -5.578160222629999776e-01 2.992376201010000236e-01 4.691030836099999678e-03 -3.383734467089999920e-01 4.506288120379999679e-02
-9.648090382089999362e-02 4.726316500789999875e-01 -4.466090713140000168e-01 -2.598110331869999956e-01 6.068971052610000472e-01 -5.584044130219999458e-01 2.992376201010000236e-01 4.691030836099999678e-03 -3.383734467089999920e-01 4.439003242080000189e-02
-6.882626377349999880e-02 4.726316500789999875e-01 -4.566117142250000205e-01 -2.598110331869999956e-01 6.068971052610000472e-01 -5.584044130219999458e-01 2.992376201010000236e-01 4.691030836099999678e-03 -3.383734467089999920e-01 4.506288120379999679e-02
-6.882626377349999880e-02 4.726316500789999875e-01 -4.572001049850000221e-01 -2.663139420000000257e-01 6.068971052610000472e-01 -5.584044130219999458e-01 2.992376201010000236e-01 4.691030836099999678e-03 -3.383734467089999920e-01 4.506288120379999679e-02
-6.941465453310000089e-02 4.726316500789999875e-01 -4.566117142250000205e-01 -2.663139420000000257e-01 6.068971052610000472e-01 -5.578160222629999776e-01 2.992376201010000236e-01 5.279513045829999952e-03 -3.383734467089999920e-01 4.506288120379999679e-02
-6.882626377349999880e-02 4.726316500789999875e-01 -4.572001049850000221e-01 -2.663139420000000257e-01 6.068971052610000472e-01 -5.584044130219999458e-01 2.992376201010000236e-01 4.691030836099999678e-03 -3.383734467089999920e-01 4.506288120379999679e-02
-6.882626377349999880e-02 4.726316500789999875e-01 -4.572001049850000221e-01 -2.646882147969999988e-01 6.068971052610000472e-01 -5.584044130219999458e-01 2.992376201010000236e-01 5.279513045829999952e-03 -3.383734467089999920e-01 4.506288120379999679e-02
-6.941465453310000089e-02 4.726316500789999875e-01 -4.566117142250000205e-01 -2.646882147969999988e-01 6.068971052610000472e-01 -5.584044130219999458e-01 2.992376201010000236e-01 4.691030836099999678e-03 -3.383734467089999920e-01 4.506288120379999679e-02
-6.882626377349999880e-02 4.726316500789999875e-01 -4.572001049850000221e-01 -2.663139420000000257e-01 6.068971052610000472e-01 -5.578160222629999776e-01 2.992376201010000236e-01 4.691030836099999678e-03 -3.383734467089999920e-01 4.506288120379999679e-02
-6.882626377349999880e-02 4.726316500789999875e-01 -4.572001049850000221e-01 -2.663139420000000257e-01 6.068971052610000472e-01 -5.584044130219999458e-01 2.992376201010000236e-01 4.691030836099999678e-03 -3.383734467089999920e-01 4.506288120379999679e-02
-8.588977869960000289e-02 4.726316500789999875e-01 -4.572001049850000221e-01 -2.175416205469999920e-01 6.492869968950000237e-01 -5.584044130219999458e-01 2.992376201010000236e-01 5.279513045829999952e-03 -3.383734467089999920e-01 4.506288120379999679e-02
-8.765495097809999914e-02 4.726316500789999875e-01 -4.572001049850000221e-01 1.531277192830000078e-01 6.492869968950000237e-01 -5.584044130219999458e-01 2.992376201010000236e-01 5.279513045829999952e-03 -3.383734467089999920e-01 4.506288120379999679e-02
-8.824334173759999789e-02 4.726316500789999875e-01 -4.572001049850000221e-01 5.904523798020000491e-01 6.492869968950000237e-01 -5.584044130219999458e-01 2.992376201010000236e-01 4.691030836099999678e-03 -3.383734467089999920e-01 4.506288120379999679e-02
-9.412734078289999862e-02 4.726316500789999875e-01 -4.577884957439999902e-01 7.416465257709999870e-01 6.492869968950000237e-01 -5.584044130219999458e-01 2.992376201010000236e-01 4.691030836099999678e-03 -3.383734467089999920e-01 4.506288120379999679e-02
-9.412734078289999862e-02 4.726316500789999875e-01 -4.583768865039999918e-01 7.416465257709999870e-01 6.492869968950000237e-01 -5.584044130219999458e-01 2.992376201010000236e-01 4.691030836099999678e-03 -3.383734467089999920e-01 4.506288120379999679e-02
-9.412734078289999862e-02 4.726316500789999875e-01 -4.577884957439999902e-01 7.416465257709999870e-01 6.492869968950000237e-01 -5.578160222629999776e-01 2.992376201010000236e-01 4.691030836099999678e-03 -3.383734467089999920e-01 4.506288120379999679e-02
-9.412734078289999862e-02 4.726316500789999875e-01 -4.583768865039999918e-01 7.416465257709999870e-01 6.492869968950000237e-01 -5.584044130219999458e-01 2.992376201010000236e-01 5.279513045829999952e-03 -3.383734467089999920e-01 4.506288120379999679e-02
-9.412734078289999862e-02 4.726316500789999875e-01 -4.577884957439999902e-01 7.416465257709999870e-01 6.492869968950000237e-01 -5.578160222629999776e-01 2.992376201010000236e-01 5.279513045829999952e-03 -3.383734467089999920e-01 4.506288120379999679e-02
-9.412734078289999862e-02 4.741276649550000277e-01 -4.577884957439999902e-01 7.416465257709999870e-01 6.492869968950000237e-01 -5.578160222629999776e-01 2.992376201010000236e-01 5.279513045829999952e-03 -3.383734467089999920e-01 4.506288120379999679e-02
-9.471573154239999737e-02 4.741276649550000277e-01 -4.577884957439999902e-01 7.432722529749999918e-01 6.492869968950000237e-01 -5.584044130219999458e-01 2.992376201010000236e-01 4.691030836099999678e-03 -3.383734467089999920e-01 4.506288120379999679e-02
-9.471573154239999737e-02 4.741276649550000277e-01 -4.577884957439999902e-01 6.245931564259999957e-01 6.499598456780000255e-01 -5.578160222629999776e-01 2.992376201010000236e-01 5.279513045829999952e-03 -3.383734467089999920e-01 4.506288120379999679e-02
-9.412734078289999862e-02 4.726316500789999875e-01 -4.577884957439999902e-01 3.677257315349999889e-01 6.499598456780000255e-01 -5.584044130219999458e-01 2.992376201010000236e-01 5.279513045829999952e-03 -3.383734467089999920e-01 4.506288120379999679e-02
-9.412734078289999862e-02 4.741276649550000277e-01 -4.577884957439999902e-01 3.661000043309999841e-01 6.499598456780000255e-01 -5.584044130219999458e-01 2.992376201010000236e-01 4.691030836099999678e-03 -3.383734467089999920e-01 4.506288120379999679e-02
-9.412734078289999862e-02 4.726316500789999875e-01 -4.577884957439999902e-01 3.661000043309999841e-01 6.499598456780000255e-01 -5.584044130219999458e-01 2.992376201010000236e-01 5.279513045829999952e-03 -3.383734467089999920e-01 4.506288120379999679e-02
-9.412734078289999862e-02 4.741276649550000277e-01 -4.577884957439999902e-01 3.661000043309999841e-01 6.499598456780000255e-01 -5.578160222629999776e-01 2.992376201010000236e-01 4.691030836099999678e-03 -3.383734467089999920e-01 4.506288120379999679e-02
-9.471573154239999737e-02 4.726316500789999875e-01 -4.577884957439999902e-01 3.677257315349999889e-01 6.499598456780000255e-01 -5.584044130219999458e-01 2.992376201010000236e-01 4.691030836099999678e-03 -3.383734467089999920e-01 4.506288120379999679e-02
-9.471573154239999737e-02 4.726316500789999875e-01 -4.577884957439999902e-01 3.661000043309999841e-01 6.499598456780000255e-01 -5.584044130219999458e-01 2.992376201010000236e-01 5.279513045829999952e-03 -3.383734467089999920e-01 4.506288120379999679e-02
-6.882626377349999880e-02 4.741276649550000277e-01 -4.583768865039999918e-01 1.141097610499999943e-01 6.237184817009999716e-01 -5.584044130219999458e-01 2.992376201010000236e-01 4.691030836099999678e-03 -3.383734467089999920e-01 4.506288120379999679e-02
-6.882626377349999880e-02 4.726316500789999875e-01 -4.577884957439999902e-01 -2.435535084769999969e-01 6.230456329179999697e-01 -5.578160222629999776e-01 2.992376201010000236e-01 4.691030836099999678e-03 -3.383734467089999920e-01 4.506288120379999679e-02
-6.823787301400000005e-02 4.741276649550000277e-01 -4.577884957439999902e-01 -2.598110331869999956e-01 6.230456329179999697e-01 -5.584044130219999458e-01 2.992376201010000236e-01 5.279513045829999952e-03 -3.383734467089999920e-01 4.506288120379999679e-02
-6.823787301400000005e-02 4.726316500789999875e-01 -4.577884957439999902e-01 -2.598110331869999956e-01 6.210270342799999455e-01 -5.584044130219999458e-01 2.992376201010000236e-01 4.691030836099999678e-03 -3.383734467089999920e-01 4.506288120379999679e-02
-1.023649028660000015e-01 2.811398859070000089e-01 -3.895346189409999993e-01 -2.895549622560000119e-02 2.011653675039999922e-01 -5.584044130219999458e-01 3.007336349759999750e-01 4.691030836099999678e-03 -3.383734467089999920e-01 4.640857876969999712e-02
-2.812374313089999744e-01 -8.987529091880000487e-02 -2.159576073330000123e-01 2.815616844059999901e-01 -2.222262455339999929e-02 -5.584044130219999458e-01 2.962455903499999765e-01 4.691030836099999678e-03 -3.399991739120000189e-01 4.708142755260000256e-02
-4.648171315540000070e-01 -2.768790104650000194e-01 -5.002976704880000153e-02 3.563456411120000111e-01 -2.962406574289999997e-02 -5.584044130219999458e-01 2.977416052249999834e-01 4.691030836099999678e-03 -3.399991739120000189e-01 4.640857876969999712e-02
-5.560185680539999620e-01 -2.948314214860000004e-01 -4.134830556449999722e-03 3.498427322989999810e-01 -2.962406574289999997e-02 -5.584044130219999458e-01 3.007336349759999750e-01 4.691030836099999678e-03 -3.383734467089999920e-01 4.640857876969999712e-02
-5.607257398549999605e-01 -3.008154809870000057e-01 -3.546439796939999858e-03 3.482170050949999762e-01 -2.962406574289999997e-02 -5.584044130219999458e-01 2.992376201010000236e-01 4.691030836099999678e-03 -3.383734467089999920e-01 4.708142755260000256e-02
