-5.595489583360000463e-01 -3.202639068829999935e-01 -2.369658277940000189e-03 3.465912778920000048e-01 -3.366115844059999751e-02 -5.584044130219999458e-01 2.857734862229999728e-01 4.691030836099999678e-03 -3.399991739120000189e-01 4.506288120379999679e-02
-5.595489583360000463e-01 -3.232559366330000072e-01 -2.369658277940000189e-03 3.449655506889999779e-01 -3.433400722350000295e-02 -5.519319317669999503e-01 4.578168244999999970e-01 4.102640076600000060e-03 -6.114982699719999637e-01 -3.364460389250000238e-01
-5.595489583360000463e-01 -3.172718771320000020e-01 -2.369658277940000189e-03 3.465912778920000048e-01 -3.433400722350000295e-02 -4.266036025900000195e-01 4.772652503950000069e-01 4.691030836099999678e-03 -7.561893807889999986e-01 -4.259358682509999938e-01
-5.595489583360000463e-01 -3.202639068829999935e-01 -2.369658277940000189e-03 3.465912778920000048e-01 -3.366115844059999751e-02 -2.671480606609999975e-01 4.787612652709999916e-01 4.691030836099999678e-03 -7.561893807889999986e-01 -4.266087170339999957e-01
-5.595489583360000463e-01 -3.187678920070000088e-01 -2.369658277940000189e-03 3.465912778920000048e-01 -3.366115844059999751e-02 -6.297454665839999355e-02 4.757690030030000128e-01 4.691030836099999678e-03 -7.545636535859999716e-01 -4.266087170339999957e-01
-5.595489583360000463e-01 -3.187678920070000088e-01 -2.369658277940000189e-03 3.482170050949999762e-01 -3.366115844059999751e-02 1.200168085520000039e-01 4.413604283550000007e-01 4.691030836099999678e-03 -7.529379263829999447e-01 -4.266087170339999957e-01
-5.595489583360000463e-01 -3.187678920070000088e-01 -2.369658277940000189e-03 3.465912778920000048e-01 -3.366115844059999751e-02 2.582899173379999969e-01 4.413604283550000007e-01 1.749077038590000042e-03 -7.448092903659999653e-01 -4.266087170339999957e-01
-5.595489583360000463e-01 -3.187678920070000088e-01 -2.369658277940000189e-03 3.465912778920000048e-01 -3.366115844059999751e-02 3.336046661559999849e-01 4.518327649989999917e-01 -1.237239263970000072e-02 -7.480607447729999970e-01 -4.272815658169999975e-01
-5.595489583360000463e-01 -3.187678920070000088e-01 -2.369658277940000189e-03 3.465912778920000048e-01 -3.366115844059999751e-02 3.553753986090000261e-01 4.533287798739999985e-01 -1.413765636849999979e-02 -7.578152343309999539e-01 -4.272815658169999975e-01
-5.595489583360000463e-01 -3.187678920070000088e-01 -2.369658277940000189e-03 3.465912778920000048e-01 -3.366115844059999751e-02 3.553753986090000261e-01 4.533287798739999985e-01 -1.413765636849999979e-02 -7.578152343309999539e-01 -4.272815658169999975e-01
-5.595489583360000463e-01 -3.202639068829999935e-01 -2.369658277940000189e-03 3.465912778920000048e-01 -3.366115844059999751e-02 3.553753986090000261e-01 4.533287798739999985e-01 -1.472604712800000028e-02 -7.578152343309999539e-01 -4.272815658169999975e-01
-5.595489583360000463e-01 -3.187678920070000088e-01 -2.369658277940000189e-03 3.465912778920000048e-01 -3.366115844059999751e-02 3.559637893679999943e-01 4.533287798739999985e-01 -1.472604712800000028e-02 -7.578152343309999539e-01 -4.272815658169999975e-01
-5.595489583360000463e-01 -3.187678920070000088e-01 -2.369658277940000189e-03 3.465912778920000048e-01 -3.366115844059999751e-02 3.553753986090000261e-01 4.533287798739999985e-01 -1.472604712800000028e-02 -7.594409615349999587e-01 -3.862373717479999913e-01
-5.595489583360000463e-01 -3.187678920070000088e-01 -2.369658277940000189e-03 3.449655506889999779e-01 -3.366115844059999751e-02 3.536102263299999993e-01 2.004997082639999872e-01 -2.531717224919999981e-02 -7.626924159410000126e-01 -3.700887918040000057e-01
-5.595489583360000463e-01 -3.187678920070000088e-01 -2.369658277940000189e-03 3.449655506889999779e-01 -3.366115844059999751e-02 3.530218355709999756e-01 1.212102223229999942e-01 -2.531717224919999981e-02 -7.675695975509999602e-01 -3.694159430210000039e-01
-5.595489583360000463e-01 -3.187678920070000088e-01 -2.369658277940000189e-03 3.449655506889999779e-01 -3.366115844059999751e-02 3.530218355709999756e-01 1.197142074469999956e-01 -2.531717224919999981e-02 -7.675695975509999602e-01 -3.694159430210000039e-01
-5.595489583360000463e-01 -3.187678920070000088e-01 -2.369658277940000189e-03 3.465912778920000048e-01 -3.366115844059999751e-02 3.536102263299999993e-01 1.197142074469999956e-01 -2.531717224919999981e-02 -7.675695975509999602e-01 -3.700887918040000057e-01
-5.595489583360000463e-01 -3.187678920070000088e-01 -2.369658277940000189e-03 3.465912778920000048e-01 -3.366115844059999751e-02 3.530218355709999756e-01 1.197142074469999956e-01 -2.531717224919999981e-02 -7.675695975509999602e-01 -3.700887918040000057e-01
-5.595489583360000463e-01 -3.187678920070000088e-01 -2.369658277940000189e-03 3.449655506889999779e-01 -3.366115844059999751e-02 3.530218355709999756e-01 1.197142074469999956e-01 -2.531717224919999981e-02 -7.675695975509999602e-01 -3.700887918040000057e-01
-5.595489583360000463e-01 -3.187678920070000088e-01 -2.369658277940000189e-03 3.465912778920000048e-01 -3.366115844059999751e-02 3.530218355709999756e-01 1.197142074469999956e-01 -2.531717224919999981e-02 -7.675695975509999602e-01 -3.707616405870000076e-01
-5.595489583360000463e-01 -3.187678920070000088e-01 -2.369658277940000189e-03 3.449655506889999779e-01 -3.366115844059999751e-02 3.530218355709999756e-01 1.197142074469999956e-01 -2.531717224919999981e-02 -7.675695975509999602e-01 -3.707616405870000076e-01
-5.595489583360000463e-01 -3.187678920070000088e-01 -2.369658277940000189e-03 3.465912778920000048e-01 -3.366115844059999751e-02 3.530218355709999756e-01 1.212102223229999942e-01 -2.531717224919999981e-02 -7.675695975509999602e-01 -3.700887918040000057e-01
-5.595489583360000463e-01 -3.187678920070000088e-01 -2.369658277940000189e-03 3.465912778920000048e-01 -3.366115844059999751e-02 3.459610550059999956e-01 7.184126640429999711e-02 -2.355190852050000061e-02 -7.545636535859999716e-01 -3.694159430210000039e-01
-5.595489583360000463e-01 -3.202639068829999935e-01 -2.369658277940000189e-03 3.482170050949999762e-01 -3.366115844059999751e-02 2.971241647160000054e-01 -1.405949385389999862e-01 -1.296078339919999947e-02 -4.489240335799999926e-01 -3.680702454550000002e-01
-5.595489583360000463e-01 -3.172718771320000020e-01 -2.369658277940000189e-03 3.482170050949999762e-01 -3.366115844059999751e-02 2.871213389039999897e-01 -1.346108790380000086e-01 -1.531443788750000076e-02 -2.717181260200000059e-01 -3.673973966719999984e-01
-5.595489583360000463e-01 -3.172718771320000020e-01 -2.369658277940000189e-03 3.465912778920000048e-01 -3.366115844059999751e-02 2.871213389039999897e-01 -1.331148641630000018e-01 -1.531443788750000076e-02 -2.684664189359999842e-01 -3.673973966719999984e-01
-5.595489583360000463e-01 -3.172718771320000020e-01 -2.369658277940000189e-03 3.465912778920000048e-01 -3.366115844059999751e-02 2.871213389039999897e-01 -1.331148641630000018e-01 -1.531443788750000076e-02 -2.684664189359999842e-01 -3.673973966719999984e-01
-5.595489583360000463e-01 -3.187678920070000088e-01 -2.369658277940000189e-03 3.482170050949999762e-01 -3.366115844059999751e-02 2.871213389039999897e-01 -1.331148641630000018e-01 -1.531443788750000076e-02 -2.684664189359999842e-01 -3.680702454550000002e-01
-5.595489583360000463e-01 -3.187678920070000088e-01 -2.369658277940000189e-03 3.465912778920000048e-01 -3.366115844059999751e-02 2.871213389039999897e-01 -1.331148641630000018e-01 -1.531443788750000076e-02 -2.668406917330000128e-01 -3.680702454550000002e-01
-5.595489583360000463e-01 -3.187678920070000088e-01 -2.369658277940000189e-03 3.465912778920000048e-01 -3.366115844059999751e-02 2.971241647160000054e-01 -2.689664543250000137e-02 -3.767346964900000067e-02 -4.034031665339999906e-01 -4.165157761350000154e-01
-5.595489583360000463e-01 -3.172718771320000020e-01 -2.369658277940000189e-03 3.482170050949999762e-01 -3.366115844059999751e-02 3.494913995630000159e-01 3.426225165180000198e-01 -3.002429832530000009e-02 -7.415577096209999830e-01 -4.279544145999999993e-01
-5.595489583360000463e-01 -3.187678920070000088e-01 -2.369658277940000189e-03 3.465912778920000048e-01 -3.366115844059999751e-02 3.559637893679999943e-01 4.503365176060000197e-01 -2.355190852050000061e-02 -7.659438703480000443e-01 -4.279544145999999993e-01
-5.595489583360000463e-01 -3.187678920070000088e-01 -2.369658277940000189e-03 3.482170050949999762e-01 -3.366115844059999751e-02 3.565521801279999958e-01 4.578168244999999970e-01 -2.119834548249999867e-02 -7.659438703480000443e-01 -4.279544145999999993e-01
-5.595489583360000463e-01 -3.202639068829999935e-01 -2.369658277940000189e-03 3.465912778920000048e-01 -3.366115844059999751e-02 3.477262272850000224e-01 3.934874873109999727e-01 -2.119834548249999867e-02 -6.423874658499999502e-01 -2.489748605250000080e-01
-5.595489583360000463e-01 -3.187678920070000088e-01 -2.369658277940000189e-03 3.465912778920000048e-01 -3.366115844059999751e-02 2.882982118740000099e-01 2.902615308490000268e-01 -9.430438842200000032e-03 -3.725139706550000263e-01 2.891440583599999906e-02
-5.595489583360000463e-01 -3.172718771320000020e-01 -2.369658277940000189e-03 3.465912778920000048e-01 -3.366115844059999751e-02 1.623813090369999879e-01 2.917575457239999781e-01 6.456294564839999868e-03 -3.318705378960000174e-01 3.698859123139999761e-02
-5.595489583360000463e-01 -3.187678920070000088e-01 -2.369658277940000189e-03 3.465912778920000048e-01 -3.366115844059999751e-02 -2.355190852050000061e-02 2.947495754750000252e-01 7.044685324340000353e-03 -3.318705378960000174e-01 3.766154459139999661e-02
-5.595489583360000463e-01 -3.172718771320000020e-01 -2.369658277940000189e-03 3.465912778920000048e-01 -3.366115844059999751e-02 -2.094852175280000062e-01 3.007336349759999750e-01 7.044685324340000353e-03 -3.334962650989999888e-01 3.766154459139999661e-02
