-5.595489583360000463e-01 -3.187678920070000088e-01 -2.369658277940000189e-03 3.465912778920000048e-01 -3.366115844059999751e-02 -5.584044130219999458e-01 3.141980013699999796e-01 4.691030836099999678e-03 -3.416249011160000237e-01 4.506288120379999679e-02
-5.595489583360000463e-01 -3.202639068829999935e-01 -2.369658277940000189e-03 3.465912778920000048e-01 -3.366115844059999751e-02 -5.501667594889999569e-01 3.156940162460000199e-01 -1.306401241529999979e-01 -2.424547836840000026e-01 -3.747988378609999893e-01
-5.595489583360000463e-01 -3.202639068829999935e-01 -2.369658277940000189e-03 3.465912778920000048e-01 -3.366115844059999751e-02 -4.307223379069999858e-01 3.171900311210000267e-01 -1.859494042469999886e-01 -2.294487133800000023e-01 -6.466323605989999779e-01
-5.595489583360000463e-01 -3.187678920070000088e-01 -2.369658277940000189e-03 3.465912778920000048e-01 -3.366115844059999751e-02 -2.830347940679999730e-01 3.156940162460000199e-01 -1.859494042469999886e-01 -2.278229861770000031e-01 -6.526879996450000165e-01
-5.595489583360000463e-01 -3.202639068829999935e-01 -2.369658277940000189e-03 3.465912778920000048e-01 -3.366115844059999751e-02 -8.180323386290000443e-02 3.127019864949999728e-01 -1.859494042469999886e-01 -2.180686229569999968e-01 -6.553793947770000239e-01
-5.595489583360000463e-01 -3.187678920070000088e-01 -2.369658277940000189e-03 3.465912778920000048e-01 -3.366115844059999751e-02 1.206051993109999998e-01 2.767971644539999887e-01 -1.859494042469999886e-01 -2.083140070600000004e-01 -6.553793947770000239e-01
-5.595489583360000463e-01 -3.202639068829999935e-01 -2.369658277940000189e-03 3.465912778920000048e-01 -3.366115844059999751e-02 2.818258220689999760e-01 2.588447534339999856e-01 -1.859494042469999886e-01 -2.115654614670000044e-01 -6.553793947770000239e-01
-5.595489583360000463e-01 -3.187678920070000088e-01 -2.369658277940000189e-03 3.465912778920000048e-01 -3.366115844059999751e-02 3.689084775270000116e-01 2.603410008259999797e-01 -1.983057016470000100e-01 -2.196943501599999959e-01 -6.553793947770000239e-01
-5.595489583360000463e-01 -3.202639068829999935e-01 -2.369658277940000189e-03 3.465912778920000048e-01 -3.366115844059999751e-02 4.124498509819999881e-01 3.022296498509999818e-01 -2.106619990470000037e-01 -2.359516221930000046e-01 -6.553793947770000239e-01
-5.595489583360000463e-01 -3.187678920070000088e-01 -2.369658277940000189e-03 3.465912778920000048e-01 -3.366115844059999751e-02 4.195106315459999902e-01 3.067176944769999802e-01 -2.118387805660000012e-01 -2.359516221930000046e-01 -6.553793947770000239e-01
-5.595489583360000463e-01 -3.187678920070000088e-01 -2.369658277940000189e-03 3.465912778920000048e-01 -3.433400722350000295e-02 4.195106315459999902e-01 3.067176944769999802e-01 -2.118387805660000012e-01 -2.359516221930000046e-01 -6.553793947770000239e-01
-5.595489583360000463e-01 -3.202639068829999935e-01 -2.369658277940000189e-03 3.465912778920000048e-01 -3.366115844059999751e-02 4.195106315459999902e-01 3.067176944769999802e-01 -2.118387805660000012e-01 -2.359516221930000046e-01 -6.553793947770000239e-01
-5.595489583360000463e-01 -3.187678920070000088e-01 -2.369658277940000189e-03 3.465912778920000048e-01 -3.366115844059999751e-02 4.248061483819999817e-01 3.067176944769999802e-01 -2.330211222590000131e-01 -2.375773493960000038e-01 -5.685810651599999543e-01
-5.595489583360000463e-01 -3.202639068829999935e-01 -2.369658277940000189e-03 3.465912778920000048e-01 -3.366115844059999751e-02 4.412812725479999809e-01 3.743245923869999853e-02 -3.648218412409999778e-01 -2.359516221930000046e-01 -2.086035152400000092e-01
-5.595489583360000463e-01 -3.202639068829999935e-01 -2.369658277940000189e-03 3.465912778920000048e-01 -3.366115844059999751e-02 4.412812725479999809e-01 -3.350787324619999841e-01 -3.907114004600000245e-01 -2.408288038030000078e-01 -1.877449938150000108e-01
-5.595489583360000463e-01 -3.187678920070000088e-01 -2.369658277940000189e-03 3.465912778920000048e-01 -3.433400722350000295e-02 4.418696633079999825e-01 -4.487770255690000099e-01 -3.907114004600000245e-01 -2.440805108870000018e-01 -1.877449938150000108e-01
-5.595489583360000463e-01 -3.202639068829999935e-01 -2.369658277940000189e-03 3.465912778920000048e-01 -3.366115844059999751e-02 4.418696633079999825e-01 -4.637374068389999993e-01 -3.907114004600000245e-01 -2.440805108870000018e-01 -1.877449938150000108e-01
-5.595489583360000463e-01 -3.187678920070000088e-01 -2.369658277940000189e-03 3.465912778920000048e-01 -3.433400722350000295e-02 4.418696633079999825e-01 -4.637374068389999993e-01 -3.912997912189999927e-01 -2.440805108870000018e-01 -1.877449938150000108e-01
-5.595489583360000463e-01 -3.202639068829999935e-01 -2.369658277940000189e-03 3.465912778920000048e-01 -3.366115844059999751e-02 4.418696633079999825e-01 -4.637374068389999993e-01 -3.907114004600000245e-01 -2.440805108870000018e-01 -1.897636447399999871e-01
-5.595489583360000463e-01 -3.187678920070000088e-01 -2.369658277940000189e-03 3.465912778920000048e-01 -3.366115844059999751e-02 4.418696633079999825e-01 -4.637374068389999993e-01 -3.907114004600000245e-01 -2.440805108870000018e-01 -1.897636447399999871e-01
-5.595489583360000463e-01 -3.187678920070000088e-01 -2.369658277940000189e-03 3.465912778920000048e-01 -3.366115844059999751e-02 4.418696633079999825e-01 -4.637374068389999993e-01 -3.907114004600000245e-01 -2.440805108870000018e-01 -1.897636447399999871e-01
-5.595489583360000463e-01 -3.187678920070000088e-01 -2.369658277940000189e-03 3.465912778920000048e-01 -3.366115844059999751e-02 4.418696633079999825e-01 -4.622413919630000145e-01 -3.907114004600000245e-01 -2.440805108870000018e-01 -1.904364935229999889e-01
-5.595489583360000463e-01 -3.202639068829999935e-01 -2.369658277940000189e-03 3.465912778920000048e-01 -3.433400722350000295e-02 4.418696633079999825e-01 -4.637374068389999993e-01 -3.907114004600000245e-01 -2.440805108870000018e-01 -1.884179471749999890e-01
-5.595489583360000463e-01 -3.187678920070000088e-01 -2.369658277940000189e-03 3.465912778920000048e-01 -3.366115844059999751e-02 4.418696633079999825e-01 -4.068881440270000205e-01 -3.907114004600000245e-01 -2.522091469030000033e-01 -1.877449938150000108e-01
-5.595489583360000463e-01 -3.202639068829999935e-01 -2.369658277940000189e-03 3.465912778920000048e-01 -3.433400722350000295e-02 4.418696633079999825e-01 -4.068881440270000205e-01 -3.907114004600000245e-01 -2.538348741070000081e-01 -1.877449938150000108e-01
-5.595489583360000463e-01 -3.202639068829999935e-01 -2.369658277940000189e-03 3.465912778920000048e-01 -3.366115844059999751e-02 4.418696633079999825e-01 -4.068881440270000205e-01 -3.907114004600000245e-01 -2.538348741070000081e-01 -1.890907959579999909e-01
-5.595489583360000463e-01 -3.187678920070000088e-01 -2.369658277940000189e-03 3.465912778920000048e-01 -3.366115844059999751e-02 4.418696633079999825e-01 -4.068881440270000205e-01 -3.907114004600000245e-01 -2.538348741070000081e-01 -1.890907959579999909e-01
-5.595489583360000463e-01 -3.187678920070000088e-01 -2.369658277940000189e-03 3.465912778920000048e-01 -3.366115844059999751e-02 4.418696633079999825e-01 -4.068881440270000205e-01 -3.907114004600000245e-01 -2.522091469030000033e-01 -1.890907959579999909e-01
-5.595489583360000463e-01 -3.187678920070000088e-01 -2.369658277940000189e-03 3.465912778920000048e-01 -3.366115844059999751e-02 4.418696633079999825e-01 -4.068881440270000205e-01 -3.907114004600000245e-01 -2.538348741070000081e-01 -1.890907959579999909e-01
-5.595489583360000463e-01 -3.202639068829999935e-01 -2.369658277940000189e-03 3.465912778920000048e-01 -3.366115844059999751e-02 4.383392730260000092e-01 -3.216145985850000222e-01 -3.354021203650000005e-01 -2.717181260200000059e-01 -4.003674053449999826e-01
-5.595489583360000463e-01 -3.202639068829999935e-01 -2.369658277940000189e-03 3.465912778920000048e-01 -3.433400722350000295e-02 4.112730694630000183e-01 3.144839973750000045e-02 -2.318443407399999878e-01 -3.237419018800000159e-01 -6.486509069479999834e-01
-5.595489583360000463e-01 -3.202639068829999935e-01 -2.369658277940000189e-03 3.465912778920000048e-01 -3.366115844059999751e-02 4.148034140199999831e-01 2.678210752030000252e-01 -2.200763426490000008e-01 -2.798467620360000074e-01 -6.533608484280000184e-01
-5.595489583360000463e-01 -3.202639068829999935e-01 -2.369658277940000189e-03 3.465912778920000048e-01 -3.366115844059999751e-02 4.212758038250000170e-01 3.007336349759999750e-01 -2.177227796110000058e-01 -2.424547836840000026e-01 -6.547065459940000220e-01
-5.595489583360000463e-01 -3.202639068829999935e-01 -2.369658277940000189e-03 3.465912778920000048e-01 -3.366115844059999751e-02 4.071542426959999794e-01 3.201820608720000183e-01 -1.659439355239999969e-01 -3.318705378960000174e-01 -4.730357013650000053e-01
-5.595489583360000463e-01 -3.187678920070000088e-01 -2.369658277940000189e-03 3.465912778920000048e-01 -3.366115844059999751e-02 3.283091493210000267e-01 3.231740906219999765e-01 -3.885025116799999817e-02 -3.448763555220000221e-01 4.018687135709999615e-03
-5.595489583360000463e-01 -3.187678920070000088e-01 -2.369658277940000189e-03 3.465912778920000048e-01 -3.366115844059999751e-02 2.300468865310000000e-01 3.082139418689999744e-01 -3.546439796939999858e-03 -3.399991739120000189e-01 3.698859123139999761e-02
-5.595489583360000463e-01 -3.187678920070000088e-01 -2.369658277940000189e-03 3.465912778920000048e-01 -3.433400722350000295e-02 6.882626377349999880e-02 3.007336349759999750e-01 6.456294564839999868e-03 -3.399991739120000189e-01 3.766154459139999661e-02
-5.595489583360000463e-01 -3.187678920070000088e-01 -2.369658277940000189e-03 3.465912778920000048e-01 -3.366115844059999751e-02 -1.265212973859999868e-01 3.007336349759999750e-01 6.456294564839999868e-03 -3.399991739120000189e-01 3.766154459139999661e-02
