-5.601373490959999923e-01 -3.217599217580000004e-01 -2.369658277940000189e-03 3.465912778920000048e-01 -3.433400722350000295e-02 -5.595811945409999710e-01 3.171900311210000267e-01 5.279513045829999952e-03 -3.399991739120000189e-01 4.169863728909999762e-02
-5.601373490959999923e-01 -3.217599217580000004e-01 -2.369658277940000189e-03 3.465912778920000048e-01 -3.366115844059999751e-02 -5.048603052060000040e-01 1.062498410530000048e-01 7.882899813530000466e-02 -7.175165859790000322e-02 -3.727802915119999838e-01
-5.595489583360000463e-01 -3.202639068829999935e-01 -2.369658277940000189e-03 3.449655506889999779e-01 -3.366115844059999751e-02 -3.283413398009999984e-01 -2.752376724169999789e-01 2.488755737359999998e-01 2.533970668639999868e-01 -6.055881665310000050e-01
-5.601373490959999923e-01 -3.202639068829999935e-01 -2.369658277940000189e-03 3.465912778920000048e-01 -3.366115844059999751e-02 -1.682974985619999919e-01 -4.442889809430000114e-01 3.942095545370000176e-01 2.712800660990000168e-01 -6.102981080110000400e-01
-5.601373490959999923e-01 -3.202639068829999935e-01 -2.369658277940000189e-03 3.465912778920000048e-01 -3.366115844059999751e-02 -7.297728102009999607e-02 -4.667294365890000130e-01 4.536375699479999746e-01 2.777829749130000248e-01 -6.102981080110000400e-01
-5.601373490959999923e-01 -3.202639068829999935e-01 -2.369658277940000189e-03 3.465912778920000048e-01 -3.433400722350000295e-02 -6.709328197489999868e-02 -4.697214663400000045e-01 4.542259607069999983e-01 2.794089547929999862e-01 -6.102981080110000400e-01
-5.601373490959999923e-01 -3.202639068829999935e-01 -2.369658277940000189e-03 3.465912778920000048e-01 -3.433400722350000295e-02 -6.709328197489999868e-02 -4.697214663400000045e-01 4.536375699479999746e-01 2.794089547929999862e-01 -6.102981080110000400e-01
-5.601373490959999923e-01 -3.217599217580000004e-01 -2.369658277940000189e-03 3.449655506889999779e-01 -3.433400722350000295e-02 -6.709328197489999868e-02 -4.697214663400000045e-01 4.542259607069999983e-01 2.794089547929999862e-01 -6.102981080110000400e-01
-5.601373490959999923e-01 -3.202639068829999935e-01 -2.369658277940000189e-03 3.449655506889999779e-01 -3.433400722350000295e-02 -8.474518766039999818e-02 -4.697214663400000045e-01 4.542259607069999983e-01 2.241334718499999878e-01 -6.513423020799999907e-01
-5.601373490959999923e-01 -3.202639068829999935e-01 -2.369658277940000189e-03 3.465912778920000048e-01 -3.433400722350000295e-02 -8.474518766039999818e-02 -4.697214663400000045e-01 4.536375699479999746e-01 -1.416586863709999866e-01 -6.540336972110000202e-01
-5.601373490959999923e-01 -3.202639068829999935e-01 -2.369658277940000189e-03 3.449655506889999779e-01 -3.366115844059999751e-02 -8.533357841989999693e-02 -4.697214663400000045e-01 4.554027879520000099e-01 -5.627260748579999694e-01 -6.540336972110000202e-01
-5.601373490959999923e-01 -3.217599217580000004e-01 -2.369658277940000189e-03 3.449655506889999779e-01 -3.433400722350000295e-02 -9.827826657919999653e-02 -4.742095109660000030e-01 4.559911787109999781e-01 -7.431835631630000494e-01 -6.553793947770000239e-01
-5.601373490959999923e-01 -3.202639068829999935e-01 -2.369658277940000189e-03 3.449655506889999779e-01 -3.366115844059999751e-02 -9.827826657919999653e-02 -4.757055258410000098e-01 4.554027879520000099e-01 -7.431835631630000494e-01 -6.553793947770000239e-01
-5.601373490959999923e-01 -3.202639068829999935e-01 -2.369658277940000189e-03 3.465912778920000048e-01 -3.433400722350000295e-02 -9.827826657919999653e-02 -4.757055258410000098e-01 4.559911787109999781e-01 -7.431835631630000494e-01 -6.560522435600000257e-01
-5.601373490959999923e-01 -3.217599217580000004e-01 -2.369658277940000189e-03 3.465912778920000048e-01 -3.433400722350000295e-02 -9.827826657919999653e-02 -4.757055258410000098e-01 4.559911787109999781e-01 -7.431835631630000494e-01 -6.553793947770000239e-01
-5.601373490959999923e-01 -3.202639068829999935e-01 -2.369658277940000189e-03 3.465912778920000048e-01 -3.433400722350000295e-02 -9.827826657919999653e-02 -4.757055258410000098e-01 4.559911787109999781e-01 -4.895675926779999854e-01 -6.553793947770000239e-01
-5.601373490959999923e-01 -3.202639068829999935e-01 -2.369658277940000189e-03 3.465912778920000048e-01 -3.366115844059999751e-02 -9.827826657919999653e-02 -4.757055258410000098e-01 4.559911787109999781e-01 -3.562566986219999898e-01 -6.553793947770000239e-01
-5.595489583360000463e-01 -3.217599217580000004e-01 -2.369658277940000189e-03 3.465912778920000048e-01 -3.433400722350000295e-02 -9.827826657919999653e-02 -4.757055258410000098e-01 4.559911787109999781e-01 -3.546309714190000184e-01 -6.553793947770000239e-01
-5.601373490959999923e-01 -3.202639068829999935e-01 -2.369658277940000189e-03 3.465912778920000048e-01 -3.366115844059999751e-02 -9.827826657919999653e-02 -4.757055258410000098e-01 4.559911787109999781e-01 -3.546309714190000184e-01 -6.553793947770000239e-01
-5.601373490959999923e-01 -3.202639068829999935e-01 -2.369658277940000189e-03 3.465912778920000048e-01 -3.433400722350000295e-02 -9.827826657919999653e-02 -4.757055258410000098e-01 4.559911787109999781e-01 -3.530052442159999915e-01 -6.553793947770000239e-01
-5.601373490959999923e-01 -3.202639068829999935e-01 -2.369658277940000189e-03 3.449655506889999779e-01 -3.433400722350000295e-02 -7.121210874159999982e-02 -4.757055258410000098e-01 4.559911787109999781e-01 -9.938927373089999351e-02 -6.197182001269999629e-01
-5.601373490959999923e-01 -3.202639068829999935e-01 -2.369658277940000189e-03 3.449655506889999779e-01 -3.433400722350000295e-02 -6.827006349389999618e-02 -4.772015407160000167e-01 4.559911787109999781e-01 2.452681781699999897e-01 -6.190453513439999611e-01
-5.601373490959999923e-01 -3.202639068829999935e-01 -2.369658277940000189e-03 3.465912778920000048e-01 -3.366115844059999751e-02 -6.944684501289999368e-02 -4.607453770880000077e-01 4.406928817890000127e-01 1.981215839200000106e-01 -4.636158184040000130e-01
-5.601373490959999923e-01 -3.217599217580000004e-01 -2.369658277940000189e-03 3.449655506889999779e-01 -3.366115844059999751e-02 -2.112503898070000052e-01 -8.224989336910000504e-02 2.983009462349999752e-01 -1.904310078239999926e-01 5.364384701609999952e-03
-5.601373490959999923e-01 -3.217599217580000004e-01 -2.369658277940000189e-03 3.449655506889999779e-01 -3.433400722350000295e-02 -4.060097431069999985e-01 2.782931793299999734e-01 1.141328095059999936e-01 -3.042329227630000132e-01 4.035293972319999728e-02
-5.601373490959999923e-01 -3.157758622569999951e-01 -2.369658277940000189e-03 3.498427322989999810e-01 -3.366115844059999751e-02 -5.401641165770000308e-01 2.932535605989999850e-01 1.234020215989999926e-02 -3.399991739120000189e-01 4.506288120379999679e-02
