-5.607257398549999605e-01 -3.202639068829999935e-01 -2.958049037439999807e-03 3.465912778920000048e-01 -3.433400722350000295e-02 -5.584044130219999458e-01 3.171900311210000267e-01 5.279513045829999952e-03 -3.399991739120000189e-01 4.506288120379999679e-02
-5.154192398469999992e-01 -1.257801129599999956e-01 -7.415406253919999691e-02 7.834376257769999630e-02 3.639963416329999868e-01 -5.584044130219999458e-01 3.171900311210000267e-01 5.279513045829999952e-03 -3.416249011160000237e-01 4.506288120379999679e-02
-3.341931483660000035e-01 2.616914600110000211e-01 -2.442006381400000092e-01 -2.370505996639999946e-01 6.035328090579999971e-01 -5.584044130219999458e-01 3.171900311210000267e-01 5.279513045829999952e-03 -3.399991739120000189e-01 4.506288120379999679e-02
-1.735608249180000118e-01 4.516872093079999928e-01 -3.901230097000000230e-01 -2.598110331869999956e-01 6.075699540440000490e-01 -5.584044130219999458e-01 3.171900311210000267e-01 5.279513045829999952e-03 -3.416249011160000237e-01 4.573572998670000223e-02
-7.000304529259999964e-02 4.741276649550000277e-01 -4.554349327059999952e-01 -2.598110331869999956e-01 6.075699540440000490e-01 -5.584044130219999458e-01 3.171900311210000267e-01 5.279513045829999952e-03 -3.399991739120000189e-01 4.573572998670000223e-02
-6.882626377349999880e-02 4.741276649550000277e-01 -4.572001049850000221e-01 -2.598110331869999956e-01 6.075699540440000490e-01 -5.584044130219999458e-01 3.171900311210000267e-01 5.279513045829999952e-03 -3.399991739120000189e-01 4.573572998670000223e-02
-6.882626377349999880e-02 4.741276649550000277e-01 -4.572001049850000221e-01 -2.598110331869999956e-01 6.075699540440000490e-01 -5.584044130219999458e-01 3.171900311210000267e-01 5.279513045829999952e-03 -3.416249011160000237e-01 4.573572998670000223e-02
-6.941465453310000089e-02 4.756236798299999791e-01 -4.572001049850000221e-01 -2.598110331869999956e-01 6.075699540440000490e-01 -5.584044130219999458e-01 3.171900311210000267e-01 5.279513045829999952e-03 -3.399991739120000189e-01 4.573572998670000223e-02
-8.000577965430000216e-02 4.741276649550000277e-01 -4.572001049850000221e-01 -2.354248724609999954e-01 6.492869968950000237e-01 -5.584044130219999458e-01 3.171900311210000267e-01 5.279513045829999952e-03 -3.416249011160000237e-01 4.573572998670000223e-02
-8.706656021860000039e-02 4.756236798299999791e-01 -4.572001049850000221e-01 1.563791736900000118e-01 6.499598456780000255e-01 -5.584044130219999458e-01 3.156940162460000199e-01 5.279513045829999952e-03 -3.416249011160000237e-01 4.573572998670000223e-02
-8.706656021860000039e-02 4.741276649550000277e-01 -4.577884957439999902e-01 5.611892901439999859e-01 6.499598456780000255e-01 -5.584044130219999458e-01 3.171900311210000267e-01 5.279513045829999952e-03 -3.416249011160000237e-01 4.573572998670000223e-02
-9.589251306139999487e-02 4.756236798299999791e-01 -4.583768865039999918e-01 7.448979801780000187e-01 6.519783920270000310e-01 -5.584044130219999458e-01 3.171900311210000267e-01 5.279513045829999952e-03 -3.399991739120000189e-01 4.573572998670000223e-02
-9.589251306139999487e-02 4.756236798299999791e-01 -4.583768865039999918e-01 7.465237073810000457e-01 6.519783920270000310e-01 -5.584044130219999458e-01 3.171900311210000267e-01 5.279513045829999952e-03 -3.399991739120000189e-01 4.573572998670000223e-02
-9.589251306139999487e-02 4.756236798299999791e-01 -4.589652772630000155e-01 7.481494345850000505e-01 6.519783920270000310e-01 -5.584044130219999458e-01 3.171900311210000267e-01 5.279513045829999952e-03 -3.399991739120000189e-01 4.573572998670000223e-02
-9.648090382089999362e-02 4.756236798299999791e-01 -4.589652772630000155e-01 7.481494345850000505e-01 6.519783920270000310e-01 -5.584044130219999458e-01 3.171900311210000267e-01 5.279513045829999952e-03 -3.399991739120000189e-01 4.573572998670000223e-02
-9.589251306139999487e-02 4.771196947049999859e-01 -4.583768865039999918e-01 5.758208349729999620e-01 6.526512408100000329e-01 -5.584044130219999458e-01 3.171900311210000267e-01 5.279513045829999952e-03 -3.399991739120000189e-01 4.573572998670000223e-02
-9.589251306139999487e-02 4.756236798299999791e-01 -4.583768865039999918e-01 3.677257315349999889e-01 6.519783920270000310e-01 -5.584044130219999458e-01 3.171900311210000267e-01 5.279513045829999952e-03 -3.399991739120000189e-01 4.573572998670000223e-02
-9.589251306139999487e-02 4.756236798299999791e-01 -4.583768865039999918e-01 3.628485499249999857e-01 6.519783920270000310e-01 -5.584044130219999458e-01 3.171900311210000267e-01 5.279513045829999952e-03 -3.416249011160000237e-01 4.573572998670000223e-02
-9.589251306139999487e-02 4.756236798299999791e-01 -4.583768865039999918e-01 3.628485499249999857e-01 6.519783920270000310e-01 -5.584044130219999458e-01 3.171900311210000267e-01 5.279513045829999952e-03 -3.399991739120000189e-01 4.573572998670000223e-02
-9.589251306139999487e-02 4.756236798299999791e-01 -4.583768865039999918e-01 3.628485499249999857e-01 6.519783920270000310e-01 -5.584044130219999458e-01 3.171900311210000267e-01 5.279513045829999952e-03 -3.416249011160000237e-01 4.573572998670000223e-02
-6.823787301400000005e-02 4.771196947049999859e-01 -4.589652772630000155e-01 2.539238165959999960e-01 6.257370280489999992e-01 -5.584044130219999458e-01 3.171900311210000267e-01 5.279513045829999952e-03 -3.416249011160000237e-01 4.573572998670000223e-02
-6.764948225450000130e-02 4.771196947049999859e-01 -4.589652772630000155e-01 -1.443831383680000136e-01 6.237184817009999716e-01 -5.584044130219999458e-01 3.171900311210000267e-01 5.279513045829999952e-03 -3.416249011160000237e-01 4.573572998670000223e-02
-6.764948225450000130e-02 4.771196947049999859e-01 -4.583768865039999918e-01 -2.549338515780000258e-01 5.671986087589999670e-01 -5.584044130219999458e-01 3.171900311210000267e-01 5.279513045829999952e-03 -3.416249011160000237e-01 4.573572998670000223e-02
-1.376687142370000005e-01 2.078344594669999934e-01 -3.477583263149999770e-01 7.509230817110000566e-02 7.937848286529999853e-02 -5.584044130219999458e-01 3.156940162460000199e-01 5.279513045829999952e-03 -3.416249011160000237e-01 4.708142755260000256e-02
-3.336046661559999849e-01 -1.512125983569999887e-01 -1.635902810360000126e-01 3.335849549109999868e-01 -2.895121695990000160e-02 -5.584044130219999458e-01 3.171900311210000267e-01 5.279513045829999952e-03 -3.399991739120000189e-01 4.708142755260000256e-02
-5.048280690009999683e-01 -2.858553322340000036e-01 -2.590556300869999856e-02 3.530941867049999794e-01 -3.164261209170000227e-02 -5.584044130219999458e-01 3.201820608720000183e-01 5.279513045829999952e-03 -3.351219923020000158e-01 4.775427633559999746e-02
