-5.601373490959999923e-01 -3.202639068829999935e-01 -2.958049037439999807e-03 3.465912778920000048e-01 -3.164261209170000227e-02 -5.584044130219999458e-01 3.112059716200000214e-01 4.691030836099999678e-03 -3.416249011160000237e-01 4.439003242080000189e-02
-5.607257398549999605e-01 -3.202639068829999935e-01 -2.958049037439999807e-03 3.465912778920000048e-01 -3.164261209170000227e-02 -5.525203225270000074e-01 3.112059716200000214e-01 -1.229909528289999943e-01 -2.457062380900000009e-01 -3.599959554819999741e-01
-5.601373490959999923e-01 -3.202639068829999935e-01 -2.958049037439999807e-03 3.465912778920000048e-01 -3.231546087469999717e-02 -4.389598085399999960e-01 3.127019864949999728e-01 -1.859494042469999886e-01 -2.310744405830000014e-01 -6.439409654669999705e-01
-5.601373490959999923e-01 -3.202639068829999935e-01 -2.958049037439999807e-03 3.465912778920000048e-01 -3.231546087469999717e-02 -2.818580125490000032e-01 3.112059716200000214e-01 -1.859494042469999886e-01 -2.261972589729999983e-01 -6.553793947770000239e-01
-5.601373490959999923e-01 -3.202639068829999935e-01 -2.958049037439999807e-03 3.465912778920000048e-01 -3.231546087469999717e-02 -8.062645234390000692e-02 3.112059716200000214e-01 -1.859494042469999886e-01 -2.196943501599999959e-01 -6.560522435600000257e-01
-5.601373490959999923e-01 -3.202639068829999935e-01 -2.958049037439999807e-03 3.465912778920000048e-01 -3.231546087469999717e-02 1.106024649490000011e-01 2.887655159740000199e-01 -1.859494042469999886e-01 -2.083140070600000004e-01 -6.560522435600000257e-01
-5.607257398549999605e-01 -3.202639068829999935e-01 -2.958049037439999807e-03 3.465912778920000048e-01 -3.164261209170000227e-02 2.647623071429999753e-01 2.573487385589999787e-01 -1.859494042469999886e-01 -2.115654614670000044e-01 -6.560522435600000257e-01
-5.601373490959999923e-01 -3.202639068829999935e-01 -2.958049037439999807e-03 3.465912778920000048e-01 -3.164261209170000227e-02 3.706736498059999829e-01 2.603410008259999797e-01 -1.983057016470000100e-01 -2.196943501599999959e-01 -6.560522435600000257e-01
-5.601373490959999923e-01 -3.202639068829999935e-01 -2.958049037439999807e-03 3.465912778920000048e-01 -3.164261209170000227e-02 4.283365843890000191e-01 2.633330305770000268e-01 -2.695017151490000096e-01 -2.343258949900000054e-01 -4.333372048629999806e-01
-5.601373490959999923e-01 -3.202639068829999935e-01 -2.958049037439999807e-03 3.465912778920000048e-01 -3.231546087469999717e-02 4.395160545449999789e-01 -1.091783936410000017e-01 -3.836505284450000275e-01 -2.327001677870000063e-01 -1.911093423059999907e-01
-5.607257398549999605e-01 -3.202639068829999935e-01 -2.958049037439999807e-03 3.465912778920000048e-01 -3.231546087469999717e-02 4.395160545449999789e-01 -4.188564955460000183e-01 -3.907114004600000245e-01 -2.424547836840000026e-01 -1.877449938150000108e-01
-5.601373490959999923e-01 -3.202639068829999935e-01 -2.958049037439999807e-03 3.465912778920000048e-01 -3.164261209170000227e-02 4.401044910290000112e-01 -4.697214663400000045e-01 -3.907114004600000245e-01 -2.440805108870000018e-01 -1.877449938150000108e-01
-5.601373490959999923e-01 -3.202639068829999935e-01 -2.958049037439999807e-03 3.465912778920000048e-01 -3.164261209170000227e-02 4.401044910290000112e-01 -4.697214663400000045e-01 -3.907114004600000245e-01 -2.440805108870000018e-01 -1.877449938150000108e-01
-5.601373490959999923e-01 -3.202639068829999935e-01 -2.958049037439999807e-03 3.465912778920000048e-01 -3.231546087469999717e-02 4.401044910290000112e-01 -4.697214663400000045e-01 -3.907114004600000245e-01 -2.440805108870000018e-01 -1.897636447399999871e-01
-5.607257398549999605e-01 -3.202639068829999935e-01 -2.958049037439999807e-03 3.465912778920000048e-01 -3.231546087469999717e-02 4.401044910290000112e-01 -4.712174812150000114e-01 -3.907114004600000245e-01 -2.440805108870000018e-01 -1.897636447399999871e-01
-5.601373490959999923e-01 -3.202639068829999935e-01 -2.958049037439999807e-03 3.465912778920000048e-01 -3.231546087469999717e-02 4.401044910290000112e-01 -4.083841589020000273e-01 -3.907114004600000245e-01 -2.522091469030000033e-01 -1.870721450320000090e-01
-5.607257398549999605e-01 -3.202639068829999935e-01 -2.958049037439999807e-03 3.465912778920000048e-01 -3.164261209170000227e-02 4.401044910290000112e-01 -4.053921291520000136e-01 -3.907114004600000245e-01 -2.522091469030000033e-01 -1.870721450320000090e-01
-5.607257398549999605e-01 -3.202639068829999935e-01 -2.958049037439999807e-03 3.465912778920000048e-01 -3.164261209170000227e-02 4.401044910290000112e-01 -4.053921291520000136e-01 -3.907114004600000245e-01 -2.522091469030000033e-01 -1.870721450320000090e-01
-5.601373490959999923e-01 -3.202639068829999935e-01 -2.958049037439999807e-03 3.465912778920000048e-01 -3.231546087469999717e-02 4.401044910290000112e-01 -4.053921291520000136e-01 -3.907114004600000245e-01 -2.522091469030000033e-01 -1.884179471749999890e-01
-5.601373490959999923e-01 -3.202639068829999935e-01 -2.958049037439999807e-03 3.465912778920000048e-01 -3.164261209170000227e-02 4.401044910290000112e-01 -4.053921291520000136e-01 -3.907114004600000245e-01 -2.522091469030000033e-01 -1.884179471749999890e-01
-5.601373490959999923e-01 -3.202639068829999935e-01 -2.958049037439999807e-03 3.465912778920000048e-01 -3.231546087469999717e-02 4.253945391410000054e-01 -2.557892465209999910e-01 -2.971563551959999772e-01 -2.912268524589999852e-01 -5.288827778119999934e-01
-5.607257398549999605e-01 -3.202639068829999935e-01 -2.958049037439999807e-03 3.465912778920000048e-01 -3.164261209170000227e-02 4.118614602219999865e-01 1.271942818239999995e-01 -2.271371232140000085e-01 -3.221161746760000111e-01 -6.520151508629999926e-01
-5.601373490959999923e-01 -3.202639068829999935e-01 -2.958049037439999807e-03 3.465912778920000048e-01 -3.164261209170000227e-02 4.118614602219999865e-01 2.902615308490000268e-01 -1.730046246380000097e-01 -3.465023354030000169e-01 -5.060057100379999895e-01
-5.601373490959999923e-01 -3.202639068829999935e-01 -2.958049037439999807e-03 3.465912778920000048e-01 -3.231546087469999717e-02 3.318394938779999914e-01 3.186860459959999781e-01 -4.296907793480000265e-02 -3.497537898090000152e-01 -7.419846751469999849e-03
-5.607257398549999605e-01 -3.202639068829999935e-01 -2.958049037439999807e-03 3.465912778920000048e-01 -3.231546087469999717e-02 2.365192763360000061e-01 3.112059716200000214e-01 -4.723221315950000207e-03 -3.448763555220000221e-01 3.631574244840000271e-02
-5.601373490959999923e-01 -3.202639068829999935e-01 -2.958049037439999807e-03 3.465912778920000048e-01 -3.231546087469999717e-02 7.471026281879999953e-02 2.992376201010000236e-01 6.456294564839999868e-03 -3.383734467089999920e-01 3.766154459139999661e-02
