-5.601373490959999923e-01 -3.217599217580000004e-01 -2.369658277940000189e-03 3.465912778920000048e-01 -3.029691452579999847e-02 -5.578160222629999776e-01 3.156940162460000199e-01 5.279513045829999952e-03 -3.399991739120000189e-01 4.506288120379999679e-02
-5.607257398549999605e-01 -3.187678920070000088e-01 -2.369658277940000189e-03 3.482170050949999762e-01 -3.029691452579999847e-02 -5.501667594889999569e-01 4.563208096240000122e-01 4.691030836099999678e-03 -6.049953611589999891e-01 -3.398103874169999816e-01
-5.607257398549999605e-01 -3.187678920070000088e-01 -2.369658277940000189e-03 3.482170050949999762e-01 -2.962406574289999997e-02 -4.277803841089999892e-01 4.757690030030000128e-01 5.279513045829999952e-03 -7.659438703480000443e-01 -4.266087170339999957e-01
-5.607257398549999605e-01 -3.172718771320000020e-01 -2.369658277940000189e-03 3.482170050949999762e-01 -3.029691452579999847e-02 -2.683248421800000227e-01 4.772652503950000069e-01 4.691030836099999678e-03 -7.659438703480000443e-01 -4.279544145999999993e-01
-5.607257398549999605e-01 -3.157758622569999951e-01 -2.369658277940000189e-03 3.482170050949999762e-01 -3.029691452579999847e-02 -6.297454665839999355e-02 4.757690030030000128e-01 5.279513045829999952e-03 -7.643181431440000395e-01 -4.279544145999999993e-01
-5.601373490959999923e-01 -3.172718771320000020e-01 -2.369658277940000189e-03 3.482170050949999762e-01 -3.029691452579999847e-02 1.217819808299999973e-01 4.398644134790000160e-01 5.279513045829999952e-03 -7.626924159410000126e-01 -4.279544145999999993e-01
-5.607257398549999605e-01 -3.172718771320000020e-01 -2.369658277940000189e-03 3.482170050949999762e-01 -3.029691452579999847e-02 2.541711820220000084e-01 4.413604283550000007e-01 1.749077038590000042e-03 -7.578152343309999539e-01 -4.279544145999999993e-01
-5.601373490959999923e-01 -3.172718771320000020e-01 -2.369658277940000189e-03 3.482170050949999762e-01 -3.029691452579999847e-02 3.341931483660000035e-01 4.473444878560000060e-01 -1.060722036119999927e-02 -7.513121991790000509e-01 -4.279544145999999993e-01
-5.607257398549999605e-01 -3.172718771320000020e-01 -2.369658277940000189e-03 3.482170050949999762e-01 -3.029691452579999847e-02 3.541986170900000008e-01 4.533287798739999985e-01 -1.472604712800000028e-02 -7.578152343309999539e-01 -4.279544145999999993e-01
-5.601373490959999923e-01 -3.172718771320000020e-01 -2.369658277940000189e-03 3.482170050949999762e-01 -3.029691452579999847e-02 3.541986170900000008e-01 4.548247947490000054e-01 -1.472604712800000028e-02 -7.578152343309999539e-01 -4.279544145999999993e-01
-5.607257398549999605e-01 -3.172718771320000020e-01 -2.369658277940000189e-03 3.482170050949999762e-01 -3.029691452579999847e-02 3.541986170900000008e-01 4.548247947490000054e-01 -1.472604712800000028e-02 -7.578152343309999539e-01 -4.279544145999999993e-01
-5.607257398549999605e-01 -3.172718771320000020e-01 -2.369658277940000189e-03 3.482170050949999762e-01 -3.029691452579999847e-02 3.541986170900000008e-01 4.533287798739999985e-01 -1.472604712800000028e-02 -7.578152343309999539e-01 -4.279544145999999993e-01
-5.607257398549999605e-01 -3.172718771320000020e-01 -2.369658277940000189e-03 3.482170050949999762e-01 -3.029691452579999847e-02 3.547870078490000245e-01 4.548247947490000054e-01 -1.472604712800000028e-02 -7.578152343309999539e-01 -3.909473132290000041e-01
-5.601373490959999923e-01 -3.187678920070000088e-01 -2.369658277940000189e-03 3.465912778920000048e-01 -2.962406574289999997e-02 3.536102263299999993e-01 2.214441490350000097e-01 -2.531717224919999981e-02 -7.626924159410000126e-01 -3.680702454550000002e-01
-5.601373490959999923e-01 -3.187678920070000088e-01 -2.369658277940000189e-03 3.465912778920000048e-01 -3.029691452579999847e-02 3.530218355709999756e-01 1.197142074469999956e-01 -2.531717224919999981e-02 -7.675695975509999602e-01 -3.673973966719999984e-01
-5.601373490959999923e-01 -3.172718771320000020e-01 -2.369658277940000189e-03 3.465912778920000048e-01 -2.962406574289999997e-02 3.530218355709999756e-01 1.197142074469999956e-01 -2.531717224919999981e-02 -7.675695975509999602e-01 -3.673973966719999984e-01
-5.601373490959999923e-01 -3.172718771320000020e-01 -2.369658277940000189e-03 3.465912778920000048e-01 -2.962406574289999997e-02 3.530218355709999756e-01 9.876976667640000040e-02 -2.531717224919999981e-02 -7.675695975509999602e-01 -3.673973966719999984e-01
-5.601373490959999923e-01 -3.172718771320000020e-01 -2.369658277940000189e-03 3.465912778920000048e-01 -3.029691452579999847e-02 3.530218355709999756e-01 1.002657815519999995e-01 -2.531717224919999981e-02 -7.675695975509999602e-01 -3.680702454550000002e-01
-5.607257398549999605e-01 -3.172718771320000020e-01 -2.369658277940000189e-03 3.449655506889999779e-01 -2.962406574289999997e-02 3.530218355709999756e-01 1.002657815519999995e-01 -2.531717224919999981e-02 -7.675695975509999602e-01 -3.680702454550000002e-01
-5.601373490959999923e-01 -3.172718771320000020e-01 -2.369658277940000189e-03 3.465912778920000048e-01 -3.029691452579999847e-02 3.530218355709999756e-01 1.002657815519999995e-01 -2.531717224919999981e-02 -7.675695975509999602e-01 -3.680702454550000002e-01
-5.607257398549999605e-01 -3.187678920070000088e-01 -2.369658277940000189e-03 3.465912778920000048e-01 -3.029691452579999847e-02 3.530218355709999756e-01 1.002657815519999995e-01 -2.531717224919999981e-02 -7.675695975509999602e-01 -3.680702454550000002e-01
-5.607257398549999605e-01 -3.172718771320000020e-01 -2.369658277940000189e-03 3.465912778920000048e-01 -3.029691452579999847e-02 3.530218355709999756e-01 1.002657815519999995e-01 -2.531717224919999981e-02 -7.675695975509999602e-01 -3.680702454550000002e-01
-5.607257398549999605e-01 -3.172718771320000020e-01 -2.369658277940000189e-03 3.465912778920000048e-01 -3.029691452579999847e-02 3.483146180439999906e-01 9.278547465820000117e-02 -2.355190852050000061e-02 -7.643181431440000395e-01 -3.673973966719999984e-01
-5.601373490959999923e-01 -3.157758622569999951e-01 -2.369658277940000189e-03 3.482170050949999762e-01 -3.029691452579999847e-02 2.953589009879999949e-01 -1.555553198090000033e-01 -1.178400188020000024e-02 -4.570527959349999780e-01 -3.660516991059999947e-01
-5.607257398549999605e-01 -3.157758622569999951e-01 -2.369658277940000189e-03 3.482170050949999762e-01 -3.029691452579999847e-02 2.859445573850000200e-01 -1.346108790380000086e-01 -1.590282864699999951e-02 -2.717181260200000059e-01 -3.647060015399999910e-01
-5.607257398549999605e-01 -3.172718771320000020e-01 -2.369658277940000189e-03 3.465912778920000048e-01 -3.029691452579999847e-02 2.865329481450000215e-01 -1.316188492879999949e-01 -1.590282864699999951e-02 -2.668406917330000128e-01 -3.647060015399999910e-01
-5.607257398549999605e-01 -3.172718771320000020e-01 -2.369658277940000189e-03 3.482170050949999762e-01 -3.029691452579999847e-02 2.859445573850000200e-01 -1.316188492879999949e-01 -1.590282864699999951e-02 -2.668406917330000128e-01 -3.647060015399999910e-01
-5.607257398549999605e-01 -3.172718771320000020e-01 -2.369658277940000189e-03 3.482170050949999762e-01 -3.029691452579999847e-02 2.859445573850000200e-01 -1.316188492879999949e-01 -1.590282864699999951e-02 -2.684664189359999842e-01 -3.660516991059999947e-01
-5.601373490959999923e-01 -3.172718771320000020e-01 -2.369658277940000189e-03 3.482170050949999762e-01 -2.962406574289999997e-02 2.859445573850000200e-01 -1.316188492879999949e-01 -1.590282864699999951e-02 -2.668406917330000128e-01 -3.660516991059999947e-01
-5.601373490959999923e-01 -3.172718771320000020e-01 -2.369658277940000189e-03 3.482170050949999762e-01 -3.029691452579999847e-02 2.918285564309999747e-01 -3.736898207659999915e-02 -3.708507888950000192e-02 -3.790171321460000242e-01 -4.185343224840000209e-01
-5.601373490959999923e-01 -3.172718771320000020e-01 -2.369658277940000189e-03 3.482170050949999762e-01 -3.029691452579999847e-02 3.471378365250000209e-01 3.456145462679999780e-01 -2.767073528730000162e-02 -7.415577096209999830e-01 -4.252630194679999920e-01
-5.607257398549999605e-01 -3.172718771320000020e-01 -2.369658277940000189e-03 3.482170050949999762e-01 -3.029691452579999847e-02 3.547870078490000245e-01 4.368723837290000023e-01 -2.414039073019999884e-02 -7.626924159410000126e-01 -4.252630194679999920e-01
-5.607257398549999605e-01 -3.172718771320000020e-01 -2.369658277940000189e-03 3.482170050949999762e-01 -3.029691452579999847e-02 3.547870078490000245e-01 4.623048691259999954e-01 -2.119834548249999867e-02 -7.675695975509999602e-01 -4.252630194679999920e-01
-5.607257398549999605e-01 -3.187678920070000088e-01 -2.369658277940000189e-03 3.465912778920000048e-01 -3.029691452579999847e-02 3.459610550059999956e-01 3.860074129350000161e-01 -2.119834548249999867e-02 -6.488903746630000358e-01 -2.462834653930000006e-01
-5.607257398549999605e-01 -3.172718771320000020e-01 -2.369658277940000189e-03 3.482170050949999762e-01 -2.962406574289999997e-02 2.841793851070000265e-01 2.902615308490000268e-01 -9.430438842200000032e-03 -3.530052442159999915e-01 2.891440583599999906e-02
-5.607257398549999605e-01 -3.172718771320000020e-01 -2.369658277940000189e-03 3.482170050949999762e-01 -3.029691452579999847e-02 1.535553561939999867e-01 2.917575457239999781e-01 6.456294564839999868e-03 -3.448763555220000221e-01 3.698859123139999761e-02
-5.607257398549999605e-01 -3.157758622569999951e-01 -2.369658277940000189e-03 3.482170050949999762e-01 -2.962406574289999997e-02 -2.178673624200000089e-02 2.962455903499999765e-01 5.867903805340000251e-03 -3.416249011160000237e-01 3.766154459139999661e-02
-5.607257398549999605e-01 -3.172718771320000020e-01 -2.369658277940000189e-03 3.482170050949999762e-01 -3.029691452579999847e-02 -2.112503898070000052e-01 3.037256647259999887e-01 6.456294564839999868e-03 -3.399991739120000189e-01 3.833439337430000204e-02
