-5.589605675769999671e-01 -3.202639068829999935e-01 -2.369658277940000189e-03 3.465912778920000048e-01 -3.567970478940000328e-02 -5.607579760599999963e-01 3.171900311210000267e-01 4.691030836099999678e-03 -3.383734467089999920e-01 4.573572998670000223e-02
-5.589605675769999671e-01 -3.202639068829999935e-01 -2.369658277940000189e-03 3.465912778920000048e-01 -3.567970478940000328e-02 -5.013299606490000393e-01 9.876976667640000040e-02 8.353621566159999401e-02 -6.037131549750000131e-02 -3.848916741830000210e-01
-5.589605675769999671e-01 -3.202639068829999935e-01 -2.369658277940000189e-03 3.465912778920000048e-01 -3.567970478940000328e-02 -3.430512002389999870e-01 -2.513012018949999926e-01 2.353424948170000086e-01 2.436424509660000126e-01 -6.028967713989999977e-01
-5.589605675769999671e-01 -3.202639068829999935e-01 -2.369658277940000189e-03 3.465912778920000048e-01 -3.567970478940000328e-02 -1.700626708400000131e-01 -4.442889809430000114e-01 3.930327730179999923e-01 2.712800660990000168e-01 -6.102981080110000400e-01
-5.589605675769999671e-01 -3.217599217580000004e-01 -2.369658277940000189e-03 3.465912778920000048e-01 -3.500685600649999785e-02 -7.415406253919999691e-02 -4.652334217140000061e-01 4.530491791879999730e-01 2.794089547929999862e-01 -6.102981080110000400e-01
-5.589605675769999671e-01 -3.202639068829999935e-01 -2.369658277940000189e-03 3.465912778920000048e-01 -3.567970478940000328e-02 -6.768167273439999743e-02 -4.712174812150000114e-01 4.536375699479999746e-01 2.810346819969999910e-01 -6.102981080110000400e-01
-5.589605675769999671e-01 -3.202639068829999935e-01 -2.369658277940000189e-03 3.465912778920000048e-01 -3.567970478940000328e-02 -6.768167273439999743e-02 -4.712174812150000114e-01 4.536375699479999746e-01 2.810346819969999910e-01 -6.102981080110000400e-01
-5.595489583360000463e-01 -3.217599217580000004e-01 -2.369658277940000189e-03 3.465912778920000048e-01 -3.567970478940000328e-02 -6.768167273439999743e-02 -4.712174812150000114e-01 4.542259607069999983e-01 2.810346819969999910e-01 -6.102981080110000400e-01
-5.595489583360000463e-01 -3.202639068829999935e-01 -2.369658277940000189e-03 3.465912778920000048e-01 -3.567970478940000328e-02 -6.768167273439999743e-02 -4.712174812150000114e-01 4.542259607069999983e-01 2.810346819969999910e-01 -6.102981080110000400e-01
-5.589605675769999671e-01 -3.202639068829999935e-01 -2.369658277940000189e-03 3.465912778920000048e-01 -3.500685600649999785e-02 -6.768167273439999743e-02 -4.712174812150000114e-01 4.542259607069999983e-01 2.810346819969999910e-01 -6.102981080110000400e-01
-5.589605675769999671e-01 -3.202639068829999935e-01 -2.369658277940000189e-03 3.465912778920000048e-01 -3.567970478940000328e-02 -6.827006349389999618e-02 -4.712174812150000114e-01 4.542259607069999983e-01 2.810346819969999910e-01 -6.102981080110000400e-01
-5.589605675769999671e-01 -3.202639068829999935e-01 -2.369658277940000189e-03 3.465912778920000048e-01 -3.500685600649999785e-02 -6.768167273439999743e-02 -4.712174812150000114e-01 4.542259607069999983e-01 2.810346819969999910e-01 -6.102981080110000400e-01
-5.589605675769999671e-01 -3.217599217580000004e-01 -2.369658277940000189e-03 3.465912778920000048e-01 -3.567970478940000328e-02 -6.827006349389999618e-02 -4.712174812150000114e-01 4.542259607069999983e-01 2.810346819969999910e-01 -6.392310239870000466e-01
-5.589605675769999671e-01 -3.202639068829999935e-01 -2.369658277940000189e-03 3.465912778920000048e-01 -3.567970478940000328e-02 -8.592196917939999568e-02 -4.712174812150000114e-01 4.542259607069999983e-01 1.278691400460000085e-02 -6.540336972110000202e-01
-5.595489583360000463e-01 -3.202639068829999935e-01 -2.369658277940000189e-03 3.465912778920000048e-01 -3.567970478940000328e-02 -8.592196917939999568e-02 -4.712174812150000114e-01 4.542259607069999983e-01 -4.310409080050000008e-01 -6.540336972110000202e-01
-5.589605675769999671e-01 -3.202639068829999935e-01 -2.369658277940000189e-03 3.465912778920000048e-01 -3.567970478940000328e-02 -8.592196917939999568e-02 -4.712174812150000114e-01 4.548143971920000084e-01 -7.025398777260000172e-01 -6.547065459940000220e-01
-5.589605675769999671e-01 -3.202639068829999935e-01 -2.369658277940000189e-03 3.465912778920000048e-01 -3.567970478940000328e-02 -8.709875069849999651e-02 -4.712174812150000114e-01 4.548143971920000084e-01 -7.464350175699999701e-01 -6.547065459940000220e-01
-5.589605675769999671e-01 -3.202639068829999935e-01 -2.369658277940000189e-03 3.465912778920000048e-01 -3.567970478940000328e-02 -8.709875069849999651e-02 -4.712174812150000114e-01 4.554027879520000099e-01 -7.464350175699999701e-01 -6.547065459940000220e-01
-5.589605675769999671e-01 -3.202639068829999935e-01 -2.369658277940000189e-03 3.465912778920000048e-01 -3.567970478940000328e-02 -8.709875069849999651e-02 -4.712174812150000114e-01 4.548143971920000084e-01 -7.448092903659999653e-01 -6.547065459940000220e-01
-5.589605675769999671e-01 -3.202639068829999935e-01 -2.369658277940000189e-03 3.465912778920000048e-01 -3.567970478940000328e-02 -8.709875069849999651e-02 -4.712174812150000114e-01 4.548143971920000084e-01 -7.464350175699999701e-01 -6.547065459940000220e-01
-5.589605675769999671e-01 -3.202639068829999935e-01 -2.369658277940000189e-03 3.465912778920000048e-01 -3.500685600649999785e-02 -8.709875069849999651e-02 -4.712174812150000114e-01 4.548143971920000084e-01 -7.448092903659999653e-01 -6.547065459940000220e-01
-5.589605675769999671e-01 -3.202639068829999935e-01 -2.369658277940000189e-03 3.465912778920000048e-01 -3.567970478940000328e-02 -8.709875069849999651e-02 -4.712174812150000114e-01 4.548143971920000084e-01 -7.464350175699999701e-01 -6.547065459940000220e-01
-5.589605675769999671e-01 -3.202639068829999935e-01 -2.369658277940000189e-03 3.465912778920000048e-01 -3.500685600649999785e-02 -8.709875069849999651e-02 -4.727134960900000182e-01 4.548143971920000084e-01 -7.415577096209999830e-01 -6.547065459940000220e-01
-5.589605675769999671e-01 -3.202639068829999935e-01 -2.369658277940000189e-03 3.465912778920000048e-01 -3.567970478940000328e-02 -8.709875069849999651e-02 -4.712174812150000114e-01 4.548143971920000084e-01 -3.969002577199999826e-01 -6.547065459940000220e-01
-5.589605675769999671e-01 -3.202639068829999935e-01 -2.369658277940000189e-03 3.465912778920000048e-01 -3.567970478940000328e-02 -8.709875069849999651e-02 -4.727134960900000182e-01 4.548143971920000084e-01 -3.546309714190000184e-01 -6.547065459940000220e-01
-5.589605675769999671e-01 -3.202639068829999935e-01 -2.369658277940000189e-03 3.465912778920000048e-01 -3.500685600649999785e-02 -8.709875069849999651e-02 -4.712174812150000114e-01 4.554027879520000099e-01 -3.530052442159999915e-01 -6.547065459940000220e-01
-5.589605675769999671e-01 -3.202639068829999935e-01 -2.369658277940000189e-03 3.465912778920000048e-01 -3.567970478940000328e-02 -8.709875069849999651e-02 -4.712174812150000114e-01 4.548143971920000084e-01 -3.530052442159999915e-01 -6.547065459940000220e-01
-5.589605675769999671e-01 -3.202639068829999935e-01 -2.369658277940000189e-03 3.465912778920000048e-01 -3.567970478940000328e-02 -8.709875069849999651e-02 -4.727134960900000182e-01 4.554027879520000099e-01 -3.530052442159999915e-01 -6.547065459940000220e-01
-5.589605675769999671e-01 -3.217599217580000004e-01 -2.369658277940000189e-03 3.465912778920000048e-01 -3.567970478940000328e-02 -8.709875069849999651e-02 -4.712174812150000114e-01 4.554027879520000099e-01 -3.530052442159999915e-01 -6.547065459940000220e-01
-5.589605675769999671e-01 -3.202639068829999935e-01 -2.369658277940000189e-03 3.465912778920000048e-01 -3.567970478940000328e-02 -7.062371798210000107e-02 -4.727134960900000182e-01 4.548143971920000084e-01 -2.587120557159999779e-01 -6.224095952589999703e-01
-5.589605675769999671e-01 -3.202639068829999935e-01 -2.369658277940000189e-03 3.465912778920000048e-01 -3.567970478940000328e-02 -6.885845425339999493e-02 -4.727134960900000182e-01 4.548143971920000084e-01 1.639810599740000041e-01 -6.190453513439999611e-01
-5.589605675769999671e-01 -3.202639068829999935e-01 -2.369658277940000189e-03 3.465912778920000048e-01 -3.567970478940000328e-02 -6.827006349389999618e-02 -4.727134960900000182e-01 4.554027879520000099e-01 2.729057933030000216e-01 -6.190453513439999611e-01
-5.589605675769999671e-01 -3.202639068829999935e-01 -2.369658277940000189e-03 3.465912778920000048e-01 -3.567970478940000328e-02 -6.827006349389999618e-02 -4.727134960900000182e-01 4.554027879520000099e-01 2.794089547929999862e-01 -6.190453513439999611e-01
-5.589605675769999671e-01 -3.202639068829999935e-01 -2.369658277940000189e-03 3.465912778920000048e-01 -3.567970478940000328e-02 -6.944684501289999368e-02 -4.622413919630000145e-01 4.418696633079999825e-01 2.046247454100000029e-01 -4.663072135360000203e-01
-5.589605675769999671e-01 -3.232559366330000072e-01 -2.369658277940000189e-03 3.465912778920000048e-01 -3.500685600649999785e-02 -2.112503898070000052e-01 -8.374590824439999415e-02 3.000661185140000020e-01 -1.855535735369999994e-01 3.345838352759999881e-03
-5.589605675769999671e-01 -3.202639068829999935e-01 -2.369658277940000189e-03 3.465912778920000048e-01 -3.567970478940000328e-02 -3.818853561669999785e-01 2.513646790569999956e-01 1.370803234780000046e-01 -3.204901947959999942e-01 4.035293972319999728e-02
-5.589605675769999671e-01 -3.172718771320000020e-01 -2.369658277940000189e-03 3.498427322989999810e-01 -3.500685600649999785e-02 -5.407525073369999769e-01 2.947495754750000252e-01 1.234020215989999926e-02 -3.399991739120000189e-01 4.439003242080000189e-02
-5.595489583360000463e-01 -3.187678920070000088e-01 -2.369658277940000189e-03 3.482170050949999762e-01 -3.567970478940000328e-02 -5.578160222629999776e-01 2.932535605989999850e-01 5.279513045829999952e-03 -3.399991739120000189e-01 4.439003242080000189e-02
