-5.601373490959999923e-01 -3.202639068829999935e-01 -2.958049037439999807e-03 3.449655506889999779e-01 -3.366115844059999751e-02 -5.584044130219999458e-01 3.127019864949999728e-01 4.691030836099999678e-03 -3.416249011160000237e-01 4.371718363790000339e-02
-5.595489583360000463e-01 -2.619188617129999952e-01 -2.237512700149999964e-02 2.539238165959999960e-01 1.036013527830000058e-01 -5.584044130219999458e-01 3.112059716200000214e-01 4.691030836099999678e-03 -3.416249011160000237e-01 4.371718363790000339e-02
-4.212758038250000170e-01 8.665609198380000433e-02 -1.630018902760000110e-01 -1.346287751480000072e-01 5.719086025280000207e-01 -5.584044130219999458e-01 3.112059716200000214e-01 4.691030836099999678e-03 -3.416249011160000237e-01 4.371718363790000339e-02
-2.294584957720000040e-01 4.187746495349999876e-01 -3.424628094789999855e-01 -2.598110331869999956e-01 6.075699540440000490e-01 -5.584044130219999458e-01 3.112059716200000214e-01 4.691030836099999678e-03 -3.416249011160000237e-01 4.371718363790000339e-02
-9.059699622580000278e-02 4.726316500789999875e-01 -4.483742435920000102e-01 -2.598110331869999956e-01 6.075699540440000490e-01 -5.584044130219999458e-01 3.112059716200000214e-01 4.691030836099999678e-03 -3.416249011160000237e-01 4.371718363790000339e-02
-6.764948225450000130e-02 4.726316500789999875e-01 -4.572001049850000221e-01 -2.598110331869999956e-01 6.068971052610000472e-01 -5.584044130219999458e-01 3.112059716200000214e-01 4.691030836099999678e-03 -3.416249011160000237e-01 4.371718363790000339e-02
-6.764948225450000130e-02 4.726316500789999875e-01 -4.572001049850000221e-01 -2.598110331869999956e-01 6.075699540440000490e-01 -5.584044130219999458e-01 3.127019864949999728e-01 4.691030836099999678e-03 -3.416249011160000237e-01 4.371718363790000339e-02
-6.764948225450000130e-02 4.726316500789999875e-01 -4.572001049850000221e-01 -2.598110331869999956e-01 6.075699540440000490e-01 -5.584044130219999458e-01 3.127019864949999728e-01 4.102640076600000060e-03 -3.416249011160000237e-01 4.371718363790000339e-02
-6.764948225450000130e-02 4.726316500789999875e-01 -4.572001049850000221e-01 -2.598110331869999956e-01 6.344841668049999717e-01 -5.584044130219999458e-01 3.127019864949999728e-01 4.691030836099999678e-03 -3.416249011160000237e-01 4.439003242080000189e-02
-8.647816945910000164e-02 4.726316500789999875e-01 -4.572001049850000221e-01 -5.334165695220000059e-02 6.499598456780000255e-01 -5.584044130219999458e-01 3.112059716200000214e-01 4.691030836099999678e-03 -3.416249011160000237e-01 4.439003242080000189e-02
-8.706656021860000039e-02 4.726316500789999875e-01 -4.577884957439999902e-01 3.839830035669999919e-01 6.499598456780000255e-01 -5.584044130219999458e-01 3.112059716200000214e-01 4.691030836099999678e-03 -3.416249011160000237e-01 4.439003242080000189e-02
-9.177377774490000362e-02 4.741276649550000277e-01 -4.583768865039999918e-01 6.912484771150000373e-01 6.506326944610000274e-01 -5.584044130219999458e-01 3.112059716200000214e-01 4.102640076600000060e-03 -3.416249011160000237e-01 4.439003242080000189e-02
-9.177377774490000362e-02 4.741276649550000277e-01 -4.583768865039999918e-01 7.367693441620000172e-01 6.506326944610000274e-01 -5.584044130219999458e-01 3.112059716200000214e-01 4.691030836099999678e-03 -3.416249011160000237e-01 4.439003242080000189e-02
-9.177377774490000362e-02 4.741276649550000277e-01 -4.583768865039999918e-01 7.448979801780000187e-01 6.506326944610000274e-01 -5.584044130219999458e-01 3.112059716200000214e-01 4.691030836099999678e-03 -3.416249011160000237e-01 4.506288120379999679e-02
-9.177377774490000362e-02 4.741276649550000277e-01 -4.583768865039999918e-01 7.448979801780000187e-01 6.499598456780000255e-01 -5.584044130219999458e-01 3.112059716200000214e-01 4.691030836099999678e-03 -3.416249011160000237e-01 4.439003242080000189e-02
-9.177377774490000362e-02 4.741276649550000277e-01 -4.589652772630000155e-01 6.636111146600000010e-01 6.506326944610000274e-01 -5.584044130219999458e-01 3.112059716200000214e-01 4.691030836099999678e-03 -3.416249011160000237e-01 4.439003242080000189e-02
-9.177377774490000362e-02 4.741276649550000277e-01 -4.583768865039999918e-01 3.709771859409999872e-01 6.513055432440000292e-01 -5.584044130219999458e-01 3.127019864949999728e-01 4.102640076600000060e-03 -3.416249011160000237e-01 4.506288120379999679e-02
-9.236216850440000237e-02 4.741276649550000277e-01 -4.589652772630000155e-01 3.677257315349999889e-01 6.506326944610000274e-01 -5.584044130219999458e-01 3.112059716200000214e-01 4.691030836099999678e-03 -3.416249011160000237e-01 4.439003242080000189e-02
-9.177377774490000362e-02 4.741276649550000277e-01 -4.589652772630000155e-01 3.661000043309999841e-01 6.506326944610000274e-01 -5.584044130219999458e-01 3.112059716200000214e-01 4.691030836099999678e-03 -3.416249011160000237e-01 4.506288120379999679e-02
-9.236216850440000237e-02 4.741276649550000277e-01 -4.583768865039999918e-01 3.661000043309999841e-01 6.506326944610000274e-01 -5.584044130219999458e-01 3.112059716200000214e-01 4.691030836099999678e-03 -3.416249011160000237e-01 4.506288120379999679e-02
-7.059152750229999440e-02 4.741276649550000277e-01 -4.583768865039999918e-01 2.913160476259999965e-01 6.257370280489999992e-01 -5.584044130219999458e-01 3.112059716200000214e-01 4.691030836099999678e-03 -3.416249011160000237e-01 4.439003242080000189e-02
-6.706109149500000255e-02 4.756236798299999791e-01 -4.583768865039999918e-01 -1.069911600150000031e-01 6.250641792669999752e-01 -5.584044130219999458e-01 3.127019864949999728e-01 4.102640076600000060e-03 -3.416249011160000237e-01 4.506288120379999679e-02
-6.706109149500000255e-02 4.741276649550000277e-01 -4.589652772630000155e-01 -2.516823971709999941e-01 5.974771177230000507e-01 -5.584044130219999458e-01 3.112059716200000214e-01 4.691030836099999678e-03 -3.416249011160000237e-01 4.506288120379999679e-02
-1.200168085520000039e-01 2.347629597389999934e-01 -3.665870135190000267e-01 1.656537082090000015e-02 1.332069083870000004e-01 -5.584044130219999458e-01 3.112059716200000214e-01 4.691030836099999678e-03 -3.432506283189999952e-01 4.640857876969999712e-02
-3.059500261090000173e-01 -1.227880832090000041e-01 -1.924217026020000054e-01 3.026961380489999742e-01 -2.962406574289999997e-02 -5.584044130219999458e-01 3.112059716200000214e-01 4.691030836099999678e-03 -3.432506283189999952e-01 4.775427633559999746e-02
-4.818806007549999992e-01 -2.843590848420000095e-01 -3.826186040849999942e-02 3.547199139080000063e-01 -3.164261209170000227e-02 -5.584044130219999458e-01 3.127019864949999728e-01 4.691030836099999678e-03 -3.416249011160000237e-01 4.708142755260000256e-02
