-5.601373490959999923e-01 -3.023114958620000126e-01 -3.546439796939999858e-03 3.400883690789999747e-01 -3.366115844059999751e-02 -5.584044130219999458e-01 3.171900311210000267e-01 4.691030836099999678e-03 -3.399991739120000189e-01 4.640857876969999712e-02
-5.495462239739999921e-01 -4.504185961350000156e-01 -3.546439796939999858e-03 5.937043395640000387e-01 3.391007275099999774e-01 -5.584044130219999458e-01 3.186860459959999781e-01 4.691030836099999678e-03 -3.399991739120000189e-01 4.640857876969999712e-02
-4.248061483819999817e-01 -4.893154479260000134e-01 -3.546439796939999858e-03 7.497751617879999664e-01 4.312818473899999727e-01 -5.584044130219999458e-01 3.156940162460000199e-01 4.691030836099999678e-03 -3.399991739120000189e-01 4.640857876969999712e-02
-2.806490405500000063e-01 -4.923074776770000049e-01 -4.134830556449999722e-03 7.497751617879999664e-01 4.312818473899999727e-01 -5.584044130219999458e-01 3.156940162460000199e-01 4.691030836099999678e-03 -3.399991739120000189e-01 4.573572998670000223e-02
-8.588977869960000289e-02 -4.893154479260000134e-01 -4.134830556449999722e-03 7.481494345850000505e-01 4.333003937389999782e-01 -5.584044130219999458e-01 3.156940162460000199e-01 4.691030836099999678e-03 -3.399991739120000189e-01 4.573572998670000223e-02
1.129882184669999956e-01 -4.459305515090000172e-01 -4.134830556449999722e-03 7.432722529749999918e-01 4.339732425219999801e-01 -5.584044130219999458e-01 3.156940162460000199e-01 4.691030836099999678e-03 -3.399991739120000189e-01 4.573572998670000223e-02
2.524382002230000088e-01 -4.459305515090000172e-01 5.722955195789999503e-04 7.432722529749999918e-01 4.339732425219999801e-01 -5.584044130219999458e-01 3.156940162460000199e-01 4.691030836099999678e-03 -3.399991739120000189e-01 4.640857876969999712e-02
3.324601665670000039e-01 -4.519146110100000224e-01 1.351698367890000023e-02 7.546528487529999829e-01 4.353189400879999837e-01 -5.584044130219999458e-01 3.156940162460000199e-01 4.691030836099999678e-03 -3.399991739120000189e-01 4.640857876969999712e-02
3.501120722530000062e-01 -3.995536253409999738e-01 2.351971804070000088e-02 7.546528487529999829e-01 3.660148879819999923e-01 -5.584044130219999458e-01 3.156940162460000199e-01 4.691030836099999678e-03 -3.399991739120000189e-01 4.573572998670000223e-02
3.501120722530000062e-01 -1.527086132319999956e-01 2.646176328840000105e-02 7.644072119720000114e-01 3.653420391989999905e-01 -5.584044130219999458e-01 3.156940162460000199e-01 4.691030836099999678e-03 -3.399991739120000189e-01 4.573572998670000223e-02
3.501120722530000062e-01 -1.078277019390000008e-01 2.646176328840000105e-02 7.676586663790000431e-01 3.653420391989999905e-01 -5.584044130219999458e-01 3.156940162460000199e-01 4.691030836099999678e-03 -3.399991739120000189e-01 4.640857876969999712e-02
3.501120722530000062e-01 -1.063316870639999939e-01 2.646176328840000105e-02 7.725358479889999908e-01 3.653420391989999905e-01 -5.584044130219999458e-01 3.156940162460000199e-01 4.691030836099999678e-03 -3.399991739120000189e-01 4.573572998670000223e-02
3.501120722530000062e-01 -1.078277019390000008e-01 2.646176328840000105e-02 7.725358479889999908e-01 3.660148879819999923e-01 -5.589928037820000029e-01 3.156940162460000199e-01 4.691030836099999678e-03 -3.399991739120000189e-01 4.573572998670000223e-02
3.501120722530000062e-01 -1.078277019390000008e-01 2.646176328840000105e-02 7.709101207849999859e-01 3.660148879819999923e-01 -5.584044130219999458e-01 3.156940162460000199e-01 4.691030836099999678e-03 -3.399991739120000189e-01 4.573572998670000223e-02
3.501120722530000062e-01 -1.078277019390000008e-01 2.646176328840000105e-02 7.725358479889999908e-01 3.653420391989999905e-01 -5.589928037820000029e-01 3.156940162460000199e-01 4.691030836099999678e-03 -3.399991739120000189e-01 4.573572998670000223e-02
3.059822165889999890e-01 5.523954708579999900e-02 1.175181140040000051e-02 5.091655142840000314e-01 3.586134467920000235e-01 -5.584044130219999458e-01 3.141980013699999796e-01 4.691030836099999678e-03 -3.399991739120000189e-01 4.506288120379999679e-02
2.853883571060000235e-01 1.240569289000000019e-01 1.822420120509999839e-02 2.766839974409999736e-01 3.579405980099999995e-01 -5.584044130219999458e-01 3.156940162460000199e-01 4.691030836099999678e-03 -3.399991739120000189e-01 4.640857876969999712e-02
2.853883571060000235e-01 1.285449735260000004e-01 1.822420120509999839e-02 2.734325430349999753e-01 3.579405980099999995e-01 -5.584044130219999458e-01 3.156940162460000199e-01 4.691030836099999678e-03 -3.399991739120000189e-01 4.640857876969999712e-02
2.847999663460000219e-01 1.285449735260000004e-01 1.822420120509999839e-02 2.718068158320000038e-01 3.579405980099999995e-01 -5.584044130219999458e-01 3.156940162460000199e-01 4.691030836099999678e-03 -3.399991739120000189e-01 4.640857876969999712e-02
2.847999663460000219e-01 1.270489586499999879e-01 1.822420120509999839e-02 2.701810886279999990e-01 3.579405980099999995e-01 -5.589928037820000029e-01 3.156940162460000199e-01 4.691030836099999678e-03 -3.399991739120000189e-01 4.640857876969999712e-02
3.124546063940000229e-01 -7.341912729070000643e-02 3.881806068819999844e-02 5.254227863170000123e-01 4.319546961729999746e-01 -5.584044130219999458e-01 3.156940162460000199e-01 4.691030836099999678e-03 -3.399991739120000189e-01 4.640857876969999712e-02
3.548191983289999962e-01 -4.070336997169999860e-01 2.587337252889999883e-02 7.595300303619999527e-01 4.326275449559999764e-01 -5.584044130219999458e-01 3.156940162460000199e-01 4.691030836099999678e-03 -3.399991739120000189e-01 4.640857876969999712e-02
3.495236814930000047e-01 -3.875850413040000109e-01 2.293132728119999866e-02 6.506052970329999630e-01 2.368266667310000018e-01 -5.589928037820000029e-01 3.171900311210000267e-01 4.691030836099999678e-03 -3.399991739120000189e-01 4.640857876969999712e-02
3.000983089939999737e-01 -2.993194661119999989e-01 1.057502988139999954e-02 3.498427322989999810e-01 -1.683983428980000141e-02 -5.589928037820000029e-01 3.156940162460000199e-01 4.691030836099999678e-03 -3.399991739120000189e-01 4.708142755260000256e-02
1.747698883669999981e-01 -3.008154809870000057e-01 -6.488485044690000397e-03 3.384626418760000033e-01 -2.962406574289999997e-02 -5.584044130219999458e-01 3.156940162460000199e-01 4.691030836099999678e-03 -3.399991739120000189e-01 4.708142755260000256e-02
-7.633076083849999784e-03 -2.993194661119999989e-01 -5.311703525679999614e-03 3.417140962820000016e-01 -3.096976330880000031e-02 -5.589928037820000029e-01 3.156940162460000199e-01 4.691030836099999678e-03 -3.399991739120000189e-01 4.708142755260000256e-02
