-5.595489583360000463e-01 -3.202639068829999935e-01 -2.958049037439999807e-03 3.449655506889999779e-01 -3.366115844059999751e-02 -5.607579760599999963e-01 3.216780757470000252e-01 4.102640076600000060e-03 -3.432506283189999952e-01 4.640857876969999712e-02
-5.595489583360000463e-01 -3.202639068829999935e-01 -2.958049037439999807e-03 3.449655506889999779e-01 -3.366115844059999751e-02 -5.154513388770000093e-01 1.286902966990000063e-01 7.000304529259999964e-02 -9.613781932440000622e-02 -3.391375386339999798e-01
-5.601373490959999923e-01 -3.202639068829999935e-01 -2.958049037439999807e-03 3.449655506889999779e-01 -3.366115844059999751e-02 -3.412860279600000157e-01 -2.557892465209999910e-01 2.371076670960000077e-01 2.452681781699999897e-01 -6.028967713989999977e-01
-5.595489583360000463e-01 -3.202639068829999935e-01 -2.958049037439999807e-03 3.449655506889999779e-01 -3.366115844059999751e-02 -1.788886236829999865e-01 -4.487770255690000099e-01 3.853836016939999887e-01 2.696543388959999898e-01 -6.102981080110000400e-01
-5.595489583360000463e-01 -3.202639068829999935e-01 -2.958049037439999807e-03 3.465912778920000048e-01 -3.366115844059999751e-02 -7.415406253919999691e-02 -4.622413919630000145e-01 4.536375699479999746e-01 2.777829749130000248e-01 -6.102981080110000400e-01
-5.595489583360000463e-01 -3.202639068829999935e-01 -2.958049037439999807e-03 3.449655506889999779e-01 -3.366115844059999751e-02 -6.768167273439999743e-02 -4.712174812150000114e-01 4.542259607069999983e-01 2.794089547929999862e-01 -6.109709567940000419e-01
-5.595489583360000463e-01 -3.202639068829999935e-01 -2.958049037439999807e-03 3.449655506889999779e-01 -3.366115844059999751e-02 -6.768167273439999743e-02 -4.712174812150000114e-01 4.542259607069999983e-01 2.810346819969999910e-01 -6.102981080110000400e-01
-5.595489583360000463e-01 -3.202639068829999935e-01 -2.958049037439999807e-03 3.449655506889999779e-01 -3.366115844059999751e-02 -6.768167273439999743e-02 -4.712174812150000114e-01 4.542259607069999983e-01 2.810346819969999910e-01 -6.102981080110000400e-01
-5.601373490959999923e-01 -3.202639068829999935e-01 -2.958049037439999807e-03 3.449655506889999779e-01 -3.366115844059999751e-02 -8.474518766039999818e-02 -4.712174812150000114e-01 4.542259607069999983e-01 2.257591990529999870e-01 -6.513423020799999907e-01
-5.601373490959999923e-01 -3.202639068829999935e-01 -2.958049037439999807e-03 3.449655506889999779e-01 -3.366115844059999751e-02 -8.474518766039999818e-02 -4.712174812150000114e-01 4.542259607069999983e-01 -1.449101407770000127e-01 -6.540336972110000202e-01
-5.595489583360000463e-01 -3.202639068829999935e-01 -2.958049037439999807e-03 3.449655506889999779e-01 -3.366115844059999751e-02 -8.533357841989999693e-02 -4.727134960900000182e-01 4.554027879520000099e-01 -5.659775292640000233e-01 -6.547065459940000220e-01
-5.595489583360000463e-01 -3.202639068829999935e-01 -2.958049037439999807e-03 3.449655506889999779e-01 -3.366115844059999751e-02 -9.768987581969999778e-02 -4.757055258410000098e-01 4.559911787109999781e-01 -7.448092903659999653e-01 -6.553793947770000239e-01
-5.595489583360000463e-01 -3.202639068829999935e-01 -2.958049037439999807e-03 3.449655506889999779e-01 -3.366115844059999751e-02 -9.768987581969999778e-02 -4.772015407160000167e-01 4.559911787109999781e-01 -7.464350175699999701e-01 -6.553793947770000239e-01
-5.595489583360000463e-01 -3.202639068829999935e-01 -2.958049037439999807e-03 3.465912778920000048e-01 -3.298830965760000261e-02 -9.768987581969999778e-02 -4.772015407160000167e-01 4.559911787109999781e-01 -7.464350175699999701e-01 -6.553793947770000239e-01
-5.601373490959999923e-01 -3.202639068829999935e-01 -2.958049037439999807e-03 3.449655506889999779e-01 -3.366115844059999751e-02 -9.768987581969999778e-02 -4.772015407160000167e-01 4.559911787109999781e-01 -7.464350175699999701e-01 -6.553793947770000239e-01
-5.595489583360000463e-01 -3.202639068829999935e-01 -2.958049037439999807e-03 3.449655506889999779e-01 -3.366115844059999751e-02 -9.768987581969999778e-02 -4.772015407160000167e-01 4.559911787109999781e-01 -4.863161382719999870e-01 -6.553793947770000239e-01
-5.595489583360000463e-01 -3.202639068829999935e-01 -2.958049037439999807e-03 3.449655506889999779e-01 -3.366115844059999751e-02 -9.768987581969999778e-02 -4.772015407160000167e-01 4.559911787109999781e-01 -3.578824258259999946e-01 -6.553793947770000239e-01
-5.595489583360000463e-01 -3.202639068829999935e-01 -2.958049037439999807e-03 3.465912778920000048e-01 -3.366115844059999751e-02 -9.768987581969999778e-02 -4.772015407160000167e-01 4.559911787109999781e-01 -3.546309714190000184e-01 -6.553793947770000239e-01
-5.595489583360000463e-01 -3.202639068829999935e-01 -2.958049037439999807e-03 3.449655506889999779e-01 -3.366115844059999751e-02 -9.768987581969999778e-02 -4.772015407160000167e-01 4.554027879520000099e-01 -3.546309714190000184e-01 -6.553793947770000239e-01
-5.595489583360000463e-01 -3.202639068829999935e-01 -2.958049037439999807e-03 3.449655506889999779e-01 -3.366115844059999751e-02 -9.768987581969999778e-02 -4.772015407160000167e-01 4.559911787109999781e-01 -3.546309714190000184e-01 -6.553793947770000239e-01
-5.601373490959999923e-01 -3.202639068829999935e-01 -2.958049037439999807e-03 3.449655506889999779e-01 -3.366115844059999751e-02 -7.121210874159999982e-02 -4.772015407160000167e-01 4.559911787109999781e-01 -1.270268888639999871e-01 -6.197182001269999629e-01
-5.595489583360000463e-01 -3.202639068829999935e-01 -2.958049037439999807e-03 3.449655506889999779e-01 -3.366115844059999751e-02 -6.768167273439999743e-02 -4.772015407160000167e-01 4.559911787109999781e-01 2.355138149500000111e-01 -6.190453513439999611e-01
-5.595489583360000463e-01 -3.202639068829999935e-01 -2.958049037439999807e-03 3.449655506889999779e-01 -3.366115844059999751e-02 -6.944684501289999368e-02 -4.592493622130000008e-01 4.395160545449999789e-01 1.948701295130000066e-01 -4.589056677689999919e-01
-5.595489583360000463e-01 -3.217599217580000004e-01 -2.958049037439999807e-03 3.449655506889999779e-01 -3.366115844059999751e-02 -2.118387805660000012e-01 -8.374590824439999415e-02 2.977125554760000070e-01 -1.920567350269999918e-01 5.364384701609999952e-03
-5.595489583360000463e-01 -3.217599217580000004e-01 -2.958049037439999807e-03 3.449655506889999779e-01 -3.366115844059999751e-02 -4.065981338670000000e-01 2.767971644539999887e-01 1.141328095059999936e-01 -3.074843771690000116e-01 4.035293972319999728e-02
-5.595489583360000463e-01 -3.157758622569999951e-01 -2.958049037439999807e-03 3.498427322989999810e-01 -3.366115844059999751e-02 -5.389873350580000055e-01 2.857734862229999728e-01 1.292859291939999974e-02 -3.399991739120000189e-01 4.506288120379999679e-02
