-5.595489583360000463e-01 -3.202639068829999935e-01 -2.369658277940000189e-03 3.465912778920000048e-01 -3.567970478940000328e-02 -5.584044130219999458e-01 3.156940162460000199e-01 4.691030836099999678e-03 -3.416249011160000237e-01 4.439003242080000189e-02
-5.595489583360000463e-01 -3.202639068829999935e-01 -2.369658277940000189e-03 3.465912778920000048e-01 -3.500685600649999785e-02 -5.584044130219999458e-01 3.156940162460000199e-01 -4.120381420610000345e-02 -2.522091469030000033e-01 -9.556387393420000265e-02
-5.595489583360000463e-01 -3.202639068829999935e-01 -2.369658277940000189e-03 3.482170050949999762e-01 -3.567970478940000328e-02 -4.972110424319999833e-01 3.171900311210000267e-01 -1.777118421639999890e-01 -2.327001677870000063e-01 -5.934768884379999498e-01
-5.595489583360000463e-01 -3.202639068829999935e-01 -2.369658277940000189e-03 3.482170050949999762e-01 -3.567970478940000328e-02 -3.565843706080000231e-01 3.156940162460000199e-01 -1.865377950069999902e-01 -2.294487133800000023e-01 -6.520151508629999926e-01
-5.595489583360000463e-01 -3.202639068829999935e-01 -2.369658277940000189e-03 3.482170050949999762e-01 -3.567970478940000328e-02 -1.718278431190000122e-01 3.156940162460000199e-01 -1.859494042469999886e-01 -2.245715317699999991e-01 -6.547065459940000220e-01
-5.595489583360000463e-01 -3.202639068829999935e-01 -2.369658277940000189e-03 3.482170050949999762e-01 -3.567970478940000328e-02 3.411093461220000150e-02 3.082139418689999744e-01 -1.865377950069999902e-01 -2.213200773640000008e-01 -6.553793947770000239e-01
-5.595489583360000463e-01 -3.202639068829999935e-01 -2.369658277940000189e-03 3.465912778920000048e-01 -3.500685600649999785e-02 1.918011213630000100e-01 2.588447534339999856e-01 -1.859494042469999886e-01 -2.115654614670000044e-01 -6.553793947770000239e-01
-5.595489583360000463e-01 -3.202639068829999935e-01 -2.369658277940000189e-03 3.465912778920000048e-01 -3.500685600649999785e-02 3.371351021640000001e-01 2.588447534339999856e-01 -1.924217026020000054e-01 -2.164426430760000020e-01 -6.553793947770000239e-01
-5.595489583360000463e-01 -3.202639068829999935e-01 -2.369658277940000189e-03 3.465912778920000048e-01 -3.500685600649999785e-02 3.989166806130000076e-01 2.782931793299999734e-01 -2.059548729710000137e-01 -2.310744405830000014e-01 -6.553793947770000239e-01
-5.595489583360000463e-01 -3.202639068829999935e-01 -2.369658277940000189e-03 3.465912778920000048e-01 -3.567970478940000328e-02 4.183337585770000033e-01 3.007336349759999750e-01 -2.106619990470000037e-01 -2.359516221930000046e-01 -6.553793947770000239e-01
-5.595489583360000463e-01 -3.202639068829999935e-01 -2.369658277940000189e-03 3.465912778920000048e-01 -3.567970478940000328e-02 4.189221493360000270e-01 3.082139418689999744e-01 -2.106619990470000037e-01 -2.359516221930000046e-01 -6.553793947770000239e-01
-5.595489583360000463e-01 -3.202639068829999935e-01 -2.369658277940000189e-03 3.465912778920000048e-01 -3.567970478940000328e-02 4.189221493360000270e-01 3.082139418689999744e-01 -2.106619990470000037e-01 -2.359516221930000046e-01 -6.560522435600000257e-01
-5.595489583360000463e-01 -3.202639068829999935e-01 -2.369658277940000189e-03 3.465912778920000048e-01 -3.567970478940000328e-02 4.189221493360000270e-01 3.082139418689999744e-01 -2.106619990470000037e-01 -2.359516221930000046e-01 -6.553793947770000239e-01
-5.595489583360000463e-01 -3.202639068829999935e-01 -2.369658277940000189e-03 3.465912778920000048e-01 -3.567970478940000328e-02 4.377508365409999991e-01 2.139640746579999919e-01 -2.895071838730000069e-01 -2.359516221930000046e-01 -3.525946188699999873e-01
-5.595489583360000463e-01 -3.202639068829999935e-01 -2.369658277940000189e-03 3.465912778920000048e-01 -3.567970478940000328e-02 4.412812725479999809e-01 -1.450829831650000123e-01 -3.895346189409999993e-01 -2.343258949900000054e-01 -1.890907959579999909e-01
-5.595489583360000463e-01 -3.202639068829999935e-01 -2.369658277940000189e-03 3.465912778920000048e-01 -3.500685600649999785e-02 4.412812725479999809e-01 -4.383049214420000061e-01 -3.907114004600000245e-01 -2.440805108870000018e-01 -1.877449938150000108e-01
-5.595489583360000463e-01 -3.202639068829999935e-01 -2.369658277940000189e-03 3.465912778920000048e-01 -3.567970478940000328e-02 4.412812725479999809e-01 -4.712174812150000114e-01 -3.907114004600000245e-01 -2.440805108870000018e-01 -1.870721450320000090e-01
-5.595489583360000463e-01 -3.202639068829999935e-01 -2.369658277940000189e-03 3.465912778920000048e-01 -3.567970478940000328e-02 4.418696633079999825e-01 -4.712174812150000114e-01 -3.907114004600000245e-01 -2.440805108870000018e-01 -1.870721450320000090e-01
-5.595489583360000463e-01 -3.187678920070000088e-01 -2.369658277940000189e-03 3.465912778920000048e-01 -3.567970478940000328e-02 4.418696633079999825e-01 -4.727134960900000182e-01 -3.907114004600000245e-01 -2.440805108870000018e-01 -1.890907959579999909e-01
-5.595489583360000463e-01 -3.202639068829999935e-01 -2.369658277940000189e-03 3.465912778920000048e-01 -3.567970478940000328e-02 4.418696633079999825e-01 -4.712174812150000114e-01 -3.907114004600000245e-01 -2.440805108870000018e-01 -1.897636447399999871e-01
-5.595489583360000463e-01 -3.202639068829999935e-01 -2.369658277940000189e-03 3.465912778920000048e-01 -3.567970478940000328e-02 4.418696633079999825e-01 -4.712174812150000114e-01 -3.907114004600000245e-01 -2.440805108870000018e-01 -1.890907959579999909e-01
-5.595489583360000463e-01 -3.202639068829999935e-01 -2.369658277940000189e-03 3.482170050949999762e-01 -3.567970478940000328e-02 4.418696633079999825e-01 -4.727134960900000182e-01 -3.907114004600000245e-01 -2.440805108870000018e-01 -1.890907959579999909e-01
-5.595489583360000463e-01 -3.202639068829999935e-01 -2.369658277940000189e-03 3.465912778920000048e-01 -3.567970478940000328e-02 4.418696633079999825e-01 -4.727134960900000182e-01 -3.907114004600000245e-01 -2.457062380900000009e-01 -1.890907959579999909e-01
-5.595489583360000463e-01 -3.202639068829999935e-01 -2.369658277940000189e-03 3.465912778920000048e-01 -3.567970478940000328e-02 4.412812725479999809e-01 -4.098801737769999787e-01 -3.907114004600000245e-01 -2.522091469030000033e-01 -1.870721450320000090e-01
-5.595489583360000463e-01 -3.202639068829999935e-01 -2.369658277940000189e-03 3.465912778920000048e-01 -3.567970478940000328e-02 4.418696633079999825e-01 -4.083841589020000273e-01 -3.912997912189999927e-01 -2.522091469030000033e-01 -1.870721450320000090e-01
-5.595489583360000463e-01 -3.202639068829999935e-01 -2.369658277940000189e-03 3.465912778920000048e-01 -3.567970478940000328e-02 4.418696633079999825e-01 -4.068881440270000205e-01 -3.907114004600000245e-01 -2.522091469030000033e-01 -1.870721450320000090e-01
-5.589605675769999671e-01 -3.202639068829999935e-01 -2.369658277940000189e-03 3.465912778920000048e-01 -3.567970478940000328e-02 4.418696633079999825e-01 -4.068881440270000205e-01 -3.912997912189999927e-01 -2.522091469030000033e-01 -1.890907959579999909e-01
-5.595489583360000463e-01 -3.202639068829999935e-01 -2.369658277940000189e-03 3.465912778920000048e-01 -3.567970478940000328e-02 4.418696633079999825e-01 -4.068881440270000205e-01 -3.907114004600000245e-01 -2.522091469030000033e-01 -1.890907959579999909e-01
-5.595489583360000463e-01 -3.187678920070000088e-01 -2.369658277940000189e-03 3.465912778920000048e-01 -3.567970478940000328e-02 4.412812725479999809e-01 -4.068881440270000205e-01 -3.912997912189999927e-01 -2.522091469030000033e-01 -1.890907959579999909e-01
-5.595489583360000463e-01 -3.202639068829999935e-01 -2.369658277940000189e-03 3.465912778920000048e-01 -3.567970478940000328e-02 4.418696633079999825e-01 -4.068881440270000205e-01 -3.907114004600000245e-01 -2.522091469030000033e-01 -1.890907959579999909e-01
-5.595489583360000463e-01 -3.202639068829999935e-01 -2.369658277940000189e-03 3.465912778920000048e-01 -3.567970478940000328e-02 4.277481021790000004e-01 -2.677575980399999889e-01 -3.036286535509999940e-01 -2.879753980529999868e-01 -5.093699539529999987e-01
-5.595489583360000463e-01 -3.187678920070000088e-01 -2.369658277940000189e-03 3.465912778920000048e-01 -3.567970478940000328e-02 4.112730694630000183e-01 1.361703710749999907e-01 -2.271371232140000085e-01 -3.204901947959999942e-01 -6.526879996450000165e-01
-5.595489583360000463e-01 -3.202639068829999935e-01 -2.369658277940000189e-03 3.482170050949999762e-01 -3.567970478940000328e-02 4.195106315459999902e-01 2.827812239549999940e-01 -2.188995611300000033e-01 -2.749695804269999821e-01 -6.540336972110000202e-01
-5.595489583360000463e-01 -3.202639068829999935e-01 -2.369658277940000189e-03 3.482170050949999762e-01 -3.567970478940000328e-02 4.212758038250000170e-01 3.052216796019999734e-01 -2.177227796110000058e-01 -2.408288038030000078e-01 -6.540336972110000202e-01
-5.595489583360000463e-01 -3.202639068829999935e-01 -2.369658277940000189e-03 3.465912778920000048e-01 -3.567970478940000328e-02 3.753808673319999900e-01 3.276621352479999749e-01 -1.129882184669999956e-01 -3.432506283189999952e-01 -2.657962892529999732e-01
-5.595489583360000463e-01 -3.187678920070000088e-01 -2.369658277940000189e-03 3.465912778920000048e-01 -3.567970478940000328e-02 3.124224159139999957e-01 3.261661203730000236e-01 -2.296351776099999839e-02 -3.432506283189999952e-01 2.555005734419999938e-02
-5.595489583360000463e-01 -3.202639068829999935e-01 -2.369658277940000189e-03 3.465912778920000048e-01 -3.567970478940000328e-02 1.794448239629999886e-01 3.067176944769999802e-01 4.102640076600000060e-03 -3.383734467089999920e-01 3.698859123139999761e-02
-5.595489583360000463e-01 -3.187678920070000088e-01 -2.369658277940000189e-03 3.465912778920000048e-01 -3.567970478940000328e-02 -6.044859994279999779e-04 3.007336349759999750e-01 6.456294564839999868e-03 -3.399991739120000189e-01 3.766154459139999661e-02
-5.595489583360000463e-01 -3.187678920070000088e-01 -2.369658277940000189e-03 3.465912778920000048e-01 -3.500685600649999785e-02 -1.788886236829999865e-01 3.037256647259999887e-01 6.456294564839999868e-03 -3.399991739120000189e-01 3.766154459139999661e-02
