-5.619025213739999858e-01 -3.202639068829999935e-01 -2.369658277940000189e-03 3.465912778920000048e-01 -3.366115844059999751e-02 -5.631115390980000468e-01 3.216780757470000252e-01 4.102640076600000060e-03 -3.416249011160000237e-01 4.640857876969999712e-02
-5.619025213739999858e-01 -3.217599217580000004e-01 6.235396541899999867e-02 2.425437261729999905e-01 1.614668710019999953e-01 -5.625231483389999676e-01 3.216780757470000252e-01 4.102640076600000060e-03 -3.416249011160000237e-01 4.573572998670000223e-02
-4.818806007549999992e-01 -3.217599217580000004e-01 1.835636507299999998e-01 2.327893629530000119e-01 6.210270342799999455e-01 -5.631115390980000468e-01 3.216780757470000252e-01 4.102640076600000060e-03 -3.416249011160000237e-01 4.573572998670000223e-02
-3.324278846370000151e-01 -3.187678920070000088e-01 1.882707768059999898e-01 2.279116759879999954e-01 6.546698394469999682e-01 -5.625231483389999676e-01 3.216780757470000252e-01 4.102640076600000060e-03 -3.416249011160000237e-01 4.640857876969999712e-02
-1.559090106819999988e-01 -3.157758622569999951e-01 1.882707768059999898e-01 2.132801311589999915e-01 6.553426882299999701e-01 -5.625231483389999676e-01 3.216780757470000252e-01 4.102640076600000060e-03 -3.416249011160000237e-01 4.640857876969999712e-02
5.002976704880000153e-02 -3.038075107379999973e-01 1.882707768059999898e-01 2.132801311589999915e-01 6.560155370129999719e-01 -5.625231483389999676e-01 3.216780757470000252e-01 4.102640076600000060e-03 -3.416249011160000237e-01 4.573572998670000223e-02
2.277255139730000044e-01 -2.559345696940000248e-01 1.882707768059999898e-01 2.132801311589999915e-01 6.560155370129999719e-01 -5.625231483389999676e-01 3.201820608720000183e-01 4.102640076600000060e-03 -3.416249011160000237e-01 4.573572998670000223e-02
3.436395909980000107e-01 -2.559345696940000248e-01 1.947431666099999903e-01 2.132801311589999915e-01 6.560155370129999719e-01 -5.625231483389999676e-01 3.216780757470000252e-01 4.102640076600000060e-03 -3.416249011160000237e-01 4.573572998670000223e-02
4.107168691829999885e-01 -2.843590848420000095e-01 2.247513696959999863e-01 2.295374031920000002e-01 6.082428028270000508e-01 -5.631115390980000468e-01 3.216780757470000252e-01 4.102640076600000060e-03 -3.416249011160000237e-01 4.573572998670000223e-02
4.395481992990000197e-01 -6.294679064670000157e-02 3.630245699319999964e-01 2.295374031920000002e-01 2.119310526079999923e-01 -5.625231483389999676e-01 3.201820608720000183e-01 4.102640076600000060e-03 -3.399991739120000189e-01 4.573572998670000223e-02
4.401365900590000213e-01 3.290128269500000036e-01 3.942095545370000176e-01 2.360408173599999881e-01 1.890539848339999884e-01 -5.625231483389999676e-01 3.216780757470000252e-01 4.102640076600000060e-03 -3.416249011160000237e-01 4.573572998670000223e-02
4.407249808179999895e-01 4.831039867229999785e-01 3.942095545370000176e-01 2.409179989699999913e-01 1.890539848339999884e-01 -5.625231483389999676e-01 3.216780757470000252e-01 4.102640076600000060e-03 -3.416249011160000237e-01 4.573572998670000223e-02
4.407249808179999895e-01 4.831039867229999785e-01 3.918559914990000226e-01 2.409179989699999913e-01 1.890539848339999884e-01 -5.631115390980000468e-01 3.216780757470000252e-01 4.102640076600000060e-03 -3.416249011160000237e-01 4.573572998670000223e-02
4.401365900590000213e-01 4.816079718480000271e-01 3.918559914990000226e-01 2.425437261729999905e-01 1.890539848339999884e-01 -5.625231483389999676e-01 3.201820608720000183e-01 4.102640076600000060e-03 -3.399991739120000189e-01 4.573572998670000223e-02
4.407249808179999895e-01 4.831039867229999785e-01 3.918559914990000226e-01 2.425437261729999905e-01 1.890539848339999884e-01 -5.625231483389999676e-01 3.201820608720000183e-01 4.102640076600000060e-03 -3.416249011160000237e-01 4.573572998670000223e-02
4.407249808179999895e-01 4.172786346599999807e-01 3.859719924539999902e-01 2.474209077829999937e-01 1.883811360509999866e-01 -5.625231483389999676e-01 3.201820608720000183e-01 4.102640076600000060e-03 -3.416249011160000237e-01 4.573572998670000223e-02
4.407249808179999895e-01 4.127905900339999823e-01 3.859719924539999902e-01 2.474209077829999937e-01 1.890539848339999884e-01 -5.625231483389999676e-01 3.201820608720000183e-01 4.102640076600000060e-03 -3.416249011160000237e-01 4.573572998670000223e-02
4.407249808179999895e-01 4.068062980159999897e-01 3.859719924539999902e-01 2.457951805789999888e-01 1.883811360509999866e-01 -5.625231483389999676e-01 3.201820608720000183e-01 4.691030836099999678e-03 -3.416249011160000237e-01 4.573572998670000223e-02
4.407249808179999895e-01 4.068062980159999897e-01 3.859719924539999902e-01 2.457951805789999888e-01 1.890539848339999884e-01 -5.631115390980000468e-01 3.201820608720000183e-01 4.102640076600000060e-03 -3.416249011160000237e-01 4.573572998670000223e-02
4.407249808179999895e-01 4.068062980159999897e-01 3.859719924539999902e-01 2.457951805789999888e-01 1.883811360509999866e-01 -5.625231483389999676e-01 3.201820608720000183e-01 4.102640076600000060e-03 -3.416249011160000237e-01 4.573572998670000223e-02
4.395481992990000197e-01 3.349968864510000088e-01 3.394886652019999951e-01 2.571752710019999943e-01 3.936020018140000132e-01 -5.631115390980000468e-01 3.201820608720000183e-01 4.102640076600000060e-03 -3.416249011160000237e-01 4.573572998670000223e-02
4.071865246260000237e-01 -9.089790102469999869e-03 2.329889317790000136e-01 3.222048644880000090e-01 6.459227006919999736e-01 -5.625231483389999676e-01 3.201820608720000183e-01 4.102640076600000060e-03 -3.416249011160000237e-01 4.573572998670000223e-02
4.136588229809999850e-01 -2.679029212140000005e-01 2.041575102129999930e-01 3.189534100809999773e-01 6.149713429449999991e-01 -5.625231483389999676e-01 3.201820608720000183e-01 4.102640076600000060e-03 -3.416249011160000237e-01 4.573572998670000223e-02
3.589379336460000181e-01 -3.202639068829999935e-01 7.647543509729999578e-02 3.547199139080000063e-01 1.204226769330000030e-01 -5.625231483389999676e-01 3.186860459959999781e-01 4.102640076600000060e-03 -3.416249011160000237e-01 4.573572998670000223e-02
2.912723561510000003e-01 -3.202639068829999935e-01 8.809857602849999886e-03 3.498427322989999810e-01 -2.625971725110000030e-02 -5.631115390980000468e-01 3.186860459959999781e-01 4.102640076600000060e-03 -3.399991739120000189e-01 4.573572998670000223e-02
1.482920298379999946e-01 -3.067995404880000110e-01 -7.076875804190000015e-03 3.433398234860000064e-01 -2.760551939400000127e-02 -5.631115390980000468e-01 3.186860459959999781e-01 4.102640076600000060e-03 -3.416249011160000237e-01 4.573572998670000223e-02
