-5.595489583360000463e-01 -3.187678920070000088e-01 -2.369658277940000189e-03 3.465912778920000048e-01 -3.567970478940000328e-02 -5.584044130219999458e-01 3.156940162460000199e-01 4.691030836099999678e-03 -3.416249011160000237e-01 4.506288120379999679e-02
-5.589605675769999671e-01 -2.589265994450000163e-01 -2.355190852050000061e-02 2.522980893919999912e-01 1.096569918290000029e-01 -5.584044130219999458e-01 3.156940162460000199e-01 4.691030836099999678e-03 -3.416249011160000237e-01 4.439003242080000189e-02
-4.130382417410000118e-01 1.031124881289999934e-01 -1.682974985619999919e-01 -1.492605726550000067e-01 5.766185962969999634e-01 -5.584044130219999458e-01 3.156940162460000199e-01 4.691030836099999678e-03 -3.416249011160000237e-01 4.506288120379999679e-02
-2.206325429290000029e-01 4.232626941609999860e-01 -3.501120722530000062e-01 -2.598110331869999956e-01 6.075699540440000490e-01 -5.584044130219999458e-01 3.156940162460000199e-01 4.691030836099999678e-03 -3.416249011160000237e-01 4.506288120379999679e-02
-8.942021470680000528e-02 4.741276649550000277e-01 -4.495510251109999800e-01 -2.581853059840000242e-01 6.075699540440000490e-01 -5.584044130219999458e-01 3.156940162460000199e-01 4.691030836099999678e-03 -3.399991739120000189e-01 4.506288120379999679e-02
-6.823787301400000005e-02 4.756236798299999791e-01 -4.572001049850000221e-01 -2.663139420000000257e-01 6.082428028270000508e-01 -5.584044130219999458e-01 3.156940162460000199e-01 4.691030836099999678e-03 -3.416249011160000237e-01 4.506288120379999679e-02
-6.764948225450000130e-02 4.741276649550000277e-01 -4.572001049850000221e-01 -2.663139420000000257e-01 6.082428028270000508e-01 -5.584044130219999458e-01 3.156940162460000199e-01 4.691030836099999678e-03 -3.399991739120000189e-01 4.506288120379999679e-02
-6.823787301400000005e-02 4.756236798299999791e-01 -4.572001049850000221e-01 -2.663139420000000257e-01 6.082428028270000508e-01 -5.584044130219999458e-01 3.156940162460000199e-01 4.691030836099999678e-03 -3.416249011160000237e-01 4.506288120379999679e-02
-6.823787301400000005e-02 4.756236798299999791e-01 -4.572001049850000221e-01 -2.663139420000000257e-01 6.082428028270000508e-01 -5.584044130219999458e-01 3.156940162460000199e-01 4.691030836099999678e-03 -3.416249011160000237e-01 4.506288120379999679e-02
-6.823787301400000005e-02 4.741276649550000277e-01 -4.572001049850000221e-01 -2.663139420000000257e-01 6.075699540440000490e-01 -5.584044130219999458e-01 3.156940162460000199e-01 4.102640076600000060e-03 -3.416249011160000237e-01 4.506288120379999679e-02
-6.823787301400000005e-02 4.741276649550000277e-01 -4.572001049850000221e-01 -2.663139420000000257e-01 6.082428028270000508e-01 -5.578160222629999776e-01 3.156940162460000199e-01 4.691030836099999678e-03 -3.416249011160000237e-01 4.506288120379999679e-02
-6.823787301400000005e-02 4.741276649550000277e-01 -4.572001049850000221e-01 -2.663139420000000257e-01 6.075699540440000490e-01 -5.584044130219999458e-01 3.156940162460000199e-01 4.691030836099999678e-03 -3.416249011160000237e-01 4.506288120379999679e-02
-6.823787301400000005e-02 4.741276649550000277e-01 -4.572001049850000221e-01 -2.646882147969999988e-01 6.116070990299999899e-01 -5.584044130219999458e-01 3.156940162460000199e-01 4.691030836099999678e-03 -3.416249011160000237e-01 4.506288120379999679e-02
-8.530138794010000414e-02 4.741276649550000277e-01 -4.572001049850000221e-01 -1.687692990940000137e-01 6.506326944610000274e-01 -5.584044130219999458e-01 3.156940162460000199e-01 4.691030836099999678e-03 -3.416249011160000237e-01 4.506288120379999679e-02
-8.765495097809999914e-02 4.756236798299999791e-01 -4.572001049850000221e-01 2.669296342220000007e-01 6.506326944610000274e-01 -5.584044130219999458e-01 3.156940162460000199e-01 4.691030836099999678e-03 -3.416249011160000237e-01 4.506288120379999679e-02
-8.765495097809999914e-02 4.756236798299999791e-01 -4.577884957439999902e-01 6.310960652389999703e-01 6.513055432440000292e-01 -5.584044130219999458e-01 3.156940162460000199e-01 4.691030836099999678e-03 -3.416249011160000237e-01 4.506288120379999679e-02
-9.412734078289999862e-02 4.756236798299999791e-01 -4.577884957439999902e-01 7.302664353490000426e-01 6.513055432440000292e-01 -5.584044130219999458e-01 3.156940162460000199e-01 4.691030836099999678e-03 -3.416249011160000237e-01 4.506288120379999679e-02
-9.412734078289999862e-02 4.756236798299999791e-01 -4.577884957439999902e-01 7.302664353490000426e-01 6.513055432440000292e-01 -5.584044130219999458e-01 3.156940162460000199e-01 4.691030836099999678e-03 -3.399991739120000189e-01 4.506288120379999679e-02
-9.412734078289999862e-02 4.756236798299999791e-01 -4.577884957439999902e-01 7.302664353490000426e-01 6.506326944610000274e-01 -5.584044130219999458e-01 3.156940162460000199e-01 4.691030836099999678e-03 -3.416249011160000237e-01 4.573572998670000223e-02
-9.412734078289999862e-02 4.756236798299999791e-01 -4.577884957439999902e-01 7.302664353490000426e-01 6.513055432440000292e-01 -5.584044130219999458e-01 3.156940162460000199e-01 4.691030836099999678e-03 -3.416249011160000237e-01 4.506288120379999679e-02
-9.412734078289999862e-02 4.756236798299999791e-01 -4.577884957439999902e-01 7.302664353490000426e-01 6.506326944610000274e-01 -5.584044130219999458e-01 3.156940162460000199e-01 4.691030836099999678e-03 -3.399991739120000189e-01 4.506288120379999679e-02
-9.412734078289999862e-02 4.756236798299999791e-01 -4.577884957439999902e-01 7.302664353490000426e-01 6.506326944610000274e-01 -5.584044130219999458e-01 3.141980013699999796e-01 4.691030836099999678e-03 -3.416249011160000237e-01 4.506288120379999679e-02
-9.412734078289999862e-02 4.756236798299999791e-01 -4.577884957439999902e-01 7.318921625519999585e-01 6.506326944610000274e-01 -5.584044130219999458e-01 3.156940162460000199e-01 4.691030836099999678e-03 -3.416249011160000237e-01 4.506288120379999679e-02
-9.412734078289999862e-02 4.756236798299999791e-01 -4.577884957439999902e-01 5.498091997209999526e-01 6.513055432440000292e-01 -5.584044130219999458e-01 3.156940162460000199e-01 4.691030836099999678e-03 -3.416249011160000237e-01 4.573572998670000223e-02
-9.412734078289999862e-02 4.756236798299999791e-01 -4.577884957439999902e-01 3.661000043309999841e-01 6.513055432440000292e-01 -5.584044130219999458e-01 3.156940162460000199e-01 4.691030836099999678e-03 -3.416249011160000237e-01 4.506288120379999679e-02
-9.412734078289999862e-02 4.756236798299999791e-01 -4.577884957439999902e-01 3.628485499249999857e-01 6.513055432440000292e-01 -5.584044130219999458e-01 3.156940162460000199e-01 4.691030836099999678e-03 -3.416249011160000237e-01 4.506288120379999679e-02
-9.412734078289999862e-02 4.756236798299999791e-01 -4.577884957439999902e-01 3.612228227209999809e-01 6.513055432440000292e-01 -5.584044130219999458e-01 3.156940162460000199e-01 4.691030836099999678e-03 -3.416249011160000237e-01 4.506288120379999679e-02
-9.412734078289999862e-02 4.756236798299999791e-01 -4.577884957439999902e-01 3.612228227209999809e-01 6.513055432440000292e-01 -5.584044130219999458e-01 3.156940162460000199e-01 4.691030836099999678e-03 -3.416249011160000237e-01 4.573572998670000223e-02
-9.412734078289999862e-02 4.756236798299999791e-01 -4.577884957439999902e-01 3.612228227209999809e-01 6.513055432440000292e-01 -5.584044130219999458e-01 3.156940162460000199e-01 4.691030836099999678e-03 -3.416249011160000237e-01 4.506288120379999679e-02
-9.236216850440000237e-02 4.756236798299999791e-01 -4.577884957439999902e-01 3.400883690789999747e-01 6.365027131539999772e-01 -5.584044130219999458e-01 3.156940162460000199e-01 4.691030836099999678e-03 -3.416249011160000237e-01 4.573572998670000223e-02
-6.588430997600000505e-02 4.756236798299999791e-01 -4.583768865039999918e-01 1.006246200779999968e-02 6.243913304839999734e-01 -5.584044130219999458e-01 3.141980013699999796e-01 4.691030836099999678e-03 -3.416249011160000237e-01 4.573572998670000223e-02
-6.588430997600000505e-02 4.756236798299999791e-01 -4.583768865039999918e-01 -2.500564172899999993e-01 6.243913304839999734e-01 -5.584044130219999458e-01 3.156940162460000199e-01 4.102640076600000060e-03 -3.416249011160000237e-01 4.573572998670000223e-02
-6.588430997600000505e-02 4.756236798299999791e-01 -4.583768865039999918e-01 -2.663139420000000257e-01 6.243913304839999734e-01 -5.584044130219999458e-01 3.156940162460000199e-01 4.691030836099999678e-03 -3.416249011160000237e-01 4.573572998670000223e-02
-6.588430997600000505e-02 4.756236798299999791e-01 -4.583768865039999918e-01 -2.663139420000000257e-01 5.914214263879999933e-01 -5.584044130219999458e-01 3.156940162460000199e-01 4.691030836099999678e-03 -3.416249011160000237e-01 4.573572998670000223e-02
-1.158979817850000066e-01 2.242908556119999897e-01 -3.624682782029999828e-01 3.932580434420000076e-02 1.130212357439999982e-01 -5.584044130219999458e-01 3.156940162460000199e-01 4.691030836099999678e-03 -3.416249011160000237e-01 4.640857876969999712e-02
-3.018312907929999733e-01 -1.347562022109999869e-01 -1.824189682400000068e-01 3.547199139080000063e-01 -3.029691452579999847e-02 -5.584044130219999458e-01 3.171900311210000267e-01 4.691030836099999678e-03 -3.383734467089999920e-01 4.775427633559999746e-02
-4.854109910369999725e-01 -2.858553322340000036e-01 -3.178947060380000328e-02 3.530941867049999794e-01 -3.231546087469999717e-02 -5.584044130219999458e-01 3.186860459959999781e-01 4.691030836099999678e-03 -3.383734467089999920e-01 4.775427633559999746e-02
-5.542533957759999685e-01 -2.993194661119999989e-01 -4.134830556449999722e-03 3.482170050949999762e-01 -3.231546087469999717e-02 -5.584044130219999458e-01 3.141980013699999796e-01 4.691030836099999678e-03 -3.399991739120000189e-01 4.842712511850000290e-02
