-5.595489583360000463e-01 -3.232559366330000072e-01 -2.958049037439999807e-03 3.449655506889999779e-01 -3.231546087469999717e-02 -5.595811945409999710e-01 3.216780757470000252e-01 4.102640076600000060e-03 -3.399991739120000189e-01 4.573572998670000223e-02
-5.595489583360000463e-01 -4.070336997169999860e-01 -2.958049037439999807e-03 4.051179625649999894e-01 9.418136524429999989e-02 -5.595811945409999710e-01 3.216780757470000252e-01 4.102640076600000060e-03 -3.399991739120000189e-01 4.506288120379999679e-02
-4.859993817959999962e-01 -4.758508490139999880e-01 -2.958049037439999807e-03 7.270149809420000109e-01 4.252262083439999896e-01 -5.595811945409999710e-01 3.156940162460000199e-01 4.102640076600000060e-03 -3.416249011160000237e-01 4.640857876969999712e-02
-3.324278846370000151e-01 -4.818349085149999933e-01 -2.958049037439999807e-03 7.530271215489999781e-01 4.333003937389999782e-01 -5.595811945409999710e-01 3.141980013699999796e-01 4.102640076600000060e-03 -3.399991739120000189e-01 4.573572998670000223e-02
-1.535553561939999867e-01 -4.788428787649999796e-01 -3.546439796939999858e-03 7.530271215489999781e-01 4.333003937389999782e-01 -5.595811945409999710e-01 3.141980013699999796e-01 4.102640076600000060e-03 -3.399991739120000189e-01 4.573572998670000223e-02
3.943864192760000026e-02 -4.728588192639999743e-01 -4.134830556449999722e-03 7.514013943459999512e-01 4.339732425219999801e-01 -5.595811945409999710e-01 3.141980013699999796e-01 4.102640076600000060e-03 -3.399991739120000189e-01 4.573572998670000223e-02
2.012476554450000066e-01 -4.474265663840000240e-01 -4.134830556449999722e-03 7.367693441620000172e-01 4.339732425219999801e-01 -5.595811945409999710e-01 3.141980013699999796e-01 4.102640076600000060e-03 -3.399991739120000189e-01 4.640857876969999712e-02
3.095126525960000263e-01 -4.474265663840000240e-01 6.456294564839999868e-03 7.448979801780000187e-01 4.339732425219999801e-01 -5.595811945409999710e-01 3.141980013699999796e-01 4.102640076600000060e-03 -3.399991739120000189e-01 4.573572998670000223e-02
3.489352907339999810e-01 -4.608907002620000193e-01 1.763581044559999964e-02 7.562785759560000098e-01 3.922561996710000054e-01 -5.595811945409999710e-01 3.141980013699999796e-01 4.691030836099999678e-03 -3.399991739120000189e-01 4.640857876969999712e-02
3.501120722530000062e-01 -2.170379504199999865e-01 2.587337252889999883e-02 7.644072119720000114e-01 3.653420391989999905e-01 -5.595811945409999710e-01 3.141980013699999796e-01 4.691030836099999678e-03 -3.399991739120000189e-01 4.573572998670000223e-02
3.501120722530000062e-01 -1.048356721890000010e-01 2.705015404789999980e-02 7.660329391760000162e-01 3.653420391989999905e-01 -5.595811945409999710e-01 3.141980013699999796e-01 4.102640076600000060e-03 -3.399991739120000189e-01 4.640857876969999712e-02
3.507004630119999744e-01 -1.048356721890000010e-01 2.705015404789999980e-02 7.709101207849999859e-01 3.653420391989999905e-01 -5.595811945409999710e-01 3.141980013699999796e-01 4.102640076600000060e-03 -3.399991739120000189e-01 4.640857876969999712e-02
3.507004630119999744e-01 -1.048356721890000010e-01 2.705015404789999980e-02 7.709101207849999859e-01 3.653420391989999905e-01 -5.595811945409999710e-01 3.141980013699999796e-01 4.102640076600000060e-03 -3.399991739120000189e-01 4.640857876969999712e-02
3.507004630119999744e-01 -1.048356721890000010e-01 2.705015404789999980e-02 7.709101207849999859e-01 3.653420391989999905e-01 -5.595811945409999710e-01 3.141980013699999796e-01 4.102640076600000060e-03 -3.399991739120000189e-01 4.640857876969999712e-02
3.507004630119999744e-01 -1.048356721890000010e-01 2.705015404789999980e-02 7.709101207849999859e-01 3.653420391989999905e-01 -5.595811945409999710e-01 3.141980013699999796e-01 4.102640076600000060e-03 -3.399991739120000189e-01 4.640857876969999712e-02
3.295182127699999852e-01 4.027916581589999906e-02 1.645902892659999867e-02 6.733654778790000295e-01 3.613049465009999794e-01 -5.595811945409999710e-01 3.141980013699999796e-01 4.102640076600000060e-03 -3.399991739120000189e-01 4.573572998670000223e-02
2.906839653919999766e-01 1.509854291720000019e-01 1.587063816709999992e-02 3.157019556749999789e-01 3.592862955750000253e-01 -5.595811945409999710e-01 3.141980013699999796e-01 4.102640076600000060e-03 -3.399991739120000189e-01 4.640857876969999712e-02
2.853883571060000235e-01 1.330330181519999988e-01 1.822420120509999839e-02 2.718068158320000038e-01 3.592862955750000253e-01 -5.595811945409999710e-01 3.141980013699999796e-01 4.102640076600000060e-03 -3.399991739120000189e-01 4.640857876969999712e-02
2.847999663460000219e-01 1.330330181519999988e-01 1.881259196460000060e-02 2.718068158320000038e-01 3.592862955750000253e-01 -5.595811945409999710e-01 3.141980013699999796e-01 4.102640076600000060e-03 -3.399991739120000189e-01 4.640857876969999712e-02
2.842115755869999982e-01 1.315370032759999863e-01 1.881259196460000060e-02 2.718068158320000038e-01 3.592862955750000253e-01 -5.595811945409999710e-01 3.141980013699999796e-01 4.102640076600000060e-03 -3.399991739120000189e-01 4.640857876969999712e-02
2.865651386249999932e-01 6.720766608799999542e-02 3.705288840970000219e-02 3.319592277080000153e-01 4.238804062009999818e-01 -5.595811945409999710e-01 3.141980013699999796e-01 4.102640076600000060e-03 -3.399991739120000189e-01 4.640857876969999712e-02
3.412860279600000157e-01 -2.768790104650000194e-01 3.469932537170000025e-02 7.107577089090000300e-01 4.333003937389999782e-01 -5.595811945409999710e-01 3.141980013699999796e-01 4.102640076600000060e-03 -3.399991739120000189e-01 4.640857876969999712e-02
3.554075890889999978e-01 -4.354579823479999834e-01 2.116615500259999907e-02 7.627814847689999844e-01 4.205161622859999726e-01 -5.595811945409999710e-01 3.141980013699999796e-01 4.102640076600000060e-03 -3.399991739120000189e-01 4.640857876969999712e-02
3.189269961980000234e-01 -3.277439812590000057e-01 2.234293652169999991e-02 4.197495073940000210e-01 1.814872073169999933e-02 -5.595811945409999710e-01 3.141980013699999796e-01 4.102640076600000060e-03 -3.399991739120000189e-01 4.640857876969999712e-02
2.312559499799999863e-01 -2.933354066109999936e-01 5.722955195789999503e-04 3.319592277080000153e-01 -2.827836817699999963e-02 -5.595811945409999710e-01 3.141980013699999796e-01 4.102640076600000060e-03 -3.399991739120000189e-01 4.573572998670000223e-02
7.650762557720000578e-02 -2.933354066109999936e-01 -6.488485044690000397e-03 3.335849549109999868e-01 -2.962406574289999997e-02 -5.595811945409999710e-01 3.141980013699999796e-01 4.102640076600000060e-03 -3.399991739120000189e-01 4.640857876969999712e-02
