-5.601373490959999923e-01 -3.202639068829999935e-01 -2.958049037439999807e-03 3.449655506889999779e-01 -3.366115844059999751e-02 -5.584044130219999458e-01 3.156940162460000199e-01 4.102640076600000060e-03 -3.416249011160000237e-01 4.506288120379999679e-02
-5.601373490959999923e-01 -3.202639068829999935e-01 -2.958049037439999807e-03 3.449655506889999779e-01 -3.366115844059999751e-02 -5.566392407439999523e-01 3.156940162460000199e-01 -1.065158286629999951e-01 -2.489576924970000049e-01 -3.041489836119999901e-01
-5.601373490959999923e-01 -3.202639068829999935e-01 -2.958049037439999807e-03 3.449655506889999779e-01 -3.366115844059999751e-02 -4.383714177799999945e-01 3.171900311210000267e-01 -1.859494042469999886e-01 -2.310744405830000014e-01 -6.446138142499999724e-01
-5.601373490959999923e-01 -3.202639068829999935e-01 -2.958049037439999807e-03 3.449655506889999779e-01 -3.366115844059999751e-02 -2.924491376700000256e-01 3.156940162460000199e-01 -1.865377950069999902e-01 -2.245715317699999991e-01 -6.560522435600000257e-01
-5.601373490959999923e-01 -3.202639068829999935e-01 -2.958049037439999807e-03 3.449655506889999779e-01 -3.366115844059999751e-02 -7.944957937469999953e-02 3.141980013699999796e-01 -1.859494042469999886e-01 -2.213200773640000008e-01 -6.560522435600000257e-01
-5.601373490959999923e-01 -3.202639068829999935e-01 -2.958049037439999807e-03 3.449655506889999779e-01 -3.366115844059999751e-02 1.058952474229999940e-01 2.842772388309999787e-01 -1.859494042469999886e-01 -2.083140070600000004e-01 -6.560522435600000257e-01
-5.601373490959999923e-01 -3.202639068829999935e-01 -2.958049037439999807e-03 3.449655506889999779e-01 -3.366115844059999751e-02 2.724114784669999789e-01 2.588447534339999856e-01 -1.859494042469999886e-01 -2.099397342629999996e-01 -6.560522435600000257e-01
-5.595489583360000463e-01 -3.202639068829999935e-01 -2.958049037439999807e-03 3.449655506889999779e-01 -3.366115844059999751e-02 3.665549144890000166e-01 2.603410008259999797e-01 -1.959521386089999873e-01 -2.196943501599999959e-01 -6.560522435600000257e-01
-5.601373490959999923e-01 -3.202639068829999935e-01 -2.958049037439999807e-03 3.433398234860000064e-01 -3.366115844059999751e-02 4.271597114199999767e-01 2.633330305770000268e-01 -2.700901059090000111e-01 -2.310744405830000014e-01 -4.313186585139999751e-01
-5.601373490959999923e-01 -3.202639068829999935e-01 -2.958049037439999807e-03 3.449655506889999779e-01 -3.366115844059999751e-02 4.395160545449999789e-01 -1.106744085170000003e-01 -3.830621376860000038e-01 -2.310744405830000014e-01 -1.911093423059999907e-01
-5.595489583360000463e-01 -3.202639068829999935e-01 -2.958049037439999807e-03 3.449655506889999779e-01 -3.366115844059999751e-02 4.395160545449999789e-01 -4.173604806710000115e-01 -3.907114004600000245e-01 -2.424547836840000026e-01 -1.884179471749999890e-01
-5.601373490959999923e-01 -3.202639068829999935e-01 -2.958049037439999807e-03 3.449655506889999779e-01 -3.366115844059999751e-02 4.401044910290000112e-01 -4.712174812150000114e-01 -3.907114004600000245e-01 -2.440805108870000018e-01 -1.877449938150000108e-01
-5.601373490959999923e-01 -3.202639068829999935e-01 -2.958049037439999807e-03 3.449655506889999779e-01 -3.366115844059999751e-02 4.401044910290000112e-01 -4.727134960900000182e-01 -3.907114004600000245e-01 -2.440805108870000018e-01 -1.877449938150000108e-01
-5.601373490959999923e-01 -3.202639068829999935e-01 -2.958049037439999807e-03 3.449655506889999779e-01 -3.366115844059999751e-02 4.401044910290000112e-01 -4.727134960900000182e-01 -3.907114004600000245e-01 -2.440805108870000018e-01 -1.897636447399999871e-01
-5.601373490959999923e-01 -3.202639068829999935e-01 -2.958049037439999807e-03 3.449655506889999779e-01 -3.298830965760000261e-02 4.401044910290000112e-01 -4.712174812150000114e-01 -3.907114004600000245e-01 -2.440805108870000018e-01 -1.884179471749999890e-01
-5.601373490959999923e-01 -3.202639068829999935e-01 -2.958049037439999807e-03 3.449655506889999779e-01 -3.366115844059999751e-02 4.401044910290000112e-01 -4.083841589020000273e-01 -3.907114004600000245e-01 -2.522091469030000033e-01 -1.877449938150000108e-01
-5.595489583360000463e-01 -3.202639068829999935e-01 -2.958049037439999807e-03 3.449655506889999779e-01 -3.366115844059999751e-02 4.401044910290000112e-01 -4.083841589020000273e-01 -3.907114004600000245e-01 -2.522091469030000033e-01 -1.884179471749999890e-01
-5.601373490959999923e-01 -3.202639068829999935e-01 -2.958049037439999807e-03 3.449655506889999779e-01 -3.298830965760000261e-02 4.401044910290000112e-01 -4.083841589020000273e-01 -3.907114004600000245e-01 -2.522091469030000033e-01 -1.877449938150000108e-01
-5.601373490959999923e-01 -3.202639068829999935e-01 -2.958049037439999807e-03 3.449655506889999779e-01 -3.366115844059999751e-02 4.401044910290000112e-01 -4.083841589020000273e-01 -3.907114004600000245e-01 -2.522091469030000033e-01 -1.897636447399999871e-01
-5.601373490959999923e-01 -3.202639068829999935e-01 -2.958049037439999807e-03 3.433398234860000064e-01 -3.366115844059999751e-02 4.401044910290000112e-01 -4.083841589020000273e-01 -3.907114004600000245e-01 -2.522091469030000033e-01 -1.897636447399999871e-01
-5.601373490959999923e-01 -3.202639068829999935e-01 -2.958049037439999807e-03 3.433398234860000064e-01 -3.366115844059999751e-02 4.248061483819999817e-01 -2.513012018949999926e-01 -2.965679644370000090e-01 -2.912268524589999852e-01 -5.302284753779999971e-01
-5.601373490959999923e-01 -3.202639068829999935e-01 -2.958049037439999807e-03 3.449655506889999779e-01 -3.366115844059999751e-02 4.118614602219999865e-01 1.286902966990000063e-01 -2.277255139730000044e-01 -3.221161746760000111e-01 -6.513423020799999907e-01
-5.601373490959999923e-01 -3.202639068829999935e-01 -2.958049037439999807e-03 3.449655506889999779e-01 -3.366115844059999751e-02 4.118614602219999865e-01 2.917575457239999781e-01 -1.718278431190000122e-01 -3.465023354030000169e-01 -5.033141057519999739e-01
-5.601373490959999923e-01 -3.202639068829999935e-01 -2.958049037439999807e-03 3.449655506889999779e-01 -3.366115844059999751e-02 3.318394938779999914e-01 3.186860459959999781e-01 -4.238059572510000095e-02 -3.497537898090000152e-01 -6.074149185580000193e-03
-5.601373490959999923e-01 -3.202639068829999935e-01 -2.958049037439999807e-03 3.449655506889999779e-01 -3.366115844059999751e-02 2.365192763360000061e-01 3.112059716200000214e-01 -4.723221315950000207e-03 -3.416249011160000237e-01 3.698859123139999761e-02
-5.601373490959999923e-01 -3.202639068829999935e-01 -2.958049037439999807e-03 3.449655506889999779e-01 -3.366115844059999751e-02 7.471026281879999953e-02 3.007336349759999750e-01 7.044685324340000353e-03 -3.416249011160000237e-01 3.766154459139999661e-02
