-5.595489583360000463e-01 -3.217599217580000004e-01 -2.369658277940000189e-03 3.465912778920000048e-01 -3.433400722350000295e-02 -5.595811945409999710e-01 3.171900311210000267e-01 5.279513045829999952e-03 -3.399991739120000189e-01 4.640857876969999712e-02
-5.513113962529999634e-01 -3.217599217580000004e-01 1.264891069059999873e-01 2.376665445629999873e-01 3.747620267369999869e-01 -5.595811945409999710e-01 3.171900311210000267e-01 5.279513045829999952e-03 -3.399991739120000189e-01 4.640857876969999712e-02
-4.359856642619999723e-01 -3.217599217580000004e-01 1.876823860459999882e-01 2.311636357500000127e-01 6.452498519089999718e-01 -5.595811945409999710e-01 3.171900311210000267e-01 5.279513045829999952e-03 -3.399991739120000189e-01 4.640857876969999712e-02
-2.841793851070000265e-01 -3.187678920070000088e-01 1.882707768059999898e-01 2.262859487849999962e-01 6.539969906639999664e-01 -5.595811945409999710e-01 3.171900311210000267e-01 5.279513045829999952e-03 -3.399991739120000189e-01 4.640857876969999712e-02
-8.000577965430000216e-02 -3.097918027559999898e-01 1.876823860459999882e-01 2.181573127689999947e-01 6.553426882299999701e-01 -5.595811945409999710e-01 3.171900311210000267e-01 5.279513045829999952e-03 -3.399991739120000189e-01 4.640857876969999712e-02
1.106346554290000006e-01 -2.918393917350000089e-01 1.876823860459999882e-01 2.165315855659999955e-01 6.553426882299999701e-01 -5.589928037820000029e-01 3.171900311210000267e-01 5.279513045829999952e-03 -3.399991739120000189e-01 4.640857876969999712e-02
2.747972319850000011e-01 -2.559345696940000248e-01 1.876823860459999882e-01 2.100286767519999875e-01 6.560155370129999719e-01 -5.595811945409999710e-01 3.171900311210000267e-01 5.279513045829999952e-03 -3.399991739120000189e-01 4.640857876969999712e-02
3.671755871790000070e-01 -2.559345696940000248e-01 1.994502926860000080e-01 2.149058583619999907e-01 6.553426882299999701e-01 -5.589928037820000029e-01 3.171900311210000267e-01 5.279513045829999952e-03 -3.399991739120000189e-01 4.640857876969999712e-02
4.236614658919999887e-01 -2.813670550910000179e-01 2.659390886620000005e-01 2.246602215819999970e-01 4.380104397969999952e-01 -5.589928037820000029e-01 3.171900311210000267e-01 5.279513045829999952e-03 -3.399991739120000189e-01 4.640857876969999712e-02
4.401365900590000213e-01 8.067203248260000625e-02 3.853836016939999887e-01 2.230344943789999979e-01 1.964553214460000030e-01 -5.595811945409999710e-01 3.171900311210000267e-01 5.279513045829999952e-03 -3.399991739120000189e-01 4.640857876969999712e-02
4.407249808179999895e-01 3.858620897619999823e-01 3.942095545370000176e-01 2.392922717659999865e-01 1.883811360509999866e-01 -5.589928037820000029e-01 3.171900311210000267e-01 5.279513045829999952e-03 -3.399991739120000189e-01 4.640857876969999712e-02
4.407249808179999895e-01 4.786157095799999928e-01 3.924443822579999908e-01 2.392922717659999865e-01 1.890539848339999884e-01 -5.589928037820000029e-01 3.171900311210000267e-01 5.279513045829999952e-03 -3.399991739120000189e-01 4.640857876969999712e-02
4.407249808179999895e-01 4.786157095799999928e-01 3.918559914990000226e-01 2.409179989699999913e-01 1.883811360509999866e-01 -5.595811945409999710e-01 3.171900311210000267e-01 5.279513045829999952e-03 -3.399991739120000189e-01 4.640857876969999712e-02
4.407249808179999895e-01 4.786157095799999928e-01 3.918559914990000226e-01 2.425437261729999905e-01 1.883811360509999866e-01 -5.589928037820000029e-01 3.171900311210000267e-01 5.279513045829999952e-03 -3.399991739120000189e-01 4.640857876969999712e-02
4.407249808179999895e-01 4.786157095799999928e-01 3.918559914990000226e-01 2.425437261729999905e-01 1.890539848339999884e-01 -5.595811945409999710e-01 3.171900311210000267e-01 5.279513045829999952e-03 -3.399991739120000189e-01 4.640857876969999712e-02
4.407249808179999895e-01 4.172786346599999807e-01 3.877371647319999837e-01 2.457951805789999888e-01 1.883811360509999866e-01 -5.595811945409999710e-01 3.171900311210000267e-01 5.279513045829999952e-03 -3.399991739120000189e-01 4.640857876969999712e-02
4.407249808179999895e-01 4.112945751589999754e-01 3.877371647319999837e-01 2.457951805789999888e-01 1.883811360509999866e-01 -5.595811945409999710e-01 3.171900311210000267e-01 5.279513045829999952e-03 -3.399991739120000189e-01 4.640857876969999712e-02
4.407249808179999895e-01 4.083023128909999966e-01 3.877371647319999837e-01 2.457951805789999888e-01 1.883811360509999866e-01 -5.589928037820000029e-01 3.171900311210000267e-01 5.279513045829999952e-03 -3.399991739120000189e-01 4.640857876969999712e-02
4.407249808179999895e-01 4.083023128909999966e-01 3.877371647319999837e-01 2.457951805789999888e-01 1.883811360509999866e-01 -5.595811945409999710e-01 3.171900311210000267e-01 5.279513045829999952e-03 -3.399991739120000189e-01 4.640857876969999712e-02
4.407249808179999895e-01 4.083023128909999966e-01 3.877371647319999837e-01 2.457951805789999888e-01 1.883811360509999866e-01 -5.595811945409999710e-01 3.171900311210000267e-01 5.279513045829999952e-03 -3.399991739120000189e-01 4.640857876969999712e-02
4.242500395520000245e-01 2.512193558840000174e-01 2.935937287090000236e-01 2.929417748290000234e-01 5.550872260889999632e-01 -5.595811945409999710e-01 3.171900311210000267e-01 5.279513045829999952e-03 -3.399991739120000189e-01 4.640857876969999712e-02
4.065981338670000000e-01 -1.257801129599999956e-01 2.271049327340000090e-01 3.238305916909999804e-01 6.513055432440000292e-01 -5.589928037820000029e-01 3.171900311210000267e-01 5.279513045829999952e-03 -3.399991739120000189e-01 4.640857876969999712e-02
4.113052599429999900e-01 -2.903433768600000020e-01 1.700304803609999915e-01 3.384626418760000033e-01 4.763631341560000121e-01 -5.595811945409999710e-01 3.171900311210000267e-01 5.279513045829999952e-03 -3.399991739120000189e-01 4.640857876969999712e-02
3.401092464409999905e-01 -3.217599217580000004e-01 4.176001448569999913e-02 3.514684595020000080e-01 9.401581976349999981e-03 -5.595811945409999710e-01 3.171900311210000267e-01 5.279513045829999952e-03 -3.399991739120000189e-01 4.640857876969999712e-02
2.518498094630000073e-01 -3.112878176309999967e-01 1.160686279079999961e-03 3.465912778920000048e-01 -2.760551939400000127e-02 -5.595811945409999710e-01 3.171900311210000267e-01 5.279513045829999952e-03 -3.399991739120000189e-01 4.640857876969999712e-02
9.651309430070000028e-02 -3.053035256130000041e-01 -7.076875804190000015e-03 3.433398234860000064e-01 -2.895121695990000160e-02 -5.595811945409999710e-01 3.171900311210000267e-01 5.279513045829999952e-03 -3.399991739120000189e-01 4.640857876969999712e-02
