-5.595489583360000463e-01 -3.217599217580000004e-01 -2.369658277940000189e-03 3.465912778920000048e-01 -3.433400722350000295e-02 -5.607579760599999963e-01 3.171900311210000267e-01 4.691030836099999678e-03 -3.399991739120000189e-01 4.640857876969999712e-02
-5.518997870120000426e-01 -3.232559366330000072e-01 1.235471531089999964e-01 2.376665445629999873e-01 3.653420391989999905e-01 -5.607579760599999963e-01 3.171900311210000267e-01 4.691030836099999678e-03 -3.399991739120000189e-01 4.640857876969999712e-02
-4.389276637849999774e-01 -3.217599217580000004e-01 1.876823860459999882e-01 2.327893629530000119e-01 6.445770031259999699e-01 -5.607579760599999963e-01 3.171900311210000267e-01 4.691030836099999678e-03 -3.399991739120000189e-01 4.640857876969999712e-02
-2.935937287090000236e-01 -3.187678920070000088e-01 1.876823860459999882e-01 2.279116759879999954e-01 6.513055432440000292e-01 -5.607579760599999963e-01 3.171900311210000267e-01 4.691030836099999678e-03 -3.399991739120000189e-01 4.640857876969999712e-02
-9.059699622580000278e-02 -3.127838325060000035e-01 1.876823860459999882e-01 2.214087671749999930e-01 6.553426882299999701e-01 -5.607579760599999963e-01 3.171900311210000267e-01 4.102640076600000060e-03 -3.399991739120000189e-01 4.640857876969999712e-02
1.012203118270000035e-01 -2.963274363610000073e-01 1.876823860459999882e-01 2.181573127689999947e-01 6.560155370129999719e-01 -5.607579760599999963e-01 3.171900311210000267e-01 4.691030836099999678e-03 -3.399991739120000189e-01 4.640857876969999712e-02
2.689133243899999859e-01 -2.544385548190000179e-01 1.876823860459999882e-01 2.100286767519999875e-01 6.560155370129999719e-01 -5.601695853010000281e-01 3.171900311210000267e-01 4.691030836099999678e-03 -3.399991739120000189e-01 4.640857876969999712e-02
3.701175409770000035e-01 -2.559345696940000248e-01 2.012154649650000071e-01 2.165315855659999955e-01 6.560155370129999719e-01 -5.607579760599999963e-01 3.171900311210000267e-01 4.102640076600000060e-03 -3.399991739120000189e-01 4.640857876969999712e-02
4.130704322209999835e-01 -2.873513471090000104e-01 2.123950722959999926e-01 2.295374031920000002e-01 6.560155370129999719e-01 -5.607579760599999963e-01 3.171900311210000267e-01 4.691030836099999678e-03 -3.399991739120000189e-01 4.640857876969999712e-02
4.201311213350000240e-01 -2.948314214860000004e-01 2.129834630549999885e-01 2.360408173599999881e-01 6.553426882299999701e-01 -5.607579760599999963e-01 3.171900311210000267e-01 4.102640076600000060e-03 -3.399991739120000189e-01 4.640857876969999712e-02
4.201311213350000240e-01 -2.933354066109999936e-01 2.129834630549999885e-01 2.360408173599999881e-01 6.560155370129999719e-01 -5.607579760599999963e-01 3.171900311210000267e-01 4.691030836099999678e-03 -3.399991739120000189e-01 4.640857876969999712e-02
4.201311213350000240e-01 -2.948314214860000004e-01 2.129834630549999885e-01 2.360408173599999881e-01 6.560155370129999719e-01 -5.607579760599999963e-01 3.171900311210000267e-01 4.691030836099999678e-03 -3.399991739120000189e-01 4.640857876969999712e-02
4.201311213350000240e-01 -2.933354066109999936e-01 2.300468865310000000e-01 2.360408173599999881e-01 5.820014388499999969e-01 -5.607579760599999963e-01 3.171900311210000267e-01 4.691030836099999678e-03 -3.399991739120000189e-01 4.640857876969999712e-02
4.413133715779999910e-01 -4.200234987569999995e-02 3.712620405650000066e-01 2.344150901569999890e-01 2.038567626359999996e-01 -5.607579760599999963e-01 3.171900311210000267e-01 4.691030836099999678e-03 -3.383734467089999920e-01 4.640857876969999712e-02
4.419017623370000147e-01 3.290128269500000036e-01 3.942095545370000176e-01 2.344150901569999890e-01 1.883811360509999866e-01 -5.601695853010000281e-01 3.171900311210000267e-01 4.691030836099999678e-03 -3.399991739120000189e-01 4.640857876969999712e-02
4.424903359969999950e-01 4.786157095799999928e-01 3.936211637770000160e-01 2.376665445629999873e-01 1.883811360509999866e-01 -5.607579760599999963e-01 3.171900311210000267e-01 4.691030836099999678e-03 -3.399991739120000189e-01 4.640857876969999712e-02
4.424903359969999950e-01 4.786157095799999928e-01 3.924443822579999908e-01 2.392922717659999865e-01 1.883811360509999866e-01 -5.607579760599999963e-01 3.171900311210000267e-01 4.691030836099999678e-03 -3.399991739120000189e-01 4.640857876969999712e-02
4.424903359969999950e-01 4.786157095799999928e-01 3.918559914990000226e-01 2.409179989699999913e-01 1.883811360509999866e-01 -5.607579760599999963e-01 3.171900311210000267e-01 4.691030836099999678e-03 -3.383734467089999920e-01 4.640857876969999712e-02
4.424903359969999950e-01 4.786157095799999928e-01 3.918559914990000226e-01 2.409179989699999913e-01 1.883811360509999866e-01 -5.607579760599999963e-01 3.171900311210000267e-01 4.691030836099999678e-03 -3.399991739120000189e-01 4.640857876969999712e-02
4.424903359969999950e-01 4.786157095799999928e-01 3.918559914990000226e-01 2.409179989699999913e-01 1.890539848339999884e-01 -5.607579760599999963e-01 3.171900311210000267e-01 4.691030836099999678e-03 -3.383734467089999920e-01 4.640857876969999712e-02
4.424903359969999950e-01 4.786157095799999928e-01 3.918559914990000226e-01 2.409179989699999913e-01 1.883811360509999866e-01 -5.607579760599999963e-01 3.171900311210000267e-01 4.691030836099999678e-03 -3.399991739120000189e-01 4.640857876969999712e-02
4.424903359969999950e-01 4.786157095799999928e-01 3.918559914990000226e-01 2.409179989699999913e-01 1.883811360509999866e-01 -5.607579760599999963e-01 3.171900311210000267e-01 4.691030836099999678e-03 -3.399991739120000189e-01 4.640857876969999712e-02
4.424903359969999950e-01 4.516872093079999928e-01 3.836184294159999952e-01 2.457951805789999888e-01 1.883811360509999866e-01 -5.601695853010000281e-01 3.171900311210000267e-01 4.691030836099999678e-03 -3.399991739120000189e-01 4.640857876969999712e-02
4.424903359969999950e-01 4.127905900339999823e-01 3.847952109350000205e-01 2.474209077829999937e-01 1.883811360509999866e-01 -5.607579760599999963e-01 3.171900311210000267e-01 4.691030836099999678e-03 -3.399991739120000189e-01 4.640857876969999712e-02
4.424903359969999950e-01 4.097983277660000034e-01 3.847952109350000205e-01 2.457951805789999888e-01 1.883811360509999866e-01 -5.607579760599999963e-01 3.171900311210000267e-01 4.691030836099999678e-03 -3.383734467089999920e-01 4.640857876969999712e-02
4.424903359969999950e-01 4.097983277660000034e-01 3.853836016939999887e-01 2.474209077829999937e-01 1.883811360509999866e-01 -5.607579760599999963e-01 3.171900311210000267e-01 4.691030836099999678e-03 -3.399991739120000189e-01 4.640857876969999712e-02
4.424903359969999950e-01 4.097983277660000034e-01 3.853836016939999887e-01 2.457951805789999888e-01 1.883811360509999866e-01 -5.607579760599999963e-01 3.171900311210000267e-01 4.691030836099999678e-03 -3.383734467089999920e-01 4.640857876969999712e-02
4.424903359969999950e-01 4.097983277660000034e-01 3.853836016939999887e-01 2.457951805789999888e-01 1.883811360509999866e-01 -5.607579760599999963e-01 3.171900311210000267e-01 4.691030836099999678e-03 -3.399991739120000189e-01 4.640857876969999712e-02
4.424903359969999950e-01 4.083023128909999966e-01 3.853836016939999887e-01 2.457951805789999888e-01 1.883811360509999866e-01 -5.607579760599999963e-01 3.171900311210000267e-01 4.691030836099999678e-03 -3.399991739120000189e-01 4.640857876969999712e-02
4.407249808179999895e-01 3.439732082199999930e-01 3.489030088039999922e-01 2.522980893919999912e-01 3.545763540949999904e-01 -5.607579760599999963e-01 3.171900311210000267e-01 4.691030836099999678e-03 -3.399991739120000189e-01 4.640857876969999712e-02
4.089516969049999950e-01 -1.058580497779999970e-02 2.329889317790000136e-01 3.270820460980000122e-01 6.465955494749999755e-01 -5.607579760599999963e-01 3.171900311210000267e-01 4.691030836099999678e-03 -3.399991739120000189e-01 4.640857876969999712e-02
4.142472137400000087e-01 -2.589265994450000163e-01 2.194557614100000054e-01 2.896903204230000251e-01 6.533240895930000347e-01 -5.607579760599999963e-01 3.171900311210000267e-01 4.102640076600000060e-03 -3.399991739120000189e-01 4.640857876969999712e-02
4.207195120950000256e-01 -2.903433768600000020e-01 2.171021983720000104e-01 2.718068158320000038e-01 6.533240895930000347e-01 -5.607579760599999963e-01 3.171900311210000267e-01 4.691030836099999678e-03 -3.399991739120000189e-01 4.640857876969999712e-02
4.136588229809999850e-01 -3.172718771320000020e-01 1.688536988419999940e-01 3.335849549109999868e-01 4.790545292880000194e-01 -5.607579760599999963e-01 3.171900311210000267e-01 4.691030836099999678e-03 -3.399991739120000189e-01 4.640857876969999712e-02
3.389324649220000207e-01 -3.277439812590000057e-01 3.999484220720000288e-02 3.433398234860000064e-01 1.276582589110000082e-02 -5.607579760599999963e-01 3.171900311210000267e-01 4.102640076600000060e-03 -3.399991739120000189e-01 4.640857876969999712e-02
2.506730279439999820e-01 -3.232559366330000072e-01 1.160686279079999961e-03 3.433398234860000064e-01 -2.693256603399999879e-02 -5.607579760599999963e-01 3.171900311210000267e-01 4.102640076600000060e-03 -3.399991739120000189e-01 4.640857876969999712e-02
8.886392297700000664e-02 -3.038075107379999973e-01 -6.488485044690000397e-03 3.400883690789999747e-01 -2.962406574289999997e-02 -5.607579760599999963e-01 3.171900311210000267e-01 4.691030836099999678e-03 -3.399991739120000189e-01 4.640857876969999712e-02
-9.000860546630000403e-02 -3.038075107379999973e-01 -5.311703525679999614e-03 3.400883690789999747e-01 -3.366115844059999751e-02 -5.607579760599999963e-01 3.156940162460000199e-01 4.691030836099999678e-03 -3.399991739120000189e-01 4.708142755260000256e-02
