-5.607257398549999605e-01 -3.023114958620000126e-01 -3.546439796939999858e-03 3.400883690789999747e-01 -3.164261209170000227e-02 -5.584044130219999458e-01 3.171900311210000267e-01 5.279513045829999952e-03 -3.399991739120000189e-01 4.708142755260000256e-02
-5.466042244519999649e-01 -4.534106258849999738e-01 -2.958049037439999807e-03 6.083358843930000148e-01 3.552492028779999922e-01 -5.584044130219999458e-01 3.201820608720000183e-01 5.279513045829999952e-03 -3.383734467089999920e-01 4.640857876969999712e-02
-4.218641945839999852e-01 -4.788428787649999796e-01 -2.958049037439999807e-03 7.644072119720000114e-01 4.265719059099999932e-01 -5.584044130219999458e-01 3.141980013699999796e-01 5.279513045829999952e-03 -3.399991739120000189e-01 4.640857876969999712e-02
-2.653506979019999990e-01 -4.803388936399999865e-01 -3.546439796939999858e-03 7.644072119720000114e-01 4.339732425219999801e-01 -5.584044130219999458e-01 3.156940162460000199e-01 5.279513045829999952e-03 -3.399991739120000189e-01 4.640857876969999712e-02
-5.882352941180000322e-02 -4.773468638899999728e-01 -3.546439796939999858e-03 7.627814847689999844e-01 4.346460913049999819e-01 -5.584044130219999458e-01 3.156940162460000199e-01 5.279513045829999952e-03 -3.399991739120000189e-01 4.640857876969999712e-02
1.218141713099999968e-01 -4.429385217580000256e-01 -4.134830556449999722e-03 7.514013943459999512e-01 4.346460913049999819e-01 -5.584044130219999458e-01 3.141980013699999796e-01 5.279513045829999952e-03 -3.399991739120000189e-01 4.640857876969999712e-02
2.571453262989999988e-01 -4.444345366329999769e-01 5.722955195789999503e-04 7.514013943459999512e-01 4.353189400879999837e-01 -5.584044130219999458e-01 3.141980013699999796e-01 5.279513045829999952e-03 -3.399991739120000189e-01 4.640857876969999712e-02
3.348137296049999989e-01 -4.534106258849999738e-01 1.292859291939999974e-02 7.579043031590000368e-01 4.359917888709999856e-01 -5.584044130219999458e-01 3.141980013699999796e-01 5.279513045829999952e-03 -3.399991739120000189e-01 4.640857876969999712e-02
3.507004630119999744e-01 -3.890810561799999956e-01 2.351971804070000088e-02 7.579043031590000368e-01 3.666877367649999941e-01 -5.584044130219999458e-01 3.141980013699999796e-01 5.279513045829999952e-03 -3.399991739120000189e-01 4.640857876969999712e-02
3.507004630119999744e-01 -1.542046281070000024e-01 2.587337252889999883e-02 7.660329391760000162e-01 3.660148879819999923e-01 -5.584044130219999458e-01 3.156940162460000199e-01 5.279513045829999952e-03 -3.399991739120000189e-01 4.640857876969999712e-02
3.512888537719999760e-01 -1.063316870639999939e-01 2.587337252889999883e-02 7.692843935819999590e-01 3.666877367649999941e-01 -5.584044130219999458e-01 3.141980013699999796e-01 5.279513045829999952e-03 -3.399991739120000189e-01 4.640857876969999712e-02
3.507004630119999744e-01 -1.063316870639999939e-01 2.587337252889999883e-02 7.692843935819999590e-01 3.660148879819999923e-01 -5.584044130219999458e-01 3.141980013699999796e-01 5.279513045829999952e-03 -3.399991739120000189e-01 4.640857876969999712e-02
3.507004630119999744e-01 -1.063316870639999939e-01 2.587337252889999883e-02 7.709101207849999859e-01 3.666877367649999941e-01 -5.584044130219999458e-01 3.141980013699999796e-01 5.279513045829999952e-03 -3.399991739120000189e-01 4.640857876969999712e-02
3.512888537719999760e-01 -1.063316870639999939e-01 2.587337252889999883e-02 7.709101207849999859e-01 3.666877367649999941e-01 -5.584044130219999458e-01 3.156940162460000199e-01 5.279513045829999952e-03 -3.399991739120000189e-01 4.640857876969999712e-02
3.512888537719999760e-01 -1.063316870639999939e-01 2.587337252889999883e-02 7.709101207849999859e-01 3.660148879819999923e-01 -5.584044130219999458e-01 3.141980013699999796e-01 5.279513045829999952e-03 -3.399991739120000189e-01 4.640857876969999712e-02
3.106894341149999961e-01 4.476721044180000109e-02 1.116342064090000002e-02 5.319256951299999869e-01 3.586134467920000235e-01 -5.584044130219999458e-01 3.156940162460000199e-01 5.279513045829999952e-03 -3.399991739120000189e-01 4.640857876969999712e-02
2.847999663460000219e-01 1.165766220059999969e-01 1.822420120509999839e-02 2.978189564390000266e-01 3.572677492269999977e-01 -5.584044130219999458e-01 3.141980013699999796e-01 5.279513045829999952e-03 -3.399991739120000189e-01 4.708142755260000256e-02
2.842115755869999982e-01 1.300409884010000072e-01 1.822420120509999839e-02 2.685553614250000276e-01 3.572677492269999977e-01 -5.584044130219999458e-01 3.141980013699999796e-01 5.279513045829999952e-03 -3.399991739120000189e-01 4.708142755260000256e-02
2.842115755869999982e-01 1.285449735260000004e-01 1.822420120509999839e-02 2.685553614250000276e-01 3.572677492269999977e-01 -5.589928037820000029e-01 3.156940162460000199e-01 5.279513045829999952e-03 -3.399991739120000189e-01 4.708142755260000256e-02
2.842115755869999982e-01 1.285449735260000004e-01 1.822420120509999839e-02 2.685553614250000276e-01 3.572677492269999977e-01 -5.589928037820000029e-01 3.141980013699999796e-01 5.279513045829999952e-03 -3.399991739120000189e-01 4.708142755260000256e-02
3.118662156340000213e-01 -6.593882039729999367e-02 3.940645144769999719e-02 5.172941503000000329e-01 4.312818473899999727e-01 -5.584044130219999458e-01 3.141980013699999796e-01 5.279513045829999952e-03 -3.399991739120000189e-01 4.708142755260000256e-02
3.524656352910000012e-01 -4.040416699669999723e-01 2.587337252889999883e-02 7.611557575659999575e-01 4.333003937389999782e-01 -5.584044130219999458e-01 3.141980013699999796e-01 5.279513045829999952e-03 -3.399991739120000189e-01 4.708142755260000256e-02
3.483467170740000007e-01 -3.860890264290000040e-01 2.293132728119999866e-02 6.489795698300000470e-01 2.274066791930000053e-01 -5.584044130219999458e-01 3.156940162460000199e-01 5.279513045829999952e-03 -3.399991739120000189e-01 4.640857876969999712e-02
2.971563551959999772e-01 -2.993194661119999989e-01 9.398248362359999317e-03 3.595970955180000095e-01 -1.683983428980000141e-02 -5.589928037820000029e-01 3.141980013699999796e-01 5.279513045829999952e-03 -3.399991739120000189e-01 4.775427633559999746e-02
1.818305774810000108e-01 -3.008154809870000057e-01 -7.665266563689999632e-03 3.335849549109999868e-01 -3.096976330880000031e-02 -5.584044130219999458e-01 3.141980013699999796e-01 5.279513045829999952e-03 -3.399991739120000189e-01 4.775427633559999746e-02
-5.722955195789999503e-04 -3.023114958620000126e-01 -6.488485044690000397e-03 3.352111874690000271e-01 -3.298830965760000261e-02 -5.584044130219999458e-01 3.141980013699999796e-01 5.279513045829999952e-03 -3.399991739120000189e-01 4.775427633559999746e-02
