-5.607257398549999605e-01 -3.008154809870000057e-01 -3.546439796939999858e-03 3.465912778920000048e-01 -3.164261209170000227e-02 -5.584044130219999458e-01 3.171900311210000267e-01 5.279513045829999952e-03 -3.399991739120000189e-01 4.640857876969999712e-02
-5.442506614140000254e-01 -4.519146110100000224e-01 -2.958049037439999807e-03 6.148387932069999673e-01 3.565949004439999959e-01 -5.584044130219999458e-01 3.186860459959999781e-01 5.279513045829999952e-03 -3.383734467089999920e-01 4.573572998670000223e-02
-4.224525853439999867e-01 -4.967955223020000255e-01 -2.958049037439999807e-03 7.416465257709999870e-01 4.265719059099999932e-01 -5.584044130219999458e-01 3.141980013699999796e-01 5.279513045829999952e-03 -3.399991739120000189e-01 4.573572998670000223e-02
-2.777070867520000097e-01 -4.967955223020000255e-01 -3.546439796939999858e-03 7.432722529749999918e-01 4.346460913049999819e-01 -5.584044130219999458e-01 3.141980013699999796e-01 5.279513045829999952e-03 -3.399991739120000189e-01 4.573572998670000223e-02
-7.235669978080000453e-02 -4.938034925520000118e-01 -3.546439796939999858e-03 7.432722529749999918e-01 4.346460913049999819e-01 -5.584044130219999458e-01 3.141980013699999796e-01 5.279513045829999952e-03 -3.399991739120000189e-01 4.573572998670000223e-02
1.200489990320000033e-01 -4.429385217580000256e-01 -4.134830556449999722e-03 7.432722529749999918e-01 4.346460913049999819e-01 -5.584044130219999458e-01 3.141980013699999796e-01 5.279513045829999952e-03 -3.399991739120000189e-01 4.573572998670000223e-02
2.506730279439999820e-01 -4.444345366329999769e-01 -1.609523992420000148e-05 7.416465257709999870e-01 4.353189400879999837e-01 -5.584044130219999458e-01 3.141980013699999796e-01 5.279513045829999952e-03 -3.399991739120000189e-01 4.573572998670000223e-02
3.359905111240000242e-01 -4.549066407599999806e-01 1.351698367890000023e-02 7.579043031590000368e-01 4.359917888709999856e-01 -5.584044130219999458e-01 3.141980013699999796e-01 5.279513045829999952e-03 -3.383734467089999920e-01 4.573572998670000223e-02
3.542308075699999725e-01 -4.593946853859999790e-01 1.704741968610000089e-02 7.562785759560000098e-01 4.359917888709999856e-01 -5.584044130219999458e-01 3.141980013699999796e-01 5.279513045829999952e-03 -3.399991739120000189e-01 4.573572998670000223e-02
3.548191983289999962e-01 -4.608907002620000193e-01 1.704741968610000089e-02 7.595300303619999527e-01 4.359917888709999856e-01 -5.584044130219999458e-01 3.141980013699999796e-01 5.279513045829999952e-03 -3.399991739120000189e-01 4.573572998670000223e-02
3.542308075699999725e-01 -4.623867151370000261e-01 1.704741968610000089e-02 7.579043031590000368e-01 4.359917888709999856e-01 -5.584044130219999458e-01 3.141980013699999796e-01 5.279513045829999952e-03 -3.399991739120000189e-01 4.573572998670000223e-02
3.548191983289999962e-01 -4.623867151370000261e-01 1.704741968610000089e-02 7.595300303619999527e-01 4.359917888709999856e-01 -5.584044130219999458e-01 3.141980013699999796e-01 5.279513045829999952e-03 -3.399991739120000189e-01 4.573572998670000223e-02
3.548191983289999962e-01 -4.623867151370000261e-01 1.704741968610000089e-02 7.595300303619999527e-01 3.848548630590000186e-01 -5.584044130219999458e-01 3.127019864949999728e-01 5.279513045829999952e-03 -3.383734467089999920e-01 4.573572998670000223e-02
3.548191983289999962e-01 -1.856211730050000008e-01 2.528498176940000008e-02 7.595300303619999527e-01 3.626506440669999831e-01 -5.584044130219999458e-01 3.141980013699999796e-01 5.279513045829999952e-03 -3.383734467089999920e-01 4.573572998670000223e-02
3.542308075699999725e-01 -1.168040237079999988e-01 2.528498176940000008e-02 7.660329391760000162e-01 3.633234928499999850e-01 -5.584044130219999458e-01 3.141980013699999796e-01 5.279513045829999952e-03 -3.399991739120000189e-01 4.573572998670000223e-02
3.542308075699999725e-01 -1.153077763160000047e-01 2.587337252889999883e-02 7.709101207849999859e-01 3.626506440669999831e-01 -5.584044130219999458e-01 3.141980013699999796e-01 5.279513045829999952e-03 -3.399991739120000189e-01 4.640857876969999712e-02
3.542308075699999725e-01 -1.168040237079999988e-01 2.528498176940000008e-02 7.709101207849999859e-01 3.633234928499999850e-01 -5.584044130219999458e-01 3.141980013699999796e-01 5.279513045829999952e-03 -3.399991739120000189e-01 4.573572998670000223e-02
3.542308075699999725e-01 -1.153077763160000047e-01 2.587337252889999883e-02 7.709101207849999859e-01 3.633234928499999850e-01 -5.584044130219999458e-01 3.141980013699999796e-01 5.279513045829999952e-03 -3.399991739120000189e-01 4.573572998670000223e-02
3.548191983289999962e-01 -1.153077763160000047e-01 2.528498176940000008e-02 7.709101207849999859e-01 3.633234928499999850e-01 -5.584044130219999458e-01 3.141980013699999796e-01 5.279513045829999952e-03 -3.399991739120000189e-01 4.573572998670000223e-02
3.542308075699999725e-01 -1.153077763160000047e-01 2.528498176940000008e-02 7.709101207849999859e-01 3.633234928499999850e-01 -5.584044130219999458e-01 3.141980013699999796e-01 5.279513045829999952e-03 -3.399991739120000189e-01 4.573572998670000223e-02
3.548191983289999962e-01 -1.153077763160000047e-01 2.587337252889999883e-02 7.709101207849999859e-01 3.633234928499999850e-01 -5.584044130219999458e-01 3.141980013699999796e-01 5.279513045829999952e-03 -3.399991739120000189e-01 4.573572998670000223e-02
3.542308075699999725e-01 -1.153077763160000047e-01 2.587337252889999883e-02 7.709101207849999859e-01 3.626506440669999831e-01 -5.584044130219999458e-01 3.141980013699999796e-01 5.279513045829999952e-03 -3.399991739120000189e-01 4.573572998670000223e-02
3.542308075699999725e-01 -1.153077763160000047e-01 2.587337252889999883e-02 7.709101207849999859e-01 3.626506440669999831e-01 -5.584044130219999458e-01 3.141980013699999796e-01 5.279513045829999952e-03 -3.383734467089999920e-01 4.573572998670000223e-02
3.071590895579999758e-01 1.494894142969999951e-01 1.175181140040000051e-02 4.766504648639999786e-01 3.579405980099999995e-01 -5.584044130219999458e-01 3.141980013699999796e-01 5.867903805340000251e-03 -3.399991739120000189e-01 4.640857876969999712e-02
2.824464033080000269e-01 1.360250479020000125e-01 1.940098272409999935e-02 2.766839974409999736e-01 3.559220516609999940e-01 -5.584044130219999458e-01 3.141980013699999796e-01 5.279513045829999952e-03 -3.399991739120000189e-01 4.573572998670000223e-02
2.824464033080000269e-01 1.330330181519999988e-01 1.881259196460000060e-02 2.734325430349999753e-01 3.559220516609999940e-01 -5.584044130219999458e-01 3.141980013699999796e-01 5.279513045829999952e-03 -3.399991739120000189e-01 4.573572998670000223e-02
2.824464033080000269e-01 1.330330181519999988e-01 1.940098272409999935e-02 2.718068158320000038e-01 3.559220516609999940e-01 -5.584044130219999458e-01 3.141980013699999796e-01 5.279513045829999952e-03 -3.399991739120000189e-01 4.573572998670000223e-02
2.824464033080000269e-01 1.315370032759999863e-01 1.940098272409999935e-02 2.718068158320000038e-01 3.559220516609999940e-01 -5.584044130219999458e-01 3.141980013699999796e-01 5.279513045829999952e-03 -3.383734467089999920e-01 4.573572998670000223e-02
2.824464033080000269e-01 1.315370032759999863e-01 1.940098272409999935e-02 2.701810886279999990e-01 3.559220516609999940e-01 -5.584044130219999458e-01 3.141980013699999796e-01 5.279513045829999952e-03 -3.399991739120000189e-01 4.573572998670000223e-02
2.971563551959999772e-01 3.429510631479999738e-02 3.822966992869999969e-02 3.856092361260000101e-01 4.279176034759999969e-01 -5.584044130219999458e-01 3.141980013699999796e-01 5.279513045829999952e-03 -3.399991739120000189e-01 4.573572998670000223e-02
3.459931540360000057e-01 -3.157758622569999951e-01 3.234567088339999896e-02 7.302664353490000426e-01 4.326275449559999764e-01 -5.584044130219999458e-01 3.141980013699999796e-01 5.279513045829999952e-03 -3.399991739120000189e-01 4.573572998670000223e-02
3.571727613669999912e-01 -4.549066407599999806e-01 2.057776424310000032e-02 7.676586663790000431e-01 4.326275449559999764e-01 -5.584044130219999458e-01 3.141980013699999796e-01 5.279513045829999952e-03 -3.399991739120000189e-01 4.573572998670000223e-02
3.571727613669999912e-01 -4.578986705110000277e-01 1.998937348360000157e-02 7.676586663790000431e-01 4.326275449559999764e-01 -5.584044130219999458e-01 3.141980013699999796e-01 5.279513045829999952e-03 -3.399991739120000189e-01 4.573572998670000223e-02
3.489352907339999810e-01 -3.890810561799999956e-01 2.351971804070000088e-02 6.684882962689999708e-01 2.240424352779999961e-01 -5.584044130219999458e-01 3.141980013699999796e-01 5.279513045829999952e-03 -3.399991739120000189e-01 4.573572998670000223e-02
2.989215274750000040e-01 -2.978234512360000141e-01 8.809857602849999886e-03 3.612228227209999809e-01 -1.683983428980000141e-02 -5.584044130219999458e-01 3.141980013699999796e-01 5.279513045829999952e-03 -3.399991739120000189e-01 4.640857876969999712e-02
1.859494042469999886e-01 -3.008154809870000057e-01 -5.900094285180000099e-03 3.335849549109999868e-01 -3.096976330880000031e-02 -5.584044130219999458e-01 3.156940162460000199e-01 5.867903805340000251e-03 -3.383734467089999920e-01 4.640857876969999712e-02
1.781267518430000108e-03 -3.023114958620000126e-01 -7.076875804190000015e-03 3.335849549109999868e-01 -3.231546087469999717e-02 -5.584044130219999458e-01 3.141980013699999796e-01 5.279513045829999952e-03 -3.399991739120000189e-01 4.708142755260000256e-02
-1.988619019270000121e-01 -3.142798473819999883e-01 -5.311703525679999614e-03 3.368369146719999985e-01 -3.298830965760000261e-02 -5.584044130219999458e-01 3.141980013699999796e-01 5.279513045829999952e-03 -3.399991739120000189e-01 4.708142755260000256e-02
