-5.601373490959999923e-01 -3.202639068829999935e-01 -3.546439796939999858e-03 3.465912778920000048e-01 -3.231546087469999717e-02 -5.613463668200000534e-01 3.201820608720000183e-01 4.691030836099999678e-03 -3.416249011160000237e-01 4.640857876969999712e-02
-5.601373490959999923e-01 -4.085297145930000262e-01 -3.546439796939999858e-03 4.067436897680000163e-01 9.418136524429999989e-02 -5.607579760599999963e-01 3.201820608720000183e-01 4.691030836099999678e-03 -3.399991739120000189e-01 4.573572998670000223e-02
-4.859993817959999962e-01 -4.848269382659999849e-01 -2.958049037439999807e-03 7.367693441620000172e-01 4.252262083439999896e-01 -5.607579760599999963e-01 3.112059716200000214e-01 4.102640076600000060e-03 -3.416249011160000237e-01 4.573572998670000223e-02
-3.336046661559999849e-01 -4.893154479260000134e-01 -3.546439796939999858e-03 7.579043031590000368e-01 4.333003937389999782e-01 -5.613463668200000534e-01 3.141980013699999796e-01 4.102640076600000060e-03 -3.399991739120000189e-01 4.506288120379999679e-02
-1.541437469539999883e-01 -4.893154479260000134e-01 -3.546439796939999858e-03 7.579043031590000368e-01 4.333003937389999782e-01 -5.607579760599999963e-01 3.141980013699999796e-01 4.102640076600000060e-03 -3.399991739120000189e-01 4.506288120379999679e-02
4.002703268709999901e-02 -4.833309233909999780e-01 -4.134830556449999722e-03 7.562785759560000098e-01 4.339732425219999801e-01 -5.607579760599999963e-01 3.127019864949999728e-01 4.102640076600000060e-03 -3.399991739120000189e-01 4.506288120379999679e-02
2.018360462040000025e-01 -4.459305515090000172e-01 -4.134830556449999722e-03 7.481494345850000505e-01 4.339732425219999801e-01 -5.607579760599999963e-01 3.141980013699999796e-01 4.102640076600000060e-03 -3.399991739120000189e-01 4.573572998670000223e-02
3.101010433559999724e-01 -4.459305515090000172e-01 7.044685324340000353e-03 7.481494345850000505e-01 4.353189400879999837e-01 -5.607579760599999963e-01 3.127019864949999728e-01 4.102640076600000060e-03 -3.399991739120000189e-01 4.573572998670000223e-02
3.489352907339999810e-01 -4.593946853859999790e-01 1.763581044559999964e-02 7.562785759560000098e-01 4.124418723139999798e-01 -5.607579760599999963e-01 3.127019864949999728e-01 4.102640076600000060e-03 -3.399991739120000189e-01 4.573572998670000223e-02
3.507004630119999744e-01 -2.275100545469999902e-01 2.587337252889999883e-02 7.627814847689999844e-01 3.646691904159999886e-01 -5.607579760599999963e-01 3.141980013699999796e-01 4.102640076600000060e-03 -3.399991739120000189e-01 4.573572998670000223e-02
3.507004630119999744e-01 -1.078277019390000008e-01 2.646176328840000105e-02 7.676586663790000431e-01 3.646691904159999886e-01 -5.607579760599999963e-01 3.141980013699999796e-01 4.102640076600000060e-03 -3.399991739120000189e-01 4.573572998670000223e-02
3.512888537719999760e-01 -1.078277019390000008e-01 2.587337252889999883e-02 7.692843935819999590e-01 3.646691904159999886e-01 -5.607579760599999963e-01 3.141980013699999796e-01 4.691030836099999678e-03 -3.399991739120000189e-01 4.506288120379999679e-02
3.507004630119999744e-01 -1.078277019390000008e-01 2.646176328840000105e-02 7.709101207849999859e-01 3.639963416329999868e-01 -5.607579760599999963e-01 3.141980013699999796e-01 4.102640076600000060e-03 -3.399991739120000189e-01 4.573572998670000223e-02
3.507004630119999744e-01 -1.093237168149999994e-01 2.587337252889999883e-02 7.709101207849999859e-01 3.646691904159999886e-01 -5.607579760599999963e-01 3.141980013699999796e-01 4.102640076600000060e-03 -3.399991739120000189e-01 4.573572998670000223e-02
3.507004630119999744e-01 -1.093237168149999994e-01 2.587337252889999883e-02 7.709101207849999859e-01 3.646691904159999886e-01 -5.607579760599999963e-01 3.141980013699999796e-01 4.691030836099999678e-03 -3.399991739120000189e-01 4.573572998670000223e-02
3.342253388459999752e-01 5.870591167399999769e-03 1.645902892659999867e-02 6.961256587249999850e-01 3.619777952839999813e-01 -5.607579760599999963e-01 3.141980013699999796e-01 4.102640076600000060e-03 -3.399991739120000189e-01 4.573572998670000223e-02
2.930375284300000271e-01 1.494894142969999951e-01 1.410546588860000020e-02 3.661000043309999841e-01 3.592862955750000253e-01 -5.607579760599999963e-01 3.127019864949999728e-01 4.102640076600000060e-03 -3.399991739120000189e-01 4.573572998670000223e-02
2.847999663460000219e-01 1.315370032759999863e-01 1.881259196460000060e-02 2.750582702380000022e-01 3.592862955750000253e-01 -5.607579760599999963e-01 3.127019864949999728e-01 4.102640076600000060e-03 -3.399991739120000189e-01 4.640857876969999712e-02
2.847999663460000219e-01 1.315370032759999863e-01 1.881259196460000060e-02 2.718068158320000038e-01 3.592862955750000253e-01 -5.607579760599999963e-01 3.127019864949999728e-01 4.691030836099999678e-03 -3.399991739120000189e-01 4.640857876969999712e-02
2.842115755869999982e-01 1.315370032759999863e-01 1.881259196460000060e-02 2.701810886279999990e-01 3.592862955750000253e-01 -5.607579760599999963e-01 3.127019864949999728e-01 4.102640076600000060e-03 -3.399991739120000189e-01 4.640857876969999712e-02
2.865651386249999932e-01 6.720766608799999542e-02 3.705288840970000219e-02 3.303335005040000105e-01 4.232075574179999800e-01 -5.613463668200000534e-01 3.127019864949999728e-01 4.102640076600000060e-03 -3.399991739120000189e-01 4.640857876969999712e-02
3.406976372000000142e-01 -2.753829955900000126e-01 3.469932537170000025e-02 7.091319817060000030e-01 4.326275449559999764e-01 -5.607579760599999963e-01 3.127019864949999728e-01 4.102640076600000060e-03 -3.399991739120000189e-01 4.640857876969999712e-02
3.559959798480000215e-01 -4.384500120979999971e-01 2.116615500259999907e-02 7.644072119720000114e-01 4.198433135030000263e-01 -5.607579760599999963e-01 3.127019864949999728e-01 4.102640076600000060e-03 -3.416249011160000237e-01 4.640857876969999712e-02
3.165734331599999729e-01 -3.337282732769999982e-01 2.234293652169999991e-02 4.490131024080000199e-01 1.747587194880000083e-02 -5.607579760599999963e-01 3.127019864949999728e-01 4.102640076600000060e-03 -3.399991739120000189e-01 4.640857876969999712e-02
2.371398575750000015e-01 -2.933354066109999936e-01 -1.609523992420000148e-05 3.335849549109999868e-01 -2.827836817699999963e-02 -5.607579760599999963e-01 3.127019864949999728e-01 4.102640076600000060e-03 -3.399991739120000189e-01 4.640857876969999712e-02
7.827279785570000203e-02 -2.948314214860000004e-01 -7.076875804190000015e-03 3.335849549109999868e-01 -3.029691452579999847e-02 -5.607579760599999963e-01 3.141980013699999796e-01 4.102640076600000060e-03 -3.399991739120000189e-01 4.640857876969999712e-02
