-5.601373490959999923e-01 -3.202639068829999935e-01 -2.958049037439999807e-03 3.465912778920000048e-01 -3.433400722350000295e-02 -5.578160222629999776e-01 3.156940162460000199e-01 5.279513045829999952e-03 -3.432506283189999952e-01 4.506288120379999679e-02
-5.601373490959999923e-01 -3.202639068829999935e-01 -2.369658277940000189e-03 3.465912778920000048e-01 -3.433400722350000295e-02 -5.566392407439999523e-01 3.156940162460000199e-01 -1.053390471439999976e-01 -2.489576924970000049e-01 -3.048218323949999919e-01
-5.601373490959999923e-01 -3.202639068829999935e-01 -2.958049037439999807e-03 3.465912778920000048e-01 -3.433400722350000295e-02 -4.477858528329999865e-01 3.171900311210000267e-01 -1.853610134879999927e-01 -2.310744405830000014e-01 -6.412495703349999632e-01
-5.601373490959999923e-01 -3.202639068829999935e-01 -2.958049037439999807e-03 3.465912778920000048e-01 -3.433400722350000295e-02 -2.906839653919999766e-01 3.156940162460000199e-01 -1.865377950069999902e-01 -2.278229861770000031e-01 -6.526879996450000165e-01
-5.601373490959999923e-01 -3.202639068829999935e-01 -2.958049037439999807e-03 3.465912778920000048e-01 -3.433400722350000295e-02 -8.592196917939999568e-02 3.112059716200000214e-01 -1.865377950069999902e-01 -2.229458045669999999e-01 -6.560522435600000257e-01
-5.601373490959999923e-01 -3.202639068829999935e-01 -2.958049037439999807e-03 3.482170050949999762e-01 -3.433400722350000295e-02 9.530412230189999612e-02 2.887655159740000199e-01 -1.859494042469999886e-01 -2.066882798570000013e-01 -6.560522435600000257e-01
-5.601373490959999923e-01 -3.202639068829999935e-01 -2.958049037439999807e-03 3.465912778920000048e-01 -3.433400722350000295e-02 2.653506979019999990e-01 2.603410008259999797e-01 -1.859494042469999886e-01 -2.115654614670000044e-01 -6.553793947770000239e-01
-5.601373490959999923e-01 -3.202639068829999935e-01 -2.958049037439999807e-03 3.465912778920000048e-01 -3.433400722350000295e-02 3.718505227750000253e-01 2.618370157009999866e-01 -1.983057016470000100e-01 -2.196943501599999959e-01 -6.560522435600000257e-01
-5.601373490959999923e-01 -3.202639068829999935e-01 -2.958049037439999807e-03 3.465912778920000048e-01 -3.366115844059999751e-02 4.089194149750000062e-01 2.902615308490000268e-01 -2.100736082880000077e-01 -2.359516221930000046e-01 -6.560522435600000257e-01
-5.601373490959999923e-01 -3.202639068829999935e-01 -2.958049037439999807e-03 3.482170050949999762e-01 -3.433400722350000295e-02 4.189221493360000270e-01 3.067176944769999802e-01 -2.118387805660000012e-01 -2.375773493960000038e-01 -6.560522435600000257e-01
-5.601373490959999923e-01 -3.202639068829999935e-01 -2.958049037439999807e-03 3.465912778920000048e-01 -3.433400722350000295e-02 4.195106315459999902e-01 3.067176944769999802e-01 -2.118387805660000012e-01 -2.359516221930000046e-01 -6.560522435600000257e-01
-5.601373490959999923e-01 -3.187678920070000088e-01 -2.369658277940000189e-03 3.465912778920000048e-01 -3.433400722350000295e-02 4.195106315459999902e-01 3.067176944769999802e-01 -2.118387805660000012e-01 -2.375773493960000038e-01 -6.560522435600000257e-01
-5.601373490959999923e-01 -3.202639068829999935e-01 -2.958049037439999807e-03 3.465912778920000048e-01 -3.366115844059999751e-02 4.212758038250000170e-01 3.067176944769999802e-01 -2.212532156189999932e-01 -2.375773493960000038e-01 -6.143354098629999482e-01
-5.601373490959999923e-01 -3.187678920070000088e-01 -2.958049037439999807e-03 3.482170050949999762e-01 -3.433400722350000295e-02 4.412812725479999809e-01 5.837690000970000015e-02 -3.589379336460000181e-01 -2.359516221930000046e-01 -2.139864100810000003e-01
-5.601373490959999923e-01 -3.202639068829999935e-01 -2.958049037439999807e-03 3.465912778920000048e-01 -3.366115844059999751e-02 4.412812725479999809e-01 -3.156305390840000169e-01 -3.912997912189999927e-01 -2.375773493960000038e-01 -1.877449938150000108e-01
-5.601373490959999923e-01 -3.202639068829999935e-01 -2.958049037439999807e-03 3.482170050949999762e-01 -3.433400722350000295e-02 4.418696633079999825e-01 -4.487770255690000099e-01 -3.912997912189999927e-01 -2.424547836840000026e-01 -1.870721450320000090e-01
-5.601373490959999923e-01 -3.202639068829999935e-01 -2.958049037439999807e-03 3.465912778920000048e-01 -3.433400722350000295e-02 4.418696633079999825e-01 -4.637374068389999993e-01 -3.912997912189999927e-01 -2.440805108870000018e-01 -1.870721450320000090e-01
-5.601373490959999923e-01 -3.202639068829999935e-01 -2.369658277940000189e-03 3.482170050949999762e-01 -3.433400722350000295e-02 4.418696633079999825e-01 -4.637374068389999993e-01 -3.912997912189999927e-01 -2.440805108870000018e-01 -1.870721450320000090e-01
-5.601373490959999923e-01 -3.202639068829999935e-01 -2.369658277940000189e-03 3.482170050949999762e-01 -3.433400722350000295e-02 4.418696633079999825e-01 -4.637374068389999993e-01 -3.912997912189999927e-01 -2.440805108870000018e-01 -1.890907959579999909e-01
-5.601373490959999923e-01 -3.202639068829999935e-01 -2.369658277940000189e-03 3.482170050949999762e-01 -3.366115844059999751e-02 4.418696633079999825e-01 -4.637374068389999993e-01 -3.912997912189999927e-01 -2.440805108870000018e-01 -1.890907959579999909e-01
-5.601373490959999923e-01 -3.202639068829999935e-01 -2.369658277940000189e-03 3.482170050949999762e-01 -3.433400722350000295e-02 4.418696633079999825e-01 -4.637374068389999993e-01 -3.912997912189999927e-01 -2.440805108870000018e-01 -1.897636447399999871e-01
-5.601373490959999923e-01 -3.202639068829999935e-01 -2.369658277940000189e-03 3.465912778920000048e-01 -3.433400722350000295e-02 4.418696633079999825e-01 -4.622413919630000145e-01 -3.912997912189999927e-01 -2.440805108870000018e-01 -1.897636447399999871e-01
-5.601373490959999923e-01 -3.187678920070000088e-01 -2.958049037439999807e-03 3.465912778920000048e-01 -3.433400722350000295e-02 4.418696633079999825e-01 -4.622413919630000145e-01 -3.912997912189999927e-01 -2.440805108870000018e-01 -1.870721450320000090e-01
-5.601373490959999923e-01 -3.202639068829999935e-01 -2.369658277940000189e-03 3.482170050949999762e-01 -3.433400722350000295e-02 4.418696633079999825e-01 -4.068881440270000205e-01 -3.912997912189999927e-01 -2.522091469030000033e-01 -1.870721450320000090e-01
-5.601373490959999923e-01 -3.187678920070000088e-01 -2.958049037439999807e-03 3.482170050949999762e-01 -3.433400722350000295e-02 4.418696633079999825e-01 -4.068881440270000205e-01 -3.912997912189999927e-01 -2.522091469030000033e-01 -1.863992962490000072e-01
-5.601373490959999923e-01 -3.202639068829999935e-01 -2.958049037439999807e-03 3.465912778920000048e-01 -3.433400722350000295e-02 4.418696633079999825e-01 -4.068881440270000205e-01 -3.912997912189999927e-01 -2.522091469030000033e-01 -1.877449938150000108e-01
-5.601373490959999923e-01 -3.187678920070000088e-01 -2.958049037439999807e-03 3.465912778920000048e-01 -3.433400722350000295e-02 4.418696633079999825e-01 -4.068881440270000205e-01 -3.912997912189999927e-01 -2.522091469030000033e-01 -1.877449938150000108e-01
-5.601373490959999923e-01 -3.202639068829999935e-01 -2.958049037439999807e-03 3.482170050949999762e-01 -3.433400722350000295e-02 4.418696633079999825e-01 -4.053921291520000136e-01 -3.912997912189999927e-01 -2.522091469030000033e-01 -1.877449938150000108e-01
-5.601373490959999923e-01 -3.202639068829999935e-01 -2.958049037439999807e-03 3.465912778920000048e-01 -3.433400722350000295e-02 4.418696633079999825e-01 -4.053921291520000136e-01 -3.912997912189999927e-01 -2.522091469030000033e-01 -1.877449938150000108e-01
-5.601373490959999923e-01 -3.202639068829999935e-01 -2.958049037439999807e-03 3.465912778920000048e-01 -3.433400722350000295e-02 4.401044910290000112e-01 -3.320867027120000259e-01 -3.406976372000000142e-01 -2.652149645290000080e-01 -3.721074427300000154e-01
-5.601373490959999923e-01 -3.187678920070000088e-01 -2.958049037439999807e-03 3.465912778920000048e-01 -3.433400722350000295e-02 4.112730694630000183e-01 -4.456422303329999821e-03 -2.341979037780000106e-01 -3.221161746760000111e-01 -6.446138142499999724e-01
-5.601373490959999923e-01 -3.202639068829999935e-01 -2.958049037439999807e-03 3.482170050949999762e-01 -3.433400722350000295e-02 4.148034140199999831e-01 2.663250603269999850e-01 -2.206647334090000023e-01 -2.814724892400000122e-01 -6.540336972110000202e-01
-5.601373490959999923e-01 -3.202639068829999935e-01 -2.369658277940000189e-03 3.482170050949999762e-01 -3.433400722350000295e-02 4.206874130650000154e-01 3.052216796019999734e-01 -2.177227796110000058e-01 -2.684664189359999842e-01 -6.547065459940000220e-01
-5.601373490959999923e-01 -3.202639068829999935e-01 -2.958049037439999807e-03 3.465912778920000048e-01 -3.433400722350000295e-02 4.177453678170000018e-01 3.156940162460000199e-01 -1.800654052020000118e-01 -3.237419018800000159e-01 -5.309013241609999989e-01
-5.601373490959999923e-01 -3.202639068829999935e-01 -2.958049037439999807e-03 3.482170050949999762e-01 -3.433400722350000295e-02 3.347815391260000051e-01 3.186860459959999781e-01 -4.767620401079999959e-02 -3.448763555220000221e-01 -1.818553185569999828e-02
-5.601373490959999923e-01 -3.202639068829999935e-01 -2.958049037439999807e-03 3.482170050949999762e-01 -3.433400722350000295e-02 2.365192763360000061e-01 3.112059716200000214e-01 -4.723221315950000207e-03 -3.416249011160000237e-01 3.698859123139999761e-02
-5.601373490959999923e-01 -3.202639068829999935e-01 -2.958049037439999807e-03 3.482170050949999762e-01 -3.433400722350000295e-02 6.882626377349999880e-02 3.007336349759999750e-01 7.044685324340000353e-03 -3.416249011160000237e-01 3.766154459139999661e-02
-5.601373490959999923e-01 -3.202639068829999935e-01 -2.958049037439999807e-03 3.482170050949999762e-01 -3.433400722350000295e-02 -1.159301722650000060e-01 3.022296498509999818e-01 6.456294564839999868e-03 -3.432506283189999952e-01 3.766154459139999661e-02
