-5.595489583360000463e-01 -3.202639068829999935e-01 -2.958049037439999807e-03 3.465912778920000048e-01 -3.164261209170000227e-02 -5.607579760599999963e-01 2.932535605989999850e-01 4.102640076600000060e-03 -3.399991739120000189e-01 4.506288120379999679e-02
-5.595489583360000463e-01 -3.187678920070000088e-01 -2.958049037439999807e-03 3.465912778920000048e-01 -3.164261209170000227e-02 -5.607579760599999963e-01 4.443524581050000144e-01 4.102640076600000060e-03 -4.099062016850000267e-01 -1.204594880570000054e-01
-5.595489583360000463e-01 -3.202639068829999935e-01 -2.958049037439999807e-03 3.482170050949999762e-01 -3.164261209170000227e-02 -4.842664457229999830e-01 4.802572801459999985e-01 4.102640076600000060e-03 -7.253003112500000515e-01 -4.178614737010000191e-01
-5.595489583360000463e-01 -3.187678920070000088e-01 -2.958049037439999807e-03 3.465912778920000048e-01 -3.164261209170000227e-02 -3.253993860030000018e-01 4.817532950210000053e-01 4.102640076600000060e-03 -7.626924159410000126e-01 -4.286272633820000233e-01
-5.595489583360000463e-01 -3.202639068829999935e-01 -2.958049037439999807e-03 3.482170050949999762e-01 -3.164261209170000227e-02 -1.529991559140000124e-01 4.802572801459999985e-01 4.691030836099999678e-03 -7.610666887379999856e-01 -4.286272633820000233e-01
-5.595489583360000463e-01 -3.187678920070000088e-01 -2.958049037439999807e-03 3.482170050949999762e-01 -3.164261209170000227e-02 4.999757656900000180e-02 4.787612652709999916e-01 4.691030836099999678e-03 -7.610666887379999856e-01 -4.286272633820000233e-01
-5.595489583360000463e-01 -3.187678920070000088e-01 -2.958049037439999807e-03 3.482170050949999762e-01 -3.164261209170000227e-02 2.094530270480000067e-01 4.428564432300000075e-01 4.691030836099999678e-03 -7.545636535859999716e-01 -4.286272633820000233e-01
-5.595489583360000463e-01 -3.187678920070000088e-01 -2.958049037439999807e-03 3.465912778920000048e-01 -3.164261209170000227e-02 3.112456343950000259e-01 4.413604283550000007e-01 -5.900094285180000099e-03 -7.431835631630000494e-01 -4.286272633820000233e-01
-5.595489583360000463e-01 -3.187678920070000088e-01 -2.958049037439999807e-03 3.465912778920000048e-01 -3.231546087469999717e-02 3.536102263299999993e-01 4.503365176060000197e-01 -1.531443788750000076e-02 -7.578152343309999539e-01 -4.017131029100000084e-01
-5.595489583360000463e-01 -3.187678920070000088e-01 -2.958049037439999807e-03 3.465912778920000048e-01 -3.164261209170000227e-02 3.536102263299999993e-01 2.289242234109999941e-01 -2.531717224919999981e-02 -7.659438703480000443e-01 -3.714344893700000094e-01
-5.595489583360000463e-01 -3.187678920070000088e-01 -2.958049037439999807e-03 3.449655506889999779e-01 -3.164261209170000227e-02 3.530218355709999756e-01 1.197142074469999956e-01 -2.590556300869999856e-02 -7.675695975509999602e-01 -3.707616405870000076e-01
-5.595489583360000463e-01 -3.187678920070000088e-01 -2.958049037439999807e-03 3.465912778920000048e-01 -3.164261209170000227e-02 3.530218355709999756e-01 1.002657815519999995e-01 -2.590556300869999856e-02 -7.691954510930000266e-01 -3.707616405870000076e-01
-5.595489583360000463e-01 -3.187678920070000088e-01 -2.958049037439999807e-03 3.449655506889999779e-01 -3.231546087469999717e-02 3.530218355709999756e-01 1.002657815519999995e-01 -2.590556300869999856e-02 -7.691954510930000266e-01 -3.714344893700000094e-01
-5.595489583360000463e-01 -3.187678920070000088e-01 -2.958049037439999807e-03 3.449655506889999779e-01 -3.164261209170000227e-02 3.530218355709999756e-01 1.002657815519999995e-01 -2.531717224919999981e-02 -7.675695975509999602e-01 -3.707616405870000076e-01
-5.595489583360000463e-01 -3.187678920070000088e-01 -2.958049037439999807e-03 3.465912778920000048e-01 -3.231546087469999717e-02 3.530218355709999756e-01 1.002657815519999995e-01 -2.531717224919999981e-02 -7.691954510930000266e-01 -3.707616405870000076e-01
-5.595489583360000463e-01 -3.187678920070000088e-01 -2.958049037439999807e-03 3.465912778920000048e-01 -3.164261209170000227e-02 3.177180242000000043e-01 -6.429748234870000245e-02 -1.531443788750000076e-02 -6.700250809829999543e-01 -3.700887918040000057e-01
-5.595489583360000463e-01 -3.187678920070000088e-01 -2.958049037439999807e-03 3.449655506889999779e-01 -3.164261209170000227e-02 2.894749933929999797e-01 -1.061863638910000018e-01 -1.413765636849999979e-02 -3.253676290829999873e-01 -3.667245478889999966e-01
-5.595489583360000463e-01 -3.187678920070000088e-01 -2.958049037439999807e-03 3.465912778920000048e-01 -3.164261209170000227e-02 2.871213389039999897e-01 -1.241387749110000049e-01 -1.590282864699999951e-02 -2.717181260200000059e-01 -3.667245478889999966e-01
-5.595489583360000463e-01 -3.172718771320000020e-01 -2.958049037439999807e-03 3.465912778920000048e-01 -3.231546087469999717e-02 2.871213389039999897e-01 -1.241387749110000049e-01 -1.590282864699999951e-02 -2.684664189359999842e-01 -3.667245478889999966e-01
-5.595489583360000463e-01 -3.187678920070000088e-01 -2.958049037439999807e-03 3.465912778920000048e-01 -3.164261209170000227e-02 2.871213389039999897e-01 -1.241387749110000049e-01 -1.590282864699999951e-02 -2.424547836840000026e-01 -3.667245478889999966e-01
-5.595489583360000463e-01 -3.187678920070000088e-01 -2.958049037439999807e-03 3.465912778920000048e-01 -3.164261209170000227e-02 2.894749933929999797e-01 -5.532139309700000174e-02 -3.590829737049999748e-02 -3.562566986219999898e-01 -4.151700785690000117e-01
-5.595489583360000463e-01 -3.172718771320000020e-01 -2.958049037439999807e-03 3.465912778920000048e-01 -3.164261209170000227e-02 3.436074005179999835e-01 3.007336349759999750e-01 -3.296634357299999679e-02 -7.187974024369999659e-01 -4.293001121650000251e-01
-5.595489583360000463e-01 -3.187678920070000088e-01 -2.958049037439999807e-03 3.465912778920000048e-01 -3.164261209170000227e-02 3.577289616470000211e-01 4.353763688530000175e-01 -2.472878148970000106e-02 -7.659438703480000443e-01 -4.192071712670000228e-01
-5.595489583360000463e-01 -3.157758622569999951e-01 -2.958049037439999807e-03 3.482170050949999762e-01 -3.231546087469999717e-02 3.118340251539999941e-01 3.097099567450000146e-01 -2.414039073019999884e-02 -4.586785231380000050e-01 -2.036951910829999917e-03
-5.595489583360000463e-01 -3.172718771320000020e-01 -2.958049037439999807e-03 3.482170050949999762e-01 -3.231546087469999717e-02 2.188673706510000094e-01 2.917575457239999781e-01 -1.192876758930000057e-03 -3.465023354030000169e-01 3.766154459139999661e-02
-5.595489583360000463e-01 -3.172718771320000020e-01 -2.958049037439999807e-03 3.465912778920000048e-01 -3.164261209170000227e-02 5.058596732850000055e-02 2.932535605989999850e-01 6.456294564839999868e-03 -3.416249011160000237e-01 3.766154459139999661e-02
