-5.613141306150000176e-01 -3.202639068829999935e-01 -2.958049037439999807e-03 3.433398234860000064e-01 -3.164261209170000227e-02 -5.625231483389999676e-01 3.201820608720000183e-01 4.102640076600000060e-03 -3.416249011160000237e-01 4.640857876969999712e-02
-5.548417865350000477e-01 -4.564026556360000209e-01 -2.958049037439999807e-03 5.920781070060000539e-01 3.068035676199999950e-01 -5.631115390980000468e-01 3.112059716200000214e-01 4.102640076600000060e-03 -3.448763555220000221e-01 4.640857876969999712e-02
-4.412812725479999809e-01 -4.803388936399999865e-01 -2.958049037439999807e-03 7.432722529749999918e-01 4.258990571269999914e-01 -5.631115390980000468e-01 3.141980013699999796e-01 4.102640076600000060e-03 -3.399991739120000189e-01 4.573572998670000223e-02
-2.935937287090000236e-01 -4.848269382659999849e-01 -3.546439796939999858e-03 7.514013943459999512e-01 4.333003937389999782e-01 -5.625231483389999676e-01 3.141980013699999796e-01 4.102640076600000060e-03 -3.399991739120000189e-01 4.573572998670000223e-02
-8.706656021860000039e-02 -4.803388936399999865e-01 -4.134830556449999722e-03 7.514013943459999512e-01 4.339732425219999801e-01 -5.625231483389999676e-01 3.141980013699999796e-01 4.102640076600000060e-03 -3.399991739120000189e-01 4.573572998670000223e-02
8.827553221749999401e-02 -4.638827300119999775e-01 -4.134830556449999722e-03 7.497751617879999664e-01 4.339732425219999801e-01 -5.631115390980000468e-01 3.141980013699999796e-01 4.691030836099999678e-03 -3.399991739120000189e-01 4.573572998670000223e-02
2.447890288990000052e-01 -4.459305515090000172e-01 -6.044859994279999779e-04 7.416465257709999870e-01 4.339732425219999801e-01 -5.625231483389999676e-01 3.141980013699999796e-01 4.102640076600000060e-03 -3.399991739120000189e-01 4.573572998670000223e-02
3.289297305600000221e-01 -4.504185961350000156e-01 1.292859291939999974e-02 7.546528487529999829e-01 4.353189400879999837e-01 -5.625231483389999676e-01 3.141980013699999796e-01 4.691030836099999678e-03 -3.399991739120000189e-01 4.573572998670000223e-02
3.495236814930000047e-01 -4.399464920080000119e-01 2.175454576220000116e-02 7.562785759560000098e-01 3.713976782460000070e-01 -5.631115390980000468e-01 3.141980013699999796e-01 4.102640076600000060e-03 -3.399991739120000189e-01 4.573572998670000223e-02
3.501120722530000062e-01 -1.512125983569999887e-01 2.705015404789999980e-02 7.660329391760000162e-01 3.646691904159999886e-01 -5.625231483389999676e-01 3.141980013699999796e-01 4.102640076600000060e-03 -3.399991739120000189e-01 4.573572998670000223e-02
3.501120722530000062e-01 -1.048356721890000010e-01 2.646176328840000105e-02 7.676586663790000431e-01 3.639963416329999868e-01 -5.625231483389999676e-01 3.141980013699999796e-01 4.102640076600000060e-03 -3.399991739120000189e-01 4.573572998670000223e-02
3.501120722530000062e-01 -1.048356721890000010e-01 2.705015404789999980e-02 7.709101207849999859e-01 3.646691904159999886e-01 -5.625231483389999676e-01 3.127019864949999728e-01 4.102640076600000060e-03 -3.399991739120000189e-01 4.573572998670000223e-02
3.501120722530000062e-01 -1.048356721890000010e-01 2.705015404789999980e-02 7.709101207849999859e-01 3.646691904159999886e-01 -5.631115390980000468e-01 3.141980013699999796e-01 4.691030836099999678e-03 -3.399991739120000189e-01 4.573572998670000223e-02
3.501120722530000062e-01 -1.048356721890000010e-01 2.705015404789999980e-02 7.725358479889999908e-01 3.646691904159999886e-01 -5.625231483389999676e-01 3.141980013699999796e-01 4.691030836099999678e-03 -3.399991739120000189e-01 4.573572998670000223e-02
3.501120722530000062e-01 -1.048356721890000010e-01 2.705015404789999980e-02 7.725358479889999908e-01 3.646691904159999886e-01 -5.625231483389999676e-01 3.141980013699999796e-01 4.102640076600000060e-03 -3.399991739120000189e-01 4.573572998670000223e-02
3.236341222740000134e-01 7.468774046439999315e-02 1.292859291939999974e-02 6.603596602529999693e-01 3.613049465009999794e-01 -5.631115390980000468e-01 3.141980013699999796e-01 4.691030836099999678e-03 -3.399991739120000189e-01 4.573572998670000223e-02
2.865651386249999932e-01 1.195686517570000024e-01 1.763581044559999964e-02 3.043218652520000012e-01 3.579405980099999995e-01 -5.631115390980000468e-01 3.127019864949999728e-01 4.102640076600000060e-03 -3.399991739120000189e-01 4.573572998670000223e-02
2.847999663460000219e-01 1.330330181519999988e-01 1.881259196460000060e-02 2.718068158320000038e-01 3.586134467920000235e-01 -5.631115390980000468e-01 3.141980013699999796e-01 4.102640076600000060e-03 -3.399991739120000189e-01 4.640857876969999712e-02
2.842115755869999982e-01 1.315370032759999863e-01 1.881259196460000060e-02 2.701810886279999990e-01 3.579405980099999995e-01 -5.625231483389999676e-01 3.127019864949999728e-01 4.102640076600000060e-03 -3.399991739120000189e-01 4.640857876969999712e-02
2.842115755869999982e-01 1.315370032759999863e-01 1.881259196460000060e-02 2.701810886279999990e-01 3.586134467920000235e-01 -5.631115390980000468e-01 3.127019864949999728e-01 4.102640076600000060e-03 -3.399991739120000189e-01 4.640857876969999712e-02
3.000983089939999737e-01 1.933472504490000091e-02 3.881806068819999844e-02 4.051179625649999894e-01 4.285904522589999988e-01 -5.625231483389999676e-01 3.127019864949999728e-01 4.102640076600000060e-03 -3.399991739120000189e-01 4.640857876969999712e-02
3.465815447960000073e-01 -3.217599217580000004e-01 3.116888936440000146e-02 7.367693441620000172e-01 4.326275449559999764e-01 -5.625231483389999676e-01 3.127019864949999728e-01 4.102640076600000060e-03 -3.399991739120000189e-01 4.640857876969999712e-02
3.548191983289999962e-01 -4.309699377219999850e-01 2.116615500259999907e-02 7.562785759560000098e-01 3.545763540949999904e-01 -5.625231483389999676e-01 3.127019864949999728e-01 4.691030836099999678e-03 -3.399991739120000189e-01 4.640857876969999712e-02
3.089242618370000026e-01 -2.993194661119999989e-01 1.587063816709999992e-02 4.067436897680000163e-01 -4.055498259670000175e-03 -5.625231483389999676e-01 3.127019864949999728e-01 4.102640076600000060e-03 -3.399991739120000189e-01 4.640857876969999712e-02
2.094852175280000062e-01 -2.993194661119999989e-01 -2.958049037439999807e-03 3.352111874690000271e-01 -3.164261209170000227e-02 -5.625231483389999676e-01 3.127019864949999728e-01 4.691030836099999678e-03 -3.399991739120000189e-01 4.640857876969999712e-02
4.002703268709999901e-02 -3.008154809870000057e-01 -6.488485044690000397e-03 3.352111874690000271e-01 -3.164261209170000227e-02 -5.625231483389999676e-01 3.127019864949999728e-01 4.102640076600000060e-03 -3.399991739120000189e-01 4.708142755260000256e-02
