-5.601373490959999923e-01 -3.202639068829999935e-01 -2.369658277940000189e-03 3.465912778920000048e-01 -3.433400722350000295e-02 -5.578160222629999776e-01 3.171900311210000267e-01 4.691030836099999678e-03 -3.399991739120000189e-01 4.439003242080000189e-02
-5.107120223209999921e-01 -1.212920683339999972e-01 -7.768440709620000328e-02 7.021487388380000250e-02 3.754348755199999887e-01 -5.578160222629999776e-01 3.171900311210000267e-01 4.691030836099999678e-03 -3.399991739120000189e-01 4.439003242080000189e-02
-3.383118836830000253e-01 2.572034153850000227e-01 -2.430238566210000117e-01 -2.403020540709999986e-01 6.042056578409999990e-01 -5.578160222629999776e-01 3.171900311210000267e-01 4.691030836099999678e-03 -3.399991739120000189e-01 4.439003242080000189e-02
-1.747376978869999986e-01 4.516872093079999928e-01 -3.895346189409999993e-01 -2.581853059840000242e-01 6.068971052610000472e-01 -5.578160222629999776e-01 3.171900311210000267e-01 4.691030836099999678e-03 -3.399991739120000189e-01 4.506288120379999679e-02
-6.941465453310000089e-02 4.741276649550000277e-01 -4.560233234659999968e-01 -2.614367603910000004e-01 6.068971052610000472e-01 -5.584044130219999458e-01 3.171900311210000267e-01 4.691030836099999678e-03 -3.399991739120000189e-01 4.506288120379999679e-02
-6.882626377349999880e-02 4.741276649550000277e-01 -4.572001049850000221e-01 -2.663139420000000257e-01 6.068971052610000472e-01 -5.578160222629999776e-01 3.171900311210000267e-01 4.691030836099999678e-03 -3.399991739120000189e-01 4.506288120379999679e-02
-6.882626377349999880e-02 4.741276649550000277e-01 -4.572001049850000221e-01 -2.646882147969999988e-01 6.068971052610000472e-01 -5.578160222629999776e-01 3.171900311210000267e-01 4.691030836099999678e-03 -3.399991739120000189e-01 4.506288120379999679e-02
-6.941465453310000089e-02 4.741276649550000277e-01 -4.572001049850000221e-01 -2.663139420000000257e-01 6.068971052610000472e-01 -5.578160222629999776e-01 3.171900311210000267e-01 4.691030836099999678e-03 -3.399991739120000189e-01 4.506288120379999679e-02
-7.765221661629999328e-02 4.741276649550000277e-01 -4.572001049850000221e-01 -2.500564172899999993e-01 6.492869968950000237e-01 -5.584044130219999458e-01 3.171900311210000267e-01 4.691030836099999678e-03 -3.399991739120000189e-01 4.506288120379999679e-02
-8.588977869960000289e-02 4.756236798299999791e-01 -4.577884957439999902e-01 1.189869426590000057e-01 6.506326944610000274e-01 -5.578160222629999776e-01 3.171900311210000267e-01 4.691030836099999678e-03 -3.399991739120000189e-01 4.573572998670000223e-02
-8.588977869960000289e-02 4.756236798299999791e-01 -4.577884957439999902e-01 5.449320181110000050e-01 6.506326944610000274e-01 -5.578160222629999776e-01 3.171900311210000267e-01 4.691030836099999678e-03 -3.399991739120000189e-01 4.506288120379999679e-02
-9.353895002339999987e-02 4.756236798299999791e-01 -4.583768865039999918e-01 7.383950713650000441e-01 6.513055432440000292e-01 -5.578160222629999776e-01 3.171900311210000267e-01 4.691030836099999678e-03 -3.399991739120000189e-01 4.506288120379999679e-02
-9.353895002339999987e-02 4.756236798299999791e-01 -4.583768865039999918e-01 7.367693441620000172e-01 6.506326944610000274e-01 -5.578160222629999776e-01 3.171900311210000267e-01 4.691030836099999678e-03 -3.399991739120000189e-01 4.573572998670000223e-02
-9.353895002339999987e-02 4.756236798299999791e-01 -4.583768865039999918e-01 7.416465257709999870e-01 6.506326944610000274e-01 -5.578160222629999776e-01 3.171900311210000267e-01 4.691030836099999678e-03 -3.399991739120000189e-01 4.506288120379999679e-02
-9.353895002339999987e-02 4.756236798299999791e-01 -4.583768865039999918e-01 7.416465257709999870e-01 6.506326944610000274e-01 -5.578160222629999776e-01 3.171900311210000267e-01 4.102640076600000060e-03 -3.399991739120000189e-01 4.506288120379999679e-02
-9.353895002339999987e-02 4.756236798299999791e-01 -4.583768865039999918e-01 5.107912414869999473e-01 6.513055432440000292e-01 -5.578160222629999776e-01 3.171900311210000267e-01 4.691030836099999678e-03 -3.399991739120000189e-01 4.573572998670000223e-02
-9.353895002339999987e-02 4.756236798299999791e-01 -4.583768865039999918e-01 3.661000043309999841e-01 6.513055432440000292e-01 -5.578160222629999776e-01 3.171900311210000267e-01 4.691030836099999678e-03 -3.399991739120000189e-01 4.573572998670000223e-02
-9.353895002339999987e-02 4.756236798299999791e-01 -4.583768865039999918e-01 3.612228227209999809e-01 6.513055432440000292e-01 -5.578160222629999776e-01 3.171900311210000267e-01 4.691030836099999678e-03 -3.399991739120000189e-01 4.506288120379999679e-02
-9.295055926390000112e-02 4.756236798299999791e-01 -4.583768865039999918e-01 3.612228227209999809e-01 6.506326944610000274e-01 -5.584044130219999458e-01 3.171900311210000267e-01 4.691030836099999678e-03 -3.399991739120000189e-01 4.506288120379999679e-02
-9.353895002339999987e-02 4.756236798299999791e-01 -4.583768865039999918e-01 3.612228227209999809e-01 6.506326944610000274e-01 -5.578160222629999776e-01 3.171900311210000267e-01 4.691030836099999678e-03 -3.399991739120000189e-01 4.573572998670000223e-02
-6.764948225450000130e-02 4.756236798299999791e-01 -4.583768865039999918e-01 1.141097610499999943e-01 6.257370280489999992e-01 -5.578160222629999776e-01 3.171900311210000267e-01 4.691030836099999678e-03 -3.399991739120000189e-01 4.573572998670000223e-02
-6.764948225450000130e-02 4.756236798299999791e-01 -4.583768865039999918e-01 -2.305476908509999923e-01 6.250641792669999752e-01 -5.578160222629999776e-01 3.171900311210000267e-01 4.691030836099999678e-03 -3.399991739120000189e-01 4.573572998670000223e-02
-7.000304529259999964e-02 4.576712688089999981e-01 -4.348410732229999742e-01 -2.077872573279999913e-01 4.380104397969999952e-01 -5.578160222629999776e-01 3.171900311210000267e-01 4.691030836099999678e-03 -3.416249011160000237e-01 4.640857876969999712e-02
-1.965083388889999894e-01 8.964812173429999309e-02 -2.900955746319999751e-01 1.986485863299999877e-01 4.691535918659999783e-03 -5.578160222629999776e-01 3.171900311210000267e-01 4.691030836099999678e-03 -3.399991739120000189e-01 4.708142755260000256e-02
-3.853836016939999887e-01 -2.619188617129999952e-01 -1.088694831509999933e-01 3.384626418760000033e-01 -3.164261209170000227e-02 -5.578160222629999776e-01 3.186860459959999781e-01 4.691030836099999678e-03 -3.399991739120000189e-01 4.708142755260000256e-02
-5.348363178110000504e-01 -3.038075107379999973e-01 -8.842048082699999548e-03 3.417140962820000016e-01 -3.298830965760000261e-02 -5.578160222629999776e-01 3.127019864949999728e-01 4.691030836099999678e-03 -3.416249011160000237e-01 4.842712511850000290e-02
