-5.607257398549999605e-01 -3.232559366330000072e-01 -2.369658277940000189e-03 3.482170050949999762e-01 -3.164261209170000227e-02 -5.601695853010000281e-01 3.171900311210000267e-01 4.102640076600000060e-03 -3.399991739120000189e-01 4.640857876969999712e-02
-5.607257398549999605e-01 -3.217599217580000004e-01 6.706109149500000255e-02 2.392922717659999865e-01 1.776153463690000045e-01 -5.601695853010000281e-01 3.171900311210000267e-01 4.102640076600000060e-03 -3.399991739120000189e-01 4.640857876969999712e-02
-4.795270377170000042e-01 -3.232559366330000072e-01 1.841520414889999957e-01 2.311636357500000127e-01 6.257370280489999992e-01 -5.601695853010000281e-01 3.171900311210000267e-01 4.102640076600000060e-03 -3.383734467089999920e-01 4.640857876969999712e-02
-3.459610550059999956e-01 -3.202639068829999935e-01 1.882707768059999898e-01 2.295374031920000002e-01 6.513055432440000292e-01 -5.601695853010000281e-01 3.171900311210000267e-01 4.102640076600000060e-03 -3.399991739120000189e-01 4.640857876969999712e-02
-1.429642310729999921e-01 -3.142798473819999883e-01 1.882707768059999898e-01 2.214087671749999930e-01 6.553426882299999701e-01 -5.601695853010000281e-01 3.171900311210000267e-01 4.102640076600000060e-03 -3.399991739120000189e-01 4.640857876969999712e-02
5.179503077759999713e-02 -3.053035256130000041e-01 1.876823860459999882e-01 2.165315855659999955e-01 6.553426882299999701e-01 -5.601695853010000281e-01 3.171900311210000267e-01 4.102640076600000060e-03 -3.399991739120000189e-01 4.640857876969999712e-02
2.277255139730000044e-01 -2.574305845700000095e-01 1.876823860459999882e-01 2.116544039559999923e-01 6.560155370129999719e-01 -5.601695853010000281e-01 3.171900311210000267e-01 4.102640076600000060e-03 -3.399991739120000189e-01 4.640857876969999712e-02
3.518772445319999775e-01 -2.559345696940000248e-01 1.965083388889999894e-01 2.132801311589999915e-01 6.553426882299999701e-01 -5.601695853010000281e-01 3.171900311210000267e-01 4.102640076600000060e-03 -3.399991739120000189e-01 4.640857876969999712e-02
4.054213523479999748e-01 -2.873513471090000104e-01 2.106298085670000042e-01 2.230344943789999979e-01 6.560155370129999719e-01 -5.601695853010000281e-01 3.171900311210000267e-01 4.102640076600000060e-03 -3.399991739120000189e-01 4.640857876969999712e-02
4.195427305760000003e-01 -2.903433768600000020e-01 2.129834630549999885e-01 2.344150901569999890e-01 6.553426882299999701e-01 -5.595811945409999710e-01 3.171900311210000267e-01 4.102640076600000060e-03 -3.399991739120000189e-01 4.640857876969999712e-02
4.195427305760000003e-01 -2.948314214860000004e-01 2.129834630549999885e-01 2.344150901569999890e-01 6.560155370129999719e-01 -5.601695853010000281e-01 3.171900311210000267e-01 4.102640076600000060e-03 -3.399991739120000189e-01 4.640857876969999712e-02
4.195427305760000003e-01 -2.948314214860000004e-01 2.129834630549999885e-01 2.344150901569999890e-01 6.553426882299999701e-01 -5.601695853010000281e-01 3.171900311210000267e-01 4.102640076600000060e-03 -3.399991739120000189e-01 4.640857876969999712e-02
4.195427305760000003e-01 -2.948314214860000004e-01 2.135718538149999901e-01 2.344150901569999890e-01 6.553426882299999701e-01 -5.601695853010000281e-01 3.171900311210000267e-01 4.102640076600000060e-03 -3.399991739120000189e-01 4.640857876969999712e-02
4.395481992990000197e-01 -1.347562022109999869e-01 3.212483687570000246e-01 2.327893629530000119e-01 2.664323269119999726e-01 -5.601695853010000281e-01 3.171900311210000267e-01 4.102640076600000060e-03 -3.399991739120000189e-01 4.640857876969999712e-02
4.419017623370000147e-01 2.033464148409999950e-01 3.936211637770000160e-01 2.327893629530000119e-01 1.890539848339999884e-01 -5.601695853010000281e-01 3.171900311210000267e-01 4.102640076600000060e-03 -3.399991739120000189e-01 4.640857876969999712e-02
4.424903359969999950e-01 4.801117244559999775e-01 3.942095545370000176e-01 2.392922717659999865e-01 1.890539848339999884e-01 -5.601695853010000281e-01 3.171900311210000267e-01 4.102640076600000060e-03 -3.399991739120000189e-01 4.640857876969999712e-02
4.424903359969999950e-01 4.726316500789999875e-01 3.918559914990000226e-01 2.425437261729999905e-01 1.890539848339999884e-01 -5.601695853010000281e-01 3.171900311210000267e-01 4.102640076600000060e-03 -3.399991739120000189e-01 4.640857876969999712e-02
4.424903359969999950e-01 4.711356352039999806e-01 3.912676007390000210e-01 2.409179989699999913e-01 1.890539848339999884e-01 -5.601695853010000281e-01 3.171900311210000267e-01 4.102640076600000060e-03 -3.399991739120000189e-01 4.640857876969999712e-02
4.424903359969999950e-01 4.726316500789999875e-01 3.912676007390000210e-01 2.425437261729999905e-01 1.890539848339999884e-01 -5.601695853010000281e-01 3.171900311210000267e-01 4.102640076600000060e-03 -3.399991739120000189e-01 4.640857876969999712e-02
4.424903359969999950e-01 4.726316500789999875e-01 3.918559914990000226e-01 2.425437261729999905e-01 1.890539848339999884e-01 -5.601695853010000281e-01 3.171900311210000267e-01 4.102640076600000060e-03 -3.399991739120000189e-01 4.640857876969999712e-02
4.430787267569999965e-01 4.726316500789999875e-01 3.912676007390000210e-01 2.409179989699999913e-01 1.890539848339999884e-01 -5.601695853010000281e-01 3.171900311210000267e-01 4.102640076600000060e-03 -3.399991739120000189e-01 4.640857876969999712e-02
4.424903359969999950e-01 4.726316500789999875e-01 3.918559914990000226e-01 2.425437261729999905e-01 1.890539848339999884e-01 -5.595811945409999710e-01 3.171900311210000267e-01 4.102640076600000060e-03 -3.399991739120000189e-01 4.640857876969999712e-02
4.424903359969999950e-01 4.726316500789999875e-01 3.918559914990000226e-01 2.409179989699999913e-01 1.890539848339999884e-01 -5.601695853010000281e-01 3.171900311210000267e-01 4.691030836099999678e-03 -3.399991739120000189e-01 4.640857876969999712e-02
4.424903359969999950e-01 4.187746495349999876e-01 3.877371647319999837e-01 2.457951805789999888e-01 1.890539848339999884e-01 -5.601695853010000281e-01 3.171900311210000267e-01 4.102640076600000060e-03 -3.399991739120000189e-01 4.640857876969999712e-02
4.424903359969999950e-01 4.112945751589999754e-01 3.877371647319999837e-01 2.457951805789999888e-01 1.890539848339999884e-01 -5.601695853010000281e-01 3.171900311210000267e-01 4.102640076600000060e-03 -3.399991739120000189e-01 4.640857876969999712e-02
4.424903359969999950e-01 4.112945751589999754e-01 3.871487739730000155e-01 2.457951805789999888e-01 1.883811360509999866e-01 -5.601695853010000281e-01 3.171900311210000267e-01 4.102640076600000060e-03 -3.399991739120000189e-01 4.640857876969999712e-02
4.424903359969999950e-01 4.083023128909999966e-01 3.877371647319999837e-01 2.457951805789999888e-01 1.890539848339999884e-01 -5.595811945409999710e-01 3.171900311210000267e-01 4.102640076600000060e-03 -3.399991739120000189e-01 4.640857876969999712e-02
4.430787267569999965e-01 4.097983277660000034e-01 3.877371647319999837e-01 2.457951805789999888e-01 1.890539848339999884e-01 -5.601695853010000281e-01 3.171900311210000267e-01 4.102640076600000060e-03 -3.383734467089999920e-01 4.640857876969999712e-02
4.430787267569999965e-01 4.083023128909999966e-01 3.877371647319999837e-01 2.457951805789999888e-01 1.890539848339999884e-01 -5.601695853010000281e-01 3.171900311210000267e-01 4.102640076600000060e-03 -3.399991739120000189e-01 4.640857876969999712e-02
4.424903359969999950e-01 3.963341938889999860e-01 3.818532571370000239e-01 2.474209077829999937e-01 2.314438764679999927e-01 -5.601695853010000281e-01 3.171900311210000267e-01 4.102640076600000060e-03 -3.399991739120000189e-01 4.640857876969999712e-02
4.130704322209999835e-01 1.330330181519999988e-01 2.506408374649999882e-01 3.157019556749999789e-01 6.264098768320000010e-01 -5.601695853010000281e-01 3.171900311210000267e-01 4.102640076600000060e-03 -3.399991739120000189e-01 4.640857876969999712e-02
4.077749153860000253e-01 -2.290060694219999970e-01 2.235745881769999888e-01 3.059475924549999726e-01 6.533240895930000347e-01 -5.601695853010000281e-01 3.171900311210000267e-01 4.102640076600000060e-03 -3.399991739120000189e-01 4.640857876969999712e-02
4.195427305760000003e-01 -2.918393917350000089e-01 2.176905891320000119e-01 2.604267254090000261e-01 6.533240895930000347e-01 -5.601695853010000281e-01 3.156940162460000199e-01 4.102640076600000060e-03 -3.399991739120000189e-01 4.640857876969999712e-02
4.201311213350000240e-01 -2.948314214860000004e-01 2.100414178080000083e-01 2.653039070189999737e-01 6.391941605740000254e-01 -5.601695853010000281e-01 3.171900311210000267e-01 4.102640076600000060e-03 -3.399991739120000189e-01 4.640857876969999712e-02
3.695291502170000020e-01 -3.202639068829999935e-01 8.588977869960000289e-02 3.449655506889999779e-01 1.473369419830000138e-01 -5.601695853010000281e-01 3.171900311210000267e-01 4.102640076600000060e-03 -3.399991739120000189e-01 4.640857876969999712e-02
3.018634812720000227e-01 -3.202639068829999935e-01 1.116342064090000002e-02 3.417140962820000016e-01 -2.491401968519999996e-02 -5.601695853010000281e-01 3.171900311210000267e-01 4.102640076600000060e-03 -3.399991739120000189e-01 4.640857876969999712e-02
1.641786717950000085e-01 -3.067995404880000110e-01 -7.076875804190000015e-03 3.400883690789999747e-01 -2.760551939400000127e-02 -5.601695853010000281e-01 3.171900311210000267e-01 4.102640076600000060e-03 -3.399991739120000189e-01 4.640857876969999712e-02
-3.822966992869999969e-02 -3.038075107379999973e-01 -5.311703525679999614e-03 3.384626418760000033e-01 -3.096976330880000031e-02 -5.595811945409999710e-01 3.171900311210000267e-01 4.102640076600000060e-03 -3.399991739120000189e-01 4.573572998670000223e-02
