-5.613141306150000176e-01 -3.202639068829999935e-01 -2.958049037439999807e-03 3.465912778920000048e-01 -3.298830965760000261e-02 -5.607579760599999963e-01 2.977416052249999834e-01 3.514249317100000009e-03 -3.399991739120000189e-01 4.506288120379999679e-02
-5.619025213739999858e-01 -3.202639068829999935e-01 -2.958049037439999807e-03 3.482170050949999762e-01 -3.298830965760000261e-02 -5.607579760599999963e-01 4.578168244999999970e-01 4.102640076600000060e-03 -4.391695440219999802e-01 -1.520836945869999957e-01
-5.613141306150000176e-01 -3.172718771320000020e-01 -3.546439796939999858e-03 3.482170050949999762e-01 -3.298830965760000261e-02 -4.842664457229999830e-01 4.802572801459999985e-01 4.102640076600000060e-03 -7.383062552150000402e-01 -4.178614737010000191e-01
-5.613141306150000176e-01 -3.202639068829999935e-01 -2.958049037439999807e-03 3.482170050949999762e-01 -3.298830965760000261e-02 -3.471699355549999755e-01 4.802572801459999985e-01 4.102640076600000060e-03 -7.594409615349999587e-01 -4.306458097309999733e-01
-5.619025213739999858e-01 -3.187678920070000088e-01 -2.958049037439999807e-03 3.482170050949999762e-01 -3.298830965760000261e-02 -1.541759374330000099e-01 4.802572801459999985e-01 4.102640076600000060e-03 -7.594409615349999587e-01 -4.306458097309999733e-01
-5.613141306150000176e-01 -3.187678920070000088e-01 -2.958049037439999807e-03 3.482170050949999762e-01 -3.298830965760000261e-02 4.882079504999999736e-02 4.772652503950000069e-01 4.691030836099999678e-03 -7.578152343309999539e-01 -4.306458097309999733e-01
-5.613141306150000176e-01 -3.187678920070000088e-01 -2.958049037439999807e-03 3.465912778920000048e-01 -3.298830965760000261e-02 2.082762455290000092e-01 4.428564432300000075e-01 4.691030836099999678e-03 -7.496864719760000240e-01 -4.306458097309999733e-01
-5.613141306150000176e-01 -3.172718771320000020e-01 -2.958049037439999807e-03 3.482170050949999762e-01 -3.298830965760000261e-02 3.130108066730000194e-01 4.413604283550000007e-01 -4.723221315950000207e-03 -7.431835631630000494e-01 -4.306458097309999733e-01
-5.613141306150000176e-01 -3.187678920070000088e-01 -2.958049037439999807e-03 3.482170050949999762e-01 -3.298830965760000261e-02 3.536102263299999993e-01 4.503365176060000197e-01 -1.531443788750000076e-02 -7.578152343309999539e-01 -3.916201620120000060e-01
-5.619025213739999858e-01 -3.187678920070000088e-01 -2.958049037439999807e-03 3.465912778920000048e-01 -3.298830965760000261e-02 3.530218355709999756e-01 2.304202382860000009e-01 -2.590556300869999856e-02 -7.659438703480000443e-01 -3.707616405870000076e-01
-5.613141306150000176e-01 -3.187678920070000088e-01 -2.958049037439999807e-03 3.465912778920000048e-01 -3.298830965760000261e-02 3.524333533610000124e-01 1.212102223229999942e-01 -2.649395376830000065e-02 -7.675695975509999602e-01 -3.700887918040000057e-01
-5.613141306150000176e-01 -3.187678920070000088e-01 -2.958049037439999807e-03 3.465912778920000048e-01 -3.298830965760000261e-02 3.524333533610000124e-01 1.107378856790000032e-01 -2.590556300869999856e-02 -7.675695975509999602e-01 -3.700887918040000057e-01
-5.613141306150000176e-01 -3.187678920070000088e-01 -2.958049037439999807e-03 3.449655506889999779e-01 -3.298830965760000261e-02 3.524333533610000124e-01 1.107378856790000032e-01 -2.649395376830000065e-02 -7.675695975509999602e-01 -3.707616405870000076e-01
-5.613141306150000176e-01 -3.187678920070000088e-01 -2.958049037439999807e-03 3.465912778920000048e-01 -3.298830965760000261e-02 3.524333533610000124e-01 1.107378856790000032e-01 -2.649395376830000065e-02 -7.675695975509999602e-01 -3.707616405870000076e-01
-5.613141306150000176e-01 -3.187678920070000088e-01 -2.958049037439999807e-03 3.465912778920000048e-01 -3.298830965760000261e-02 3.524333533610000124e-01 1.107378856790000032e-01 -2.649395376830000065e-02 -7.675695975509999602e-01 -3.707616405870000076e-01
-5.613141306150000176e-01 -3.172718771320000020e-01 -2.958049037439999807e-03 3.465912778920000048e-01 -3.298830965760000261e-02 3.218367595159999928e-01 -4.484905645299999688e-02 -1.649121940650000173e-02 -6.814052977450000270e-01 -3.694159430210000039e-01
-5.613141306150000176e-01 -3.217599217580000004e-01 -2.958049037439999807e-03 3.433398234860000064e-01 -3.298830965760000261e-02 2.912401656709999731e-01 -1.061863638910000018e-01 -1.413765636849999979e-02 -3.416249011160000237e-01 -3.667245478889999966e-01
-5.613141306150000176e-01 -3.172718771320000020e-01 -2.958049037439999807e-03 3.465912778920000048e-01 -3.298830965760000261e-02 2.871213389039999897e-01 -1.331148641630000018e-01 -1.590282864699999951e-02 -2.684664189359999842e-01 -3.667245478889999966e-01
-5.613141306150000176e-01 -3.172718771320000020e-01 -2.958049037439999807e-03 3.482170050949999762e-01 -3.298830965760000261e-02 2.871213389039999897e-01 -1.316188492879999949e-01 -1.590282864699999951e-02 -2.684664189359999842e-01 -3.667245478889999966e-01
-5.613141306150000176e-01 -3.172718771320000020e-01 -2.958049037439999807e-03 3.465912778920000048e-01 -3.298830965760000261e-02 2.871213389039999897e-01 -1.331148641630000018e-01 -1.590282864699999951e-02 -2.668406917330000128e-01 -3.667245478889999966e-01
-5.613141306150000176e-01 -3.172718771320000020e-01 -2.958049037439999807e-03 3.482170050949999762e-01 -3.298830965760000261e-02 2.888866026329999781e-01 -5.232936334640000270e-02 -3.590829737049999748e-02 -3.497537898090000152e-01 -4.158429273520000136e-01
-5.613141306150000176e-01 -3.172718771320000020e-01 -2.958049037439999807e-03 3.465912778920000048e-01 -3.298830965760000261e-02 3.441958827280000022e-01 2.977416052249999834e-01 -3.414312509200000123e-02 -7.171716752329999611e-01 -4.266087170339999957e-01
-5.613141306150000176e-01 -3.172718771320000020e-01 -2.958049037439999807e-03 3.465912778920000048e-01 -3.298830965760000261e-02 3.565521801279999958e-01 4.353763688530000175e-01 -2.355190852050000061e-02 -7.659438703480000443e-01 -4.185343224840000209e-01
-5.613141306150000176e-01 -3.157758622569999951e-01 -2.958049037439999807e-03 3.465912778920000048e-01 -3.298830965760000261e-02 3.106572436350000244e-01 3.052216796019999734e-01 -2.355190852050000061e-02 -4.538012151899999957e-01 -1.840556198310000014e-05
-5.613141306150000176e-01 -3.172718771320000020e-01 -2.958049037439999807e-03 3.465912778920000048e-01 -3.298830965760000261e-02 2.188673706510000094e-01 2.902615308490000268e-01 -1.781267518430000108e-03 -3.448763555220000221e-01 3.698859123139999761e-02
-5.619025213739999858e-01 -3.187678920070000088e-01 -2.958049037439999807e-03 3.465912778920000048e-01 -3.298830965760000261e-02 5.235123105719999975e-02 2.917575457239999781e-01 6.456294564839999868e-03 -3.416249011160000237e-01 3.766154459139999661e-02
