-5.595489583360000463e-01 -3.202639068829999935e-01 -2.369658277940000189e-03 3.465912778920000048e-01 -3.298830965760000261e-02 -5.595811945409999710e-01 3.171900311210000267e-01 4.691030836099999678e-03 -3.399991739120000189e-01 4.640857876969999712e-02
-5.601373490959999923e-01 -3.202639068829999935e-01 -2.369658277940000189e-03 3.465912778920000048e-01 -3.366115844059999751e-02 -5.595811945409999710e-01 2.827812239549999940e-01 1.175181140040000051e-02 -2.798467620360000074e-01 -5.788392378079999789e-02
-5.601373490959999923e-01 -3.202639068829999935e-01 -2.369658277940000189e-03 3.465912778920000048e-01 -3.366115844059999751e-02 -4.318991194260000110e-01 -5.382537822169999875e-02 1.512017931559999917e-01 1.005771936910000025e-01 -5.510869968039999733e-01
-5.595489583360000463e-01 -3.187678920070000088e-01 -2.369658277940000189e-03 3.465912778920000048e-01 -3.366115844059999751e-02 -2.465542011780000042e-01 -4.053921291520000136e-01 3.241903225539999878e-01 2.680286116930000184e-01 -6.082795616630000124e-01
-5.601373490959999923e-01 -3.202639068829999935e-01 -2.369658277940000189e-03 3.465912778920000048e-01 -3.366115844059999751e-02 -1.000435303080000060e-01 -4.607453770880000077e-01 4.424580540670000062e-01 2.712800660990000168e-01 -6.102981080110000400e-01
-5.595489583360000463e-01 -3.202639068829999935e-01 -2.369658277940000189e-03 3.465912778920000048e-01 -3.366115844059999751e-02 -6.827006349389999618e-02 -4.622413919630000145e-01 4.536375699479999746e-01 2.794089547929999862e-01 -6.102981080110000400e-01
-5.601373490959999923e-01 -3.202639068829999935e-01 -2.369658277940000189e-03 3.465912778920000048e-01 -3.366115844059999751e-02 -6.768167273439999743e-02 -4.667294365890000130e-01 4.542259607069999983e-01 2.810346819969999910e-01 -6.102981080110000400e-01
-5.601373490959999923e-01 -3.187678920070000088e-01 -2.369658277940000189e-03 3.465912778920000048e-01 -3.298830965760000261e-02 -6.768167273439999743e-02 -4.697214663400000045e-01 4.542259607069999983e-01 2.810346819969999910e-01 -6.096252592290000161e-01
-5.601373490959999923e-01 -3.202639068829999935e-01 -2.369658277940000189e-03 3.465912778920000048e-01 -3.298830965760000261e-02 -6.709328197489999868e-02 -4.697214663400000045e-01 4.542259607069999983e-01 2.810346819969999910e-01 -6.311566294370000163e-01
-5.601373490959999923e-01 -3.187678920070000088e-01 -2.369658277940000189e-03 3.465912778920000048e-01 -3.298830965760000261e-02 -8.474518766039999818e-02 -4.697214663400000045e-01 4.542259607069999983e-01 7.781676016789999817e-02 -6.533608484280000184e-01
-5.601373490959999923e-01 -3.202639068829999935e-01 -2.369658277940000189e-03 3.465912778920000048e-01 -3.366115844059999751e-02 -8.474518766039999818e-02 -4.697214663400000045e-01 4.542259607069999983e-01 -3.448763555220000221e-01 -6.533608484280000184e-01
-5.601373490959999923e-01 -3.187678920070000088e-01 -2.369658277940000189e-03 3.465912778920000048e-01 -3.366115844059999751e-02 -8.709875069849999651e-02 -4.697214663400000045e-01 4.554027879520000099e-01 -6.570191370190000546e-01 -6.547065459940000220e-01
-5.601373490959999923e-01 -3.187678920070000088e-01 -2.369658277940000189e-03 3.449655506889999779e-01 -3.298830965760000261e-02 -9.886665733869999528e-02 -4.772015407160000167e-01 4.559911787109999781e-01 -7.334290736049999815e-01 -6.567250923430000276e-01
-5.595489583360000463e-01 -3.202639068829999935e-01 -2.958049037439999807e-03 3.465912778920000048e-01 -3.366115844059999751e-02 -9.886665733869999528e-02 -4.772015407160000167e-01 4.559911787109999781e-01 -7.350548008080000084e-01 -6.567250923430000276e-01
-5.601373490959999923e-01 -3.202639068829999935e-01 -2.369658277940000189e-03 3.465912778920000048e-01 -3.298830965760000261e-02 -9.886665733869999528e-02 -4.772015407160000167e-01 4.559911787109999781e-01 -7.350548008080000084e-01 -6.567250923430000276e-01
-5.595489583360000463e-01 -3.202639068829999935e-01 -2.958049037439999807e-03 3.449655506889999779e-01 -3.298830965760000261e-02 -9.886665733869999528e-02 -4.786975555920000014e-01 4.559911787109999781e-01 -7.220488568430000198e-01 -6.560522435600000257e-01
-5.601373490959999923e-01 -3.202639068829999935e-01 -2.369658277940000189e-03 3.465912778920000048e-01 -3.298830965760000261e-02 -9.886665733869999528e-02 -4.772015407160000167e-01 4.559911787109999781e-01 -3.871457681620000257e-01 -6.567250923430000276e-01
-5.601373490959999923e-01 -3.202639068829999935e-01 -2.369658277940000189e-03 3.465912778920000048e-01 -3.366115844059999751e-02 -9.886665733869999528e-02 -4.786975555920000014e-01 4.559911787109999781e-01 -3.546309714190000184e-01 -6.560522435600000257e-01
-5.595489583360000463e-01 -3.187678920070000088e-01 -2.369658277940000189e-03 3.449655506889999779e-01 -3.298830965760000261e-02 -9.886665733869999528e-02 -4.786975555920000014e-01 4.559911787109999781e-01 -3.530052442159999915e-01 -6.567250923430000276e-01
-5.601373490959999923e-01 -3.187678920070000088e-01 -2.958049037439999807e-03 3.465912778920000048e-01 -3.366115844059999751e-02 -9.886665733869999528e-02 -4.786975555920000014e-01 4.559911787109999781e-01 -3.530052442159999915e-01 -6.560522435600000257e-01
-5.601373490959999923e-01 -3.202639068829999935e-01 -2.369658277940000189e-03 3.465912778920000048e-01 -3.366115844059999751e-02 -7.356567177959999482e-02 -4.786975555920000014e-01 4.559911787109999781e-01 -3.107358315759999878e-01 -6.257738391730000016e-01
-5.601373490959999923e-01 -3.202639068829999935e-01 -2.369658277940000189e-03 3.449655506889999779e-01 -3.366115844059999751e-02 -7.121210874159999982e-02 -4.786975555920000014e-01 4.559911787109999781e-01 5.993350825450000086e-02 -6.190453513439999611e-01
-5.595489583360000463e-01 -3.187678920070000088e-01 -2.369658277940000189e-03 3.449655506889999779e-01 -3.366115844059999751e-02 -6.827006349389999618e-02 -4.786975555920000014e-01 4.559911787109999781e-01 2.680286116930000184e-01 -6.143354098629999482e-01
-5.595489583360000463e-01 -3.202639068829999935e-01 -2.369658277940000189e-03 3.465912778920000048e-01 -3.298830965760000261e-02 -1.318169056719999954e-01 -2.632693208979999810e-01 3.836184294159999952e-01 2.741871151160000034e-02 -1.850535986830000035e-01
-5.595489583360000463e-01 -3.172718771320000020e-01 -2.958049037439999807e-03 3.465912778920000048e-01 -3.366115844059999751e-02 -3.077474803179999774e-01 1.062498410530000048e-01 2.082762455290000092e-01 -3.432506283189999952e-01 3.497004488250000237e-02
-5.601373490959999923e-01 -3.202639068829999935e-01 -2.958049037439999807e-03 3.482170050949999762e-01 -3.366115844059999751e-02 -4.807361011660000183e-01 2.708131049529999834e-01 5.176284029770000100e-02 -3.465023354030000169e-01 4.304433485499999795e-02
