-5.607257398549999605e-01 -3.023114958620000126e-01 -3.546439796939999858e-03 3.465912778920000048e-01 -2.962406574289999997e-02 -5.584044130219999458e-01 3.067176944769999802e-01 4.691030836099999678e-03 -3.383734467089999920e-01 4.640857876969999712e-02
-5.583721768170000210e-01 -4.519146110100000224e-01 -3.546439796939999858e-03 5.546863813310000113e-01 2.745066168849999988e-01 -5.584044130219999458e-01 3.007336349759999750e-01 4.691030836099999678e-03 -3.416249011160000237e-01 4.640857876969999712e-02
-4.524607884290000048e-01 -4.878189680169999765e-01 -3.546439796939999858e-03 7.757873023950000446e-01 4.292633010410000227e-01 -5.584044130219999458e-01 3.067176944769999802e-01 4.691030836099999678e-03 -3.383734467089999920e-01 4.506288120379999679e-02
-2.877098211140000084e-01 -4.967955223020000255e-01 -3.546439796939999858e-03 7.660329391760000162e-01 4.292633010410000227e-01 -5.584044130219999458e-01 3.067176944769999802e-01 4.691030836099999678e-03 -3.383734467089999920e-01 4.573572998670000223e-02
-9.765768533990000499e-02 -4.967955223020000255e-01 -4.134830556449999722e-03 7.660329391760000162e-01 4.292633010410000227e-01 -5.584044130219999458e-01 3.067176944769999802e-01 4.691030836099999678e-03 -3.383734467089999920e-01 4.573572998670000223e-02
8.592196917939999568e-02 -4.818349085149999933e-01 -4.134830556449999722e-03 7.611557575659999575e-01 4.339732425219999801e-01 -5.584044130219999458e-01 3.067176944769999802e-01 5.279513045829999952e-03 -3.383734467089999920e-01 4.573572998670000223e-02
2.347862945370000065e-01 -4.474265663840000240e-01 -2.369658277940000189e-03 7.546528487529999829e-01 4.339732425219999801e-01 -5.584044130219999458e-01 3.067176944769999802e-01 4.691030836099999678e-03 -3.383734467089999920e-01 4.573572998670000223e-02
3.248109037929999832e-01 -4.519146110100000224e-01 1.175181140040000051e-02 7.416465257709999870e-01 4.339732425219999801e-01 -5.584044130219999458e-01 3.067176944769999802e-01 4.691030836099999678e-03 -3.383734467089999920e-01 4.573572998670000223e-02
3.530540260510000028e-01 -4.593946853859999790e-01 1.704741968610000089e-02 7.611557575659999575e-01 4.353189400879999837e-01 -5.584044130219999458e-01 3.067176944769999802e-01 4.691030836099999678e-03 -3.383734467089999920e-01 4.573572998670000223e-02
3.542308075699999725e-01 -4.638827300119999775e-01 1.704741968610000089e-02 7.611557575659999575e-01 4.353189400879999837e-01 -5.584044130219999458e-01 3.067176944769999802e-01 4.691030836099999678e-03 -3.383734467089999920e-01 4.573572998670000223e-02
3.542308075699999725e-01 -4.638827300119999775e-01 1.704741968610000089e-02 7.611557575659999575e-01 4.353189400879999837e-01 -5.584044130219999458e-01 3.067176944769999802e-01 4.691030836099999678e-03 -3.383734467089999920e-01 4.573572998670000223e-02
3.542308075699999725e-01 -4.638827300119999775e-01 1.704741968610000089e-02 7.611557575659999575e-01 4.353189400879999837e-01 -5.584044130219999458e-01 3.067176944769999802e-01 4.691030836099999678e-03 -3.383734467089999920e-01 4.573572998670000223e-02
3.542308075699999725e-01 -4.638827300119999775e-01 1.704741968610000089e-02 7.611557575659999575e-01 4.097504771819999725e-01 -5.584044130219999458e-01 3.067176944769999802e-01 4.691030836099999678e-03 -3.383734467089999920e-01 4.573572998670000223e-02
3.548191983289999962e-01 -2.813670550910000179e-01 2.469659100990000133e-02 7.627814847689999844e-01 3.626506440669999831e-01 -5.584044130219999458e-01 3.067176944769999802e-01 4.691030836099999678e-03 -3.383734467089999920e-01 4.573572998670000223e-02
3.548191983289999962e-01 -1.153077763160000047e-01 2.587337252889999883e-02 7.692843935819999590e-01 3.626506440669999831e-01 -5.584044130219999458e-01 3.067176944769999802e-01 4.691030836099999678e-03 -3.383734467089999920e-01 4.573572998670000223e-02
3.542308075699999725e-01 -1.153077763160000047e-01 2.587337252889999883e-02 7.692843935819999590e-01 3.633234928499999850e-01 -5.584044130219999458e-01 3.067176944769999802e-01 4.691030836099999678e-03 -3.383734467089999920e-01 4.573572998670000223e-02
3.542308075699999725e-01 -1.153077763160000047e-01 2.587337252889999883e-02 7.725358479889999908e-01 3.626506440669999831e-01 -5.584044130219999458e-01 3.067176944769999802e-01 4.691030836099999678e-03 -3.383734467089999920e-01 4.573572998670000223e-02
3.542308075699999725e-01 -1.153077763160000047e-01 2.587337252889999883e-02 7.725358479889999908e-01 3.633234928499999850e-01 -5.584044130219999458e-01 3.067176944769999802e-01 4.691030836099999678e-03 -3.383734467089999920e-01 4.573572998670000223e-02
3.542308075699999725e-01 -1.153077763160000047e-01 2.587337252889999883e-02 7.709101207849999859e-01 3.633234928499999850e-01 -5.584044130219999458e-01 3.067176944769999802e-01 4.691030836099999678e-03 -3.383734467089999920e-01 4.573572998670000223e-02
3.542308075699999725e-01 -1.138117614400000061e-01 2.587337252889999883e-02 7.709101207849999859e-01 3.626506440669999831e-01 -5.584044130219999458e-01 3.067176944769999802e-01 4.691030836099999678e-03 -3.383734467089999920e-01 4.573572998670000223e-02
3.542308075699999725e-01 -1.153077763160000047e-01 2.587337252889999883e-02 7.709101207849999859e-01 3.633234928499999850e-01 -5.584044130219999458e-01 3.067176944769999802e-01 5.279513045829999952e-03 -3.383734467089999920e-01 4.573572998670000223e-02
3.542308075699999725e-01 -1.153077763160000047e-01 2.587337252889999883e-02 7.709101207849999859e-01 3.626506440669999831e-01 -5.584044130219999458e-01 3.067176944769999802e-01 4.691030836099999678e-03 -3.383734467089999920e-01 4.573572998670000223e-02
3.542308075699999725e-01 -1.153077763160000047e-01 2.587337252889999883e-02 7.725358479889999908e-01 3.626506440669999831e-01 -5.584044130219999458e-01 3.067176944769999802e-01 4.691030836099999678e-03 -3.383734467089999920e-01 4.573572998670000223e-02
3.206921684769999947e-01 5.374353221050000295e-02 1.175181140040000051e-02 5.368028767400000456e-01 3.579405980099999995e-01 -5.584044130219999458e-01 3.052216796019999734e-01 4.691030836099999678e-03 -3.383734467089999920e-01 4.640857876969999712e-02
2.842115755869999982e-01 1.494894142969999951e-01 1.881259196460000060e-02 2.896903204230000251e-01 3.552492028779999922e-01 -5.584044130219999458e-01 3.067176944769999802e-01 4.691030836099999678e-03 -3.383734467089999920e-01 4.573572998670000223e-02
2.818580125490000032e-01 1.285449735260000004e-01 1.881259196460000060e-02 2.685553614250000276e-01 3.552492028779999922e-01 -5.584044130219999458e-01 3.067176944769999802e-01 4.691030836099999678e-03 -3.383734467089999920e-01 4.640857876969999712e-02
2.824464033080000269e-01 1.270489586499999879e-01 1.881259196460000060e-02 2.685553614250000276e-01 3.552492028779999922e-01 -5.584044130219999458e-01 3.067176944769999802e-01 4.691030836099999678e-03 -3.383734467089999920e-01 4.573572998670000223e-02
2.824464033080000269e-01 1.285449735260000004e-01 1.881259196460000060e-02 2.685553614250000276e-01 3.552492028779999922e-01 -5.584044130219999458e-01 3.067176944769999802e-01 4.691030836099999678e-03 -3.383734467089999920e-01 4.640857876969999712e-02
2.818580125490000032e-01 1.270489586499999879e-01 1.881259196460000060e-02 2.685553614250000276e-01 3.552492028779999922e-01 -5.584044130219999458e-01 3.067176944769999802e-01 4.691030836099999678e-03 -3.383734467089999920e-01 4.573572998670000223e-02
2.824464033080000269e-01 1.195686517570000024e-01 2.587337252889999883e-02 2.701810886279999990e-01 4.090776283990000262e-01 -5.584044130219999458e-01 3.067176944769999802e-01 4.691030836099999678e-03 -3.383734467089999920e-01 4.640857876969999712e-02
3.318717758079999802e-01 -2.020775691499999971e-01 3.881806068819999844e-02 6.489795698300000470e-01 4.333003937389999782e-01 -5.578160222629999776e-01 3.067176944769999802e-01 4.691030836099999678e-03 -3.383734467089999920e-01 4.573572998670000223e-02
3.571727613669999912e-01 -4.339619674719999987e-01 2.234293652169999991e-02 7.660329391760000162e-01 4.333003937389999782e-01 -5.584044130219999458e-01 3.067176944769999802e-01 4.691030836099999678e-03 -3.383734467089999920e-01 4.640857876969999712e-02
3.571727613669999912e-01 -4.608907002620000193e-01 1.998937348360000157e-02 7.660329391760000162e-01 4.333003937389999782e-01 -5.584044130219999458e-01 3.067176944769999802e-01 4.691030836099999678e-03 -3.383734467089999920e-01 4.640857876969999712e-02
3.571727613669999912e-01 -4.608907002620000193e-01 1.998937348360000157e-02 7.660329391760000162e-01 3.888919557559999962e-01 -5.584044130219999458e-01 3.067176944769999802e-01 4.691030836099999678e-03 -3.383734467089999920e-01 4.573572998670000223e-02
3.218689499960000200e-01 -3.097918027559999898e-01 1.940098272409999935e-02 4.230009618009999972e-01 -1.840556198310000014e-05 -5.584044130219999458e-01 3.067176944769999802e-01 4.691030836099999678e-03 -3.383734467089999920e-01 4.708142755260000256e-02
2.265487324540000069e-01 -2.993194661119999989e-01 -1.192876758930000057e-03 3.335849549109999868e-01 -2.693256603399999879e-02 -5.584044130219999458e-01 3.082139418689999744e-01 4.691030836099999678e-03 -3.383734467089999920e-01 4.573572998670000223e-02
5.061815780830000028e-02 -3.023114958620000126e-01 -7.076875804190000015e-03 3.335849549109999868e-01 -2.760551939400000127e-02 -5.584044130219999458e-01 3.082139418689999744e-01 4.691030836099999678e-03 -3.383734467089999920e-01 4.573572998670000223e-02
-1.400222772749999955e-01 -3.067995404880000110e-01 -6.488485044690000397e-03 3.335849549109999868e-01 -2.760551939400000127e-02 -5.584044130219999458e-01 3.067176944769999802e-01 5.279513045829999952e-03 -3.383734467089999920e-01 4.640857876969999712e-02
