-5.595489583360000463e-01 -3.217599217580000004e-01 -2.369658277940000189e-03 3.465912778920000048e-01 -3.433400722350000295e-02 -5.589928037820000029e-01 3.171900311210000267e-01 4.691030836099999678e-03 -3.399991739120000189e-01 4.640857876969999712e-02
-5.595489583360000463e-01 -3.217599217580000004e-01 -2.369658277940000189e-03 3.465912778920000048e-01 -3.366115844059999751e-02 -5.578160222629999776e-01 2.453806195559999903e-01 2.528498176940000008e-02 -2.392030766000000086e-01 -1.271880804639999862e-01
-5.595489583360000463e-01 -3.217599217580000004e-01 -2.369658277940000189e-03 3.465912778920000048e-01 -3.433400722350000295e-02 -4.142472137400000087e-01 -1.061863638910000018e-01 1.623813090369999879e-01 1.412206264499999975e-01 -5.732912157949999754e-01
-5.595489583360000463e-01 -3.217599217580000004e-01 -2.369658277940000189e-03 3.449655506889999779e-01 -3.366115844059999751e-02 -2.236067786569999882e-01 -4.293285996730000220e-01 3.441958827280000022e-01 2.680286116930000184e-01 -6.089524104460000142e-01
-5.595489583360000463e-01 -3.202639068829999935e-01 -2.369658277940000189e-03 3.465912778920000048e-01 -3.366115844059999751e-02 -8.827553221749999401e-02 -4.622413919630000145e-01 4.483420073869999745e-01 2.761572477090000199e-01 -6.102981080110000400e-01
-5.595489583360000463e-01 -3.202639068829999935e-01 -2.369658277940000189e-03 3.465912778920000048e-01 -3.433400722350000295e-02 -6.768167273439999743e-02 -4.622413919630000145e-01 4.536375699479999746e-01 2.794089547929999862e-01 -6.102981080110000400e-01
-5.595489583360000463e-01 -3.217599217580000004e-01 -2.369658277940000189e-03 3.449655506889999779e-01 -3.366115844059999751e-02 -6.768167273439999743e-02 -4.712174812150000114e-01 4.536375699479999746e-01 2.794089547929999862e-01 -6.102981080110000400e-01
-5.595489583360000463e-01 -3.217599217580000004e-01 -2.369658277940000189e-03 3.449655506889999779e-01 -3.366115844059999751e-02 -6.768167273439999743e-02 -4.697214663400000045e-01 4.536375699479999746e-01 2.794089547929999862e-01 -6.102981080110000400e-01
-5.595489583360000463e-01 -3.202639068829999935e-01 -2.369658277940000189e-03 3.465912778920000048e-01 -3.366115844059999751e-02 -6.768167273439999743e-02 -4.712174812150000114e-01 4.536375699479999746e-01 2.794089547929999862e-01 -6.102981080110000400e-01
-5.595489583360000463e-01 -3.217599217580000004e-01 -2.369658277940000189e-03 3.465912778920000048e-01 -3.366115844059999751e-02 -6.768167273439999743e-02 -4.697214663400000045e-01 4.536375699479999746e-01 2.794089547929999862e-01 -6.102981080110000400e-01
-5.595489583360000463e-01 -3.217599217580000004e-01 -2.369658277940000189e-03 3.449655506889999779e-01 -3.366115844059999751e-02 -6.768167273439999743e-02 -4.697214663400000045e-01 4.536375699479999746e-01 2.794089547929999862e-01 -6.096252592290000161e-01
-5.595489583360000463e-01 -3.202639068829999935e-01 -2.369658277940000189e-03 3.465912778920000048e-01 -3.366115844059999751e-02 -6.768167273439999743e-02 -4.697214663400000045e-01 4.542259607069999983e-01 2.794089547929999862e-01 -6.102981080110000400e-01
-5.595489583360000463e-01 -3.202639068829999935e-01 -2.369658277940000189e-03 3.465912778920000048e-01 -3.366115844059999751e-02 -6.709328197489999868e-02 -4.712174812150000114e-01 4.536375699479999746e-01 2.794089547929999862e-01 -6.102981080110000400e-01
-5.595489583360000463e-01 -3.217599217580000004e-01 -2.369658277940000189e-03 3.465912778920000048e-01 -3.366115844059999751e-02 -8.533357841989999693e-02 -4.712174812150000114e-01 4.542259607069999983e-01 1.704839687870000065e-01 -6.526879996450000165e-01
-5.595489583360000463e-01 -3.202639068829999935e-01 -2.369658277940000189e-03 3.449655506889999779e-01 -3.366115844059999751e-02 -8.533357841989999693e-02 -4.712174812150000114e-01 4.542259607069999983e-01 -2.229458045669999999e-01 -6.540336972110000202e-01
-5.595489583360000463e-01 -3.202639068829999935e-01 -2.369658277940000189e-03 3.465912778920000048e-01 -3.366115844059999751e-02 -8.533357841989999693e-02 -4.712174812150000114e-01 4.548143971920000084e-01 -6.131241235140000301e-01 -6.540336972110000202e-01
-5.595489583360000463e-01 -3.202639068829999935e-01 -2.369658277940000189e-03 3.465912778920000048e-01 -3.366115844059999751e-02 -9.886665733869999528e-02 -4.772015407160000167e-01 4.554027879520000099e-01 -7.318033464009999767e-01 -6.560522435600000257e-01
-5.595489583360000463e-01 -3.202639068829999935e-01 -2.369658277940000189e-03 3.449655506889999779e-01 -3.366115844059999751e-02 -9.886665733869999528e-02 -4.772015407160000167e-01 4.554027879520000099e-01 -7.350548008080000084e-01 -6.560522435600000257e-01
-5.595489583360000463e-01 -3.202639068829999935e-01 -2.369658277940000189e-03 3.465912778920000048e-01 -3.366115844059999751e-02 -9.886665733869999528e-02 -4.772015407160000167e-01 4.554027879520000099e-01 -7.350548008080000084e-01 -6.560522435600000257e-01
-5.595489583360000463e-01 -3.202639068829999935e-01 -2.369658277940000189e-03 3.465912778920000048e-01 -3.366115844059999751e-02 -9.886665733869999528e-02 -4.772015407160000167e-01 4.554027879520000099e-01 -7.350548008080000084e-01 -6.560522435600000257e-01
-5.595489583360000463e-01 -3.202639068829999935e-01 -2.369658277940000189e-03 3.465912778920000048e-01 -3.366115844059999751e-02 -9.886665733869999528e-02 -4.772015407160000167e-01 4.554027879520000099e-01 -7.350548008080000084e-01 -6.560522435600000257e-01
-5.595489583360000463e-01 -3.202639068829999935e-01 -2.369658277940000189e-03 3.465912778920000048e-01 -3.366115844059999751e-02 -9.886665733869999528e-02 -4.772015407160000167e-01 4.548143971920000084e-01 -7.350548008080000084e-01 -6.560522435600000257e-01
-5.595489583360000463e-01 -3.202639068829999935e-01 -2.958049037439999807e-03 3.449655506889999779e-01 -3.366115844059999751e-02 -9.886665733869999528e-02 -4.772015407160000167e-01 4.554027879520000099e-01 -7.350548008080000084e-01 -6.560522435600000257e-01
-5.595489583360000463e-01 -3.202639068829999935e-01 -2.369658277940000189e-03 3.449655506889999779e-01 -3.366115844059999751e-02 -9.886665733869999528e-02 -4.772015407160000167e-01 4.554027879520000099e-01 -5.302111517759999781e-01 -6.560522435600000257e-01
-5.595489583360000463e-01 -3.202639068829999935e-01 -2.369658277940000189e-03 3.465912778920000048e-01 -3.366115844059999751e-02 -9.886665733869999528e-02 -4.772015407160000167e-01 4.554027879520000099e-01 -3.611338802319999930e-01 -6.560522435600000257e-01
-5.595489583360000463e-01 -3.202639068829999935e-01 -2.369658277940000189e-03 3.449655506889999779e-01 -3.366115844059999751e-02 -9.886665733869999528e-02 -4.772015407160000167e-01 4.554027879520000099e-01 -3.530052442159999915e-01 -6.560522435600000257e-01
-5.595489583360000463e-01 -3.202639068829999935e-01 -2.369658277940000189e-03 3.465912778920000048e-01 -3.366115844059999751e-02 -9.886665733869999528e-02 -4.772015407160000167e-01 4.548143971920000084e-01 -3.530052442159999915e-01 -6.560522435600000257e-01
-5.595489583360000463e-01 -3.202639068829999935e-01 -2.369658277940000189e-03 3.465912778920000048e-01 -3.366115844059999751e-02 -9.886665733869999528e-02 -4.772015407160000167e-01 4.554027879520000099e-01 -3.530052442159999915e-01 -6.560522435600000257e-01
-5.595489583360000463e-01 -3.202639068829999935e-01 -2.369658277940000189e-03 3.449655506889999779e-01 -3.366115844059999751e-02 -9.886665733869999528e-02 -4.772015407160000167e-01 4.554027879520000099e-01 -3.530052442159999915e-01 -6.560522435600000257e-01
-5.595489583360000463e-01 -3.202639068829999935e-01 -2.369658277940000189e-03 3.465912778920000048e-01 -3.366115844059999751e-02 -8.651035993889999443e-02 -4.772015407160000167e-01 4.554027879520000099e-01 -3.269933562860000142e-01 -6.311566294370000163e-01
-5.595489583360000463e-01 -3.202639068829999935e-01 -2.369658277940000189e-03 3.465912778920000048e-01 -3.366115844059999751e-02 -7.003523577240000630e-02 -4.772015407160000167e-01 4.554027879520000099e-01 1.278691400460000085e-02 -6.190453513439999611e-01
-5.595489583360000463e-01 -3.202639068829999935e-01 -2.369658277940000189e-03 3.465912778920000048e-01 -3.366115844059999751e-02 -6.827006349389999618e-02 -4.772015407160000167e-01 4.554027879520000099e-01 2.680286116930000184e-01 -6.183725025609999593e-01
-5.595489583360000463e-01 -3.202639068829999935e-01 -2.369658277940000189e-03 3.449655506889999779e-01 -3.366115844059999751e-02 -6.827006349389999618e-02 -4.772015407160000167e-01 4.554027879520000099e-01 2.794089547929999862e-01 -6.183725025609999593e-01
-5.595489583360000463e-01 -3.202639068829999935e-01 -2.369658277940000189e-03 3.449655506889999779e-01 -3.366115844059999751e-02 -6.827006349389999618e-02 -4.772015407160000167e-01 4.554027879520000099e-01 2.794089547929999862e-01 -5.833839475390000251e-01
-5.595489583360000463e-01 -3.202639068829999935e-01 -2.369658277940000189e-03 3.465912778920000048e-01 -3.366115844059999751e-02 -1.582947641999999933e-01 -2.183884096050000001e-01 3.565521801279999958e-01 -5.549413388769999789e-02 -9.018097909349999386e-02
-5.595489583360000463e-01 -3.232559366330000072e-01 -2.369658277940000189e-03 3.465912778920000048e-01 -3.366115844059999751e-02 -3.436395909980000107e-01 1.601068415970000047e-01 1.717956526390000127e-01 -3.237419018800000159e-01 3.900724215729999694e-02
-5.595489583360000463e-01 -3.217599217580000004e-01 -2.369658277940000189e-03 3.400883690789999747e-01 -3.433400722350000295e-02 -5.048603052060000040e-01 2.782931793299999734e-01 3.175728012390000021e-02 -3.448763555220000221e-01 4.439003242080000189e-02
-5.595489583360000463e-01 -3.172718771320000020e-01 -2.369658277940000189e-03 3.482170050949999762e-01 -3.366115844059999751e-02 -5.578160222629999776e-01 2.827812239549999940e-01 4.691030836099999678e-03 -3.399991739120000189e-01 4.439003242080000189e-02
