-5.613141306150000176e-01 -3.202639068829999935e-01 -2.369658277940000189e-03 3.465912778920000048e-01 -3.366115844059999751e-02 -5.601695853010000281e-01 3.112059716200000214e-01 4.102640076600000060e-03 -3.432506283189999952e-01 4.506288120379999679e-02
-5.171844121259999705e-01 -1.287721427100000093e-01 -7.356567177959999482e-02 7.671803537440000098e-02 3.606320977179999776e-01 -5.601695853010000281e-01 3.112059716200000214e-01 4.691030836099999678e-03 -3.432506283189999952e-01 4.506288120379999679e-02
-3.230135410350000180e-01 2.826359007820000158e-01 -2.571453262989999988e-01 -2.468049628840000009e-01 6.042056578409999990e-01 -5.601695853010000281e-01 3.112059716200000214e-01 4.102640076600000060e-03 -3.432506283189999952e-01 4.506288120379999679e-02
-1.617929182769999863e-01 4.531832241839999775e-01 -3.983604803329999777e-01 -2.598110331869999956e-01 6.075699540440000490e-01 -5.601695853010000281e-01 3.112059716200000214e-01 4.691030836099999678e-03 -3.432506283189999952e-01 4.506288120379999679e-02
-6.941465453310000089e-02 4.726316500789999875e-01 -4.560233234659999968e-01 -2.663139420000000257e-01 6.075699540440000490e-01 -5.601695853010000281e-01 3.127019864949999728e-01 4.691030836099999678e-03 -3.432506283189999952e-01 4.573572998670000223e-02
-6.823787301400000005e-02 4.741276649550000277e-01 -4.572001049850000221e-01 -2.663139420000000257e-01 6.075699540440000490e-01 -5.601695853010000281e-01 3.127019864949999728e-01 4.691030836099999678e-03 -3.432506283189999952e-01 4.506288120379999679e-02
-6.823787301400000005e-02 4.741276649550000277e-01 -4.572001049850000221e-01 -2.663139420000000257e-01 6.075699540440000490e-01 -5.601695853010000281e-01 3.112059716200000214e-01 4.691030836099999678e-03 -3.432506283189999952e-01 4.573572998670000223e-02
-6.764948225450000130e-02 4.741276649550000277e-01 -4.572001049850000221e-01 -2.663139420000000257e-01 6.075699540440000490e-01 -5.601695853010000281e-01 3.112059716200000214e-01 4.691030836099999678e-03 -3.432506283189999952e-01 4.573572998670000223e-02
-6.823787301400000005e-02 4.741276649550000277e-01 -4.572001049850000221e-01 -2.663139420000000257e-01 6.075699540440000490e-01 -5.601695853010000281e-01 3.112059716200000214e-01 4.691030836099999678e-03 -3.432506283189999952e-01 4.506288120379999679e-02
-6.823787301400000005e-02 4.741276649550000277e-01 -4.572001049850000221e-01 -2.663139420000000257e-01 6.075699540440000490e-01 -5.601695853010000281e-01 3.112059716200000214e-01 4.691030836099999678e-03 -3.432506283189999952e-01 4.506288120379999679e-02
-6.823787301400000005e-02 4.741276649550000277e-01 -4.572001049850000221e-01 -2.663139420000000257e-01 6.075699540440000490e-01 -5.601695853010000281e-01 3.112059716200000214e-01 4.691030836099999678e-03 -3.432506283189999952e-01 4.506288120379999679e-02
-6.823787301400000005e-02 4.741276649550000277e-01 -4.572001049850000221e-01 -2.663139420000000257e-01 6.075699540440000490e-01 -5.595811945409999710e-01 3.112059716200000214e-01 4.691030836099999678e-03 -3.432506283189999952e-01 4.506288120379999679e-02
-6.882626377349999880e-02 4.741276649550000277e-01 -4.572001049850000221e-01 -2.663139420000000257e-01 6.439041543429999681e-01 -5.601695853010000281e-01 3.112059716200000214e-01 4.691030836099999678e-03 -3.432506283189999952e-01 4.573572998670000223e-02
-8.883173249709999664e-02 4.756236798299999791e-01 -4.572001049850000221e-01 2.631973404050000007e-02 6.513055432440000292e-01 -5.601695853010000281e-01 3.127019864949999728e-01 4.691030836099999678e-03 -3.432506283189999952e-01 4.573572998670000223e-02
-8.942021470680000528e-02 4.741276649550000277e-01 -4.572001049850000221e-01 4.343810522239999750e-01 6.513055432440000292e-01 -5.601695853010000281e-01 3.112059716200000214e-01 4.691030836099999678e-03 -3.432506283189999952e-01 4.573572998670000223e-02
-9.000860546630000403e-02 4.741276649550000277e-01 -4.577884957439999902e-01 7.091319817060000030e-01 6.513055432440000292e-01 -5.601695853010000281e-01 3.127019864949999728e-01 4.691030836099999678e-03 -3.432506283189999952e-01 4.573572998670000223e-02
-9.295055926390000112e-02 4.756236798299999791e-01 -4.577884957439999902e-01 7.367693441620000172e-01 6.513055432440000292e-01 -5.595811945409999710e-01 3.112059716200000214e-01 4.102640076600000060e-03 -3.432506283189999952e-01 4.573572998670000223e-02
-9.295055926390000112e-02 4.741276649550000277e-01 -4.577884957439999902e-01 7.383950713650000441e-01 6.513055432440000292e-01 -5.601695853010000281e-01 3.112059716200000214e-01 4.691030836099999678e-03 -3.432506283189999952e-01 4.573572998670000223e-02
-9.295055926390000112e-02 4.741276649550000277e-01 -4.583768865039999918e-01 7.383950713650000441e-01 6.506326944610000274e-01 -5.601695853010000281e-01 3.112059716200000214e-01 4.691030836099999678e-03 -3.432506283189999952e-01 4.573572998670000223e-02
-9.295055926390000112e-02 4.741276649550000277e-01 -4.577884957439999902e-01 7.383950713650000441e-01 6.506326944610000274e-01 -5.601695853010000281e-01 3.112059716200000214e-01 4.691030836099999678e-03 -3.432506283189999952e-01 4.573572998670000223e-02
-9.295055926390000112e-02 4.741276649550000277e-01 -4.577884957439999902e-01 7.383950713650000441e-01 6.513055432440000292e-01 -5.601695853010000281e-01 3.112059716200000214e-01 4.691030836099999678e-03 -3.432506283189999952e-01 4.573572998670000223e-02
-9.295055926390000112e-02 4.756236798299999791e-01 -4.577884957439999902e-01 7.383950713650000441e-01 6.513055432440000292e-01 -5.601695853010000281e-01 3.112059716200000214e-01 4.691030836099999678e-03 -3.432506283189999952e-01 4.573572998670000223e-02
-9.295055926390000112e-02 4.741276649550000277e-01 -4.577884957439999902e-01 7.383950713650000441e-01 6.519783920270000310e-01 -5.601695853010000281e-01 3.112059716200000214e-01 4.691030836099999678e-03 -3.432506283189999952e-01 4.573572998670000223e-02
-9.295055926390000112e-02 4.756236798299999791e-01 -4.577884957439999902e-01 3.953635993449999830e-01 6.519783920270000310e-01 -5.601695853010000281e-01 3.127019864949999728e-01 4.691030836099999678e-03 -3.432506283189999952e-01 4.506288120379999679e-02
-9.295055926390000112e-02 4.741276649550000277e-01 -4.577884957439999902e-01 3.661000043309999841e-01 6.519783920270000310e-01 -5.601695853010000281e-01 3.112059716200000214e-01 4.102640076600000060e-03 -3.432506283189999952e-01 4.573572998670000223e-02
-9.295055926390000112e-02 4.741276649550000277e-01 -4.577884957439999902e-01 3.628485499249999857e-01 6.513055432440000292e-01 -5.601695853010000281e-01 3.112059716200000214e-01 4.691030836099999678e-03 -3.432506283189999952e-01 4.506288120379999679e-02
-9.295055926390000112e-02 4.741276649550000277e-01 -4.577884957439999902e-01 3.628485499249999857e-01 6.513055432440000292e-01 -5.601695853010000281e-01 3.112059716200000214e-01 4.691030836099999678e-03 -3.432506283189999952e-01 4.573572998670000223e-02
-9.295055926390000112e-02 4.756236798299999791e-01 -4.577884957439999902e-01 3.628485499249999857e-01 6.513055432440000292e-01 -5.601695853010000281e-01 3.127019864949999728e-01 4.691030836099999678e-03 -3.432506283189999952e-01 4.573572998670000223e-02
-9.295055926390000112e-02 4.741276649550000277e-01 -4.577884957439999902e-01 3.628485499249999857e-01 6.513055432440000292e-01 -5.601695853010000281e-01 3.127019864949999728e-01 4.691030836099999678e-03 -3.432506283189999952e-01 4.573572998670000223e-02
-6.764948225450000130e-02 4.756236798299999791e-01 -4.583768865039999918e-01 2.197830399719999939e-01 6.237184817009999716e-01 -5.601695853010000281e-01 3.112059716200000214e-01 4.691030836099999678e-03 -3.432506283189999952e-01 4.573572998670000223e-02
-6.764948225450000130e-02 4.741276649550000277e-01 -4.577884957439999902e-01 -1.720207535009999900e-01 6.237184817009999716e-01 -5.595811945409999710e-01 3.127019864949999728e-01 4.691030836099999678e-03 -3.432506283189999952e-01 4.573572998670000223e-02
-6.764948225450000130e-02 4.756236798299999791e-01 -4.583768865039999918e-01 -2.598110331869999956e-01 6.230456329179999697e-01 -5.601695853010000281e-01 3.112059716200000214e-01 4.691030836099999678e-03 -3.432506283189999952e-01 4.573572998670000223e-02
-6.764948225450000130e-02 4.756236798299999791e-01 -4.583768865039999918e-01 -2.598110331869999956e-01 6.230456329179999697e-01 -5.601695853010000281e-01 3.112059716200000214e-01 4.691030836099999678e-03 -3.432506283189999952e-01 4.573572998670000223e-02
-7.059152750229999440e-02 4.576712688089999981e-01 -4.342526824640000060e-01 -2.029100757179999881e-01 4.319546961729999746e-01 -5.601695853010000281e-01 3.112059716200000214e-01 4.691030836099999678e-03 -3.432506283189999952e-01 4.640857876969999712e-02
-2.065110732509999880e-01 8.665609198380000433e-02 -2.871535293840000169e-01 2.035257679390000130e-01 5.364384701609999952e-03 -5.601695853010000281e-01 3.141980013699999796e-01 4.691030836099999678e-03 -3.416249011160000237e-01 4.775427633559999746e-02
-4.030355073799999910e-01 -2.963274363610000073e-01 -9.592470354120000153e-02 3.108247740649999757e-01 -3.029691452579999847e-02 -5.601695853010000281e-01 3.141980013699999796e-01 4.691030836099999678e-03 -3.399991739120000189e-01 4.775427633559999746e-02
-5.430738341699999916e-01 -3.023114958620000126e-01 -6.488485044690000397e-03 3.335849549109999868e-01 -3.164261209170000227e-02 -5.601695853010000281e-01 3.097099567450000146e-01 4.691030836099999678e-03 -3.416249011160000237e-01 4.977292726149999680e-02
-5.607257398549999605e-01 -2.993194661119999989e-01 -2.958049037439999807e-03 3.433398234860000064e-01 -3.164261209170000227e-02 -5.601695853010000281e-01 3.127019864949999728e-01 4.691030836099999678e-03 -3.399991739120000189e-01 4.910007847850000190e-02
