-5.613141306150000176e-01 -3.202639068829999935e-01 -2.369658277940000189e-03 3.465912778920000048e-01 -3.366115844059999751e-02 -5.584044130219999458e-01 2.827812239549999940e-01 4.691030836099999678e-03 -3.416249011160000237e-01 4.573572998670000223e-02
-5.607257398549999605e-01 -3.232559366330000072e-01 -2.958049037439999807e-03 3.449655506889999779e-01 -3.366115844059999751e-02 -5.548738855649999469e-01 4.578168244999999970e-01 4.691030836099999678e-03 -6.147498507169999460e-01 -3.196247147740000072e-01
-5.607257398549999605e-01 -3.187678920070000088e-01 -2.369658277940000189e-03 3.465912778920000048e-01 -3.366115844059999751e-02 -4.348410732229999742e-01 4.802572801459999985e-01 4.691030836099999678e-03 -7.610666887379999856e-01 -4.218987755529999828e-01
-5.613141306150000176e-01 -3.187678920070000088e-01 -2.369658277940000189e-03 3.465912778920000048e-01 -3.366115844059999751e-02 -2.824464033080000269e-01 4.802572801459999985e-01 4.102640076600000060e-03 -7.610666887379999856e-01 -4.319915072969999770e-01
-5.613141306150000176e-01 -3.187678920070000088e-01 -2.369658277940000189e-03 3.465912778920000048e-01 -3.366115844059999751e-02 -7.886118861520000078e-02 4.787612652709999916e-01 4.691030836099999678e-03 -7.610666887379999856e-01 -4.319915072969999770e-01
-5.613141306150000176e-01 -3.187678920070000088e-01 -2.369658277940000189e-03 3.465912778920000048e-01 -3.366115844059999751e-02 9.706929458040000624e-02 4.548247947490000054e-01 4.691030836099999678e-03 -7.594409615349999587e-01 -4.319915072969999770e-01
-5.613141306150000176e-01 -3.187678920070000088e-01 -2.369658277940000189e-03 3.465912778920000048e-01 -3.366115844059999751e-02 2.500524467049999866e-01 4.413604283550000007e-01 2.337467798090000094e-03 -7.529379263829999447e-01 -4.319915072969999770e-01
-5.613141306150000176e-01 -3.187678920070000088e-01 -2.369658277940000189e-03 3.465912778920000048e-01 -3.366115844059999751e-02 3.318394938779999914e-01 4.518327649989999917e-01 -1.237239263970000072e-02 -7.480607447729999970e-01 -4.319915072969999770e-01
-5.613141306150000176e-01 -3.187678920070000088e-01 -2.369658277940000189e-03 3.465912778920000048e-01 -3.366115844059999751e-02 3.547870078490000245e-01 4.533287798739999985e-01 -1.472604712800000028e-02 -7.578152343309999539e-01 -4.319915072969999770e-01
-5.613141306150000176e-01 -3.187678920070000088e-01 -2.369658277940000189e-03 3.465912778920000048e-01 -3.366115844059999751e-02 3.547870078490000245e-01 4.533287798739999985e-01 -1.472604712800000028e-02 -7.578152343309999539e-01 -4.319915072969999770e-01
-5.613141306150000176e-01 -3.187678920070000088e-01 -2.369658277940000189e-03 3.465912778920000048e-01 -3.366115844059999751e-02 3.547870078490000245e-01 4.533287798739999985e-01 -1.472604712800000028e-02 -7.578152343309999539e-01 -4.326643560799999788e-01
-5.607257398549999605e-01 -3.187678920070000088e-01 -2.369658277940000189e-03 3.465912778920000048e-01 -3.366115844059999751e-02 3.547870078490000245e-01 4.533287798739999985e-01 -1.472604712800000028e-02 -7.578152343309999539e-01 -4.319915072969999770e-01
-5.607257398549999605e-01 -3.187678920070000088e-01 -2.369658277940000189e-03 3.465912778920000048e-01 -3.366115844059999751e-02 3.547870078490000245e-01 4.533287798739999985e-01 -1.472604712800000028e-02 -7.578152343309999539e-01 -3.902744644460000023e-01
-5.613141306150000176e-01 -3.202639068829999935e-01 -2.369658277940000189e-03 3.465912778920000048e-01 -3.366115844059999751e-02 3.541986170900000008e-01 2.229401639099999888e-01 -2.531717224919999981e-02 -7.643181431440000395e-01 -3.694159430210000039e-01
-5.607257398549999605e-01 -3.202639068829999935e-01 -2.369658277940000189e-03 3.465912778920000048e-01 -3.366115844059999751e-02 3.536102263299999993e-01 1.197142074469999956e-01 -2.531717224919999981e-02 -7.675695975509999602e-01 -3.687430942380000021e-01
-5.613141306150000176e-01 -3.187678920070000088e-01 -2.369658277940000189e-03 3.465912778920000048e-01 -3.366115844059999751e-02 3.536102263299999993e-01 1.197142074469999956e-01 -2.531717224919999981e-02 -7.675695975509999602e-01 -3.687430942380000021e-01
-5.613141306150000176e-01 -3.187678920070000088e-01 -2.369658277940000189e-03 3.465912778920000048e-01 -3.366115844059999751e-02 3.536102263299999993e-01 1.197142074469999956e-01 -2.531717224919999981e-02 -7.675695975509999602e-01 -3.687430942380000021e-01
-5.613141306150000176e-01 -3.187678920070000088e-01 -2.369658277940000189e-03 3.465912778920000048e-01 -3.366115844059999751e-02 3.536102263299999993e-01 1.197142074469999956e-01 -2.531717224919999981e-02 -7.675695975509999602e-01 -3.694159430210000039e-01
-5.613141306150000176e-01 -3.187678920070000088e-01 -2.369658277940000189e-03 3.465912778920000048e-01 -3.366115844059999751e-02 3.536102263299999993e-01 1.197142074469999956e-01 -2.472878148970000106e-02 -7.675695975509999602e-01 -3.694159430210000039e-01
-5.613141306150000176e-01 -3.187678920070000088e-01 -2.369658277940000189e-03 3.465912778920000048e-01 -3.366115844059999751e-02 3.536102263299999993e-01 1.197142074469999956e-01 -2.472878148970000106e-02 -7.675695975509999602e-01 -3.694159430210000039e-01
-5.613141306150000176e-01 -3.187678920070000088e-01 -2.369658277940000189e-03 3.465912778920000048e-01 -3.366115844059999751e-02 3.536102263299999993e-01 1.197142074469999956e-01 -2.472878148970000106e-02 -7.675695975509999602e-01 -3.694159430210000039e-01
-5.613141306150000176e-01 -3.187678920070000088e-01 -2.369658277940000189e-03 3.465912778920000048e-01 -3.366115844059999751e-02 3.536102263299999993e-01 1.197142074469999956e-01 -2.472878148970000106e-02 -7.675695975509999602e-01 -3.694159430210000039e-01
-5.613141306150000176e-01 -3.187678920070000088e-01 -2.369658277940000189e-03 3.465912778920000048e-01 -3.366115844059999751e-02 3.459610550059999956e-01 7.782532590540000572e-02 -2.414039073019999884e-02 -7.578152343309999539e-01 -3.687430942380000021e-01
-5.613141306150000176e-01 -3.187678920070000088e-01 -2.369658277940000189e-03 3.482170050949999762e-01 -3.433400722350000295e-02 2.983009462349999752e-01 -1.420909534139999930e-01 -1.237239263970000072e-02 -4.570527959349999780e-01 -3.667245478889999966e-01
-5.607257398549999605e-01 -3.172718771320000020e-01 -2.369658277940000189e-03 3.482170050949999762e-01 -3.366115844059999751e-02 2.871213389039999897e-01 -1.301228344120000102e-01 -1.531443788750000076e-02 -2.603377829199999827e-01 -3.667245478889999966e-01
-5.613141306150000176e-01 -3.172718771320000020e-01 -2.369658277940000189e-03 3.482170050949999762e-01 -3.366115844059999751e-02 2.865329481450000215e-01 -1.286268195370000034e-01 -1.531443788750000076e-02 -2.603377829199999827e-01 -3.667245478889999966e-01
-5.607257398549999605e-01 -3.187678920070000088e-01 -2.369658277940000189e-03 3.482170050949999762e-01 -3.366115844059999751e-02 2.865329481450000215e-01 -1.301228344120000102e-01 -1.531443788750000076e-02 -2.603377829199999827e-01 -3.667245478889999966e-01
-5.613141306150000176e-01 -3.172718771320000020e-01 -2.369658277940000189e-03 3.482170050949999762e-01 -3.366115844059999751e-02 2.865329481450000215e-01 -1.286268195370000034e-01 -1.531443788750000076e-02 -2.619635101230000096e-01 -3.673973966719999984e-01
-5.613141306150000176e-01 -3.172718771320000020e-01 -2.369658277940000189e-03 3.482170050949999762e-01 -3.366115844059999751e-02 2.865329481450000215e-01 -1.301228344120000102e-01 -1.531443788750000076e-02 -2.603377829199999827e-01 -3.673973966719999984e-01
-5.613141306150000176e-01 -3.172718771320000020e-01 -2.369658277940000189e-03 3.482170050949999762e-01 -3.366115844059999751e-02 2.865329481450000215e-01 -7.177755672510000018e-02 -3.237786136330000203e-02 -3.237419018800000159e-01 -4.131515322209999841e-01
-5.613141306150000176e-01 -3.172718771320000020e-01 -2.369658277940000189e-03 3.482170050949999762e-01 -3.366115844059999751e-02 3.424306189990000138e-01 2.947495754750000252e-01 -3.296634357299999679e-02 -7.155458216910000058e-01 -4.279544145999999993e-01
-5.613141306150000176e-01 -3.172718771320000020e-01 -2.369658277940000189e-03 3.482170050949999762e-01 -3.433400722350000295e-02 3.559637893679999943e-01 4.398644134790000160e-01 -2.355190852050000061e-02 -7.643181431440000395e-01 -4.279544145999999993e-01
-5.613141306150000176e-01 -3.172718771320000020e-01 -2.369658277940000189e-03 3.482170050949999762e-01 -3.366115844059999751e-02 3.565521801279999958e-01 4.548247947490000054e-01 -2.296351776099999839e-02 -7.659438703480000443e-01 -4.279544145999999993e-01
-5.613141306150000176e-01 -3.187678920070000088e-01 -2.369658277940000189e-03 3.465912778920000048e-01 -3.366115844059999751e-02 3.500797903230000174e-01 4.084478685810000176e-01 -2.296351776099999839e-02 -6.586448642219999705e-01 -2.805990670549999844e-01
-5.613141306150000176e-01 -3.172718771320000020e-01 -2.369658277940000189e-03 3.465912778920000048e-01 -3.366115844059999751e-02 2.953589009879999949e-01 2.902615308490000268e-01 -1.060722036119999927e-02 -3.920229497719999734e-01 2.555005734419999938e-02
-5.613141306150000176e-01 -3.172718771320000020e-01 -2.369658277940000189e-03 3.465912778920000048e-01 -3.366115844059999751e-02 1.729724341580000102e-01 2.932535605989999850e-01 5.279513045829999952e-03 -3.318705378960000174e-01 3.698859123139999761e-02
-5.607257398549999605e-01 -3.187678920070000088e-01 -2.369658277940000189e-03 3.465912778920000048e-01 -3.366115844059999751e-02 -1.001882960170000052e-02 2.947495754750000252e-01 6.456294564839999868e-03 -3.318705378960000174e-01 3.766154459139999661e-02
-5.613141306150000176e-01 -3.187678920070000088e-01 -2.369658277940000189e-03 3.465912778920000048e-01 -3.366115844059999751e-02 -2.000708739260000091e-01 3.022296498509999818e-01 6.456294564839999868e-03 -3.334962650989999888e-01 3.833439337430000204e-02
