-5.601373490959999923e-01 -3.202639068829999935e-01 -2.369658277940000189e-03 3.465912778920000048e-01 -2.962406574289999997e-02 -5.584044130219999458e-01 3.201820608720000183e-01 4.691030836099999678e-03 -3.383734467089999920e-01 4.640857876969999712e-02
-5.607257398549999605e-01 -3.217599217580000004e-01 -2.369658277940000189e-03 3.465912778920000048e-01 -2.962406574289999997e-02 -5.584044130219999458e-01 2.618370157009999866e-01 1.704741968610000089e-02 -2.619635101230000096e-01 -8.883528152759999352e-02
-5.607257398549999605e-01 -3.202639068829999935e-01 -2.369658277940000189e-03 3.465912778920000048e-01 -2.962406574289999997e-02 -4.113052599429999900e-01 -1.136664382670000001e-01 1.653233542850000015e-01 1.493495151439999946e-01 -5.773283084929999864e-01
-5.607257398549999605e-01 -3.202639068829999935e-01 -2.369658277940000189e-03 3.465912778920000048e-01 -2.962406574289999997e-02 -2.230183878969999867e-01 -4.308246145479999734e-01 3.465494457659999972e-01 2.680286116930000184e-01 -6.096252592290000161e-01
-5.607257398549999605e-01 -3.202639068829999935e-01 -2.369658277940000189e-03 3.465912778920000048e-01 -2.962406574289999997e-02 -8.709875069849999651e-02 -4.592493622130000008e-01 4.489303981469999760e-01 2.745315205059999930e-01 -6.102981080110000400e-01
-5.607257398549999605e-01 -3.202639068829999935e-01 -2.369658277940000189e-03 3.465912778920000048e-01 -2.962406574289999997e-02 -6.827006349389999618e-02 -4.801935704670000082e-01 4.548143971920000084e-01 2.777829749130000248e-01 -6.109709567940000419e-01
-5.607257398549999605e-01 -3.202639068829999935e-01 -2.369658277940000189e-03 3.465912778920000048e-01 -2.962406574289999997e-02 -6.768167273439999743e-02 -4.801935704670000082e-01 4.548143971920000084e-01 2.810346819969999910e-01 -6.109709567940000419e-01
-5.601373490959999923e-01 -3.202639068829999935e-01 -2.369658277940000189e-03 3.465912778920000048e-01 -2.962406574289999997e-02 -6.768167273439999743e-02 -4.801935704670000082e-01 4.548143971920000084e-01 2.810346819969999910e-01 -6.109709567940000419e-01
-5.601373490959999923e-01 -3.202639068829999935e-01 -2.369658277940000189e-03 3.465912778920000048e-01 -2.962406574289999997e-02 -6.827006349389999618e-02 -4.801935704670000082e-01 4.548143971920000084e-01 2.810346819969999910e-01 -6.109709567940000419e-01
-5.607257398549999605e-01 -3.202639068829999935e-01 -2.369658277940000189e-03 3.465912778920000048e-01 -2.962406574289999997e-02 -6.827006349389999618e-02 -4.801935704670000082e-01 4.548143971920000084e-01 2.810346819969999910e-01 -6.109709567940000419e-01
-5.607257398549999605e-01 -3.202639068829999935e-01 -2.369658277940000189e-03 3.465912778920000048e-01 -2.962406574289999997e-02 -6.768167273439999743e-02 -4.801935704670000082e-01 4.548143971920000084e-01 2.810346819969999910e-01 -6.109709567940000419e-01
-5.607257398549999605e-01 -3.202639068829999935e-01 -2.369658277940000189e-03 3.465912778920000048e-01 -2.962406574289999997e-02 -6.827006349389999618e-02 -4.801935704670000082e-01 4.548143971920000084e-01 2.810346819969999910e-01 -6.102981080110000400e-01
-5.607257398549999605e-01 -3.202639068829999935e-01 -2.369658277940000189e-03 3.465912778920000048e-01 -2.962406574289999997e-02 -6.768167273439999743e-02 -4.801935704670000082e-01 4.548143971920000084e-01 2.810346819969999910e-01 -6.109709567940000419e-01
-5.607257398549999605e-01 -3.202639068829999935e-01 -2.369658277940000189e-03 3.465912778920000048e-01 -2.962406574289999997e-02 -8.651035993889999443e-02 -4.801935704670000082e-01 4.548143971920000084e-01 1.867414934970000051e-01 -6.533608484280000184e-01
-5.607257398549999605e-01 -3.202639068829999935e-01 -2.369658277940000189e-03 3.465912778920000048e-01 -2.962406574289999997e-02 -8.651035993889999443e-02 -4.801935704670000082e-01 4.548143971920000084e-01 -1.692963015039999908e-01 -6.540336972110000202e-01
-5.601373490959999923e-01 -3.202639068829999935e-01 -2.369658277940000189e-03 3.465912778920000048e-01 -2.962406574289999997e-02 -8.651035993889999443e-02 -4.801935704670000082e-01 4.548143971920000084e-01 -6.017439067519999574e-01 -6.540336972110000202e-01
-5.607257398549999605e-01 -3.202639068829999935e-01 -2.369658277940000189e-03 3.465912778920000048e-01 -2.962406574289999997e-02 -9.886665733869999528e-02 -4.801935704670000082e-01 4.548143971920000084e-01 -7.366805280110000353e-01 -6.567250923430000276e-01
-5.601373490959999923e-01 -3.202639068829999935e-01 -2.369658277940000189e-03 3.465912778920000048e-01 -2.962406574289999997e-02 -9.886665733869999528e-02 -4.801935704670000082e-01 4.554027879520000099e-01 -7.366805280110000353e-01 -6.567250923430000276e-01
-5.601373490959999923e-01 -3.202639068829999935e-01 -2.369658277940000189e-03 3.465912778920000048e-01 -2.962406574289999997e-02 -9.945513954849999338e-02 -4.801935704670000082e-01 4.554027879520000099e-01 -7.366805280110000353e-01 -6.567250923430000276e-01
-5.607257398549999605e-01 -3.202639068829999935e-01 -2.369658277940000189e-03 3.465912778920000048e-01 -2.962406574289999997e-02 -9.886665733869999528e-02 -4.816898178590000024e-01 4.554027879520000099e-01 -7.366805280110000353e-01 -6.567250923430000276e-01
-5.607257398549999605e-01 -3.202639068829999935e-01 -2.369658277940000189e-03 3.465912778920000048e-01 -2.962406574289999997e-02 -9.945513954849999338e-02 -4.801935704670000082e-01 4.548143971920000084e-01 -7.366805280110000353e-01 -6.567250923430000276e-01
-5.607257398549999605e-01 -3.202639068829999935e-01 -2.369658277940000189e-03 3.465912778920000048e-01 -2.962406574289999997e-02 -9.886665733869999528e-02 -4.801935704670000082e-01 4.548143971920000084e-01 -7.350548008080000084e-01 -6.567250923430000276e-01
-5.607257398549999605e-01 -3.202639068829999935e-01 -2.369658277940000189e-03 3.465912778920000048e-01 -2.962406574289999997e-02 -9.886665733869999528e-02 -4.801935704670000082e-01 4.554027879520000099e-01 -7.366805280110000353e-01 -6.567250923430000276e-01
-5.607257398549999605e-01 -3.202639068829999935e-01 -2.369658277940000189e-03 3.465912778920000048e-01 -2.962406574289999997e-02 -9.886665733869999528e-02 -4.801935704670000082e-01 4.554027879520000099e-01 -5.529715852990000347e-01 -6.567250923430000276e-01
-5.601373490959999923e-01 -3.202639068829999935e-01 -2.369658277940000189e-03 3.465912778920000048e-01 -2.962406574289999997e-02 -9.886665733869999528e-02 -4.816898178590000024e-01 4.554027879520000099e-01 -3.627596074359999978e-01 -6.567250923430000276e-01
-5.607257398549999605e-01 -3.202639068829999935e-01 -2.369658277940000189e-03 3.465912778920000048e-01 -2.962406574289999997e-02 -9.886665733869999528e-02 -4.816898178590000024e-01 4.554027879520000099e-01 -3.530052442159999915e-01 -6.567250923430000276e-01
-5.601373490959999923e-01 -3.202639068829999935e-01 -2.369658277940000189e-03 3.465912778920000048e-01 -2.962406574289999997e-02 -9.886665733869999528e-02 -4.801935704670000082e-01 4.554027879520000099e-01 -3.530052442159999915e-01 -6.567250923430000276e-01
-5.607257398549999605e-01 -3.202639068829999935e-01 -2.369658277940000189e-03 3.465912778920000048e-01 -2.962406574289999997e-02 -9.886665733869999528e-02 -4.816898178590000024e-01 4.548143971920000084e-01 -3.530052442159999915e-01 -6.567250923430000276e-01
-5.607257398549999605e-01 -3.202639068829999935e-01 -2.369658277940000189e-03 3.465912778920000048e-01 -2.962406574289999997e-02 -9.886665733869999528e-02 -4.801935704670000082e-01 4.554027879520000099e-01 -3.530052442159999915e-01 -6.567250923430000276e-01
-5.601373490959999923e-01 -3.202639068829999935e-01 -2.369658277940000189e-03 3.465912778920000048e-01 -2.962406574289999997e-02 -9.357114050320000653e-02 -4.816898178590000024e-01 4.554027879520000099e-01 -3.351219923020000158e-01 -6.351939312890000355e-01
-5.601373490959999923e-01 -3.202639068829999935e-01 -2.369658277940000189e-03 3.465912778920000048e-01 -2.962406574289999997e-02 -7.003523577240000630e-02 -4.816898178590000024e-01 4.554027879520000099e-01 -1.322497392519999919e-02 -6.190453513439999611e-01
-5.607257398549999605e-01 -3.187678920070000088e-01 -2.369658277940000189e-03 3.465912778920000048e-01 -2.962406574289999997e-02 -6.944684501289999368e-02 -4.801935704670000082e-01 4.554027879520000099e-01 2.680286116930000184e-01 -6.183725025609999593e-01
-5.607257398549999605e-01 -3.202639068829999935e-01 -2.369658277940000189e-03 3.465912778920000048e-01 -2.962406574289999997e-02 -6.885845425339999493e-02 -4.816898178590000024e-01 4.554027879520000099e-01 2.794089547929999862e-01 -6.183725025609999593e-01
-5.607257398549999605e-01 -3.202639068829999935e-01 -2.369658277940000189e-03 3.465912778920000048e-01 -2.962406574289999997e-02 -6.885845425339999493e-02 -4.801935704670000082e-01 4.554027879520000099e-01 2.777829749130000248e-01 -6.082795616630000124e-01
-5.607257398549999605e-01 -3.187678920070000088e-01 -2.369658277940000189e-03 3.465912778920000048e-01 -2.962406574289999997e-02 -1.500572021169999937e-01 -2.363408206250000032e-01 3.653781329699999914e-01 -2.948224595779999971e-02 -1.164223953600000000e-01
-5.601373490959999923e-01 -3.202639068829999935e-01 -2.369658277940000189e-03 3.465912778920000048e-01 -2.962406574289999997e-02 -3.295182127699999852e-01 1.316823264499999979e-01 1.835636507299999998e-01 -3.334962650989999888e-01 3.766154459139999661e-02
-5.607257398549999605e-01 -3.202639068829999935e-01 -2.369658277940000189e-03 3.449655506889999779e-01 -2.962406574289999997e-02 -5.060370867250000293e-01 2.992376201010000236e-01 3.116888936440000146e-02 -3.432506283189999952e-01 4.439003242080000189e-02
-5.601373490959999923e-01 -3.172718771320000020e-01 -2.369658277940000189e-03 3.482170050949999762e-01 -2.962406574289999997e-02 -5.595811945409999710e-01 2.992376201010000236e-01 4.102640076600000060e-03 -3.416249011160000237e-01 4.506288120379999679e-02
