2.259789854288101196e-01 4.965733885765075684e-01 -1.483790129423141479e-01 -2.554865367710590363e-02 -2.572646737098693848e-01 3.163399100303649902e-01 8.336966633796691895e-01 -6.470909118652343750e-01 -1.773694604635238647e-01 -2.300192117691040039e-01
2.107628136873245239e-01 4.582142829895019531e-01 -1.294115036725997925e-01 -2.876028604805469513e-02 -2.650013566017150879e-01 3.294548988342285156e-01 8.640080094337463379e-01 -6.536355018615722656e-01 -2.114546447992324829e-01 -1.910379827022552490e-01
2.801764607429504395e-01 8.057062327861785889e-02 -1.715867966413497925e-01 -1.103699505329132080e-01 -3.673392236232757568e-01 4.740139842033386230e-01 1.256432414054870605e+00 -6.211404204368591309e-01 -4.443510472774505615e-01 1.113272309303283691e-01
6.665897369384765625e-01 -2.389873415231704712e-01 -1.869901269674301147e-01 -1.396353244781494141e-01 -2.378572374582290649e-01 6.904142498970031738e-01 1.517112493515014648e+00 -8.501707315444946289e-01 -4.787085354328155518e-01 1.162163615226745605e-01
6.525220870971679688e-01 -3.293876647949218750e-01 -1.759749203920364380e-01 -1.063133180141448975e-01 -2.785978913307189941e-01 7.337834239006042480e-01 1.617755532264709473e+00 -8.554452657699584961e-01 -5.323017835617065430e-01 2.102041840553283691e-01
6.344555020332336426e-01 -3.318668603897094727e-01 -1.568270474672317505e-01 -1.017250120639801025e-01 -2.935889065265655518e-01 7.794151902198791504e-01 1.654438972473144531e+00 -8.404951691627502441e-01 -5.389556288719177246e-01 2.180634140968322754e-01
6.384559869766235352e-01 -3.259915113449096680e-01 -1.626796275377273560e-01 -1.021273434162139893e-01 -2.996276915073394775e-01 7.813124656677246094e-01 1.649561762809753418e+00 -8.468797802925109863e-01 -5.405572652816772461e-01 2.165631651878356934e-01
6.433831453323364258e-01 -3.361459374427795410e-01 -1.648847609758377075e-01 -9.714764356613159180e-02 -2.879672348499298096e-01 7.543696165084838867e-01 1.640696763992309570e+00 -8.459370136260986328e-01 -5.352060198783874512e-01 2.158296704292297363e-01
6.333770751953125000e-01 -3.489431142807006836e-01 -1.806827634572982788e-01 -9.065356850624084473e-02 -2.933775484561920166e-01 7.454118132591247559e-01 1.660913825035095215e+00 -8.526607155799865723e-01 -5.098993182182312012e-01 2.373078465461730957e-01
5.877975821495056152e-01 -3.203563094139099121e-01 -1.666288524866104126e-01 -2.657282538712024689e-02 -1.219485700130462646e-01 8.222650289535522461e-01 1.680910348892211914e+00 -8.446264863014221191e-01 -3.869635164737701416e-01 2.230364456772804260e-02
3.329232335090637207e-01 -6.202617883682250977e-01 -9.882165491580963135e-02 1.452786028385162354e-01 -3.725595772266387939e-02 1.166160583496093750e+00 1.663168787956237793e+00 -7.755336165428161621e-01 -4.381325542926788330e-01 -2.742485702037811279e-01
9.245352745056152344e-01 -6.191691160202026367e-01 -3.524040281772613525e-01 4.570910334587097168e-02 6.207146048545837402e-01 9.522571563720703125e-01 1.244865059852600098e+00 -3.783305585384368896e-01 -6.951687932014465332e-01 -8.891019225120544434e-01
9.437454342842102051e-01 -6.305190324783325195e-01 -3.771769404411315918e-01 4.557797312736511230e-02 6.664413809776306152e-01 9.317497611045837402e-01 1.118794560432434082e+00 -3.421459496021270752e-01 -7.665728926658630371e-01 -9.438464641571044922e-01
9.441821575164794922e-01 -6.395037174224853516e-01 -3.837954103946685791e-01 6.140747666358947754e-02 6.653734445571899414e-01 9.194209575653076172e-01 1.114070534706115723e+00 -3.455270826816558838e-01 -7.648417353630065918e-01 -9.469851255416870117e-01
9.400065541267395020e-01 -6.406266689300537109e-01 -3.769081830978393555e-01 4.665967822074890137e-02 6.679180264472961426e-01 9.200747609138488770e-01 1.112447500228881836e+00 -3.519324362277984619e-01 -7.661828398704528809e-01 -9.551177620887756348e-01
3.655046224594116211e-01 -7.635310888290405273e-01 -3.216691911220550537e-01 6.756036542356014252e-03 5.354592800140380859e-01 7.794137001037597656e-01 9.903393387794494629e-01 -3.558705747127532959e-01 -9.756027460098266602e-01 -5.800734758377075195e-01
2.265179604291915894e-01 -8.941607475280761719e-01 -1.640625447034835815e-01 1.018872559070587158e-01 4.901970624923706055e-01 7.093685865402221680e-01 1.338225007057189941e+00 -3.915472328662872314e-01 -9.353701472282409668e-01 -5.774378404021263123e-02
2.268915325403213501e-01 -8.943271636962890625e-01 -1.709880381822586060e-01 9.795323014259338379e-02 4.783122539520263672e-01 7.138495445251464844e-01 1.341079711914062500e+00 -3.999273478984832764e-01 -9.388326406478881836e-01 -4.518288001418113708e-02
2.219092696905136108e-01 -8.972896933555603027e-01 -1.663875728845596313e-01 1.027185618877410889e-01 4.816083312034606934e-01 7.170249819755554199e-01 1.333266139030456543e+00 -4.033286869525909424e-01 -9.324883222579956055e-01 -4.286419972777366638e-02
2.235141545534133911e-01 -8.971749544143676758e-01 -1.682475954294204712e-01 1.089207231998443604e-01 4.827757477760314941e-01 7.124220728874206543e-01 1.327236413955688477e+00 -4.060452282428741455e-01 -9.412254691123962402e-01 -5.124789103865623474e-02
2.674233019351959229e-01 -8.487123847007751465e-01 -1.890926212072372437e-01 -5.694341380149126053e-04 4.583166837692260742e-01 7.390368580818176270e-01 1.345493197441101074e+00 -3.705425560474395752e-01 -9.201182723045349121e-01 -5.319881066679954529e-02
6.731815338134765625e-01 -8.214259743690490723e-01 -4.758982062339782715e-01 -1.217381656169891357e-01 3.710407912731170654e-01 6.243867278099060059e-01 1.031940579414367676e+00 -3.420219719409942627e-01 -1.329041600227355957e+00 -9.396612644195556641e-02
7.243637442588806152e-01 -8.148043155670166016e-01 -5.235538482666015625e-01 -1.271162331104278564e-01 3.726957440376281738e-01 6.061046719551086426e-01 9.521394371986389160e-01 -3.313702642917633057e-01 -1.384026765823364258e+00 -1.158254146575927734e-01
4.835529327392578125e-01 -4.165865778923034668e-01 -5.479748845100402832e-01 -1.953983604907989502e-01 6.214590668678283691e-01 5.427865982055664062e-01 7.851913571357727051e-01 -1.713673919439315796e-01 -1.167487144470214844e+00 -2.917382717132568359e-01
2.351589649915695190e-01 -2.630147337913513184e-01 -4.089868664741516113e-01 -6.129637360572814941e-02 7.813098430633544922e-01 3.828217983245849609e-01 5.755182504653930664e-01 -6.399033963680267334e-02 -1.121955037117004395e+00 -3.144795894622802734e-01
2.204810529947280884e-01 -2.793078422546386719e-01 -4.020070433616638184e-01 -2.897679992020130157e-02 8.708657026290893555e-01 2.364601343870162964e-01 5.230826139450073242e-01 -8.685980737209320068e-02 -1.119178652763366699e+00 -2.044726610183715820e-01
