8.912335336208343506e-02 2.949827909469604492e-01 -9.210032224655151367e-01 -6.586481630802154541e-02 -5.700730681419372559e-01 7.459343075752258301e-01 8.241349458694458008e-02 -5.201657414436340332e-01 7.096633315086364746e-02 2.058018147945404053e-01
6.688039004802703857e-02 2.640459537506103516e-01 -8.989675641059875488e-01 -4.418002068996429443e-02 -5.863315463066101074e-01 7.330700159072875977e-01 1.083487272262573242e-01 -5.365824699401855469e-01 4.694123566150665283e-02 2.435433864593505859e-01
1.884507685899734497e-01 -6.147028505802154541e-02 -8.644263744354248047e-01 -1.519319508224725723e-02 -6.810232400894165039e-01 9.402590990066528320e-01 4.116971790790557861e-01 -5.217102766036987305e-01 -6.276245415210723877e-02 4.627309143543243408e-01
6.280339360237121582e-01 -4.881517887115478516e-01 -9.473467469215393066e-01 -1.115323901176452637e-01 -5.644868016242980957e-01 1.308650016784667969e+00 5.300467610359191895e-01 -7.640103697776794434e-01 -5.892907083034515381e-02 4.963011145591735840e-01
6.165359616279602051e-01 -5.514243841171264648e-01 -9.367520213127136230e-01 -6.580349802970886230e-02 -5.990250706672668457e-01 1.381131410598754883e+00 5.977643132209777832e-01 -7.446280121803283691e-01 -1.017466634511947632e-01 5.705253481864929199e-01
6.024268269538879395e-01 -5.722305774688720703e-01 -9.326795339584350586e-01 -5.392238497734069824e-02 -6.148819327354431152e-01 1.401314496994018555e+00 6.307295560836791992e-01 -7.557819485664367676e-01 -9.793636202812194824e-02 5.828750729560852051e-01
6.082372069358825684e-01 -5.757095813751220703e-01 -9.362208247184753418e-01 -5.554443597793579102e-02 -6.183400750160217285e-01 1.402020215988159180e+00 6.146338582038879395e-01 -7.546926736831665039e-01 -1.017388254404067993e-01 5.858928561210632324e-01
6.114007830619812012e-01 -5.766181349754333496e-01 -9.302170276641845703e-01 -5.488443374633789062e-02 -6.078271269798278809e-01 1.393161296844482422e+00 6.384185552597045898e-01 -7.514942884445190430e-01 -9.689185023307800293e-02 5.844714045524597168e-01
6.098048686981201172e-01 -5.741431117057800293e-01 -9.347579479217529297e-01 -4.129663109779357910e-02 -6.126829385757446289e-01 1.381310462951660156e+00 6.215078830718994141e-01 -7.396414279937744141e-01 -1.039912700653076172e-01 5.830193161964416504e-01
6.093030571937561035e-01 -5.703979134559631348e-01 -9.309166669845581055e-01 -3.633317351341247559e-02 -6.172713637351989746e-01 1.386415362358093262e+00 6.261745691299438477e-01 -7.504038810729980469e-01 -9.746517986059188843e-02 5.846028923988342285e-01
6.146106719970703125e-01 -5.741468667984008789e-01 -9.311849474906921387e-01 -4.787945747375488281e-02 -6.056829094886779785e-01 1.377174139022827148e+00 6.250086426734924316e-01 -7.491402029991149902e-01 -9.936495125293731689e-02 5.865992307662963867e-01
6.125070452690124512e-01 -5.745645165443420410e-01 -9.302803277969360352e-01 -4.846817255020141602e-02 -6.098589301109313965e-01 1.389029264450073242e+00 6.158698797225952148e-01 -7.421711683273315430e-01 -9.789837896823883057e-02 5.802714228630065918e-01
6.007041931152343750e-01 -5.727692842483520508e-01 -9.335018396377563477e-01 -4.860323667526245117e-02 -6.072865128517150879e-01 1.366119146347045898e+00 6.273329854011535645e-01 -7.500675916671752930e-01 -9.965798258781433105e-02 5.954981446266174316e-01
6.127265691757202148e-01 -6.267582774162292480e-01 -8.882635831832885742e-01 -6.290137767791748047e-02 -5.568645596504211426e-01 1.415401220321655273e+00 6.166905164718627930e-01 -7.743553519248962402e-01 -3.896009176969528198e-02 5.369995832443237305e-01
2.630741298198699951e-01 -9.933646917343139648e-01 -4.584171175956726074e-01 1.798991560935974121e-01 -2.420059293508529663e-01 1.793648123741149902e+00 7.124653458595275879e-01 -6.355863213539123535e-01 1.117720603942871094e-01 3.439579308032989502e-01
6.659549474716186523e-01 -1.038639307022094727e+00 -9.937993288040161133e-01 1.506255567073822021e-01 2.880419790744781494e-01 1.710906267166137695e+00 4.653176069259643555e-01 -2.874553501605987549e-01 -4.816943407058715820e-02 -1.378194093704223633e-01
8.641101717948913574e-01 -1.134816765785217285e+00 -1.226171612739562988e+00 1.061525046825408936e-01 4.765296876430511475e-01 1.592793226242065430e+00 1.691874265670776367e-01 -2.568793594837188721e-01 -1.483844965696334839e-01 -3.711952269077301025e-01
8.571826219558715820e-01 -1.131721258163452148e+00 -1.223090052604675293e+00 9.346374869346618652e-02 4.764274656772613525e-01 1.595818519592285156e+00 1.797041893005371094e-01 -2.559185326099395752e-01 -1.454507708549499512e-01 -3.671818375587463379e-01
8.564814329147338867e-01 -1.131971240043640137e+00 -1.216945290565490723e+00 8.872380852699279785e-02 4.774188101291656494e-01 1.585472702980041504e+00 1.602619290351867676e-01 -2.479234188795089722e-01 -1.443501263856887817e-01 -3.579908907413482666e-01
8.542428612709045410e-01 -1.129727840423583984e+00 -1.208418250083923340e+00 9.205326437950134277e-02 4.757571518421173096e-01 1.588164687156677246e+00 1.756401658058166504e-01 -2.501492798328399658e-01 -1.432359665632247925e-01 -3.582093119621276855e-01
8.680222034454345703e-01 -1.138944268226623535e+00 -1.227958321571350098e+00 9.809646010398864746e-02 4.781455397605895996e-01 1.592592954635620117e+00 1.700757741928100586e-01 -2.506985962390899658e-01 -1.477338969707489014e-01 -3.645062744617462158e-01
8.654010295867919922e-01 -1.136847376823425293e+00 -1.223823189735412598e+00 9.010699391365051270e-02 4.806916415691375732e-01 1.585012435913085938e+00 1.768049001693725586e-01 -2.585516273975372314e-01 -1.428062915802001953e-01 -3.658157587051391602e-01
8.583582639694213867e-01 -1.135493636131286621e+00 -1.222054958343505859e+00 9.591940045356750488e-02 4.824322760105133057e-01 1.593567967414855957e+00 1.673305034637451172e-01 -2.455637902021408081e-01 -1.466727256774902344e-01 -3.667029440402984619e-01
2.454624921083450317e-01 -1.470788359642028809e+00 -1.003154993057250977e+00 9.108778834342956543e-02 4.092241525650024414e-01 1.343511581420898438e+00 3.866966366767883301e-01 -1.925707310438156128e-01 -3.512146174907684326e-01 3.169003641232848167e-03
1.930486708879470825e-01 -1.341949224472045898e+00 -8.882177472114562988e-01 1.390115916728973389e-01 3.115541934967041016e-01 1.353519320487976074e+00 5.045617222785949707e-01 -2.975423634052276611e-01 -2.806858718395233154e-01 4.107584357261657715e-01
1.926692575216293335e-01 -1.330810785293579102e+00 -8.854485750198364258e-01 1.533655822277069092e-01 3.123824596405029297e-01 1.358911275863647461e+00 5.032885670661926270e-01 -2.955953180789947510e-01 -2.748558521270751953e-01 4.262816905975341797e-01
1.916838139295578003e-01 -1.327839851379394531e+00 -8.852891921997070312e-01 1.486670672893524170e-01 3.110353946685791016e-01 1.357422113418579102e+00 5.089374184608459473e-01 -2.948895990848541260e-01 -2.788608968257904053e-01 4.176668524742126465e-01
1.966341286897659302e-01 -1.329126000404357910e+00 -8.898019194602966309e-01 1.443053185939788818e-01 3.098546266555786133e-01 1.360675573348999023e+00 5.074126720428466797e-01 -2.904174625873565674e-01 -2.800205647945404053e-01 4.211907386779785156e-01
1.954995840787887573e-01 -1.332429409027099609e+00 -8.909464478492736816e-01 1.499184668064117432e-01 3.159951567649841309e-01 1.355668544769287109e+00 5.006904006004333496e-01 -2.975685894489288330e-01 -2.746252119541168213e-01 4.180116653442382812e-01
1.910266429185867310e-01 -1.302590727806091309e+00 -8.849830627441406250e-01 9.952238202095031738e-02 3.033747971057891846e-01 1.347178697586059570e+00 5.218444466590881348e-01 -2.598550617694854736e-01 -2.562286555767059326e-01 3.910439610481262207e-01
6.161591410636901855e-01 -1.271281242370605469e+00 -1.414705872535705566e+00 -4.199394583702087402e-02 2.597373127937316895e-01 1.180889368057250977e+00 3.104272484779357910e-01 -2.709259092807769775e-01 -5.603093504905700684e-01 3.010750412940979004e-01
7.317209243774414062e-01 -1.215335130691528320e+00 -1.616318106651306152e+00 -1.593838632106781006e-01 2.703740894794464111e-01 1.189867615699768066e+00 2.516455054283142090e-01 -2.539840042591094971e-01 -6.723327040672302246e-01 2.721316516399383545e-01
7.262278795242309570e-01 -1.217171549797058105e+00 -1.611081242561340332e+00 -1.674297153949737549e-01 2.652224004268646240e-01 1.197371840476989746e+00 2.374184727668762207e-01 -2.618261873722076416e-01 -6.701975464820861816e-01 2.733527421951293945e-01
7.286942601203918457e-01 -1.193867683410644531e+00 -1.608096480369567871e+00 -1.622506678104400635e-01 2.753825783729553223e-01 1.194782495498657227e+00 2.228870987892150879e-01 -2.458715885877609253e-01 -6.592284440994262695e-01 2.461158037185668945e-01
4.405165314674377441e-01 -6.850586533546447754e-01 -1.624677419662475586e+00 -1.788935363292694092e-01 4.597065448760986328e-01 1.002273321151733398e+00 1.056188344955444336e-01 -1.353207081556320190e-01 -5.019920468330383301e-01 1.307547092437744141e-01
1.393590122461318970e-01 -4.417195320129394531e-01 -1.503511786460876465e+00 4.407164454460144043e-02 5.994643568992614746e-01 7.560048699378967285e-01 -7.177102565765380859e-02 1.544745713472366333e-01 -4.344664514064788818e-01 1.394961774349212646e-01
1.844211369752883911e-01 -5.985497236251831055e-01 -1.514307260513305664e+00 9.924057126045227051e-02 6.166783571243286133e-01 5.485011935234069824e-01 -8.651894330978393555e-02 1.654761582612991333e-01 -3.489761054515838623e-01 1.204066872596740723e-01
1.950336843729019165e-01 -6.018049716949462891e-01 -1.545019030570983887e+00 1.143562495708465576e-01 6.094191670417785645e-01 4.984313249588012695e-01 -8.712506294250488281e-02 2.060337811708450317e-01 -3.505346477031707764e-01 1.172945499420166016e-01
