1.098719984292984009e-01 4.654548764228820801e-01 -1.251889765262603760e-02 -7.459284365177154541e-02 -2.672612667083740234e-01 3.522179722785949707e-01 4.600145816802978516e-01 -1.252432107925415039e+00 -2.086416184902191162e-01 -1.252968311309814453e-01
1.209291964769363403e-01 4.711852073669433594e-01 -8.015558123588562012e-03 -6.258228421211242676e-02 -2.816539406776428223e-01 3.515197038650512695e-01 4.355728328227996826e-01 -1.258844614028930664e+00 -2.213170081377029419e-01 -1.394370198249816895e-01
1.233877688646316528e-01 4.637947678565979004e-01 -7.573649752885103226e-03 -5.504594743251800537e-02 -2.984822392463684082e-01 3.442267179489135742e-01 4.485532939434051514e-01 -1.237837553024291992e+00 -2.213270664215087891e-01 -1.373026967048645020e-01
1.305381208658218384e-01 4.248031377792358398e-01 -1.342852413654327393e-02 -7.407002151012420654e-02 -3.057838082313537598e-01 3.677498698234558105e-01 4.852877259254455566e-01 -1.229951858520507812e+00 -2.226524949073791504e-01 -1.186147332191467285e-01
9.802035987377166748e-02 3.581205606460571289e-01 -4.201968014240264893e-02 -9.540946781635284424e-02 -3.004830479621887207e-01 3.560037016868591309e-01 5.889266133308410645e-01 -1.247545838356018066e+00 -1.632844805717468262e-01 -6.497526168823242188e-02
-4.281539469957351685e-03 3.270889520645141602e-01 -4.282487928867340088e-02 -1.038549542427062988e-01 -3.135888278484344482e-01 3.748012185096740723e-01 7.599207758903503418e-01 -1.215151548385620117e+00 -9.831231832504272461e-02 6.326502561569213867e-02
-1.067135334014892578e-01 4.746237993240356445e-01 7.451058924198150635e-02 -3.475177288055419922e-02 -3.534562885761260986e-01 3.025277256965637207e-01 1.153151869773864746e+00 -1.290223836898803711e+00 3.943042457103729248e-02 1.905720233917236328e-01
-5.921219661831855774e-02 6.416403055191040039e-01 1.153715997934341431e-01 7.751721423119306564e-04 -5.587498545646667480e-01 2.807648181915283203e-01 1.139461159706115723e+00 -1.287530541419982910e+00 1.593468338251113892e-01 6.711959838867187500e-02
1.951346918940544128e-02 7.668790817260742188e-01 1.267179697751998901e-01 2.127370052039623260e-02 -6.260489821434020996e-01 2.686064243316650391e-01 8.457175493240356445e-01 -1.308038949966430664e+00 1.039379239082336426e-01 -5.255919322371482849e-02
1.995621249079704285e-02 7.463175058364868164e-01 1.356290727853775024e-01 1.401941385120153427e-02 -6.170604825019836426e-01 2.716984152793884277e-01 8.070453405380249023e-01 -1.302917361259460449e+00 7.299040257930755615e-02 -5.558281764388084412e-02
1.709083840250968933e-02 7.288410067558288574e-01 1.335356086492538452e-01 4.861353896558284760e-03 -6.045114994049072266e-01 2.710464596748352051e-01 8.038038611412048340e-01 -1.300987005233764648e+00 6.844900548458099365e-02 -5.672883614897727966e-02
1.757041737437248230e-02 7.397337555885314941e-01 1.407936960458755493e-01 4.969640634953975677e-03 -6.120885014533996582e-01 2.751199603080749512e-01 8.051702380180358887e-01 -1.301428675651550293e+00 6.543678790330886841e-02 -5.088102445006370544e-02
2.286459133028984070e-02 7.343546152114868164e-01 1.319448798894882202e-01 7.636844180524349213e-03 -6.025351881980895996e-01 2.610006332397460938e-01 8.054462075233459473e-01 -1.307978630065917969e+00 7.185324281454086304e-02 -4.871564731001853943e-02
-6.469647586345672607e-02 7.160202860832214355e-01 6.784538924694061279e-02 7.205008529126644135e-03 -5.325906276702880859e-01 3.030284047126770020e-01 1.134520292282104492e+00 -1.282215595245361328e+00 2.728522121906280518e-01 -3.064703568816184998e-02
1.116402298212051392e-01 1.446455001831054688e+00 3.822227120399475098e-01 1.631732434034347534e-01 -1.818253755569458008e+00 -2.206415385007858276e-01 -4.811066985130310059e-01 -6.518099308013916016e-01 3.791868984699249268e-01 -4.015094637870788574e-01
2.011717706918716431e-01 8.398308157920837402e-01 6.991254091262817383e-01 2.431710660457611084e-01 -1.077265977859497070e+00 -1.118000268936157227e+00 -1.192931532859802246e+00 -1.063611268997192383e+00 1.876635402441024780e-01 -1.716399192810058594e-01
2.070156484842300415e-01 6.386194229125976562e-01 8.250040411949157715e-01 1.991916298866271973e-01 -7.831266522407531738e-01 -1.190334796905517578e+00 -1.254904389381408691e+00 -1.009762048721313477e+00 9.669423103332519531e-02 -1.047042012214660645e-01
2.097145766019821167e-01 6.398559212684631348e-01 8.244893550872802734e-01 1.994488537311553955e-01 -7.948005199432373047e-01 -1.193541288375854492e+00 -1.249746918678283691e+00 -1.019458651542663574e+00 9.849028289318084717e-02 -1.034829020500183105e-01
2.017417401075363159e-01 6.358413100242614746e-01 8.180390000343322754e-01 1.944336295127868652e-01 -8.063741326332092285e-01 -1.187631368637084961e+00 -1.259909272193908691e+00 -1.012885689735412598e+00 9.730704128742218018e-02 -1.016713976860046387e-01
2.000857740640640259e-01 6.350207328796386719e-01 8.318048119544982910e-01 1.991915106773376465e-01 -7.935939431190490723e-01 -1.182641863822937012e+00 -1.257656574249267578e+00 -1.016126275062561035e+00 9.551294147968292236e-02 -9.983551502227783203e-02
2.078650742769241333e-01 6.410036087036132812e-01 8.218881487846374512e-01 2.059667110443115234e-01 -7.967258095741271973e-01 -1.188391923904418945e+00 -1.266785264015197754e+00 -1.015403032302856445e+00 9.712710976600646973e-02 -1.019714474678039551e-01
2.012548893690109253e-01 6.405674219131469727e-01 8.274266719818115234e-01 2.051798701286315918e-01 -7.974558472633361816e-01 -1.184296965599060059e+00 -1.252310991287231445e+00 -1.012827634811401367e+00 9.916596114635467529e-02 -1.041809916496276855e-01
2.096027284860610962e-01 6.423568129539489746e-01 8.168030977249145508e-01 2.004213929176330566e-01 -8.073589205741882324e-01 -1.195591330528259277e+00 -1.256861567497253418e+00 -1.018913984298706055e+00 1.019812971353530884e-01 -1.072937250137329102e-01
2.160169631242752075e-01 9.145669937133789062e-01 6.376097798347473145e-01 3.401413857936859131e-01 -8.828937411308288574e-01 -1.246628522872924805e+00 -1.073440432548522949e+00 -1.201030492782592773e+00 4.169279932975769043e-01 -2.325959205627441406e-01
2.150388211011886597e-01 9.159144163131713867e-01 6.407460570335388184e-01 3.330605328083038330e-01 -8.808960318565368652e-01 -1.239450931549072266e+00 -1.069133162498474121e+00 -1.188675761222839355e+00 4.120768904685974121e-01 -2.261207103729248047e-01
2.150135189294815063e-01 9.303807020187377930e-01 6.455742120742797852e-01 3.386678099632263184e-01 -8.871716260910034180e-01 -1.237470865249633789e+00 -1.065339446067810059e+00 -1.199493646621704102e+00 4.123326838016510010e-01 -2.285764217376708984e-01
2.191516309976577759e-01 9.281316399574279785e-01 6.414011120796203613e-01 3.422417938709259033e-01 -8.847514986991882324e-01 -1.249706983566284180e+00 -1.076981306076049805e+00 -1.197312593460083008e+00 4.093275964260101318e-01 -2.322035431861877441e-01
2.126651257276535034e-01 9.154331088066101074e-01 6.388399004936218262e-01 3.349181115627288818e-01 -8.856583237648010254e-01 -1.242646694183349609e+00 -1.075202345848083496e+00 -1.199515342712402344e+00 4.162411093711853027e-01 -2.333580255508422852e-01
2.120259255170822144e-01 9.217873811721801758e-01 6.419551968574523926e-01 3.350734412670135498e-01 -8.788631558418273926e-01 -1.244375586509704590e+00 -1.061667919158935547e+00 -1.194501399993896484e+00 4.134652316570281982e-01 -2.376931309700012207e-01
2.387077659368515015e-01 9.333758354187011719e-01 6.806287765502929688e-01 3.306046724319458008e-01 -8.652303218841552734e-01 -1.202368259429931641e+00 -9.624869227409362793e-01 -1.222688198089599609e+00 4.719713628292083740e-01 -2.226725816726684570e-01
2.199059575796127319e-01 1.098266839981079102e+00 9.324908256530761719e-01 3.851690888404846191e-01 -7.742728590965270996e-01 -1.097734093666076660e+00 -4.651851058006286621e-01 -1.253220319747924805e+00 1.041516900062561035e+00 -1.361867785453796387e-01
7.993830740451812744e-02 7.261438369750976562e-01 1.171676516532897949e+00 3.088527619838714600e-01 -8.477692008018493652e-01 -1.186075448989868164e+00 3.208811283111572266e-01 -1.271963834762573242e+00 5.901008844375610352e-01 1.875831484794616699e-01
1.027429103851318359e-01 6.648493409156799316e-01 1.269161939620971680e+00 3.165376782417297363e-01 -8.541192412376403809e-01 -1.203058242797851562e+00 2.724689245223999023e-01 -1.322535991668701172e+00 4.410904347896575928e-01 2.523276805877685547e-01
1.353999227285385132e-01 6.354176998138427734e-01 1.250892043113708496e+00 3.435517847537994385e-01 -8.283134102821350098e-01 -1.200659990310668945e+00 2.149054408073425293e-01 -1.335888624191284180e+00 4.307998120784759521e-01 2.533319592475891113e-01
9.693598747253417969e-02 7.951589822769165039e-01 1.139732718467712402e+00 2.984670400619506836e-01 -8.806900382041931152e-01 -1.202465295791625977e+00 3.050638437271118164e-01 -1.293387413024902344e+00 6.520749926567077637e-01 1.720397472381591797e-01
1.422361657023429871e-02 6.698483228683471680e-01 1.058084964752197266e+00 2.622355222702026367e-01 -8.526713252067565918e-01 -1.186375617980957031e+00 3.772842884063720703e-01 -1.254323124885559082e+00 6.113237738609313965e-01 1.897487640380859375e-01
-2.641037479043006897e-02 4.744313955307006836e-01 1.189150691032409668e+00 2.530910074710845947e-01 -8.585627675056457520e-01 -1.088468194007873535e+00 3.639194369316101074e-01 -1.229907035827636719e+00 4.315612614154815674e-01 3.634375333786010742e-01
8.911621570587158203e-02 3.792308568954467773e-01 1.294687151908874512e+00 2.392359524965286255e-01 -8.564705252647399902e-01 -1.101419091224670410e+00 2.622168064117431641e-01 -1.236968874931335449e+00 3.254533112049102783e-01 4.164494872093200684e-01
