8.661317229270935059e-01 3.115481734275817871e-01 3.102345764636993408e-02 -5.078563094139099121e-02 -2.932464182376861572e-01 7.351830601692199707e-01 4.702246189117431641e-01 -8.379847407341003418e-01 7.935619354248046875e-02 3.249599039554595947e-01
8.704955577850341797e-01 3.143068552017211914e-01 1.008923351764678955e-02 -2.979371137917041779e-02 -2.925697267055511475e-01 7.064127922058105469e-01 4.932269155979156494e-01 -8.319733738899230957e-01 8.633236587047576904e-02 3.137176930904388428e-01
8.382544517517089844e-01 5.530832707881927490e-02 1.063170284032821655e-01 -6.869789958000183105e-02 -3.985803425312042236e-01 8.535736203193664551e-01 6.095525026321411133e-01 -7.842917442321777344e-01 -7.007494568824768066e-02 5.345907807350158691e-01
1.197080731391906738e+00 -3.032219409942626953e-01 2.005512416362762451e-01 -1.410629153251647949e-01 -1.458250731229782104e-01 9.742400050163269043e-01 8.239807486534118652e-01 -8.321945071220397949e-01 -2.083778083324432373e-01 8.115963935852050781e-01
1.320841670036315918e+00 -5.063291192054748535e-01 1.857704818248748779e-01 -8.838480710983276367e-02 -2.030939012765884399e-01 1.067757248878479004e+00 8.783933520317077637e-01 -8.426153659820556641e-01 -2.795156538486480713e-01 8.429304957389831543e-01
1.292773842811584473e+00 -5.230956077575683594e-01 2.063559740781784058e-01 -7.709783315658569336e-02 -2.121972292661666870e-01 1.110293745994567871e+00 9.375532865524291992e-01 -8.602762222290039062e-01 -3.018123805522918701e-01 8.661600947380065918e-01
1.294175744056701660e+00 -5.362825393676757812e-01 2.098698467016220093e-01 -7.888638973236083984e-02 -2.183688133955001831e-01 1.120053052902221680e+00 9.257835149765014648e-01 -8.466262817382812500e-01 -3.001675605773925781e-01 8.661687970161437988e-01
1.296018481254577637e+00 -5.290213227272033691e-01 2.054389864206314087e-01 -7.874259352684020996e-02 -2.192443162202835083e-01 1.124174475669860840e+00 9.411041140556335449e-01 -8.691713213920593262e-01 -2.945595085620880127e-01 8.719632029533386230e-01
1.295053124427795410e+00 -5.339358448982238770e-01 2.120563387870788574e-01 -9.047517180442810059e-02 -2.060189098119735718e-01 1.125649809837341309e+00 9.215606451034545898e-01 -8.632530570030212402e-01 -2.955904304981231689e-01 8.788879513740539551e-01
1.271592617034912109e+00 -5.497124195098876953e-01 2.389373183250427246e-01 -8.272677659988403320e-02 -1.550133675336837769e-01 1.136464238166809082e+00 9.439695477485656738e-01 -8.758178353309631348e-01 -2.347458153963088989e-01 8.153563737869262695e-01
5.276153087615966797e-01 -8.132389783859252930e-01 2.644264996051788330e-01 1.548896133899688721e-01 2.179793715476989746e-01 1.463147521018981934e+00 1.134874701499938965e+00 -7.456740140914916992e-01 -1.064069271087646484e-01 5.090732574462890625e-01
1.166731238365173340e+00 -8.190811872482299805e-01 -2.652994394302368164e-01 5.247250199317932129e-02 9.656708836555480957e-01 1.399363636970520020e+00 7.508850693702697754e-01 -3.275977671146392822e-01 -3.173892199993133545e-01 -1.896401047706604004e-01
1.109128832817077637e+00 -8.916576504707336426e-01 -3.967387676239013672e-01 -1.214584801346063614e-02 1.261605620384216309e+00 1.203582286834716797e+00 3.630038499832153320e-01 -2.171320170164108276e-01 -5.760244727134704590e-01 -4.821957349777221680e-01
1.147385239601135254e+00 -8.875175118446350098e-01 -4.002802670001983643e-01 -1.307824347168207169e-02 1.252878665924072266e+00 1.195620059967041016e+00 3.847652673721313477e-01 -2.156504839658737183e-01 -5.623155236244201660e-01 -4.790367186069488525e-01
1.146011710166931152e+00 -8.836208581924438477e-01 -4.016883969306945801e-01 -1.565459556877613068e-02 1.260366916656494141e+00 1.197239875793457031e+00 3.850781917572021484e-01 -2.192885130643844604e-01 -5.645580291748046875e-01 -4.801967740058898926e-01
9.088783264160156250e-01 -9.683577418327331543e-01 -3.848072290420532227e-01 -4.985579848289489746e-02 1.210894465446472168e+00 1.193882346153259277e+00 3.418576121330261230e-01 -2.290294617414474487e-01 -6.343878507614135742e-01 -4.617398083209991455e-01
4.085119366645812988e-01 -1.083590030670166016e+00 -2.310004383325576782e-01 5.854001641273498535e-02 1.083501577377319336e+00 1.067517757415771484e+00 8.715232014656066895e-01 -2.700428068637847900e-01 -6.407715678215026855e-01 2.311422824859619141e-01
3.996070623397827148e-01 -1.062186956405639648e+00 -2.216945737600326538e-01 4.632428288459777832e-02 1.083495140075683594e+00 1.081318378448486328e+00 8.691210150718688965e-01 -3.045028746128082275e-01 -6.372488737106323242e-01 2.723170518875122070e-01
3.989293575286865234e-01 -1.054795861244201660e+00 -2.154323905706405640e-01 4.812934994697570801e-02 1.078272581100463867e+00 1.067810773849487305e+00 8.749752044677734375e-01 -3.026953637599945068e-01 -6.373763680458068848e-01 2.782607674598693848e-01
3.981223106384277344e-01 -1.062571525573730469e+00 -2.176442891359329224e-01 4.850706458091735840e-02 1.075524091720581055e+00 1.076552152633666992e+00 8.751636147499084473e-01 -2.927617132663726807e-01 -6.357945203781127930e-01 2.825406193733215332e-01
4.117958545684814453e-01 -1.016332030296325684e+00 -2.156435847282409668e-01 -5.056590773165225983e-03 1.089617967605590820e+00 1.058443665504455566e+00 8.670974373817443848e-01 -2.756184637546539307e-01 -5.926455855369567871e-01 2.648949027061462402e-01
9.799618721008300781e-01 -1.028805732727050781e+00 -4.775290489196777344e-01 -9.078577160835266113e-02 1.040684819221496582e+00 9.948766827583312988e-01 6.417545676231384277e-01 -2.832464277744293213e-01 -9.605273008346557617e-01 1.684457063674926758e-01
1.165207982063293457e+00 -1.018711805343627930e+00 -5.354476571083068848e-01 -1.727314889430999756e-01 1.038947701454162598e+00 9.978180527687072754e-01 5.643414855003356934e-01 -2.955959141254425049e-01 -1.059411644935607910e+00 2.024603486061096191e-01
9.540641307830810547e-01 -6.260749101638793945e-01 -5.690535306930541992e-01 -2.279172837734222412e-01 1.282412767410278320e+00 9.164926409721374512e-01 4.285853505134582520e-01 -5.849568545818328857e-02 -9.624268412590026855e-01 1.097336411476135254e-01
4.932612180709838867e-01 -3.736769855022430420e-01 -4.639925956726074219e-01 -3.438350558280944824e-02 1.623496294021606445e+00 6.593198776245117188e-01 3.663448691368103027e-01 8.854360878467559814e-02 -7.809455990791320801e-01 8.552336692810058594e-02
4.228410124778747559e-01 -3.810772895812988281e-01 -4.447030425071716309e-01 -1.342489421367645264e-01 1.721704483032226562e+00 6.153047084808349609e-01 2.556177973747253418e-01 -5.033640563488006592e-02 -8.520848155021667480e-01 2.240990996360778809e-01
