3.215439319610595703e-01 1.158727258443832397e-01 6.337357163429260254e-01 7.064023613929748535e-02 -2.157001048326492310e-01 4.294811487197875977e-01 7.284768223762512207e-01 -5.499405860900878906e-01 -1.178780719637870789e-01 -8.902024626731872559e-01
3.209801018238067627e-01 1.092505902051925659e-01 6.434611678123474121e-01 7.759407162666320801e-02 -2.336117178201675415e-01 4.126720428466796875e-01 7.472911477088928223e-01 -5.225854516029357910e-01 -1.157106161117553711e-01 -8.782584667205810547e-01
1.764910966157913208e-01 1.069940179586410522e-01 6.191655993461608887e-01 8.139461278915405273e-02 -3.302814364433288574e-01 4.344098567962646484e-01 1.245069742202758789e+00 -4.819188714027404785e-01 8.688615262508392334e-02 -6.108941435813903809e-01
2.979480028152465820e-01 3.897116184234619141e-01 3.492140769958496094e-01 1.663115471601486206e-01 -1.076077967882156372e-01 7.307050228118896484e-01 1.156175851821899414e+00 -5.751392841339111328e-01 4.437220990657806396e-01 -1.177402853965759277e+00
3.170967698097229004e-01 5.241729617118835449e-01 2.861605882644653320e-01 2.895264327526092529e-01 -4.437805712223052979e-02 7.651339173316955566e-01 1.047942876815795898e+00 -6.305633783340454102e-01 5.648120045661926270e-01 -1.394356608390808105e+00
3.398405015468597412e-01 5.721353292465209961e-01 2.696925401687622070e-01 2.865347266197204590e-01 1.929445564746856689e-02 7.994296550750732422e-01 1.044074892997741699e+00 -6.696768999099731445e-01 5.941157937049865723e-01 -1.459034800529479980e+00
3.297907710075378418e-01 5.629746317863464355e-01 2.805638313293457031e-01 2.778795063495635986e-01 1.382842659950256348e-02 8.055815696716308594e-01 1.047671794891357422e+00 -6.675727963447570801e-01 5.950427651405334473e-01 -1.456048607826232910e+00
3.343958258628845215e-01 5.623003840446472168e-01 2.726797461509704590e-01 2.874955832958221436e-01 2.025978267192840576e-02 8.036438822746276855e-01 1.043969392776489258e+00 -6.635524034500122070e-01 5.960106253623962402e-01 -1.465975880622863770e+00
3.374022841453552246e-01 5.682677030563354492e-01 2.696270644664764404e-01 3.014365732669830322e-01 1.182632148265838623e-02 8.302640318870544434e-01 1.075448751449584961e+00 -6.580311059951782227e-01 5.982995629310607910e-01 -1.449384331703186035e+00
3.814520537853240967e-01 5.886119008064270020e-01 2.040181010961532593e-01 3.097676634788513184e-01 2.110831737518310547e-01 1.163033843040466309e+00 7.984073162078857422e-01 -6.748440861701965332e-01 5.954606533050537109e-01 -1.593738555908203125e+00
2.099287062883377075e-01 2.727829813957214355e-01 -9.858778119087219238e-02 3.933897912502288818e-01 6.531996130943298340e-01 1.279856085777282715e+00 8.070312738418579102e-01 -6.422185301780700684e-01 1.025928139686584473e+00 -1.068017482757568359e+00
1.168632656335830688e-01 2.187480181455612183e-01 -1.176249235868453979e-01 6.232849359512329102e-01 1.136976122856140137e+00 1.493828147649765015e-01 -4.777048230171203613e-01 -8.337649703025817871e-01 8.675479292869567871e-01 -1.385723471641540527e+00
1.341980248689651489e-01 1.813750118017196655e-01 -1.843564212322235107e-02 7.387657761573791504e-01 1.132318615913391113e+00 2.543617971241474152e-02 -6.000293493270874023e-01 -9.251319766044616699e-01 8.920094966888427734e-01 -1.315491318702697754e+00
1.410284191370010376e-01 1.863148659467697144e-01 -2.140994369983673096e-02 7.180439829826354980e-01 1.134908199310302734e+00 3.277806937694549561e-02 -5.871492028236389160e-01 -9.241083264350891113e-01 8.901446461677551270e-01 -1.322118759155273438e+00
1.364268809556961060e-01 1.824692338705062866e-01 -1.663647592067718506e-02 7.310852408409118652e-01 1.128471374511718750e+00 2.787457592785358429e-02 -5.983218550682067871e-01 -9.222903251647949219e-01 8.874292969703674316e-01 -1.324097275733947754e+00
2.241432815790176392e-01 2.298854440450668335e-01 7.097955048084259033e-02 6.309400796890258789e-01 1.239149332046508789e+00 3.015246391296386719e-01 -1.181227564811706543e-01 -7.575784325599670410e-01 1.123084068298339844e+00 -1.055213689804077148e+00
3.932985067367553711e-01 5.390021204948425293e-01 5.394486784934997559e-01 4.519703090190887451e-01 1.256719350814819336e+00 1.183355689048767090e+00 -1.009294390678405762e-01 -6.977153420448303223e-01 1.081162810325622559e+00 -1.162293314933776855e+00
4.097547531127929688e-01 5.475071072578430176e-01 5.633963346481323242e-01 4.313582479953765869e-01 1.247938394546508789e+00 1.238698959350585938e+00 -1.184974312782287598e-01 -6.975324749946594238e-01 1.009791016578674316e+00 -1.174070000648498535e+00
4.026339650154113770e-01 5.435406565666198730e-01 5.590004920959472656e-01 4.381066560745239258e-01 1.252886295318603516e+00 1.242472171783447266e+00 -1.210713386535644531e-01 -6.953105330467224121e-01 1.011451601982116699e+00 -1.175162434577941895e+00
4.087429642677307129e-01 5.460538864135742188e-01 5.590717792510986328e-01 4.360210299491882324e-01 1.251240253448486328e+00 1.239090204238891602e+00 -1.169729232788085938e-01 -7.059935331344604492e-01 1.016923666000366211e+00 -1.176713347434997559e+00
3.606627583503723145e-01 5.392035245895385742e-01 4.767382442951202393e-01 5.140497088432312012e-01 1.269572496414184570e+00 9.914830327033996582e-01 -6.842690706253051758e-02 -7.337703704833984375e-01 1.202520966529846191e+00 -1.143107056617736816e+00
6.144013404846191406e-01 6.977292299270629883e-01 7.741286754608154297e-01 5.865235328674316406e-01 7.040663957595825195e-01 6.736628413200378418e-01 -1.652941703796386719e-01 -5.697613358497619629e-01 8.148574829101562500e-01 -1.456802964210510254e+00
5.297936797142028809e-01 6.743459701538085938e-01 7.893989086151123047e-01 5.722755193710327148e-01 5.410347580909729004e-01 3.087434768676757812e-01 -8.767056465148925781e-02 -5.336034893989562988e-01 7.761830091476440430e-01 -1.352254271507263184e+00
2.157219499349594116e-01 2.616845369338989258e-01 7.215797901153564453e-01 3.635575175285339355e-01 7.447715997695922852e-01 1.237017661333084106e-01 -1.674533486366271973e-01 -5.830587744712829590e-01 5.402145981788635254e-01 -8.003985285758972168e-01
2.507851123809814453e-01 1.795165240764617920e-02 8.817872405052185059e-01 1.917850077152252197e-01 9.666479229927062988e-01 2.000277489423751831e-01 -4.264008998870849609e-01 -6.687068939208984375e-01 3.039684593677520752e-01 -5.504080653190612793e-01
4.098823070526123047e-01 1.022094339132308960e-01 1.159111261367797852e+00 2.089737653732299805e-01 8.813791275024414062e-01 2.554448843002319336e-01 -6.232044100761413574e-01 -8.525530695915222168e-01 1.979310810565948486e-01 -5.821940302848815918e-01
