1.662638932466506958e-01 2.815937995910644531e-01 -9.758910536766052246e-01 1.322234272956848145e-01 -5.099286437034606934e-01 5.735769271850585938e-01 1.303626298904418945e-01 -9.482511878013610840e-01 1.201331317424774170e-01 1.916719973087310791e-01
1.732093542814254761e-01 2.976807355880737305e-01 -9.961096048355102539e-01 1.415819823741912842e-01 -5.222541689872741699e-01 5.725870132446289062e-01 1.161745190620422363e-01 -9.592070579528808594e-01 1.090332418680191040e-01 1.836246550083160400e-01
1.705559939146041870e-01 3.042881488800048828e-01 -9.894231557846069336e-01 1.514727771282196045e-01 -5.309921503067016602e-01 5.522541999816894531e-01 1.226314902305603027e-01 -9.414396882057189941e-01 1.073398292064666748e-01 1.996503472328186035e-01
1.668986231088638306e-01 2.451644986867904663e-01 -9.812176227569580078e-01 1.287456452846527100e-01 -5.392668843269348145e-01 5.526937246322631836e-01 1.693783402442932129e-01 -9.390472769737243652e-01 1.230631470680236816e-01 2.001526057720184326e-01
1.412277370691299438e-01 1.878379434347152710e-01 -9.632191061973571777e-01 9.124342352151870728e-02 -5.203172564506530762e-01 5.308524966239929199e-01 2.738479375839233398e-01 -9.653213620185852051e-01 1.870440244674682617e-01 2.399303913116455078e-01
2.775038406252861023e-02 1.876054853200912476e-01 -8.709707260131835938e-01 4.015068709850311279e-02 -5.155265927314758301e-01 5.391139984130859375e-01 4.329265952110290527e-01 -9.035975337028503418e-01 2.361841797828674316e-01 3.487391769886016846e-01
-9.263971447944641113e-02 3.186190128326416016e-01 -7.148406505584716797e-01 1.110435724258422852e-01 -5.859050750732421875e-01 4.987765550613403320e-01 7.144545316696166992e-01 -9.489083886146545410e-01 3.448934555053710938e-01 4.890350103378295898e-01
-6.069328263401985168e-02 4.823751449584960938e-01 -6.773733496665954590e-01 1.706829220056533813e-01 -7.904026508331298828e-01 4.385612607002258301e-01 8.091749548912048340e-01 -9.771150946617126465e-01 4.569604396820068359e-01 4.085875153541564941e-01
-1.746166381053626537e-03 6.046632528305053711e-01 -7.294520735740661621e-01 2.067656666040420532e-01 -8.718708753585815430e-01 4.380011558532714844e-01 5.923663973808288574e-01 -9.877151846885681152e-01 4.117254316806793213e-01 2.991977930068969727e-01
1.980554312467575073e-03 5.817278027534484863e-01 -7.633405327796936035e-01 2.069666087627410889e-01 -8.660371899604797363e-01 4.426294565200805664e-01 5.175544023513793945e-01 -9.948728680610656738e-01 3.704771697521209717e-01 3.077067732810974121e-01
-1.023460063152015209e-03 5.854092240333557129e-01 -7.524001598358154297e-01 2.069318592548370361e-01 -8.732737898826599121e-01 4.475324749946594238e-01 5.161125063896179199e-01 -9.933863282203674316e-01 3.634453713893890381e-01 3.078008294105529785e-01
5.439739674329757690e-03 5.839774608612060547e-01 -7.579607963562011719e-01 2.099347263574600220e-01 -8.647993206977844238e-01 4.458087086677551270e-01 5.265583395957946777e-01 -9.985364079475402832e-01 3.678835034370422363e-01 3.088752031326293945e-01
6.235074251890182495e-03 5.789055824279785156e-01 -7.659255266189575195e-01 2.059212774038314819e-01 -8.522405624389648438e-01 4.402073621749877930e-01 5.185013413429260254e-01 -9.991800189018249512e-01 3.700496554374694824e-01 2.965293526649475098e-01
-6.791834533214569092e-02 5.774188637733459473e-01 -6.913019418716430664e-01 2.066681385040283203e-01 -7.524687051773071289e-01 4.360057711601257324e-01 7.768945097923278809e-01 -9.605222940444946289e-01 5.490094423294067383e-01 3.118768930435180664e-01
-3.752555325627326965e-02 1.205601215362548828e+00 -2.200274020433425903e-01 4.156245887279510498e-01 -2.298241376876831055e+00 -7.879225909709930420e-02 -7.956922650337219238e-01 -3.820104300975799561e-01 8.093044757843017578e-01 1.968109607696533203e-01
2.854324579238891602e-01 9.133020639419555664e-01 4.636976718902587891e-01 3.331733047962188721e-01 -1.499181151390075684e+00 -8.580167889595031738e-01 -1.443101525306701660e+00 -4.431305825710296631e-01 4.315422773361206055e-01 5.498812198638916016e-01
3.637069761753082275e-01 5.649586915969848633e-01 5.915632247924804688e-01 2.799992263317108154e-01 -1.008722066879272461e+00 -8.997168540954589844e-01 -1.454020857810974121e+00 -4.304294288158416748e-01 3.318690359592437744e-01 6.834666132926940918e-01
3.611961603164672852e-01 5.736047029495239258e-01 5.979902744293212891e-01 2.903449237346649170e-01 -1.009765625000000000e+00 -8.981175422668457031e-01 -1.456593990325927734e+00 -4.367166459560394287e-01 3.289422094821929932e-01 6.843066811561584473e-01
3.658598661422729492e-01 5.680440664291381836e-01 5.957986116409301758e-01 2.876359522342681885e-01 -1.005066037178039551e+00 -9.081984162330627441e-01 -1.463187575340270996e+00 -4.463501572608947754e-01 3.307122290134429932e-01 6.788520812988281250e-01
3.595257103443145752e-01 5.696352720260620117e-01 5.969678759574890137e-01 2.935601472854614258e-01 -1.009215116500854492e+00 -8.987765908241271973e-01 -1.466008067131042480e+00 -4.385913610458374023e-01 3.282950818538665771e-01 6.848181486129760742e-01
3.502007722854614258e-01 5.593035221099853516e-01 5.928997993469238281e-01 2.947278320789337158e-01 -1.008709907531738281e+00 -9.050596952438354492e-01 -1.459936857223510742e+00 -4.375563859939575195e-01 3.332678973674774170e-01 6.795197129249572754e-01
3.609752357006072998e-01 5.598967671394348145e-01 5.923191308975219727e-01 2.867026329040527344e-01 -1.007970809936523438e+00 -8.989503979682922363e-01 -1.459169983863830566e+00 -4.366294145584106445e-01 3.336339890956878662e-01 6.790823340415954590e-01
3.651171326637268066e-01 5.759781599044799805e-01 5.914411544799804688e-01 2.980458438396453857e-01 -1.007126212120056152e+00 -8.982486724853515625e-01 -1.442907214164733887e+00 -4.307488799095153809e-01 3.314613401889801025e-01 6.864149570465087891e-01
2.823544740676879883e-01 9.009222984313964844e-01 4.197646975517272949e-01 4.019786417484283447e-01 -1.051313757896423340e+00 -1.002902746200561523e+00 -1.357204914093017578e+00 -6.264169812202453613e-01 6.348555684089660645e-01 5.047144293785095215e-01
2.929598689079284668e-01 9.083615541458129883e-01 4.187136292457580566e-01 4.079306423664093018e-01 -1.049126625061035156e+00 -1.009901046752929688e+00 -1.363310337066650391e+00 -6.338055729866027832e-01 6.348659396171569824e-01 5.191765427589416504e-01
2.815430760383605957e-01 9.033294916152954102e-01 4.213942289352416992e-01 3.985158801078796387e-01 -1.035305500030517578e+00 -1.000862598419189453e+00 -1.361959457397460938e+00 -6.320031285285949707e-01 6.332461237907409668e-01 4.981890320777893066e-01
2.829741239547729492e-01 9.052579402923583984e-01 4.126861691474914551e-01 3.966665565967559814e-01 -1.045251131057739258e+00 -1.003454446792602539e+00 -1.342081904411315918e+00 -6.290435791015625000e-01 6.378534436225891113e-01 5.071893334388732910e-01
2.870346605777740479e-01 9.047497510910034180e-01 4.192419648170471191e-01 4.033474326133728027e-01 -1.055743455886840820e+00 -1.004100799560546875e+00 -1.353056192398071289e+00 -6.306810379028320312e-01 6.384000778198242188e-01 5.058522820472717285e-01
2.896351516246795654e-01 9.030001759529113770e-01 4.234611988067626953e-01 4.060951173305511475e-01 -1.035286664962768555e+00 -1.009758591651916504e+00 -1.358987808227539062e+00 -6.383402943611145020e-01 6.340397000312805176e-01 5.033091902732849121e-01
2.986167669296264648e-01 9.455263614654541016e-01 4.211366176605224609e-01 4.178774952888488770e-01 -1.027068614959716797e+00 -9.894959926605224609e-01 -1.240657806396484375e+00 -6.538456082344055176e-01 7.238221764564514160e-01 4.996575713157653809e-01
1.988289505243301392e-01 1.219619750976562500e+00 6.089628934860229492e-01 4.517805576324462891e-01 -8.350853323936462402e-01 -8.555135130882263184e-01 -7.806720733642578125e-01 -6.591174006462097168e-01 1.283955931663513184e+00 5.380524992942810059e-01
1.697777658700942993e-01 8.398105502128601074e-01 8.991570472717285156e-01 3.895446360111236572e-01 -1.077669382095336914e+00 -9.100586771965026855e-01 1.120697259902954102e-01 -5.828273296356201172e-01 8.471957445144653320e-01 1.039130091667175293e+00
1.968093216419219971e-01 7.483869791030883789e-01 9.794992208480834961e-01 3.882539570331573486e-01 -1.096621036529541016e+00 -9.145359992980957031e-01 7.786571979522705078e-02 -6.335394978523254395e-01 6.840564012527465820e-01 1.126159429550170898e+00
2.210996896028518677e-01 7.474546432495117188e-01 9.454371929168701172e-01 4.117366373538970947e-01 -1.059180736541748047e+00 -9.286957383155822754e-01 2.205293998122215271e-02 -6.399263143539428711e-01 6.920148134231567383e-01 1.114107966423034668e+00
1.942928284406661987e-01 9.105304479598999023e-01 8.779683113098144531e-01 3.834945261478424072e-01 -1.147050619125366211e+00 -9.202987551689147949e-01 7.173466682434082031e-02 -6.029697060585021973e-01 9.431733489036560059e-01 1.021369814872741699e+00
1.126958280801773071e-01 7.675610184669494629e-01 8.253406286239624023e-01 3.357581496238708496e-01 -1.125292539596557617e+00 -9.001619815826416016e-01 1.522718071937561035e-01 -5.911486148834228516e-01 9.127073287963867188e-01 1.030424952507019043e+00
5.425284430384635925e-02 4.457008242607116699e-01 8.748857975006103516e-01 2.890523374080657959e-01 -1.104126930236816406e+00 -8.244931101799011230e-01 1.838384270668029785e-01 -5.063375234603881836e-01 6.777835488319396973e-01 1.193242669105529785e+00
1.654769927263259888e-01 3.490591645240783691e-01 1.000035047531127930e+00 3.127011358737945557e-01 -1.113070249557495117e+00 -7.947561144828796387e-01 8.812999725341796875e-02 -5.505825877189636230e-01 5.774447321891784668e-01 1.286074757575988770e+00
