2.698775529861450195e-01 8.460079133510589600e-02 6.265906095504760742e-01 -7.204383611679077148e-02 -4.471288025379180908e-01 3.866043686866760254e-01 7.223201394081115723e-01 -9.258606433868408203e-01 -9.391861408948898315e-02 -8.045984506607055664e-01
2.794376015663146973e-01 9.311662614345550537e-02 6.343649029731750488e-01 -6.035569310188293457e-02 -4.412964880466461182e-01 3.563193082809448242e-01 7.088010907173156738e-01 -9.401546716690063477e-01 -1.006062403321266174e-01 -8.175922036170959473e-01
2.764837741851806641e-01 9.377489984035491943e-02 6.400147676467895508e-01 -5.024707317352294922e-02 -4.398226141929626465e-01 3.393108248710632324e-01 7.114550471305847168e-01 -9.308022260665893555e-01 -1.049436032772064209e-01 -8.006602525711059570e-01
2.709909081459045410e-01 5.873571336269378662e-02 6.182388067245483398e-01 -6.879734992980957031e-02 -4.550605416297912598e-01 3.593777418136596680e-01 7.551369071006774902e-01 -9.199908375740051270e-01 -9.502126276493072510e-02 -7.692151665687561035e-01
2.327928990125656128e-01 1.680921018123626709e-02 5.677055120468139648e-01 -8.919247984886169434e-02 -4.689466655254364014e-01 3.717928528785705566e-01 8.423390984535217285e-01 -9.485007524490356445e-01 -3.945447504520416260e-02 -6.908484697341918945e-01
1.220468282699584961e-01 -7.085576187819242477e-03 5.522958040237426758e-01 -9.279087185859680176e-02 -5.025321841239929199e-01 3.951410055160522461e-01 1.012108206748962402e+00 -8.965976238250732422e-01 3.164034336805343628e-02 -5.220409035682678223e-01
-1.585004106163978577e-02 1.050325483083724976e-01 6.270189881324768066e-01 -8.986026979982852936e-03 -5.550091862678527832e-01 3.174035549163818359e-01 1.356639146804809570e+00 -9.327649474143981934e-01 1.657653748989105225e-01 -3.697921633720397949e-01
3.314116224646568298e-02 2.318370789289474487e-01 6.323202252388000488e-01 2.449956350028514862e-02 -7.091155648231506348e-01 2.936401963233947754e-01 1.331641793251037598e+00 -9.474819302558898926e-01 2.788949310779571533e-01 -4.465054869651794434e-01
1.198601871728897095e-01 3.143132328987121582e-01 6.458275318145751953e-01 2.873745374381542206e-02 -7.924787402153015137e-01 3.060411512851715088e-01 1.085343837738037109e+00 -9.849288463592529297e-01 2.663964033126831055e-01 -6.150760650634765625e-01
1.342966109514236450e-01 2.979662418365478516e-01 6.626684665679931641e-01 2.714732103049755096e-02 -7.584754824638366699e-01 2.887622117996215820e-01 1.011140227317810059e+00 -9.934967160224914551e-01 2.051450014114379883e-01 -6.296833753585815430e-01
1.302921622991561890e-01 2.914754748344421387e-01 6.597159504890441895e-01 2.179339341819286346e-02 -7.650457024574279785e-01 2.911561131477355957e-01 1.009563684463500977e+00 -9.967603683471679688e-01 2.024634927511215210e-01 -6.246161460876464844e-01
1.371723115444183350e-01 2.938650846481323242e-01 6.579438447952270508e-01 3.022831492125988007e-02 -7.678515315055847168e-01 2.967342436313629150e-01 1.017588376998901367e+00 -9.930740594863891602e-01 2.054771929979324341e-01 -6.221225857734680176e-01
1.296704560518264771e-01 2.986983060836791992e-01 6.688786745071411133e-01 2.471309714019298553e-02 -7.713723778724670410e-01 2.946960330009460449e-01 1.010703325271606445e+00 -9.831648468971252441e-01 2.066491991281509399e-01 -6.151110529899597168e-01
2.644860371947288513e-02 2.825766801834106445e-01 4.969390332698822021e-01 3.590260446071624756e-02 -6.657577157020568848e-01 3.281309008598327637e-01 1.302628755569458008e+00 -9.626505374908447266e-01 3.971058130264282227e-01 -5.761407017707824707e-01
1.172840744256973267e-01 8.465192317962646484e-01 6.842300891876220703e-01 1.634076833724975586e-01 -1.874497532844543457e+00 -1.775090247392654419e-01 -3.241756558418273926e-01 -5.628609061241149902e-01 4.884400069713592529e-01 -1.260161757469177246e+00
2.226184606552124023e-01 3.053080439567565918e-01 1.134419322013854980e+00 3.522378206253051758e-01 -1.077547192573547363e+00 -1.226176500320434570e+00 -1.174040079116821289e+00 -9.678668379783630371e-01 3.591303527355194092e-01 -7.560184597969055176e-01
2.199101895093917847e-01 1.473607867956161499e-01 1.269271492958068848e+00 3.307893574237823486e-01 -9.176976084709167480e-01 -1.244980692863464355e+00 -1.247576832771301270e+00 -8.858388066291809082e-01 2.625405192375183105e-01 -6.554246544837951660e-01
2.221980243921279907e-01 1.558644622564315796e-01 1.282141804695129395e+00 2.991221249103546143e-01 -8.763143420219421387e-01 -1.245564341545104980e+00 -1.241377472877502441e+00 -8.794274926185607910e-01 2.533107995986938477e-01 -6.612573266029357910e-01
2.102250754833221436e-01 1.584149450063705444e-01 1.287060141563415527e+00 3.073147237300872803e-01 -8.915237784385681152e-01 -1.245807409286499023e+00 -1.239303708076477051e+00 -8.892251849174499512e-01 2.548175752162933350e-01 -6.614090204238891602e-01
2.148824632167816162e-01 1.641157716512680054e-01 1.298057317733764648e+00 2.979583144187927246e-01 -8.849896788597106934e-01 -1.238962650299072266e+00 -1.236252188682556152e+00 -8.888335824012756348e-01 2.460820078849792480e-01 -6.656187176704406738e-01
2.129079699516296387e-01 1.672125905752182007e-01 1.294656395912170410e+00 3.108996152877807617e-01 -9.073413014411926270e-01 -1.245080471038818359e+00 -1.228886008262634277e+00 -8.851273655891418457e-01 2.488903552293777466e-01 -6.557732820510864258e-01
2.105530947446823120e-01 1.639281958341598511e-01 1.297593474388122559e+00 3.050865232944488525e-01 -8.802936077117919922e-01 -1.244184255599975586e+00 -1.243097782135009766e+00 -8.876627683639526367e-01 2.504170835018157959e-01 -6.606310009956359863e-01
2.154880315065383911e-01 1.659018844366073608e-01 1.296868920326232910e+00 3.017640411853790283e-01 -8.910658955574035645e-01 -1.243383288383483887e+00 -1.239940047264099121e+00 -8.879889845848083496e-01 2.512116730213165283e-01 -6.601156592369079590e-01
2.222193628549575806e-01 4.069145321846008301e-01 1.056875824928283691e+00 4.207053482532501221e-01 -9.477389454841613770e-01 -1.267970800399780273e+00 -1.040004253387451172e+00 -1.095011711120605469e+00 5.976677536964416504e-01 -8.544294238090515137e-01
2.224277108907699585e-01 4.014030098915100098e-01 1.066698551177978516e+00 4.136170148849487305e-01 -9.373562335968017578e-01 -1.262416005134582520e+00 -1.040850520133972168e+00 -1.102089166641235352e+00 5.990228056907653809e-01 -8.514012098312377930e-01
2.207646220922470093e-01 4.043855667114257812e-01 1.061413407325744629e+00 4.168603420257568359e-01 -9.423390626907348633e-01 -1.265291452407836914e+00 -1.036398410797119141e+00 -1.102303385734558105e+00 6.031091809272766113e-01 -8.473955392837524414e-01
2.206945121288299561e-01 4.014735817909240723e-01 1.055478334426879883e+00 4.210149645805358887e-01 -9.374716281890869141e-01 -1.267299175262451172e+00 -1.033103108406066895e+00 -1.098093390464782715e+00 6.060886979103088379e-01 -8.539544343948364258e-01
2.200088351964950562e-01 4.086181521415710449e-01 1.063928008079528809e+00 4.158532917499542236e-01 -9.284442067146301270e-01 -1.264431595802307129e+00 -1.042420268058776855e+00 -1.093511104583740234e+00 6.041479110717773438e-01 -8.598511815071105957e-01
2.225069552659988403e-01 4.061087369918823242e-01 1.073602557182312012e+00 4.209350645542144775e-01 -9.417325258255004883e-01 -1.265290260314941406e+00 -1.035976648330688477e+00 -1.099521636962890625e+00 6.023713350296020508e-01 -8.492425680160522461e-01
2.329417467117309570e-01 3.957565426826477051e-01 1.046180129051208496e+00 4.162069261074066162e-01 -9.290387630462646484e-01 -1.262615442276000977e+00 -9.247356057167053223e-01 -1.127659559249877930e+00 6.592827439308166504e-01 -8.442128300666809082e-01
1.848526448011398315e-01 5.768828392028808594e-01 1.352951884269714355e+00 4.950860142707824707e-01 -8.228008747100830078e-01 -1.140340566635131836e+00 -4.570911526679992676e-01 -1.148413658142089844e+00 1.261186718940734863e+00 -7.158658504486083984e-01
1.171444058418273926e-01 2.981575727462768555e-01 1.766658782958984375e+00 4.053916931152343750e-01 -9.083906412124633789e-01 -1.254690170288085938e+00 3.312608599662780762e-01 -1.194010257720947266e+00 7.673832774162292480e-01 -2.571035623550415039e-01
1.606678813695907593e-01 2.305569499731063843e-01 1.919109463691711426e+00 4.371929764747619629e-01 -9.003956317901611328e-01 -1.271133422851562500e+00 2.864231467247009277e-01 -1.232349872589111328e+00 5.832552909851074219e-01 -1.996564269065856934e-01
1.715737432241439819e-01 2.226457446813583374e-01 1.855047583580017090e+00 4.541144669055938721e-01 -8.914592862129211426e-01 -1.287301421165466309e+00 2.394075393676757812e-01 -1.230166673660278320e+00 6.212112307548522949e-01 -2.230023741722106934e-01
1.182586029171943665e-01 3.494247794151306152e-01 1.716830611228942871e+00 3.975972235202789307e-01 -9.500064253807067871e-01 -1.251602888107299805e+00 3.194073438644409180e-01 -1.223039507865905762e+00 8.505336642265319824e-01 -2.842860817909240723e-01
3.842014446854591370e-02 2.837787866592407227e-01 1.612907767295837402e+00 3.479457795619964600e-01 -9.148454666137695312e-01 -1.223956346511840820e+00 3.830144405364990234e-01 -1.182231545448303223e+00 8.074081540107727051e-01 -2.555819153785705566e-01
-2.095589414238929749e-02 7.766889035701751709e-02 1.666012167930603027e+00 2.834766507148742676e-01 -8.911083340644836426e-01 -1.195169210433959961e+00 4.046056866645812988e-01 -1.028433322906494141e+00 5.683705806732177734e-01 -8.320599794387817383e-02
1.177253648638725281e-01 -3.618325293064117432e-02 1.862090468406677246e+00 3.233819603919982910e-01 -9.412375092506408691e-01 -1.175180792808532715e+00 3.321217894554138184e-01 -1.076097488403320312e+00 4.678097665309906006e-01 1.132429018616676331e-02
