6.162681579589843750e-01 7.236444950103759766e-01 -9.345203638076782227e-01 -2.954077906906604767e-02 -4.246504604816436768e-01 5.937919020652770996e-01 2.084416449069976807e-01 -7.696756720542907715e-01 -4.067531228065490723e-02 7.936268448829650879e-01
6.158231496810913086e-01 7.427022457122802734e-01 -9.357815980911254883e-01 -2.258067764341831207e-02 -4.240615665912628174e-01 5.951377749443054199e-01 1.707803308963775635e-01 -7.720876932144165039e-01 -5.878607928752899170e-02 7.813961505889892578e-01
6.156533956527709961e-01 7.489439845085144043e-01 -9.446881413459777832e-01 -1.304225716739892960e-02 -4.287568628787994385e-01 5.699193477630615234e-01 1.825781464576721191e-01 -7.561197876930236816e-01 -5.846795439720153809e-02 8.015741109848022461e-01
6.178556680679321289e-01 6.780849695205688477e-01 -9.281588792800903320e-01 -4.293954372406005859e-02 -4.396801888942718506e-01 5.727103948593139648e-01 2.168093621730804443e-01 -7.404664158821105957e-01 -4.022686183452606201e-02 8.011963963508605957e-01
5.727921128273010254e-01 5.887800455093383789e-01 -9.138100147247314453e-01 -6.212543696165084839e-02 -4.392663538455963135e-01 5.594007968902587891e-01 3.593769073486328125e-01 -7.832829952239990234e-01 2.129232883453369141e-02 8.030117154121398926e-01
4.302658438682556152e-01 5.382260084152221680e-01 -8.130742907524108887e-01 -1.083032637834548950e-01 -4.363262355327606201e-01 6.001098752021789551e-01 5.302037000656127930e-01 -7.555129528045654297e-01 8.592107892036437988e-02 8.910906910896301270e-01
2.330295890569686890e-01 7.449374198913574219e-01 -7.119108438491821289e-01 -6.837562657892704010e-03 -5.326470732688903809e-01 5.674862861633300781e-01 9.331580996513366699e-01 -8.770310282707214355e-01 2.299522310495376587e-01 1.103857517242431641e+00
2.616391479969024658e-01 9.705983400344848633e-01 -6.966997385025024414e-01 7.660590112209320068e-02 -7.760652899742126465e-01 4.851436018943786621e-01 1.083552956581115723e+00 -9.289043545722961426e-01 3.665806353092193604e-01 9.718289375305175781e-01
3.933182656764984131e-01 1.101265192031860352e+00 -7.626483440399169922e-01 8.866061270236968994e-02 -8.210505247116088867e-01 5.071482658386230469e-01 6.801841855049133301e-01 -8.965068459510803223e-01 2.717924714088439941e-01 8.709316849708557129e-01
2.025358527898788452e-01 1.170562624931335449e+00 -7.156326174736022949e-01 1.277227103710174561e-01 -5.907065272331237793e-01 4.625272154808044434e-01 1.070816040039062500e+00 -8.829706907272338867e-01 5.949017405509948730e-01 7.761729955673217773e-01
8.850079178810119629e-01 1.789802312850952148e+00 3.348104953765869141e-01 2.231869995594024658e-01 -2.532705783843994141e+00 -3.464828133583068848e-01 -1.186178088188171387e+00 -1.608441323041915894e-01 6.385378241539001465e-01 5.835602879524230957e-01
1.120324969291687012e+00 1.297574281692504883e+00 7.857669591903686523e-01 8.817897737026214600e-02 -1.254441261291503906e+00 -9.346953034400939941e-01 -1.471431851387023926e+00 -3.976311385631561279e-01 1.565064489841461182e-01 7.817721962928771973e-01
1.124021887779235840e+00 1.164001345634460449e+00 8.026123046875000000e-01 8.000904321670532227e-02 -9.764206409454345703e-01 -1.003191232681274414e+00 -1.445702195167541504e+00 -4.201152622699737549e-01 1.788365542888641357e-01 8.074935078620910645e-01
1.126008152961730957e+00 1.165434479713439941e+00 8.197649121284484863e-01 7.834234833717346191e-02 -9.719113707542419434e-01 -9.991162419319152832e-01 -1.451397776603698730e+00 -4.207755029201507568e-01 1.733092665672302246e-01 8.165411353111267090e-01
1.129236221313476562e+00 1.178212165832519531e+00 8.190671205520629883e-01 7.957661151885986328e-02 -9.719090461730957031e-01 -1.006409525871276855e+00 -1.455098628997802734e+00 -4.267747104167938232e-01 1.730726063251495361e-01 8.171351552009582520e-01
1.063881397247314453e+00 1.568262338638305664e+00 5.902882814407348633e-01 2.550806999206542969e-01 -1.010972619056701660e+00 -1.021757245063781738e+00 -1.317926406860351562e+00 -5.849745869636535645e-01 5.331993103027343750e-01 6.887881159782409668e-01
1.065973877906799316e+00 1.557885766029357910e+00 5.974837541580200195e-01 2.441567182540893555e-01 -1.011862277984619141e+00 -1.025313138961791992e+00 -1.311389803886413574e+00 -5.907329320907592773e-01 5.281250476837158203e-01 6.879740357398986816e-01
1.067292690277099609e+00 1.558809638023376465e+00 5.928764939308166504e-01 2.448889613151550293e-01 -1.007829546928405762e+00 -1.023362159729003906e+00 -1.315782666206359863e+00 -5.847708582878112793e-01 5.312138199806213379e-01 6.822400689125061035e-01
1.062448620796203613e+00 1.555345177650451660e+00 5.933159589767456055e-01 2.492377609014511108e-01 -1.010438203811645508e+00 -1.020496368408203125e+00 -1.305311679840087891e+00 -5.943884253501892090e-01 5.312721729278564453e-01 6.902839541435241699e-01
1.066239476203918457e+00 1.552206873893737793e+00 6.006520390510559082e-01 2.492119669914245605e-01 -1.005475640296936035e+00 -1.020116329193115234e+00 -1.310910344123840332e+00 -5.919672846794128418e-01 5.272514224052429199e-01 6.881938576698303223e-01
1.101567387580871582e+00 1.537566542625427246e+00 6.748333573341369629e-01 2.373911589384078979e-01 -9.610078334808349609e-01 -9.639883637428283691e-01 -1.095504879951477051e+00 -6.347709298133850098e-01 6.352537274360656738e-01 7.047975063323974609e-01
8.834127187728881836e-01 1.847083091735839844e+00 9.239788055419921875e-01 2.827949821949005127e-01 -9.459204077720642090e-01 -1.002124190330505371e+00 -2.476587295532226562e-01 -6.632034182548522949e-01 1.350868344306945801e+00 9.476574063301086426e-01
8.198227286338806152e-01 1.350061655044555664e+00 1.225635766983032227e+00 1.881270855665206909e-01 -1.087518811225891113e+00 -1.066753625869750977e+00 2.270082235336303711e-01 -5.399728417396545410e-01 6.371988058090209961e-01 1.380678653717041016e+00
7.744095325469970703e-01 1.514394998550415039e+00 1.157784819602966309e+00 2.005391269922256470e-01 -1.123200178146362305e+00 -1.052312612533569336e+00 2.760626375675201416e-01 -5.504913330078125000e-01 7.785260081291198730e-01 1.309789419174194336e+00
6.642363071441650391e-01 1.360568881034851074e+00 1.109113574028015137e+00 1.498173326253890991e-01 -1.104972124099731445e+00 -1.037881374359130859e+00 3.442890644073486328e-01 -5.290064215660095215e-01 7.435386776924133301e-01 1.327424645423889160e+00
5.773049592971801758e-01 9.287617206573486328e-01 1.213984131813049316e+00 3.373739868402481079e-02 -1.089020013809204102e+00 -9.781150221824645996e-01 3.693554997444152832e-01 -3.884552419185638428e-01 4.855742156505584717e-01 1.482216119766235352e+00
