7.642344832420349121e-01 4.551082849502563477e-01 2.266345769166946411e-01 -2.459049373865127563e-01 -2.371755093336105347e-01 5.923427939414978027e-01 3.733829855918884277e-01 -5.010543465614318848e-01 -5.167284607887268066e-02 5.666266679763793945e-01
7.738066911697387695e-01 4.900828599929809570e-01 2.103953212499618530e-01 -2.628187239170074463e-01 -2.199905961751937866e-01 5.645912885665893555e-01 3.556582927703857422e-01 -5.137653350830078125e-01 -3.921362757682800293e-02 5.547328591346740723e-01
7.668595314025878906e-01 4.961044788360595703e-01 2.010634392499923706e-01 -2.621581852436065674e-01 -2.222034484148025513e-01 5.581815242767333984e-01 3.526349663734436035e-01 -5.064859986305236816e-01 -3.964447975158691406e-02 5.661407113075256348e-01
6.843556761741638184e-01 5.344698429107666016e-01 1.847531944513320923e-01 -2.462141811847686768e-01 -2.524027824401855469e-01 6.096839308738708496e-01 4.012370109558105469e-01 -5.050922632217407227e-01 -4.831697791814804077e-02 5.939893722534179688e-01
6.280582547187805176e-01 5.478216409683227539e-01 1.392055302858352661e-01 -2.232320606708526611e-01 -2.997995913028717041e-01 6.757351160049438477e-01 4.240653514862060547e-01 -4.826447665691375732e-01 -2.412515133619308472e-02 5.887319445610046387e-01
6.164310574531555176e-01 5.837780237197875977e-01 1.685596853494644165e-01 -2.305225282907485962e-01 -2.779121398925781250e-01 7.382721900939941406e-01 3.791741132736206055e-01 -4.889675080776214600e-01 -1.872942596673965454e-02 5.494830012321472168e-01
6.757284998893737793e-01 5.895418524742126465e-01 2.098662108182907104e-01 -1.801338344812393188e-01 -3.240471780300140381e-01 7.250403761863708496e-01 3.445725739002227783e-01 -5.165386795997619629e-01 -6.389360874891281128e-02 5.669015645980834961e-01
7.434524297714233398e-01 5.327302813529968262e-01 2.240433245897293091e-01 -1.708192527294158936e-01 -2.757576704025268555e-01 6.566306352615356445e-01 2.986944913864135742e-01 -5.466591715812683105e-01 -1.133871600031852722e-01 6.024761795997619629e-01
7.910098433494567871e-01 4.771094918251037598e-01 1.838517040014266968e-01 -2.433767169713973999e-01 -2.397809475660324097e-01 5.805690884590148926e-01 2.504781484603881836e-01 -5.163173079490661621e-01 -9.345129877328872681e-02 5.750346779823303223e-01
7.814728617668151855e-01 4.700335264205932617e-01 1.854872852563858032e-01 -2.635221779346466064e-01 -2.253186255693435669e-01 5.717797279357910156e-01 2.422900199890136719e-01 -4.958114624023437500e-01 -9.212286770343780518e-02 5.768993496894836426e-01
7.923013567924499512e-01 4.696251153945922852e-01 1.845163851976394653e-01 -2.566153109073638916e-01 -2.346925288438796997e-01 5.588370561599731445e-01 2.504106760025024414e-01 -5.010371208190917969e-01 -9.264165163040161133e-02 5.742735266685485840e-01
7.890233993530273438e-01 4.782097339630126953e-01 1.806816607713699341e-01 -2.533368170261383057e-01 -2.354617863893508911e-01 5.702791213989257812e-01 2.497091293334960938e-01 -4.985498785972595215e-01 -9.527383744716644287e-02 5.845934748649597168e-01
7.850911617279052734e-01 4.702950119972229004e-01 1.852520555257797241e-01 -2.514034211635589600e-01 -2.302615791559219360e-01 5.740442872047424316e-01 2.484182119369506836e-01 -4.977867305278778076e-01 -9.453312307596206665e-02 5.746956467628479004e-01
7.331829071044921875e-01 3.654960393905639648e-01 2.362153381109237671e-01 -1.878297924995422363e-01 -3.576828241348266602e-01 6.242571473121643066e-01 2.706335186958312988e-01 -4.148360788822174072e-01 -2.181863933801651001e-01 6.100268959999084473e-01
6.442212462425231934e-01 -3.854225873947143555e-01 3.717498183250427246e-01 -1.654805541038513184e-01 -7.507424354553222656e-01 3.554311990737915039e-01 -3.679955378174781799e-02 -6.359766721725463867e-01 -5.009309053421020508e-01 1.125121712684631348e+00
5.489148497581481934e-01 -7.697858810424804688e-01 -2.591316699981689453e-01 8.279281854629516602e-02 6.329669356346130371e-01 -7.933222055435180664e-01 -1.513466477394104004e+00 -8.694733381271362305e-01 -1.403853416442871094e+00 7.057394385337829590e-01
5.603605508804321289e-01 -7.383857965469360352e-01 2.124445885419845581e-01 3.156358897686004639e-01 8.148084282875061035e-01 -1.113420724868774414e+00 -1.422902345657348633e+00 -1.014710187911987305e+00 -1.159940242767333984e+00 3.538608551025390625e-01
5.548585653305053711e-01 -7.558824419975280762e-01 2.255670875310897827e-01 3.251056671142578125e-01 8.128563761711120605e-01 -1.092342853546142578e+00 -1.445065140724182129e+00 -1.035833120346069336e+00 -1.139029383659362793e+00 3.582915663719177246e-01
5.603643655776977539e-01 -7.504454851150512695e-01 2.184957414865493774e-01 3.164426386356353760e-01 8.210066556930541992e-01 -1.097193717956542969e+00 -1.450511097908020020e+00 -1.032308459281921387e+00 -1.136321544647216797e+00 3.592893481254577637e-01
5.559237003326416016e-01 -7.399781942367553711e-01 2.241451889276504517e-01 3.069141805171966553e-01 8.162973523139953613e-01 -1.100134134292602539e+00 -1.437763571739196777e+00 -1.038081049919128418e+00 -1.155317425727844238e+00 3.595690131187438965e-01
5.545992255210876465e-01 -7.528731822967529297e-01 2.187727242708206177e-01 3.080917298793792725e-01 8.181839585304260254e-01 -1.086561441421508789e+00 -1.458463311195373535e+00 -1.036901712417602539e+00 -1.142509102821350098e+00 3.619148731231689453e-01
5.571187734603881836e-01 -7.443088293075561523e-01 2.275945097208023071e-01 3.053776919841766357e-01 8.301715254783630371e-01 -1.101039290428161621e+00 -1.441178202629089355e+00 -1.032396316528320312e+00 -1.158628106117248535e+00 3.562380671501159668e-01
5.580459237098693848e-01 -7.556328773498535156e-01 2.162954062223434448e-01 3.161236345767974854e-01 8.204709887504577637e-01 -1.083734273910522461e+00 -1.457631945610046387e+00 -1.032519578933715820e+00 -1.136046290397644043e+00 3.693438172340393066e-01
5.748157501220703125e-01 -7.432003617286682129e-01 4.477590620517730713e-01 5.888329148292541504e-01 5.882967114448547363e-01 -1.037994742393493652e+00 -1.231143116950988770e+00 -1.203106999397277832e+00 -8.603220582008361816e-01 4.297598004341125488e-01
5.717478990554809570e-01 -7.373310923576354980e-01 4.488367140293121338e-01 6.017183065414428711e-01 5.805997848510742188e-01 -1.039120316505432129e+00 -1.223738312721252441e+00 -1.197433233261108398e+00 -8.521717190742492676e-01 4.307336807250976562e-01
5.694820880889892578e-01 -7.476465106010437012e-01 4.522683024406433105e-01 6.170052289962768555e-01 5.701645016670227051e-01 -1.029733896255493164e+00 -1.225438237190246582e+00 -1.209078192710876465e+00 -8.321152329444885254e-01 4.404732584953308105e-01
5.774681568145751953e-01 -7.392320036888122559e-01 4.580587744712829590e-01 6.121207475662231445e-01 5.744397044181823730e-01 -1.040081739425659180e+00 -1.224819898605346680e+00 -1.209261298179626465e+00 -8.411031365394592285e-01 4.282307028770446777e-01
5.664553642272949219e-01 -7.379785776138305664e-01 4.616023004055023193e-01 6.074638366699218750e-01 5.729704499244689941e-01 -1.029314160346984863e+00 -1.223516345024108887e+00 -1.211712121963500977e+00 -8.536508083343505859e-01 4.304462075233459473e-01
5.747951865196228027e-01 -7.318925857543945312e-01 4.558077156543731689e-01 5.989713072776794434e-01 5.721768736839294434e-01 -1.040205597877502441e+00 -1.215139150619506836e+00 -1.206363677978515625e+00 -8.460694551467895508e-01 4.334511756896972656e-01
5.206362009048461914e-01 -6.329517364501953125e-01 4.894746840000152588e-01 6.690212488174438477e-01 4.615954458713531494e-01 -9.992925524711608887e-01 -1.121381640434265137e+00 -1.186396718025207520e+00 -7.280861735343933105e-01 4.491739869117736816e-01
3.026586174964904785e-01 -9.229601919651031494e-02 4.041763544082641602e-01 8.901007771492004395e-01 4.930005371570587158e-01 -8.323189616203308105e-01 -6.654476523399353027e-01 -1.027041196823120117e+00 -6.126871705055236816e-01 6.284626126289367676e-01
-7.817558944225311279e-02 2.613708972930908203e-01 8.512581884860992432e-02 5.033344626426696777e-01 5.896691083908081055e-01 -8.712811470031738281e-01 -9.017933011054992676e-01 -8.479335904121398926e-01 -9.697098135948181152e-01 3.299934267997741699e-01
-8.931921422481536865e-02 1.666189879179000854e-01 7.282425463199615479e-02 4.727510511875152588e-01 5.565416812896728516e-01 -8.804956078529357910e-01 -9.617090225219726562e-01 -8.135290145874023438e-01 -8.890389204025268555e-01 2.880586981773376465e-01
-7.835678756237030029e-02 1.434097141027450562e-01 6.574364006519317627e-02 4.604094922542572021e-01 5.424903631210327148e-01 -8.963423967361450195e-01 -9.702544212341308594e-01 -7.838315963745117188e-01 -8.933245539665222168e-01 2.800924181938171387e-01
-4.565696790814399719e-02 2.256154865026473999e-01 5.038990080356597900e-02 5.469304919242858887e-01 5.577614307403564453e-01 -8.418051004409790039e-01 -8.530383706092834473e-01 -8.339683413505554199e-01 -8.332511186599731445e-01 3.779944181442260742e-01
-6.554542481899261475e-02 2.858551740646362305e-01 4.237951338291168213e-02 5.873696804046630859e-01 5.551379323005676270e-01 -8.261637687683105469e-01 -8.048456311225891113e-01 -8.593830466270446777e-01 -7.886507511138916016e-01 4.121742844581604004e-01
-2.186698764562606812e-01 4.254520535469055176e-01 1.290521174669265747e-01 6.678723692893981934e-01 4.428627789020538330e-01 -8.225790858268737793e-01 -7.872503399848937988e-01 -8.604311347007751465e-01 -6.860783696174621582e-01 3.437360525131225586e-01
-2.719534039497375488e-01 3.680443167686462402e-01 1.349884420633316040e-01 6.222909688949584961e-01 4.440024495124816895e-01 -7.686342597007751465e-01 -7.910615801811218262e-01 -8.469048142433166504e-01 -6.406626105308532715e-01 2.904394268989562988e-01
