2.366667538881301880e-01 3.223794102668762207e-01 -9.757258892059326172e-01 4.118862450122833252e-01 -2.298638969659805298e-01 4.220705628395080566e-01 1.543664932250976562e-01 -1.039365410804748535e+00 9.167653322219848633e-02 2.499869465827941895e-01
2.344752699136734009e-01 2.999751567840576172e-01 -9.631129503250122070e-01 4.432725608348846436e-01 -2.270183414220809937e-01 4.131703376770019531e-01 1.776009798049926758e-01 -1.029916048049926758e+00 9.197586774826049805e-02 2.486616075038909912e-01
3.142969608306884766e-01 -1.587940752506256104e-02 -8.521323800086975098e-01 4.459164440631866455e-01 -3.154815733432769775e-01 5.709049105644226074e-01 3.881022334098815918e-01 -1.030846834182739258e+00 -4.051657021045684814e-02 5.100470781326293945e-01
7.103925943374633789e-01 -4.720760583877563477e-01 -9.443434476852416992e-01 3.747117817401885986e-01 -2.022985666990280151e-01 7.994288802146911621e-01 6.120622158050537109e-01 -1.311185836791992188e+00 -3.526376187801361084e-02 6.083349585533142090e-01
7.768547534942626953e-01 -6.215108633041381836e-01 -9.502786993980407715e-01 4.079048335552215576e-01 -2.339509576559066772e-01 9.255253672599792480e-01 6.414228081703186035e-01 -1.338638305664062500e+00 -8.323870599269866943e-02 6.696833968162536621e-01
7.527352571487426758e-01 -6.553052067756652832e-01 -9.208495616912841797e-01 4.472723901271820068e-01 -2.689020335674285889e-01 9.458781480789184570e-01 6.993176341056823730e-01 -1.343405723571777344e+00 -8.669582009315490723e-02 7.056807875633239746e-01
7.606548070907592773e-01 -6.666302680969238281e-01 -9.208126068115234375e-01 4.421125352382659912e-01 -2.675130963325500488e-01 9.332260489463806152e-01 6.890323758125305176e-01 -1.324564576148986816e+00 -8.226209878921508789e-02 7.024172544479370117e-01
7.591981887817382812e-01 -6.633347272872924805e-01 -9.209425449371337891e-01 4.500914514064788818e-01 -2.672965526580810547e-01 9.342609047889709473e-01 6.903567314147949219e-01 -1.336595058441162109e+00 -8.203506469726562500e-02 6.991254687309265137e-01
7.338089346885681152e-01 -6.594176888465881348e-01 -9.093871712684631348e-01 4.335739910602569580e-01 -2.532728612422943115e-01 9.252725243568420410e-01 7.057682275772094727e-01 -1.333821296691894531e+00 -7.665134966373443604e-02 7.162342071533203125e-01
6.964247822761535645e-01 -6.751139760017395020e-01 -8.373298645019531250e-01 3.975209891796112061e-01 -1.834166198968887329e-01 9.543861746788024902e-01 6.989901065826416016e-01 -1.303506493568420410e+00 -1.702194660902023315e-02 6.462169885635375977e-01
3.647243380546569824e-01 -1.063819050788879395e+00 -4.866811037063598633e-01 6.539354324340820312e-01 9.145672619342803955e-02 1.309784412384033203e+00 8.447223305702209473e-01 -1.058146476745605469e+00 9.889575839042663574e-02 3.621245622634887695e-01
9.662561416625976562e-01 -1.140488386154174805e+00 -1.232191443443298340e+00 3.622678220272064209e-01 6.525238156318664551e-01 1.257324457168579102e+00 3.080823421478271484e-01 -5.967383980751037598e-01 -1.502567380666732788e-01 -4.360162913799285889e-01
9.595683217048645020e-01 -1.179553031921386719e+00 -1.305494427680969238e+00 3.823806345462799072e-01 7.639086246490478516e-01 1.180724024772644043e+00 1.651611924171447754e-01 -5.406206250190734863e-01 -2.415111809968948364e-01 -5.255959630012512207e-01
9.716427326202392578e-01 -1.180233597755432129e+00 -1.308635592460632324e+00 4.001483023166656494e-01 7.660320401191711426e-01 1.164156198501586914e+00 1.627576947212219238e-01 -5.231125950813293457e-01 -2.375800162553787231e-01 -5.227567553520202637e-01
9.628195166587829590e-01 -1.169846892356872559e+00 -1.302372813224792480e+00 4.120777547359466553e-01 7.601879239082336426e-01 1.183882951736450195e+00 1.575258970260620117e-01 -5.190877318382263184e-01 -2.372473627328872681e-01 -5.097506642341613770e-01
8.990967869758605957e-01 -1.191031694412231445e+00 -1.312554717063903809e+00 3.406048417091369629e-01 7.508861422538757324e-01 1.173888087272644043e+00 1.665428876876831055e-01 -5.200722813606262207e-01 -2.506980001926422119e-01 -5.353731513023376465e-01
2.989667057991027832e-01 -1.511899709701538086e+00 -9.682098627090454102e-01 4.681059718132019043e-01 5.828162431716918945e-01 1.080359339714050293e+00 5.194047689437866211e-01 -5.950682759284973145e-01 -3.156677186489105225e-01 1.145971417427062988e-01
2.700105309486389160e-01 -1.473371148109436035e+00 -9.228827953338623047e-01 5.180093050003051758e-01 5.953897833824157715e-01 1.085961103439331055e+00 5.454081892967224121e-01 -6.195816397666931152e-01 -2.855853438377380371e-01 2.244943380355834961e-01
2.579486370086669922e-01 -1.458921670913696289e+00 -9.090200066566467285e-01 5.022063255310058594e-01 5.892401933670043945e-01 1.074222207069396973e+00 5.488372445106506348e-01 -6.152657866477966309e-01 -2.824029326438903809e-01 2.224404811859130859e-01
2.741703987121582031e-01 -1.478951692581176758e+00 -9.187914133071899414e-01 5.234618186950683594e-01 5.879301428794860840e-01 1.092782139778137207e+00 5.486952066421508789e-01 -6.133980154991149902e-01 -2.898500859737396240e-01 2.175196409225463867e-01
2.519278824329376221e-01 -1.386554241180419922e+00 -8.805047273635864258e-01 4.552089571952819824e-01 5.974783301353454590e-01 1.070821523666381836e+00 5.502457618713378906e-01 -5.729294419288635254e-01 -2.410862594842910767e-01 2.291988134384155273e-01
7.088545560836791992e-01 -1.423263907432556152e+00 -1.402187943458557129e+00 3.549132645130157471e-01 5.406054854393005371e-01 9.513524174690246582e-01 3.921561241149902344e-01 -6.801148056983947754e-01 -5.103272199630737305e-01 2.111576795578002930e-01
8.673489093780517578e-01 -1.373438954353332520e+00 -1.580362200736999512e+00 2.607840001583099365e-01 4.867061674594879150e-01 9.923925399780273438e-01 3.123763203620910645e-01 -7.140502333641052246e-01 -6.229885220527648926e-01 2.224273085594177246e-01
6.422504782676696777e-01 -8.150659203529357910e-01 -1.684313178062438965e+00 1.751886904239654541e-01 6.594138741493225098e-01 8.956803083419799805e-01 2.277842164039611816e-01 -4.230052530765533447e-01 -5.533946156501770020e-01 -1.821630820631980896e-02
2.613714933395385742e-01 -5.289760828018188477e-01 -1.519819140434265137e+00 3.809678256511688232e-01 8.500468134880065918e-01 5.682306289672851562e-01 2.273782491683959961e-01 -2.396518439054489136e-01 -3.780296146869659424e-01 -4.868757352232933044e-02
2.187642008066177368e-01 -6.174201369285583496e-01 -1.465895771980285645e+00 3.493127226829528809e-01 8.986808657646179199e-01 5.228551030158996582e-01 1.122313458472490311e-02 -3.104525506496429443e-01 -3.791369497776031494e-01 6.112519279122352600e-02
