3.632634878158569336e-01 -1.898653060197830200e-01 4.073540568351745605e-01 2.462893873453140259e-01 -2.703900635242462158e-01 7.833730578422546387e-01 2.962867617607116699e-01 -7.821357846260070801e-01 1.413354128599166870e-01 -4.932694435119628906e-01
3.664320707321166992e-01 -1.814515739679336548e-01 4.022312462329864502e-01 2.507384121417999268e-01 -2.711431384086608887e-01 7.718804478645324707e-01 2.669143676757812500e-01 -7.748589515686035156e-01 1.318327933549880981e-01 -5.249913334846496582e-01
3.774017691612243652e-01 -1.814395338296890259e-01 4.169035851955413818e-01 2.622748911380767822e-01 -2.735419571399688721e-01 7.536721825599670410e-01 2.765724062919616699e-01 -7.728970646858215332e-01 1.278698742389678955e-01 -5.021272897720336914e-01
3.688283562660217285e-01 -2.231118828058242798e-01 3.897165656089782715e-01 2.200745046138763428e-01 -2.855387032032012939e-01 7.458527684211730957e-01 3.342661857604980469e-01 -7.667633891105651855e-01 1.543448120355606079e-01 -4.641991853713989258e-01
3.218660652637481689e-01 -2.588413357734680176e-01 3.493134975433349609e-01 1.747425645589828491e-01 -3.030363023281097412e-01 7.359907627105712891e-01 4.147745966911315918e-01 -7.948947548866271973e-01 1.896327137947082520e-01 -3.992906510829925537e-01
1.866770833730697632e-01 -2.578985095024108887e-01 3.599428832530975342e-01 1.392186284065246582e-01 -3.533261120319366455e-01 7.983126044273376465e-01 5.564126968383789062e-01 -7.957832813262939453e-01 2.124480754137039185e-01 -2.561024129390716553e-01
3.032175824046134949e-02 -1.700037270784378052e-01 4.414816796779632568e-01 2.612710893154144287e-01 -4.675913155078887939e-01 6.352397203445434570e-01 9.515902400016784668e-01 -8.393633961677551270e-01 3.185046315193176270e-01 -1.436735987663269043e-01
6.545726954936981201e-02 -4.888357222080230713e-02 4.444940388202667236e-01 3.421476781368255615e-01 -7.042762041091918945e-01 5.911999344825744629e-01 9.203287959098815918e-01 -8.703722953796386719e-01 4.423925280570983887e-01 -2.474888265132904053e-01
1.899801045656204224e-01 -1.466514170169830322e-02 4.771718978881835938e-01 3.547869026660919189e-01 -7.069210410118103027e-01 6.282741427421569824e-01 6.192241311073303223e-01 -8.586441874504089355e-01 3.864784836769104004e-01 -3.709454834461212158e-01
3.946624323725700378e-02 6.462703645229339600e-02 2.733021080493927002e-01 3.259165883064270020e-01 -5.841538906097412109e-01 5.504627823829650879e-01 8.880214095115661621e-01 -8.956640362739562988e-01 6.768437623977661133e-01 -3.525026142597198486e-01
4.044130146503448486e-01 3.291679024696350098e-01 6.935549378395080566e-01 5.923081636428833008e-01 -2.493535280227661133e+00 -1.864555627107620239e-01 -1.149208188056945801e+00 -3.089844584465026855e-01 6.655328869819641113e-01 -6.627616286277770996e-01
7.340476512908935547e-01 -7.384736835956573486e-02 1.342404961585998535e+00 7.518848180770874023e-01 -1.419870138168334961e+00 -6.288024783134460449e-01 -1.729546904563903809e+00 -5.819309353828430176e-01 4.474083781242370605e-01 -4.107524752616882324e-01
6.960517168045043945e-01 -6.318540871143341064e-02 1.498747467994689941e+00 5.806410312652587891e-01 -1.031505823135375977e+00 -6.632037162780761719e-01 -1.590395569801330566e+00 -5.337899923324584961e-01 4.178345203399658203e-01 -3.698431849479675293e-01
7.068935036659240723e-01 -6.357373297214508057e-02 1.495241761207580566e+00 5.828848481178283691e-01 -1.029557466506958008e+00 -6.569782495498657227e-01 -1.581846594810485840e+00 -5.437026023864746094e-01 4.162176847457885742e-01 -3.702582120895385742e-01
6.932829618453979492e-01 -6.687541306018829346e-02 1.487476468086242676e+00 5.885066986083984375e-01 -1.035887598991394043e+00 -6.655732989311218262e-01 -1.582479476928710938e+00 -5.537478327751159668e-01 4.213908910751342773e-01 -3.739753365516662598e-01
7.002054452896118164e-01 1.709647625684738159e-01 1.214019775390625000e+00 6.756510138511657715e-01 -1.149889588356018066e+00 -6.110402345657348633e-01 -1.384027242660522461e+00 -6.840909123420715332e-01 7.992458939552307129e-01 -5.709550976753234863e-01
7.057745456695556641e-01 1.808326095342636108e-01 1.228992104530334473e+00 6.802360415458679199e-01 -1.136900663375854492e+00 -6.156671643257141113e-01 -1.388010382652282715e+00 -6.846998333930969238e-01 7.963736653327941895e-01 -5.820910334587097168e-01
7.085835337638854980e-01 1.823578923940658569e-01 1.230908513069152832e+00 6.846714615821838379e-01 -1.148413658142089844e+00 -6.154754757881164551e-01 -1.378684759140014648e+00 -6.997836232185363770e-01 8.008243441581726074e-01 -5.707362890243530273e-01
7.003898024559020996e-01 1.753400415182113647e-01 1.229970216751098633e+00 6.901338696479797363e-01 -1.133998870849609375e+00 -6.247398853302001953e-01 -1.382855176925659180e+00 -6.818149685859680176e-01 7.961230278015136719e-01 -5.823969244956970215e-01
7.012477517127990723e-01 1.818065494298934937e-01 1.235874772071838379e+00 6.860055327415466309e-01 -1.135727167129516602e+00 -6.125774383544921875e-01 -1.390042662620544434e+00 -6.824779510498046875e-01 7.931890487670898438e-01 -5.814636349678039551e-01
7.182455062866210938e-01 1.454413980245590210e-01 1.290794968605041504e+00 7.109048366546630859e-01 -1.099807024002075195e+00 -5.077797174453735352e-01 -1.172122478485107422e+00 -7.249475121498107910e-01 9.263011813163757324e-01 -4.973458051681518555e-01
5.030866265296936035e-01 2.463670819997787476e-01 1.772050738334655762e+00 6.914284229278564453e-01 -1.104536056518554688e+00 -5.610734224319458008e-01 -8.738338947296142578e-02 -7.840728759765625000e-01 1.686191439628601074e+00 -3.237352371215820312e-01
5.017113089561462402e-01 -5.241431295871734619e-02 2.011624336242675781e+00 7.262779474258422852e-01 -1.172805309295654297e+00 -6.322824358940124512e-01 1.718244254589080811e-01 -8.526711463928222656e-01 9.933491349220275879e-01 8.919958025217056274e-03
4.389154314994812012e-01 7.098256051540374756e-02 1.929781317710876465e+00 7.067982554435729980e-01 -1.224752426147460938e+00 -6.171433329582214355e-01 2.225538492202758789e-01 -8.279998898506164551e-01 1.182440638542175293e+00 -5.925607308745384216e-02
3.332174420356750488e-01 -5.871071945875883102e-03 1.784875869750976562e+00 6.238637566566467285e-01 -1.186456680297851562e+00 -6.116946339607238770e-01 3.226733803749084473e-01 -7.743957638740539551e-01 1.131343960762023926e+00 -2.205139026045799255e-02
3.208442926406860352e-01 -1.934595853090286255e-01 1.933649778366088867e+00 5.717765092849731445e-01 -1.163653373718261719e+00 -5.640038251876831055e-01 3.261496424674987793e-01 -7.147625684738159180e-01 8.346016407012939453e-01 1.778393387794494629e-01
