3.265283703804016113e-01 1.103471368551254272e-01 6.007938981056213379e-01 3.282582759857177734e-02 -1.832682490348815918e-01 3.793159127235412598e-01 8.114933371543884277e-01 -6.838032603263854980e-01 -7.705251872539520264e-02 -8.959195017814636230e-01
3.468665480613708496e-01 1.416804045438766479e-01 5.992016196250915527e-01 1.582652144134044647e-02 -1.417042464017868042e-01 3.682356476783752441e-01 7.800616621971130371e-01 -6.895610690116882324e-01 -4.319848865270614624e-02 -9.230521321296691895e-01
3.456141352653503418e-01 1.346515268087387085e-01 5.974642038345336914e-01 2.356311492621898651e-02 -1.598518043756484985e-01 3.418203592300415039e-01 7.830993533134460449e-01 -6.914403438568115234e-01 -3.951387107372283936e-02 -9.017205834388732910e-01
2.857716679573059082e-01 1.474371999502182007e-01 5.715130567550659180e-01 6.195876002311706543e-02 -1.957865953445434570e-01 3.951603770256042480e-01 8.103136420249938965e-01 -6.869943737983703613e-01 -4.958604276180267334e-02 -8.893381953239440918e-01
2.050768882036209106e-01 1.470105499029159546e-01 5.254113674163818359e-01 9.966740012168884277e-02 -2.329333871603012085e-01 4.648550748825073242e-01 8.279401659965515137e-01 -6.579661965370178223e-01 -3.522292524576187134e-02 -8.904087543487548828e-01
1.925070136785507202e-01 1.896636337041854858e-01 5.407517552375793457e-01 1.011873632669448853e-01 -2.129165083169937134e-01 5.388622283935546875e-01 8.149936199188232422e-01 -6.350292563438415527e-01 -2.398205548524856567e-02 -9.540665149688720703e-01
2.423748522996902466e-01 1.729568094015121460e-01 5.918976068496704102e-01 1.562863290309906006e-01 -2.764665782451629639e-01 5.316639542579650879e-01 7.758994102478027344e-01 -6.651076674461364746e-01 -9.468059241771697998e-02 -1.021098971366882324e+00
3.242138624191284180e-01 1.348692625761032104e-01 6.213723421096801758e-01 1.592421233654022217e-01 -2.608765661716461182e-01 4.553459882736206055e-01 7.373158335685729980e-01 -7.444109916687011719e-01 -1.603727042675018311e-01 -9.618723392486572266e-01
3.678001761436462402e-01 1.114170402288436890e-01 5.853196382522583008e-01 1.691895537078380585e-02 -1.992415040731430054e-01 3.603733181953430176e-01 6.933767199516296387e-01 -7.152000069618225098e-01 -1.122256666421890259e-01 -9.108762145042419434e-01
3.691811263561248779e-01 1.108753532171249390e-01 5.783809423446655273e-01 -6.178290583193302155e-03 -1.803407073020935059e-01 3.398400545120239258e-01 6.829815506935119629e-01 -6.998900175094604492e-01 -1.049436852335929871e-01 -9.043456315994262695e-01
3.671662807464599609e-01 1.113549321889877319e-01 5.793987512588500977e-01 -1.405572984367609024e-02 -1.844682544469833374e-01 3.374975919723510742e-01 6.738397479057312012e-01 -7.075971961021423340e-01 -1.083710342645645142e-01 -9.213808178901672363e-01
3.705331981182098389e-01 1.105286329984664917e-01 5.765177011489868164e-01 -6.684244610369205475e-03 -1.830663084983825684e-01 3.391639590263366699e-01 6.861175298690795898e-01 -7.028904557228088379e-01 -9.866356104612350464e-02 -9.020602107048034668e-01
3.722775876522064209e-01 1.065343469381332397e-01 5.760502815246582031e-01 -6.247163750231266022e-03 -1.902304589748382568e-01 3.362075686454772949e-01 6.849036812782287598e-01 -7.126229405403137207e-01 -1.014662012457847595e-01 -9.066282510757446289e-01
2.902367413043975830e-01 3.798947203904390335e-03 6.329962611198425293e-01 1.145716905593872070e-01 -3.436069190502166748e-01 4.411764740943908691e-01 7.335337996482849121e-01 -6.005599498748779297e-01 -2.765564620494842529e-01 -8.850428462028503418e-01
2.509571611881256104e-01 -7.733699083328247070e-01 1.136457800865173340e+00 2.770151793956756592e-01 -1.134994864463806152e+00 -7.217027246952056885e-02 5.485092401504516602e-01 -1.234805703163146973e+00 -7.536465525627136230e-01 5.240275263786315918e-01
4.247625470161437988e-01 -6.182775497436523438e-01 -7.041992247104644775e-02 -2.223443090915679932e-01 6.803981661796569824e-01 -9.966589808464050293e-01 -1.735170483589172363e-01 -8.513727784156799316e-01 -1.738216280937194824e+00 8.501214981079101562e-01
4.423045516014099121e-01 -5.734781622886657715e-01 -5.601947009563446045e-02 -7.702162861824035645e-02 7.274881005287170410e-01 -1.151051998138427734e+00 -1.667768955230712891e-01 -9.601491093635559082e-01 -1.771424531936645508e+00 7.959813475608825684e-01
4.412615299224853516e-01 -5.794534683227539062e-01 -4.191549122333526611e-02 -7.710582017898559570e-02 7.261105179786682129e-01 -1.141542434692382812e+00 -1.741693615913391113e-01 -9.647958278656005859e-01 -1.768311142921447754e+00 8.021129965782165527e-01
4.394787549972534180e-01 -5.822165012359619141e-01 -3.832681477069854736e-02 -8.159095048904418945e-02 7.300539612770080566e-01 -1.150255441665649414e+00 -1.812631487846374512e-01 -9.675667881965637207e-01 -1.777535200119018555e+00 7.886834740638732910e-01
4.425123333930969238e-01 -5.769942998886108398e-01 -4.903377592563629150e-02 -8.989283442497253418e-02 7.311373949050903320e-01 -1.143010854721069336e+00 -1.746817827224731445e-01 -9.689750671386718750e-01 -1.755535006523132324e+00 7.961401343345642090e-01
4.400963187217712402e-01 -5.791667103767395020e-01 -4.316569864749908447e-02 -7.633556425571441650e-02 7.282163500785827637e-01 -1.141020655632019043e+00 -1.756143569946289062e-01 -9.674004912376403809e-01 -1.775134205818176270e+00 7.943236231803894043e-01
4.386850595474243164e-01 -5.772287845611572266e-01 -4.042901098728179932e-02 -7.982748746871948242e-02 7.258034348487854004e-01 -1.140759944915771484e+00 -1.752498149871826172e-01 -9.732580780982971191e-01 -1.767251014709472656e+00 7.982692718505859375e-01
4.425663352012634277e-01 -5.804769396781921387e-01 -4.321114718914031982e-02 -8.470359444618225098e-02 7.298720479011535645e-01 -1.136607170104980469e+00 -1.798125505447387695e-01 -9.674556255340576172e-01 -1.777572274208068848e+00 7.950946688652038574e-01
5.452840924263000488e-01 -6.042158603668212891e-01 3.485780954360961914e-01 2.541047632694244385e-01 3.450684845447540283e-01 -1.118973970413208008e+00 4.714631661772727966e-02 -1.315708398818969727e+00 -1.368539333343505859e+00 9.231845140457153320e-01
5.452103614807128906e-01 -6.016657352447509766e-01 3.568515479564666748e-01 2.578609883785247803e-01 3.308015763759613037e-01 -1.124738216400146484e+00 4.058545455336570740e-02 -1.304912090301513672e+00 -1.353723406791687012e+00 9.189144968986511230e-01
5.411655902862548828e-01 -6.035473942756652832e-01 3.565015494823455811e-01 2.624851763248443604e-01 3.309255540370941162e-01 -1.120995640754699707e+00 4.891335591673851013e-02 -1.324182987213134766e+00 -1.344463586807250977e+00 9.313812851905822754e-01
5.481328964233398438e-01 -6.012852191925048828e-01 3.711896538734436035e-01 2.599981427192687988e-01 3.347435295581817627e-01 -1.121332168579101562e+00 4.860806092619895935e-02 -1.324115157127380371e+00 -1.357246756553649902e+00 9.238227605819702148e-01
5.423154830932617188e-01 -6.054953932762145996e-01 3.589209616184234619e-01 2.671020925045013428e-01 3.332172334194183350e-01 -1.118783593177795410e+00 4.262572154402732849e-02 -1.313895225524902344e+00 -1.351725578308105469e+00 9.258234500885009766e-01
5.450009107589721680e-01 -6.040761470794677734e-01 3.629218935966491699e-01 2.628051042556762695e-01 3.326182663440704346e-01 -1.124118208885192871e+00 5.399429425597190857e-02 -1.318121194839477539e+00 -1.345832705497741699e+00 9.221802353858947754e-01
5.018047690391540527e-01 -5.398654341697692871e-01 3.565558791160583496e-01 2.978962063789367676e-01 3.005708158016204834e-01 -1.113592267036437988e+00 6.961238384246826172e-02 -1.275625944137573242e+00 -1.270400881767272949e+00 9.309130311012268066e-01
2.958608865737915039e-01 -5.627740919589996338e-02 3.605522513389587402e-01 4.177914261817932129e-01 2.577662765979766846e-01 -9.590129256248474121e-01 3.752317428588867188e-01 -1.321368217468261719e+00 -9.258159995079040527e-01 1.169372797012329102e+00
-1.005220860242843628e-01 3.622915744781494141e-01 1.551963388919830322e-02 1.605413258075714111e-01 3.627088665962219238e-01 -9.211465716361999512e-01 1.416270136833190918e-01 -9.638802409172058105e-01 -1.287101507186889648e+00 8.317002654075622559e-01
-1.014081388711929321e-01 2.697627544403076172e-01 2.233572304248809814e-02 1.065551340579986572e-01 3.579213917255401611e-01 -9.645604491233825684e-01 9.341704845428466797e-02 -9.091374278068542480e-01 -1.286444664001464844e+00 7.730059623718261719e-01
-9.144191443920135498e-02 2.456389516592025757e-01 3.010620176792144775e-02 1.156060397624969482e-01 3.517031371593475342e-01 -9.773430228233337402e-01 7.813715934753417969e-02 -8.960846066474914551e-01 -1.286225438117980957e+00 7.615450620651245117e-01
-5.740087106823921204e-02 3.404493331909179688e-01 4.268766939640045166e-02 1.380852162837982178e-01 3.487113714218139648e-01 -9.114382863044738770e-01 2.062633633613586426e-01 -9.541402459144592285e-01 -1.210218429565429688e+00 9.082946181297302246e-01
-5.781631544232368469e-02 4.067156314849853516e-01 4.469235241413116455e-02 1.744389832019805908e-01 3.435257971286773682e-01 -9.068512916564941406e-01 2.549086213111877441e-01 -1.001904726028442383e+00 -1.187537431716918945e+00 9.766410589218139648e-01
-2.383154481649398804e-01 5.888604521751403809e-01 1.366511732339859009e-01 2.475943565368652344e-01 2.230467349290847778e-01 -8.897279500961303711e-01 2.279663085937500000e-01 -1.014020442962646484e+00 -9.976375102996826172e-01 9.201568961143493652e-01
-2.934080362319946289e-01 5.182880163192749023e-01 1.426132470369338989e-01 2.140409052371978760e-01 2.401568144559860229e-01 -8.537085652351379395e-01 1.907913088798522949e-01 -9.861953258514404297e-01 -9.717319011688232422e-01 7.981217503547668457e-01
