1.613688915967941284e-01 4.999508857727050781e-01 -3.157560527324676514e-02 -9.900924563407897949e-02 -1.535489112138748169e-01 3.593653440475463867e-01 7.092629671096801758e-01 -1.069275617599487305e+00 -1.935585141181945801e-01 -1.143254637718200684e-01
1.932978183031082153e-01 5.066369771957397461e-01 -7.286463677883148193e-02 -2.546516247093677521e-02 -1.809010058641433716e-01 2.764896154403686523e-01 7.167088985443115234e-01 -1.028620958328247070e+00 -1.569852232933044434e-01 -1.516419649124145508e-01
1.863928586244583130e-01 4.037407040596008301e-01 -5.073218047618865967e-02 -8.887033164501190186e-02 -1.493198424577713013e-01 4.032557606697082520e-01 7.729471325874328613e-01 -1.100026130676269531e+00 -2.336219400167465210e-01 -3.058427199721336365e-02
1.109885722398757935e-01 4.038980603218078613e-01 -6.994529068470001221e-02 -1.050354689359664917e-01 -2.148943692445755005e-01 4.030900597572326660e-01 8.052441477775573730e-01 -1.048926591873168945e+00 -3.018383681774139404e-01 3.290760889649391174e-02
7.161445915699005127e-02 4.471457600593566895e-01 -1.025107651948928833e-01 -9.114296734333038330e-02 -2.671708166599273682e-01 4.744593501091003418e-01 8.541015982627868652e-01 -1.047071933746337891e+00 -2.917450964450836182e-01 3.368813171982765198e-02
1.365515142679214478e-01 3.602036237716674805e-01 -5.742211639881134033e-02 -9.248189628124237061e-02 -2.706056535243988037e-01 4.585561156272888184e-01 7.944633364677429199e-01 -1.042774200439453125e+00 -3.692090809345245361e-01 7.474559545516967773e-02
2.213251143693923950e-01 2.120904773473739624e-01 -6.565854419022798538e-03 -3.846332430839538574e-02 -3.041926920413970947e-01 4.255732297897338867e-01 7.877956628799438477e-01 -1.046562433242797852e+00 -5.149884819984436035e-01 1.580894589424133301e-01
2.389806360006332397e-01 1.851914972066879272e-01 -3.741012513637542725e-02 -1.295375376939773560e-01 -2.302136272192001343e-01 2.809806466102600098e-01 6.204416155815124512e-01 -1.072487950325012207e+00 -5.117715001106262207e-01 1.844114661216735840e-01
2.391345351934432983e-01 2.023546546697616577e-01 -4.626934230327606201e-02 -1.537423282861709595e-01 -2.207129746675491333e-01 2.647910118103027344e-01 5.259191393852233887e-01 -1.049350380897521973e+00 -4.410744607448577881e-01 9.250319004058837891e-02
2.406329959630966187e-01 2.042479366064071655e-01 -5.654416978359222412e-02 -1.662818491458892822e-01 -2.145396471023559570e-01 2.624930739402770996e-01 5.262172818183898926e-01 -1.048272848129272461e+00 -4.402773678302764893e-01 7.757180929183959961e-02
2.391904443502426147e-01 2.144821733236312866e-01 -3.970845043659210205e-02 -1.761773824691772461e-01 -1.970621943473815918e-01 2.530220746994018555e-01 5.152850151062011719e-01 -1.050987720489501953e+00 -4.624854028224945068e-01 8.670455217361450195e-02
2.379243820905685425e-01 2.088242620229721069e-01 -4.536809027194976807e-02 -1.678906828165054321e-01 -1.933592855930328369e-01 2.444986552000045776e-01 5.174819231033325195e-01 -1.059027910232543945e+00 -4.513841569423675537e-01 8.648753166198730469e-02
2.522836029529571533e-01 2.063317149877548218e-01 -4.649923741817474365e-02 -1.775643974542617798e-01 -1.966326981782913208e-01 2.527170777320861816e-01 5.187291502952575684e-01 -1.050462961196899414e+00 -4.583637416362762451e-01 9.498596191406250000e-02
4.286698698997497559e-01 -4.616643488407135010e-02 -3.520615398883819580e-02 -1.525106132030487061e-01 -2.254499122500419617e-05 3.384997248649597168e-01 8.539022207260131836e-01 -1.136762142181396484e+00 -5.886620879173278809e-01 2.765613794326782227e-01
8.042562007904052734e-01 -2.114977389574050903e-01 -8.146457374095916748e-02 -3.047657907009124756e-01 -1.146622747182846069e-01 2.222460955381393433e-01 -9.968924522399902344e-02 -9.415730834007263184e-01 -9.689764976501464844e-01 -3.278630599379539490e-02
8.143367171287536621e-01 -2.044392973184585571e-01 -9.057997167110443115e-02 -2.876445353031158447e-01 -1.148814707994461060e-01 2.234760969877243042e-01 -1.060646772384643555e-01 -9.260925650596618652e-01 -9.750593304634094238e-01 -3.965103253722190857e-02
8.485631346702575684e-01 -2.134682685136795044e-01 -9.894739091396331787e-02 -2.913722693920135498e-01 -1.193006038665771484e-01 2.221775501966476440e-01 -1.826739907264709473e-01 -9.339860677719116211e-01 -9.921745657920837402e-01 -5.805295333266258240e-02
8.527367115020751953e-01 -2.176956087350845337e-01 -9.504516422748565674e-02 -2.931896746158599854e-01 -1.126827448606491089e-01 2.143702358007431030e-01 -1.808143258094787598e-01 -9.320681691169738770e-01 -9.928506016731262207e-01 -5.612974986433982849e-02
8.302776217460632324e-01 -2.130491882562637329e-01 -1.044912189245223999e-01 -2.891744971275329590e-01 -1.167917400598526001e-01 2.126970142126083374e-01 -1.662831902503967285e-01 -9.310986995697021484e-01 -9.867298007011413574e-01 -4.992633685469627380e-02
8.445677161216735840e-01 -2.155518084764480591e-01 -1.021119207143783569e-01 -2.887399494647979736e-01 -1.170036643743515015e-01 2.157841771841049194e-01 -1.529231667518615723e-01 -9.324434399604797363e-01 -9.869273900985717773e-01 -4.496729001402854919e-02
8.461180925369262695e-01 -2.156616002321243286e-01 -1.003818064928054810e-01 -2.959571778774261475e-01 -1.187404245138168335e-01 2.121935933828353882e-01 -1.726519465446472168e-01 -9.356620907783508301e-01 -9.816005825996398926e-01 -4.554384574294090271e-02
8.391595482826232910e-01 -2.127406150102615356e-01 -1.026166528463363647e-01 -2.924944460391998291e-01 -1.250702440738677979e-01 2.117982357740402222e-01 -1.710953116416931152e-01 -9.311178326606750488e-01 -9.823080897331237793e-01 -5.172299966216087341e-02
8.405293226242065430e-01 -2.125548273324966431e-01 -9.941630065441131592e-02 -2.959483563899993896e-01 -1.257234662771224976e-01 2.188513725996017456e-01 -1.795490980148315430e-01 -9.363483786582946777e-01 -9.905760288238525391e-01 -5.746024474501609802e-02
2.242538481950759888e-01 -5.801445841789245605e-01 -1.585655212402343750e-01 -1.725575514137744904e-02 -1.451224535703659058e-01 1.455618590116500854e-01 -6.612422466278076172e-01 -1.492971062660217285e+00 -1.734510898590087891e+00 -5.242452025413513184e-01
-3.883253410458564758e-02 -6.827148199081420898e-01 -2.164000123739242554e-01 5.725446343421936035e-02 -2.880382835865020752e-01 4.090680480003356934e-01 1.019808650016784668e-01 -1.163510441780090332e+00 -1.856698393821716309e+00 -4.697184562683105469e-01
-3.807159140706062317e-02 -6.814017295837402344e-01 -2.086436003446578979e-01 7.555988430976867676e-02 -2.809317111968994141e-01 3.948875665664672852e-01 1.069290637969970703e-01 -1.158218026161193848e+00 -1.855749726295471191e+00 -4.506738185882568359e-01
-3.256152942776679993e-02 -6.776278018951416016e-01 -2.186034470796585083e-01 7.846727967262268066e-02 -2.796577215194702148e-01 3.997270464897155762e-01 1.153466701507568359e-01 -1.157702922821044922e+00 -1.857449531555175781e+00 -4.564428329467773438e-01
-3.491197898983955383e-02 -6.787770986557006836e-01 -2.186041921377182007e-01 7.836356759071350098e-02 -2.795410752296447754e-01 3.959521651268005371e-01 1.121162772178649902e-01 -1.158259510993957520e+00 -1.848054289817810059e+00 -4.454830884933471680e-01
-3.740512207150459290e-02 -6.772811412811279297e-01 -2.046134918928146362e-01 8.124247193336486816e-02 -2.777783274650573730e-01 4.062591791152954102e-01 1.001484394073486328e-01 -1.152953267097473145e+00 -1.859460711479187012e+00 -4.519221782684326172e-01
-5.881785228848457336e-02 -5.138238668441772461e-01 -2.746701240539550781e-01 7.090452313423156738e-02 -3.099248111248016357e-01 5.118649601936340332e-01 3.556551337242126465e-01 -1.148769855499267578e+00 -1.727465510368347168e+00 -4.888164997100830078e-01
-2.277965545654296875e-01 -2.349372208118438721e-02 -3.981271982192993164e-01 1.152817308902740479e-01 -4.689531028270721436e-01 7.215774059295654297e-01 6.302006840705871582e-01 -1.135881185531616211e+00 -1.516255736351013184e+00 -7.617922425270080566e-01
-3.449359536170959473e-01 6.343267858028411865e-02 -3.641800582408905029e-01 9.360650181770324707e-02 -6.332412958145141602e-01 5.136574506759643555e-01 3.311970829963684082e-01 -1.106634616851806641e+00 -1.651213645935058594e+00 -7.595544457435607910e-01
-3.606768846511840820e-01 8.745323121547698975e-02 -3.552699685096740723e-01 7.082095742225646973e-02 -6.340765953063964844e-01 4.967840909957885742e-01 3.012005686759948730e-01 -1.105819702148437500e+00 -1.629318594932556152e+00 -7.769692540168762207e-01
-3.589410483837127686e-01 7.772581279277801514e-02 -3.609220385551452637e-01 7.078459858894348145e-02 -6.395691037178039551e-01 4.875682592391967773e-01 2.907067537307739258e-01 -1.097618937492370605e+00 -1.635366439819335938e+00 -7.917470335960388184e-01
-3.798995018005371094e-01 1.588950008153915405e-01 -3.637671172618865967e-01 1.322859823703765869e-01 -6.287451386451721191e-01 5.780876278877258301e-01 5.304831862449645996e-01 -1.170905470848083496e+00 -1.573015332221984863e+00 -7.242857217788696289e-01
-4.959937930107116699e-01 4.294586777687072754e-01 -3.801007866859436035e-01 1.526269018650054932e-01 -6.342329382896423340e-01 7.371764183044433594e-01 6.614798903465270996e-01 -1.150881767272949219e+00 -1.341714501380920410e+00 -9.038089513778686523e-01
-5.792430639266967773e-01 5.195648670196533203e-01 -3.719985783100128174e-01 1.460871994495391846e-01 -6.387081146240234375e-01 6.947955489158630371e-01 5.402223467826843262e-01 -1.121390938758850098e+00 -1.233083128929138184e+00 -9.846661090850830078e-01
-5.833304524421691895e-01 5.082385540008544922e-01 -4.149961769580841064e-01 1.527937650680541992e-01 -6.146281957626342773e-01 6.566777229309082031e-01 5.540051460266113281e-01 -1.158486366271972656e+00 -1.199498534202575684e+00 -9.767497181892395020e-01
