2.512516975402832031e-01 1.341093629598617554e-01 6.063184142112731934e-01 7.053807377815246582e-02 -1.258515566587448120e-01 4.716275334358215332e-01 6.698994040489196777e-01 -1.311091661453247070e+00 -1.274124383926391602e-01 -7.571486234664916992e-01
2.514262199401855469e-01 1.380969136953353882e-01 6.141748428344726562e-01 7.366749644279479980e-02 -1.240175664424896240e-01 4.567130208015441895e-01 6.496778130531311035e-01 -1.312235951423645020e+00 -1.376751512289047241e-01 -7.849929332733154297e-01
2.636394500732421875e-01 1.382188647985458374e-01 6.264729499816894531e-01 8.860513567924499512e-02 -1.196267306804656982e-01 4.586523175239562988e-01 6.577011942863464355e-01 -1.296453356742858887e+00 -1.464069187641143799e-01 -7.724863290786743164e-01
2.591628730297088623e-01 1.042213290929794312e-01 5.800590515136718750e-01 7.350832223892211914e-02 -1.235328763723373413e-01 4.718202352523803711e-01 7.210392355918884277e-01 -1.295426130294799805e+00 -1.202316656708717346e-01 -7.468244433403015137e-01
2.198462635278701782e-01 5.292938649654388428e-02 5.237674713134765625e-01 3.278967738151550293e-02 -1.424289643764495850e-01 4.716152548789978027e-01 8.193255662918090820e-01 -1.308867096900939941e+00 -6.161903589963912964e-02 -6.615156531333923340e-01
9.574326872825622559e-02 3.134857118129730225e-02 5.076983571052551270e-01 2.151283435523509979e-02 -1.706043779850006104e-01 4.900644421577453613e-01 9.841736555099487305e-01 -1.243360877037048340e+00 2.432629466056823730e-03 -4.871544241905212402e-01
-3.173303976655006409e-02 1.370575278997421265e-01 5.566389560699462891e-01 1.188697516918182373e-01 -2.148078829050064087e-01 3.634988665580749512e-01 1.342505097389221191e+00 -1.281333088874816895e+00 1.391388922929763794e-01 -3.316974341869354248e-01
-5.089644342660903931e-03 2.760621309280395508e-01 5.772238969802856445e-01 1.550916433334350586e-01 -3.776634037494659424e-01 3.399708271026611328e-01 1.324321508407592773e+00 -1.286984324455261230e+00 2.558069527149200439e-01 -4.331821799278259277e-01
1.010836213827133179e-01 3.279035091400146484e-01 6.214625835418701172e-01 1.213438659906387329e-01 -4.114802777767181396e-01 3.537547588348388672e-01 1.012453436851501465e+00 -1.309391021728515625e+00 2.012185603380203247e-01 -6.210449934005737305e-01
-4.999024793505668640e-02 3.774658441543579102e-01 3.708541393280029297e-01 1.606122404336929321e-01 -2.222677320241928101e-01 3.570653200149536133e-01 1.215612292289733887e+00 -1.352480173110961914e+00 4.542309641838073730e-01 -6.204415559768676758e-01
1.299547106027603149e-01 7.215884923934936523e-01 7.862017750740051270e-01 3.126224279403686523e-01 -2.258332490921020508e+00 -2.934114336967468262e-01 -7.762247920036315918e-01 -5.517788529396057129e-01 4.510674476623535156e-01 -9.305191040039062500e-01
2.855971455574035645e-01 2.126596421003341675e-01 1.410913467407226562e+00 4.038687944412231445e-01 -1.000338792800903320e+00 -1.073991894721984863e+00 -1.363851428031921387e+00 -9.313625097274780273e-01 1.914429813623428345e-01 -6.172491908073425293e-01
2.770306169986724854e-01 1.641526073217391968e-01 1.459271073341369629e+00 4.016658961772918701e-01 -7.322353720664978027e-01 -1.146209239959716797e+00 -1.337137103080749512e+00 -9.075072407722473145e-01 2.091136276721954346e-01 -5.864877104759216309e-01
2.657318115234375000e-01 1.619721502065658569e-01 1.464200139045715332e+00 3.978674709796905518e-01 -7.269021868705749512e-01 -1.146611690521240234e+00 -1.352336287498474121e+00 -9.038164615631103516e-01 2.081816941499710083e-01 -5.872908234596252441e-01
2.616892457008361816e-01 1.615793555974960327e-01 1.458619952201843262e+00 3.949079215526580811e-01 -7.313473820686340332e-01 -1.152572751045227051e+00 -1.334293365478515625e+00 -9.093714952468872070e-01 2.098601907491683960e-01 -5.974785089492797852e-01
2.579669952392578125e-01 4.304772019386291504e-01 1.206852793693542480e+00 4.999392330646514893e-01 -7.726457715034484863e-01 -1.204777121543884277e+00 -1.130151867866516113e+00 -1.124342322349548340e+00 5.537106394767761230e-01 -8.197579383850097656e-01
2.615294158458709717e-01 4.299119710922241211e-01 1.197303414344787598e+00 5.010647773742675781e-01 -7.696767449378967285e-01 -1.207370996475219727e+00 -1.115050315856933594e+00 -1.130577206611633301e+00 5.595524907112121582e-01 -8.163312077522277832e-01
2.725930809974670410e-01 4.101818799972534180e-01 1.181192159652709961e+00 5.272549390792846680e-01 -7.891055941581726074e-01 -1.203693509101867676e+00 -1.139597535133361816e+00 -1.139272570610046387e+00 5.759260058403015137e-01 -8.186902403831481934e-01
2.745350599288940430e-01 4.200103282928466797e-01 1.174504160881042480e+00 5.328647494316101074e-01 -7.886093258857727051e-01 -1.203881978988647461e+00 -1.142981410026550293e+00 -1.138426780700683594e+00 5.828199982643127441e-01 -8.142675757408142090e-01
2.740441560745239258e-01 4.217187166213989258e-01 1.186467051506042480e+00 5.232334136962890625e-01 -7.899787425994873047e-01 -1.197795867919921875e+00 -1.135857582092285156e+00 -1.135603189468383789e+00 5.735366940498352051e-01 -8.194218873977661133e-01
2.892912924289703369e-01 3.934687376022338867e-01 1.242367625236511230e+00 5.543770790100097656e-01 -7.578312158584594727e-01 -1.096100091934204102e+00 -9.515902400016784668e-01 -1.161988496780395508e+00 6.797767281532287598e-01 -7.610055804252624512e-01
2.334748506546020508e-01 4.774404168128967285e-01 1.673488616943359375e+00 5.340411067008972168e-01 -7.576203942298889160e-01 -1.117922544479370117e+00 -7.591265439987182617e-02 -1.237768173217773438e+00 1.330845236778259277e+00 -5.398102402687072754e-01
1.810414195060729980e-01 2.323988527059555054e-01 1.879243254661560059e+00 5.019503831863403320e-01 -7.475112080574035645e-01 -1.214961051940917969e+00 2.403761148452758789e-01 -1.249866247177124023e+00 6.963893175125122070e-01 -2.254039645195007324e-01
1.507226973772048950e-01 3.547410964965820312e-01 1.799571633338928223e+00 4.738430380821228027e-01 -7.876081466674804688e-01 -1.198455572128295898e+00 2.890983223915100098e-01 -1.249974727630615234e+00 8.723823428153991699e-01 -2.890949845314025879e-01
6.215364113450050354e-02 2.705554962158203125e-01 1.654551506042480469e+00 4.085890948772430420e-01 -7.417471408843994141e-01 -1.178723812103271484e+00 3.812794685363769531e-01 -1.199525833129882812e+00 8.276811242103576660e-01 -2.469899654388427734e-01
3.669156506657600403e-02 9.111498296260833740e-02 1.778094410896301270e+00 3.833274543285369873e-01 -7.440945506095886230e-01 -1.131196022033691406e+00 3.982623815536499023e-01 -1.119094014167785645e+00 5.750083923339843750e-01 -5.073743686079978943e-02
