3.402091264724731445e-01 -2.544578909873962402e-01 3.211511671543121338e-01 2.702475786209106445e-01 -5.808140635490417480e-01 9.137437939643859863e-01 2.497756481170654297e-01 -1.056658625602722168e+00 1.735805124044418335e-01 -4.384129941463470459e-01
3.517978191375732422e-01 -2.440176159143447876e-01 3.346000015735626221e-01 2.997474372386932373e-01 -5.729191899299621582e-01 8.942428231239318848e-01 2.321688532829284668e-01 -1.079095125198364258e+00 1.686123758554458618e-01 -4.513615369796752930e-01
3.498652279376983643e-01 -2.477668672800064087e-01 3.334788084030151367e-01 2.896378040313720703e-01 -5.751631855964660645e-01 8.509081006050109863e-01 2.411873936653137207e-01 -1.077761650085449219e+00 1.602122336626052856e-01 -4.471909105777740479e-01
3.400796353816986084e-01 -2.762992382049560547e-01 3.182417452335357666e-01 2.536341845989227295e-01 -5.839132666587829590e-01 8.694685101509094238e-01 2.825813889503479004e-01 -1.051974058151245117e+00 1.740878075361251831e-01 -4.226846098899841309e-01
2.910143733024597168e-01 -3.249151706695556641e-01 2.704914212226867676e-01 2.196903377771377563e-01 -5.848610997200012207e-01 8.399332165718078613e-01 3.623991012573242188e-01 -1.093777775764465332e+00 2.140278518199920654e-01 -3.480796217918395996e-01
1.770909726619720459e-01 -3.338350057601928711e-01 2.814591228961944580e-01 1.708169281482696533e-01 -6.096950769424438477e-01 8.523338437080383301e-01 5.086956024169921875e-01 -1.079943776130676270e+00 2.492665499448776245e-01 -2.234942018985748291e-01
2.338882908225059509e-02 -2.329635173082351685e-01 4.010797739028930664e-01 2.812805175781250000e-01 -7.254956364631652832e-01 7.619671821594238281e-01 8.552615046501159668e-01 -1.140869498252868652e+00 3.374507427215576172e-01 -1.053512096405029297e-01
5.073625966906547546e-02 -1.138229519128799438e-01 3.524022400379180908e-01 3.383188545703887939e-01 -9.435527920722961426e-01 6.560220718383789062e-01 8.724832534790039062e-01 -1.202313303947448730e+00 4.772422909736633301e-01 -2.279599308967590332e-01
1.659837812185287476e-01 -3.361226618289947510e-02 3.935986757278442383e-01 3.763799369335174561e-01 -1.015844225883483887e+00 6.942918300628662109e-01 6.265747547149658203e-01 -1.223183989524841309e+00 4.302669763565063477e-01 -3.446448147296905518e-01
1.776430457830429077e-01 -5.422224104404449463e-02 4.094695746898651123e-01 3.798961937427520752e-01 -1.000592112541198730e+00 6.938635706901550293e-01 5.784829854965209961e-01 -1.213444590568542480e+00 4.005829691886901855e-01 -3.346399366855621338e-01
1.766726225614547729e-01 -5.084110796451568604e-02 4.091585874557495117e-01 3.787960708141326904e-01 -9.968924522399902344e-01 6.961646080017089844e-01 5.751916766166687012e-01 -1.214163303375244141e+00 3.960544764995574951e-01 -3.430925905704498291e-01
1.820041686296463013e-01 -5.070449411869049072e-02 4.081480503082275391e-01 3.737385272979736328e-01 -1.007907986640930176e+00 7.083128690719604492e-01 5.779673457145690918e-01 -1.224621415138244629e+00 3.957762718200683594e-01 -3.352044820785522461e-01
1.756889373064041138e-01 -5.708540976047515869e-02 4.029298722743988037e-01 3.687761127948760986e-01 -1.012606859207153320e+00 6.944380402565002441e-01 5.653716921806335449e-01 -1.227965354919433594e+00 3.959460258483886719e-01 -3.349212706089019775e-01
5.906059965491294861e-02 -5.511440336704254150e-02 2.658821642398834229e-01 3.539199531078338623e-01 -9.478811025619506836e-01 6.394745707511901855e-01 8.389253020286560059e-01 -1.232720136642456055e+00 5.920817255973815918e-01 -3.072054386138916016e-01
2.586141824722290039e-01 4.131164550781250000e-01 5.377818942070007324e-01 5.019431710243225098e-01 -2.430678606033325195e+00 1.279966682195663452e-01 -7.164215445518493652e-01 -5.651938915252685547e-01 7.782986760139465332e-01 -6.991181969642639160e-01
6.987986564636230469e-01 6.197367608547210693e-02 1.328386068344116211e+00 6.221547722816467285e-01 -1.429816246032714844e+00 -6.550709009170532227e-01 -1.612460374832153320e+00 -9.350559711456298828e-01 5.385125279426574707e-01 -4.070906639099121094e-01
7.069345712661743164e-01 -9.266366064548492432e-02 1.481202483177185059e+00 5.896706581115722656e-01 -1.174380302429199219e+00 -6.833689212799072266e-01 -1.671048879623413086e+00 -8.590921759605407715e-01 4.351825416088104248e-01 -3.328573107719421387e-01
7.124165296554565430e-01 -9.705366194248199463e-02 1.471853613853454590e+00 5.778560042381286621e-01 -1.175284981727600098e+00 -6.825569272041320801e-01 -1.662925720214843750e+00 -8.563426733016967773e-01 4.356726109981536865e-01 -3.290873765945434570e-01
6.955776214599609375e-01 -9.827436506748199463e-02 1.469339013099670410e+00 5.763406753540039062e-01 -1.173024654388427734e+00 -6.836038231849670410e-01 -1.656317472457885742e+00 -8.566558361053466797e-01 4.368811249732971191e-01 -3.253368139266967773e-01
6.934114694595336914e-01 -9.529961645603179932e-02 1.479515433311462402e+00 5.746278762817382812e-01 -1.186508297920227051e+00 -6.855396032333374023e-01 -1.657614588737487793e+00 -8.578224778175354004e-01 4.326038360595703125e-01 -3.329682946205139160e-01
7.098156213760375977e-01 -1.001137644052505493e-01 1.479127049446105957e+00 5.790200233459472656e-01 -1.174007058143615723e+00 -6.762431263923645020e-01 -1.671844840049743652e+00 -8.559779524803161621e-01 4.304487109184265137e-01 -3.227602839469909668e-01
7.041422128677368164e-01 -1.046450287103652954e-01 1.468711018562316895e+00 5.795044302940368652e-01 -1.178601741790771484e+00 -6.828212738037109375e-01 -1.657971262931823730e+00 -8.560218214988708496e-01 4.390546977519989014e-01 -3.262568116188049316e-01
7.057002782821655273e-01 -9.544755518436431885e-02 1.477682471275329590e+00 5.730880498886108398e-01 -1.175946950912475586e+00 -6.780195832252502441e-01 -1.661557674407958984e+00 -8.614647984504699707e-01 4.345028102397918701e-01 -3.239133954048156738e-01
7.390775084495544434e-01 1.438926309347152710e-01 1.207236886024475098e+00 6.849598884582519531e-01 -1.264032840728759766e+00 -6.173949837684631348e-01 -1.436618208885192871e+00 -1.059421300888061523e+00 8.075550198554992676e-01 -5.231072306632995605e-01
7.288260459899902344e-01 1.363799422979354858e-01 1.213826417922973633e+00 6.751720309257507324e-01 -1.270394325256347656e+00 -6.075484156608581543e-01 -1.447690010070800781e+00 -1.040848135948181152e+00 8.120724558830261230e-01 -5.175202488899230957e-01
7.266994118690490723e-01 1.462507098913192749e-01 1.215710759162902832e+00 6.710939407348632812e-01 -1.265366792678833008e+00 -6.169782280921936035e-01 -1.434443950653076172e+00 -1.048529982566833496e+00 8.035836815834045410e-01 -5.126796364784240723e-01
7.237599492073059082e-01 1.492129415273666382e-01 1.216222286224365234e+00 6.732826828956604004e-01 -1.259907960891723633e+00 -6.150905489921569824e-01 -1.423717021942138672e+00 -1.049189805984497070e+00 8.126993775367736816e-01 -5.178150534629821777e-01
7.188271880149841309e-01 1.383175700902938843e-01 1.208735823631286621e+00 6.775815486907958984e-01 -1.260545253753662109e+00 -6.255952715873718262e-01 -1.434750914573669434e+00 -1.045465826988220215e+00 8.096200823783874512e-01 -5.223751664161682129e-01
7.297733426094055176e-01 1.426317542791366577e-01 1.219482302665710449e+00 6.829904913902282715e-01 -1.277031064033508301e+00 -6.151911616325378418e-01 -1.436670899391174316e+00 -1.054466247558593750e+00 8.120981454849243164e-01 -5.116009116172790527e-01
7.567734718322753906e-01 1.427723020315170288e-01 1.199953913688659668e+00 6.987608671188354492e-01 -1.253847479820251465e+00 -6.120870709419250488e-01 -1.351631164550781250e+00 -1.068922758102416992e+00 8.588951230049133301e-01 -5.100976228713989258e-01
5.635518431663513184e-01 3.479523062705993652e-01 1.469267487525939941e+00 7.219971418380737305e-01 -1.173665761947631836e+00 -5.086053013801574707e-01 -6.458649635314941406e-01 -1.153664350509643555e+00 1.624161362648010254e+00 -3.972513079643249512e-01
4.398083090782165527e-01 1.599131524562835693e-02 2.029061555862426758e+00 6.696078777313232422e-01 -1.290422439575195312e+00 -6.241555213928222656e-01 2.639419436454772949e-01 -1.149541616439819336e+00 1.088138699531555176e+00 -8.568521589040756226e-03
5.017350912094116211e-01 -1.606562286615371704e-01 2.070327758789062500e+00 8.984883427619934082e-01 -1.503594279289245605e+00 -6.121225953102111816e-01 9.623187780380249023e-02 -1.195381402969360352e+00 9.868170022964477539e-01 6.142402067780494690e-02
5.294344425201416016e-01 -1.727852970361709595e-01 2.020782470703125000e+00 9.115112423896789551e-01 -1.505002737045288086e+00 -6.159327030181884766e-01 3.988590463995933533e-02 -1.202263832092285156e+00 1.017531275749206543e+00 5.576932802796363831e-02
4.580444097518920898e-01 -3.879405558109283447e-02 1.882767558097839355e+00 8.724444508552551270e-01 -1.563007116317749023e+00 -6.190777420997619629e-01 1.220751404762268066e-01 -1.197768211364746094e+00 1.267863392829895020e+00 -1.700496301054954529e-02
3.514358997344970703e-01 -1.025238186120986938e-01 1.728633284568786621e+00 7.969768047332763672e-01 -1.506557226181030273e+00 -6.198233962059020996e-01 2.047184407711029053e-01 -1.139490365982055664e+00 1.255513191223144531e+00 -1.571911200881004333e-02
2.839555442333221436e-01 -3.047916293144226074e-01 1.811460852622985840e+00 7.059621810913085938e-01 -1.480396747589111328e+00 -5.548687577247619629e-01 2.138312757015228271e-01 -9.596028923988342285e-01 9.385208487510681152e-01 1.740637421607971191e-01
4.237675666809082031e-01 -4.317691326141357422e-01 1.999843001365661621e+00 7.448076009750366211e-01 -1.496387958526611328e+00 -5.150395631790161133e-01 1.237702369689941406e-01 -1.031969308853149414e+00 8.306297063827514648e-01 2.675306797027587891e-01
