3.181409835815429688e-01 1.503695100545883179e-01 6.278151273727416992e-01 2.543985545635223389e-01 -1.460334658622741699e-01 2.597464919090270996e-01 7.059822678565979004e-01 -1.262076973915100098e+00 -1.499025374650955200e-01 -7.765025496482849121e-01
2.916949391365051270e-01 1.049426645040512085e-01 6.455701589584350586e-01 2.737165987491607666e-01 -1.629551500082015991e-01 2.712278962135314941e-01 7.352902293205261230e-01 -1.279700994491577148e+00 -1.861688792705535889e-01 -7.070337533950805664e-01
4.025399982929229736e-01 -2.563495635986328125e-01 6.601608395576477051e-01 2.881977558135986328e-01 -2.994818985462188721e-01 3.647168278694152832e-01 1.049369454383850098e+00 -1.154323816299438477e+00 -3.670167028903961182e-01 -3.284541964530944824e-01
8.565782308578491211e-01 -5.915333032608032227e-01 6.307823657989501953e-01 1.085936129093170166e-01 -1.486219912767410278e-01 6.042922735214233398e-01 1.271227002143859863e+00 -1.421929955482482910e+00 -4.703601300716400146e-01 -2.217791676521301270e-01
8.870657682418823242e-01 -6.955731511116027832e-01 6.014123558998107910e-01 1.697241365909576416e-01 -2.068925648927688599e-01 6.162319183349609375e-01 1.374101519584655762e+00 -1.417395710945129395e+00 -5.097503066062927246e-01 -1.011320054531097412e-01
8.568124771118164062e-01 -7.033222317695617676e-01 5.936354398727416992e-01 1.492250859737396240e-01 -2.460892349481582642e-01 7.068928480148315430e-01 1.387689471244812012e+00 -1.404264688491821289e+00 -5.083331465721130371e-01 -9.267237782478332520e-02
8.619778156280517578e-01 -7.124072313308715820e-01 5.967965126037597656e-01 1.499395668506622314e-01 -2.458676546812057495e-01 7.117115855216979980e-01 1.398941636085510254e+00 -1.397123575210571289e+00 -5.114557147026062012e-01 -8.532434701919555664e-02
8.703543543815612793e-01 -7.043340206146240234e-01 5.932466983795166016e-01 1.635048687458038330e-01 -2.529869973659515381e-01 7.073184847831726074e-01 1.400478720664978027e+00 -1.393296360969543457e+00 -5.128002762794494629e-01 -8.776420354843139648e-02
8.626654744148254395e-01 -7.111966609954833984e-01 5.947593450546264648e-01 1.779923737049102783e-01 -2.358061522245407104e-01 6.792224645614624023e-01 1.407157063484191895e+00 -1.423857450485229492e+00 -4.960927665233612061e-01 -5.593791231513023376e-02
7.321449518203735352e-01 -6.361684799194335938e-01 4.468006193637847900e-01 2.173294126987457275e-01 -3.941079974174499512e-02 7.780675888061523438e-01 1.430271029472351074e+00 -1.353473424911499023e+00 -3.936203420162200928e-01 -2.369431257247924805e-01
5.154193639755249023e-01 -8.455761075019836426e-01 3.809766471385955811e-01 2.736065089702606201e-01 1.117959320545196533e-01 1.061447858810424805e+00 1.470105290412902832e+00 -1.093217372894287109e+00 -3.961824476718902588e-01 -4.621644616127014160e-01
1.040104746818542480e+00 -7.926031351089477539e-01 2.816286385059356689e-01 -6.091961264610290527e-02 1.033584356307983398e+00 6.178312301635742188e-01 6.826388835906982422e-01 -4.403949677944183350e-01 -1.090105295181274414e+00 -1.014091014862060547e+00
1.024778246879577637e+00 -7.522711753845214844e-01 3.035365641117095947e-01 -2.909717150032520294e-02 1.069912552833557129e+00 6.109996438026428223e-01 7.248680591583251953e-01 -4.295518696308135986e-01 -1.080420732498168945e+00 -9.531812071800231934e-01
1.031909704208374023e+00 -7.477671504020690918e-01 3.064845800399780273e-01 -1.704600639641284943e-02 1.063541650772094727e+00 6.041113138198852539e-01 7.195040583610534668e-01 -4.161770641803741455e-01 -1.075020432472229004e+00 -9.478887319564819336e-01
1.036033987998962402e+00 -7.489005327224731445e-01 3.061413764953613281e-01 -1.609996147453784943e-02 1.068917870521545410e+00 6.132280826568603516e-01 7.121686339378356934e-01 -4.164927899837493896e-01 -1.084765911102294922e+00 -9.660785198211669922e-01
5.688484311103820801e-01 -9.070775508880615234e-01 2.801924347877502441e-01 1.078787352889776230e-02 8.835200667381286621e-01 5.622131824493408203e-01 6.456441283226013184e-01 -4.581139981746673584e-01 -1.199914813041687012e+00 -6.187123060226440430e-01
3.591621220111846924e-01 -1.135491490364074707e+00 4.435197710990905762e-01 5.648502707481384277e-02 8.893122076988220215e-01 4.347057342529296875e-01 1.050665259361267090e+00 -4.609446227550506592e-01 -1.160242557525634766e+00 -7.211303710937500000e-02
3.593620657920837402e-01 -1.139953136444091797e+00 4.404945671558380127e-01 5.838933587074279785e-02 8.896433711051940918e-01 4.310441613197326660e-01 1.051390767097473145e+00 -4.679348766803741455e-01 -1.169249415397644043e+00 -7.719582319259643555e-02
3.531625270843505859e-01 -1.134430646896362305e+00 4.454581141471862793e-01 5.291542410850524902e-02 8.899703621864318848e-01 4.280177950859069824e-01 1.048064589500427246e+00 -4.665882885456085205e-01 -1.169831752777099609e+00 -7.096183300018310547e-02
3.586696982383728027e-01 -1.145860671997070312e+00 4.454396367073059082e-01 5.613049864768981934e-02 8.832902908325195312e-01 4.288619160652160645e-01 1.053481221199035645e+00 -4.661386907100677490e-01 -1.169335603713989258e+00 -6.842273473739624023e-02
4.001130461692810059e-01 -1.070780754089355469e+00 4.701759517192840576e-01 -3.503122925758361816e-02 8.865173459053039551e-01 4.529509544372558594e-01 1.059742808341979980e+00 -4.618298709392547607e-01 -1.150382637977600098e+00 5.230847746133804321e-03
8.655467033386230469e-01 -1.004415273666381836e+00 2.498378306627273560e-01 -1.290372908115386963e-01 8.274400234222412109e-01 3.619046807289123535e-01 6.812831163406372070e-01 -4.540015757083892822e-01 -1.600295662879943848e+00 -4.736667498946189880e-02
9.382414817810058594e-01 -1.023021221160888672e+00 1.951482445001602173e-01 -1.014586389064788818e-01 8.060584664344787598e-01 3.639038205146789551e-01 6.195541024208068848e-01 -4.496912062168121338e-01 -1.617385387420654297e+00 -5.322610959410667419e-02
7.489607334136962891e-01 -6.289862394332885742e-01 2.040115147829055786e-01 -1.886836588382720947e-01 1.105528116226196289e+00 3.203930258750915527e-01 5.383813381195068359e-01 -1.856087297201156616e-01 -1.327813506126403809e+00 -2.544980049133300781e-01
4.581160247325897217e-01 -4.819911718368530273e-01 3.019173443317413330e-01 -1.176807284355163574e-01 1.308557271957397461e+00 2.227629870176315308e-01 4.411600232124328613e-01 -1.034520715475082397e-01 -1.259012460708618164e+00 -2.584009766578674316e-01
4.070805907249450684e-01 -5.187300443649291992e-01 2.722256183624267578e-01 -7.631409168243408203e-02 1.305264592170715332e+00 6.791184842586517334e-02 3.668359518051147461e-01 -3.449706733226776123e-02 -1.268496394157409668e+00 -1.879186034202575684e-01
