6.649370789527893066e-01 5.197042226791381836e-01 2.902185320854187012e-01 -4.027276635169982910e-01 -2.171799391508102417e-01 7.599284648895263672e-01 3.365162611007690430e-01 -6.787456274032592773e-01 -1.079054102301597595e-01 6.694355010986328125e-01
6.895149350166320801e-01 5.232908129692077637e-01 2.711722254753112793e-01 -3.945868909358978271e-01 -2.125165015459060669e-01 7.351090312004089355e-01 3.132345974445343018e-01 -6.730687022209167480e-01 -1.086264848709106445e-01 6.381273865699768066e-01
6.253381371498107910e-01 5.252651572227478027e-01 3.110579848289489746e-01 -4.297741651535034180e-01 -2.272056788206100464e-01 7.974335551261901855e-01 3.656980693340301514e-01 -6.807994842529296875e-01 -1.046657040715217590e-01 7.009819149971008301e-01
5.984238386154174805e-01 4.823800325393676758e-01 3.198030889034271240e-01 -3.917448222637176514e-01 -2.971766591072082520e-01 7.605293989181518555e-01 5.503258109092712402e-01 -6.500512361526489258e-01 -3.567768633365631104e-02 7.076870203018188477e-01
5.134639143943786621e-01 4.552602767944335938e-01 3.628392815589904785e-01 -3.847721219062805176e-01 -3.394618928432464600e-01 7.971336841583251953e-01 8.000020384788513184e-01 -6.807594895362854004e-01 1.731467247009277344e-02 7.639274001121520996e-01
4.848390221595764160e-01 5.215846300125122070e-01 3.331931829452514648e-01 -3.422637283802032471e-01 -3.885662853717803955e-01 7.584015727043151855e-01 9.669803977012634277e-01 -6.859866976737976074e-01 1.000585258007049561e-01 7.322194576263427734e-01
4.316628575325012207e-01 6.175907850265502930e-01 1.434687823057174683e-01 -2.697538137435913086e-01 -2.678606808185577393e-01 6.624241471290588379e-01 9.464822411537170410e-01 -8.076302409172058105e-01 3.084131181240081787e-01 5.273522734642028809e-01
5.878115296363830566e-01 1.119874715805053711e+00 2.786384224891662598e-01 -1.846109777688980103e-01 -9.013775587081909180e-01 5.133592486381530762e-01 6.959151625633239746e-01 -6.810019016265869141e-01 2.397293299436569214e-01 4.772653579711914062e-01
7.215091586112976074e-01 1.231852531433105469e+00 4.170196056365966797e-01 -2.080595791339874268e-01 -1.024986624717712402e+00 5.961103439331054688e-01 3.871653079986572266e-01 -6.476023197174072266e-01 1.487634927034378052e-01 5.068182349205017090e-01
7.369549870491027832e-01 1.243036031723022461e+00 4.380980730056762695e-01 -2.163006365299224854e-01 -1.017525672912597656e+00 6.196182370185852051e-01 3.509847223758697510e-01 -6.389427781105041504e-01 1.351015865802764893e-01 5.063574910163879395e-01
7.429518103599548340e-01 1.253553867340087891e+00 4.299359917640686035e-01 -2.201538085937500000e-01 -1.028935313224792480e+00 6.156573295593261719e-01 3.530164361000061035e-01 -6.554911732673645020e-01 1.356107145547866821e-01 5.057205557823181152e-01
7.505300045013427734e-01 1.251096844673156738e+00 4.429922103881835938e-01 -2.105574905872344971e-01 -1.014260768890380859e+00 6.180103421211242676e-01 3.385643064975738525e-01 -6.440933942794799805e-01 1.339147090911865234e-01 5.082618594169616699e-01
7.417445182800292969e-01 1.242804527282714844e+00 4.332988858222961426e-01 -2.147680222988128662e-01 -1.028612613677978516e+00 6.081598997116088867e-01 3.435736298561096191e-01 -6.458851099014282227e-01 1.349338144063949585e-01 5.044445395469665527e-01
7.506933808326721191e-01 1.302587032318115234e+00 4.352920651435852051e-01 -1.980853676795959473e-01 -1.021267414093017578e+00 6.238380670547485352e-01 3.055746555328369141e-01 -6.456046104431152344e-01 1.498989909887313843e-01 5.026025772094726562e-01
8.731008768081665039e-01 1.228095054626464844e+00 2.952516674995422363e-01 -3.006778061389923096e-01 -7.484179735183715820e-01 6.897482872009277344e-01 -9.287065863609313965e-01 -7.871767878532409668e-01 -1.413585990667343140e-01 3.723938167095184326e-01
8.853188157081604004e-01 1.270038366317749023e+00 2.874704003334045410e-01 -2.934993803501129150e-01 -6.870108246803283691e-01 7.323173880577087402e-01 -8.514569401741027832e-01 -7.177698016166687012e-01 -1.378578096628189087e-01 4.063419401645660400e-01
9.069366455078125000e-01 1.228077888488769531e+00 2.863858640193939209e-01 -3.004687428474426270e-01 -7.155098319053649902e-01 6.858731508255004883e-01 -1.001543402671813965e+00 -6.859195232391357422e-01 -1.720228344202041626e-01 3.985266983509063721e-01
9.105801582336425781e-01 1.230875968933105469e+00 2.872560322284698486e-01 -3.100570440292358398e-01 -7.208058238029479980e-01 6.856594085693359375e-01 -1.010544061660766602e+00 -6.956304907798767090e-01 -1.755317896604537964e-01 4.002942442893981934e-01
9.026577472686767578e-01 1.218468427658081055e+00 2.741118371486663818e-01 -3.061062693595886230e-01 -7.153518199920654297e-01 6.871559619903564453e-01 -1.008231520652770996e+00 -6.906260251998901367e-01 -1.768004447221755981e-01 3.958179950714111328e-01
9.052813649177551270e-01 1.220043182373046875e+00 2.900352478027343750e-01 -3.121494650840759277e-01 -7.166031002998352051e-01 6.855903863906860352e-01 -1.006055712699890137e+00 -6.874272227287292480e-01 -1.791209727525711060e-01 3.961085379123687744e-01
9.021621942520141602e-01 1.207683324813842773e+00 2.884401082992553711e-01 -3.086034059524536133e-01 -7.223956584930419922e-01 6.761938929557800293e-01 -1.007516384124755859e+00 -6.848177909851074219e-01 -1.731674224138259888e-01 3.896231055259704590e-01
9.114711284637451172e-01 1.227584362030029297e+00 2.804671823978424072e-01 -3.113546073436737061e-01 -7.393561005592346191e-01 6.787952184677124023e-01 -1.009137153625488281e+00 -6.958790421485900879e-01 -1.790735572576522827e-01 3.971953094005584717e-01
9.054303765296936035e-01 1.216726064682006836e+00 2.836521863937377930e-01 -3.112417757511138916e-01 -7.266207337379455566e-01 6.731522679328918457e-01 -9.995272159576416016e-01 -6.883695721626281738e-01 -1.752154082059860229e-01 3.924757242202758789e-01
8.079994916915893555e-01 6.618561148643493652e-01 5.353184342384338379e-01 -2.567639052867889404e-01 -9.082452654838562012e-01 4.767561554908752441e-01 -1.057663917541503906e+00 -4.872169792652130127e-01 9.530260413885116577e-02 7.052376866340637207e-01
1.020840287208557129e+00 7.448754310607910156e-01 5.942038893699645996e-01 -3.197894990444183350e-02 -7.378787994384765625e-01 1.142101168632507324e+00 -5.430927872657775879e-01 -5.897049307823181152e-01 7.339339852333068848e-01 9.220340847969055176e-01
9.329171776771545410e-01 7.455797195434570312e-01 5.564194321632385254e-01 -4.244089126586914062e-02 -7.097176313400268555e-01 1.174079060554504395e+00 -5.198857784271240234e-01 -5.367273688316345215e-01 7.381902337074279785e-01 9.277161955833435059e-01
9.224087595939636230e-01 7.388731837272644043e-01 5.426234006881713867e-01 -5.443227291107177734e-02 -6.881696581840515137e-01 1.172019481658935547e+00 -5.110458135604858398e-01 -5.437822937965393066e-01 7.360684871673583984e-01 9.271056056022644043e-01
9.174894690513610840e-01 7.315467596054077148e-01 5.429944992065429688e-01 -3.882515430450439453e-02 -6.873223185539245605e-01 1.178938388824462891e+00 -5.132368206977844238e-01 -5.456082224845886230e-01 7.411142587661743164e-01 9.307981133460998535e-01
9.221159219741821289e-01 7.395258545875549316e-01 5.389184355735778809e-01 -4.634055495262145996e-02 -6.970160007476806641e-01 1.180888414382934570e+00 -5.156326889991760254e-01 -5.458092093467712402e-01 7.413200736045837402e-01 9.327781796455383301e-01
9.199697375297546387e-01 7.369371056556701660e-01 5.370904803276062012e-01 -4.581919312477111816e-02 -6.901677846908569336e-01 1.183033823966979980e+00 -5.129833221435546875e-01 -5.452026724815368652e-01 7.443359494209289551e-01 9.292169213294982910e-01
9.219156503677368164e-01 1.071768045425415039e+00 4.433058798313140869e-01 -5.289667844772338867e-02 -6.140882372856140137e-01 1.112000703811645508e+00 4.811590537428855896e-02 -9.247406125068664551e-01 8.945099115371704102e-01 7.501560449600219727e-01
8.799510598182678223e-01 1.206040620803833008e+00 7.711894512176513672e-01 -7.415513694286346436e-02 -1.084583759307861328e+00 1.056989192962646484e+00 6.463670730590820312e-01 -8.325905799865722656e-01 8.415819406509399414e-01 9.664402008056640625e-01
9.132996797561645508e-01 1.116118073463439941e+00 8.462047576904296875e-01 -1.226411461830139160e-01 -1.096612334251403809e+00 1.076340913772583008e+00 6.975173950195312500e-01 -8.095477223396301270e-01 8.091646432876586914e-01 9.910032153129577637e-01
9.161927103996276855e-01 1.085731506347656250e+00 8.349099755287170410e-01 -1.039867699146270752e-01 -1.113444209098815918e+00 1.085162162780761719e+00 6.981393694877624512e-01 -8.082605004310607910e-01 8.254410624504089355e-01 9.727329611778259277e-01
9.300869703292846680e-01 1.340934991836547852e+00 7.207575440406799316e-01 -5.645194649696350098e-02 -9.925839304924011230e-01 1.107207775115966797e+00 5.579286217689514160e-01 -9.045783877372741699e-01 9.610257744789123535e-01 9.316194653511047363e-01
4.404782056808471680e-01 8.536292314529418945e-01 5.454183220863342285e-01 -1.850913166999816895e-01 -8.730270266532897949e-01 7.542777061462402344e-01 1.234646201133728027e+00 -8.782230615615844727e-01 8.139657974243164062e-01 9.562560319900512695e-01
4.412687718868255615e-01 5.611438751220703125e-01 6.881248950958251953e-01 -1.626038253307342529e-01 -7.859078049659729004e-01 8.263279795646667480e-01 1.223965883255004883e+00 -7.265378236770629883e-01 7.010777592658996582e-01 1.193879365921020508e+00
5.398748517036437988e-01 4.439899921417236328e-01 8.710601925849914551e-01 -2.249894440174102783e-01 -7.714979648590087891e-01 9.883528351783752441e-01 1.008149862289428711e+00 -6.258111596107482910e-01 6.671689152717590332e-01 1.341031670570373535e+00
6.372110843658447266e-01 5.099210739135742188e-01 9.319751858711242676e-01 -2.534769475460052490e-01 -7.777807712554931641e-01 1.046986222267150879e+00 8.163785338401794434e-01 -6.296186447143554688e-01 6.255114674568176270e-01 1.325183033943176270e+00
