6.771425008773803711e-01 6.032676100730895996e-01 -9.345310926437377930e-01 4.443690180778503418e-02 -4.293772876262664795e-01 6.607638001441955566e-01 2.983302474021911621e-01 -6.580259203910827637e-01 5.007515847682952881e-02 6.624894738197326660e-01
6.693408489227294922e-01 5.833967924118041992e-01 -9.306327104568481445e-01 5.180224776268005371e-02 -4.419887363910675049e-01 6.226243972778320312e-01 3.527145981788635254e-01 -6.373907327651977539e-01 6.555646657943725586e-02 6.568133234977722168e-01
4.409385323524475098e-01 5.925279855728149414e-01 -6.983083486557006836e-01 7.737395167350769043e-02 -5.117418169975280762e-01 6.715079545974731445e-01 9.999865889549255371e-01 -6.318314671516418457e-01 3.393701016902923584e-01 7.785215973854064941e-01
7.281061410903930664e-01 1.140375375747680664e+00 -7.941088676452636719e-01 2.105529457330703735e-01 -2.175454348325729370e-01 8.113809823989868164e-01 7.794988751411437988e-01 -7.433616518974304199e-01 6.917520761489868164e-01 4.015305042266845703e-01
8.350041508674621582e-01 1.433292150497436523e+00 -8.565948605537414551e-01 2.706444561481475830e-01 -1.382242590188980103e-01 8.177532553672790527e-01 6.900510191917419434e-01 -7.787365913391113281e-01 8.323137164115905762e-01 3.262518942356109619e-01
9.187118411064147949e-01 1.486011028289794922e+00 -8.776807188987731934e-01 2.687994539737701416e-01 -9.390686452388763428e-02 8.533068299293518066e-01 6.270293593406677246e-01 -7.798246741294860840e-01 8.642973303794860840e-01 2.561414241790771484e-01
9.058602452278137207e-01 1.480512738227844238e+00 -8.696392774581909180e-01 2.605966031551361084e-01 -9.168212115764617920e-02 8.349268436431884766e-01 6.263362765312194824e-01 -7.672179341316223145e-01 8.681983351707458496e-01 2.606013417243957520e-01
9.148230552673339844e-01 1.494795322418212891e+00 -8.674657344818115234e-01 2.672676742076873779e-01 -9.832005202770233154e-02 8.477628827095031738e-01 6.342617869377136230e-01 -7.834879755973815918e-01 8.658124208450317383e-01 2.635298073291778564e-01
9.149639010429382324e-01 1.478914618492126465e+00 -8.632175922393798828e-01 2.752483785152435303e-01 -1.045435220003128052e-01 8.557757139205932617e-01 6.375576257705688477e-01 -7.700675725936889648e-01 8.655955791473388672e-01 2.610649168491363525e-01
1.030131697654724121e+00 1.536901354789733887e+00 -8.344924449920654297e-01 2.347750216722488403e-01 1.264920383691787720e-01 1.328104019165039062e+00 3.179024159908294678e-01 -7.424644827842712402e-01 8.203599452972412109e-01 1.346747279167175293e-01
7.777337431907653809e-01 7.036406397819519043e-01 -8.723432421684265137e-01 3.326875567436218262e-01 8.412018418312072754e-01 1.062762737274169922e+00 4.926033616065979004e-01 -7.482908964157104492e-01 1.292984366416931152e+00 3.181668519973754883e-01
7.340884804725646973e-01 1.028652429580688477e+00 -7.386550903320312500e-01 5.053675174713134766e-01 1.380414366722106934e+00 1.101146787405014038e-01 -1.019657135009765625e+00 -1.129657149314880371e+00 1.004013776779174805e+00 1.890349984169006348e-01
7.361525893211364746e-01 1.012092351913452148e+00 -7.144165039062500000e-01 4.995202124118804932e-01 1.349154829978942871e+00 1.016130894422531128e-01 -1.040685892105102539e+00 -1.147421121597290039e+00 9.848248362541198730e-01 2.032549381256103516e-01
7.252179980278015137e-01 1.017786741256713867e+00 -7.163016200065612793e-01 5.038112401962280273e-01 1.344026088714599609e+00 1.007537990808486938e-01 -1.048666357994079590e+00 -1.144584417343139648e+00 9.832093119621276855e-01 2.028411626815795898e-01
7.205667495727539062e-01 1.011881351470947266e+00 -7.130284905433654785e-01 4.947407245635986328e-01 1.349273204803466797e+00 1.041858941316604614e-01 -1.033734440803527832e+00 -1.157871007919311523e+00 9.819445013999938965e-01 1.888657212257385254e-01
8.124154210090637207e-01 8.080673217773437500e-01 -4.776939749717712402e-01 3.378726541996002197e-01 1.146239757537841797e+00 4.859594106674194336e-01 -5.238974690437316895e-01 -7.805656790733337402e-01 1.171759724617004395e+00 3.698203563690185547e-01
1.018636107444763184e+00 1.529975891113281250e+00 -1.788454204797744751e-01 1.753026247024536133e-01 1.109584689140319824e+00 1.420133471488952637e+00 -6.916436553001403809e-01 -8.033219575881958008e-01 1.118883728981018066e+00 2.116634845733642578e-01
1.040954232215881348e+00 1.574636697769165039e+00 -1.702207028865814209e-01 1.634805500507354736e-01 1.123080253601074219e+00 1.476323843002319336e+00 -7.193742394447326660e-01 -7.736229300498962402e-01 1.065828442573547363e+00 2.206862568855285645e-01
1.036889672279357910e+00 1.581455349922180176e+00 -1.714132577180862427e-01 1.676472723484039307e-01 1.115547060966491699e+00 1.488524675369262695e+00 -7.199899554252624512e-01 -7.756522297859191895e-01 1.063014864921569824e+00 2.243325710296630859e-01
1.052092194557189941e+00 1.581520795822143555e+00 -1.675439029932022095e-01 1.645157933235168457e-01 1.118469595909118652e+00 1.494281649589538574e+00 -7.324925065040588379e-01 -7.876632809638977051e-01 1.063233256340026855e+00 2.167947292327880859e-01
1.084515213966369629e+00 1.653638243675231934e+00 -1.741312295198440552e-01 1.375982761383056641e-01 1.053412556648254395e+00 1.443822860717773438e+00 -8.350349664688110352e-01 -7.510684728622436523e-01 9.386803507804870605e-01 1.949704885482788086e-01
1.288062810897827148e+00 1.631510734558105469e+00 2.939184010028839111e-02 3.444401621818542480e-01 5.783545374870300293e-01 5.475440025329589844e-01 -7.112070918083190918e-01 -6.841469407081604004e-01 8.380869030952453613e-01 1.008539795875549316e-01
1.256060957908630371e+00 1.566198945045471191e+00 6.399492919445037842e-02 3.291213214397430420e-01 5.182568430900573730e-01 4.555512070655822754e-01 -7.307478785514831543e-01 -6.650930047035217285e-01 8.027362823486328125e-01 1.390223503112792969e-01
8.388323783874511719e-01 8.865662813186645508e-01 2.712745964527130127e-02 1.276517510414123535e-01 7.561495304107666016e-01 2.772932648658752441e-01 -8.441779017448425293e-01 -6.960826516151428223e-01 5.075277686119079590e-01 4.123328328132629395e-01
8.374015688896179199e-01 6.759797930717468262e-01 2.708138525485992432e-01 -1.031713485717773438e-01 8.029611706733703613e-01 3.881709575653076172e-01 -1.368109107017517090e+00 -8.879181742668151855e-01 2.972419559955596924e-01 5.592748522758483887e-01
9.306647777557373047e-01 8.562799096107482910e-01 3.471316099166870117e-01 -8.612759411334991455e-02 7.470613121986389160e-01 4.522394537925720215e-01 -1.506074070930480957e+00 -8.450683951377868652e-01 2.300752401351928711e-01 5.330554246902465820e-01
