3.448716700077056885e-01 -2.246896177530288696e-01 4.180290400981903076e-01 3.432033956050872803e-01 -4.063981473445892334e-01 6.806004047393798828e-01 2.674747109413146973e-01 -1.074744939804077148e+00 1.368630677461624146e-01 -4.295697808265686035e-01
3.813526630401611328e-01 -2.025677114725112915e-01 4.193166792392730713e-01 2.965578138828277588e-01 -3.798250555992126465e-01 6.701444387435913086e-01 2.731514573097229004e-01 -1.086696624755859375e+00 1.657450348138809204e-01 -4.638647735118865967e-01
3.739239275455474854e-01 -2.087646871805191040e-01 3.851047754287719727e-01 3.112241923809051514e-01 -3.889266550540924072e-01 6.280061602592468262e-01 2.769724726676940918e-01 -1.085910320281982422e+00 1.746445000171661377e-01 -4.531431198120117188e-01
2.776081860065460205e-01 -1.788361221551895142e-01 3.793424665927886963e-01 3.614641129970550537e-01 -4.343576729297637939e-01 6.988223195075988770e-01 3.030657172203063965e-01 -1.091128587722778320e+00 1.526249945163726807e-01 -4.338299036026000977e-01
1.922620087862014771e-01 -1.723746210336685181e-01 3.280250132083892822e-01 3.891732394695281982e-01 -4.846254885196685791e-01 7.721618413925170898e-01 3.281378746032714844e-01 -1.058456540107727051e+00 1.494372338056564331e-01 -4.282515645027160645e-01
1.904370039701461792e-01 -1.391148716211318970e-01 3.607462048530578613e-01 4.214626550674438477e-01 -4.755846560001373291e-01 8.458800315856933594e-01 2.738649845123291016e-01 -1.024331450462341309e+00 1.408558934926986694e-01 -4.921408891677856445e-01
2.415596097707748413e-01 -1.438897997140884399e-01 4.186304807662963867e-01 5.243290662765502930e-01 -5.279585719108581543e-01 8.481314778327941895e-01 2.278549075126647949e-01 -1.073611140251159668e+00 8.645370602607727051e-02 -5.303424000740051270e-01
3.347901701927185059e-01 -1.767038255929946899e-01 4.508359432220458984e-01 4.948367178440093994e-01 -4.742002785205841064e-01 7.795930504798889160e-01 1.858664155006408691e-01 -1.149528026580810547e+00 5.089456588029861450e-02 -4.914265871047973633e-01
3.994356691837310791e-01 -2.181108146905899048e-01 4.021701216697692871e-01 3.319599330425262451e-01 -4.149197340011596680e-01 6.648480892181396484e-01 1.661946773529052734e-01 -1.134707093238830566e+00 1.084596440196037292e-01 -4.594542384147644043e-01
4.051772356033325195e-01 -2.283528000116348267e-01 3.975476920604705811e-01 3.088426291942596436e-01 -4.129721224308013916e-01 6.342177391052246094e-01 1.544607877731323242e-01 -1.101060390472412109e+00 1.107257753610610962e-01 -4.490452408790588379e-01
4.101458191871643066e-01 -2.170655876398086548e-01 3.970341682434082031e-01 3.061784207820892334e-01 -4.205096065998077393e-01 6.334088444709777832e-01 1.571397781372070312e-01 -1.107499122619628906e+00 1.203353255987167358e-01 -4.503217935562133789e-01
4.046584963798522949e-01 -2.227562814950942993e-01 3.990466892719268799e-01 3.073134124279022217e-01 -4.224292337894439697e-01 6.341532468795776367e-01 1.569203734397888184e-01 -1.106321454048156738e+00 1.149965152144432068e-01 -4.458069801330566406e-01
4.035582542419433594e-01 -2.288547903299331665e-01 4.013913571834564209e-01 3.015366494655609131e-01 -4.112229049205780029e-01 6.301485896110534668e-01 1.563213467597961426e-01 -1.104279756546020508e+00 1.077965646982192993e-01 -4.454198479652404785e-01
2.866893410682678223e-01 -2.934104204177856445e-01 4.603553414344787598e-01 4.807098805904388428e-01 -5.684002637863159180e-01 7.300964593887329102e-01 1.578986644744873047e-01 -1.007873058319091797e+00 -2.160513401031494141e-02 -4.313525259494781494e-01
2.070574313402175903e-01 -1.139512777328491211e+00 8.560373187065124512e-01 6.237751841545104980e-01 -1.123359322547912598e+00 3.081264495849609375e-01 6.332898139953613281e-02 -1.340857625007629395e+00 -2.957611978054046631e-01 6.450907588005065918e-01
3.059679269790649414e-01 -9.442012906074523926e-01 9.609903208911418915e-04 -1.758445203304290771e-01 3.845282495021820068e-01 -4.077217578887939453e-01 -4.253093600273132324e-01 -5.464256405830383301e-01 -1.004454016685485840e+00 1.563212037086486816e+00
3.066062927246093750e-01 -8.178839087486267090e-01 -2.006050199270248413e-01 -7.395394146442413330e-02 6.575953960418701172e-01 -5.694088339805603027e-01 -5.796349644660949707e-01 -5.912686586380004883e-01 -1.074033617973327637e+00 1.384838461875915527e+00
3.112242817878723145e-01 -8.030268549919128418e-01 -2.115085273981094360e-01 -8.827245235443115234e-02 6.521069407463073730e-01 -5.702307224273681641e-01 -5.783853530883789062e-01 -5.895488858222961426e-01 -1.086423754692077637e+00 1.384651660919189453e+00
3.164329528808593750e-01 -7.993384003639221191e-01 -2.029160112142562866e-01 -8.732995390892028809e-02 6.626549363136291504e-01 -5.729522109031677246e-01 -5.884848833084106445e-01 -5.887363553047180176e-01 -1.093553185462951660e+00 1.381648421287536621e+00
3.137933611869812012e-01 -8.040959835052490234e-01 -2.042882889509201050e-01 -8.401259779930114746e-02 6.641708612442016602e-01 -5.705460309982299805e-01 -5.808607339859008789e-01 -5.928403735160827637e-01 -1.101841330528259277e+00 1.378420114517211914e+00
3.153811097145080566e-01 -8.002032637596130371e-01 -2.090868204832077026e-01 -8.621969819068908691e-02 6.645992398262023926e-01 -5.760712623596191406e-01 -5.860852599143981934e-01 -5.988565087318420410e-01 -1.098308205604553223e+00 1.380241513252258301e+00
3.161484599113464355e-01 -8.011000156402587891e-01 -2.071897238492965698e-01 -8.605934679508209229e-02 6.618808507919311523e-01 -5.721206068992614746e-01 -5.854191184043884277e-01 -5.967175364494323730e-01 -1.094534754753112793e+00 1.383709907531738281e+00
3.135451078414916992e-01 -7.977240681648254395e-01 -2.084289938211441040e-01 -8.922515809535980225e-02 6.684606075286865234e-01 -5.678896903991699219e-01 -5.874839425086975098e-01 -5.956391692161560059e-01 -1.098183393478393555e+00 1.377688407897949219e+00
3.797215223312377930e-01 -8.710664510726928711e-01 8.508501946926116943e-02 1.329421997070312500e-01 3.938823044300079346e-01 -5.652988553047180176e-01 -3.936950564384460449e-01 -7.693118453025817871e-01 -8.235746026039123535e-01 1.621444582939147949e+00
3.808156847953796387e-01 -8.726816177368164062e-01 9.656842052936553955e-02 1.487521529197692871e-01 3.861496746540069580e-01 -5.682247281074523926e-01 -3.869577050209045410e-01 -7.715858817100524902e-01 -8.135414719581604004e-01 1.617611050605773926e+00
3.804324865341186523e-01 -8.729908466339111328e-01 1.020396202802658081e-01 1.500325053930282593e-01 3.815865218639373779e-01 -5.634711980819702148e-01 -3.894574046134948730e-01 -7.779946923255920410e-01 -8.103113770484924316e-01 1.620162367820739746e+00
3.797405362129211426e-01 -8.681514263153076172e-01 1.011048108339309692e-01 1.481896191835403442e-01 3.762637674808502197e-01 -5.632001757621765137e-01 -3.754825592041015625e-01 -7.701115012168884277e-01 -8.046398758888244629e-01 1.625890970230102539e+00
3.810505867004394531e-01 -8.715205788612365723e-01 1.031094342470169067e-01 1.571412682533264160e-01 3.709808290004730225e-01 -5.699680447578430176e-01 -3.826456665992736816e-01 -7.792803645133972168e-01 -8.099562525749206543e-01 1.624019384384155273e+00
3.793047666549682617e-01 -8.735989332199096680e-01 1.009607464075088501e-01 1.566996276378631592e-01 3.769009411334991455e-01 -5.674458146095275879e-01 -3.761457800865173340e-01 -7.753596901893615723e-01 -8.074207901954650879e-01 1.625666737556457520e+00
3.135489225387573242e-01 -7.870873212814331055e-01 1.893911212682723999e-01 2.464783787727355957e-01 2.333466559648513794e-01 -5.527589917182922363e-01 -2.788241505622863770e-01 -7.455674409866333008e-01 -6.762694120407104492e-01 1.663229584693908691e+00
3.488589450716972351e-02 -2.020683437585830688e-01 2.539491951465606689e-01 2.985365688800811768e-01 4.522092640399932861e-02 -4.661575853824615479e-01 3.491395339369773865e-02 -7.576941847801208496e-01 -4.178423285484313965e-01 1.893453240394592285e+00
-2.623358964920043945e-01 2.467305511236190796e-01 -1.871880143880844116e-01 3.505477309226989746e-02 2.083658725023269653e-01 -5.013769268989562988e-01 -2.239742279052734375e-01 -5.682514905929565430e-01 -7.581475377082824707e-01 1.506324887275695801e+00
-2.411331683397293091e-01 1.717191785573959351e-01 -1.989877074956893921e-01 -1.605668850243091583e-02 2.104739695787429810e-01 -5.321664214134216309e-01 -2.439017891883850098e-01 -5.343959927558898926e-01 -7.706214785575866699e-01 1.439089655876159668e+00
-2.242654412984848022e-01 1.382860988378524780e-01 -1.882111281156539917e-01 -2.528450079262256622e-02 2.190424352884292603e-01 -5.438036322593688965e-01 -2.662011384963989258e-01 -5.109190940856933594e-01 -7.664347290992736816e-01 1.418415784835815430e+00
-2.238045185804367065e-01 2.264814227819442749e-01 -1.558664888143539429e-01 1.697826199233531952e-02 1.870416551828384399e-01 -5.215399861335754395e-01 -1.501391530036926270e-01 -5.573439002037048340e-01 -6.985700130462646484e-01 1.577518463134765625e+00
-2.606952190399169922e-01 3.007229566574096680e-01 -1.492298096418380737e-01 4.315450787544250488e-02 1.688250452280044556e-01 -5.067248940467834473e-01 -1.016398072242736816e-01 -6.017002463340759277e-01 -6.508058905601501465e-01 1.661405444145202637e+00
-3.836098313331604004e-01 4.341236352920532227e-01 -3.901700675487518311e-02 1.374173462390899658e-01 2.563662827014923096e-02 -4.991886019706726074e-01 -1.188756823539733887e-01 -6.021077632904052734e-01 -5.611977577209472656e-01 1.607458949089050293e+00
-4.230902194976806641e-01 3.739559650421142578e-01 -7.517503201961517334e-02 9.866216778755187988e-02 4.578460752964019775e-02 -4.868017435073852539e-01 -1.339274644851684570e-01 -6.053231358528137207e-01 -5.266649127006530762e-01 1.460996985435485840e+00
