5.771129727363586426e-01 7.236306071281433105e-01 -9.509402513504028320e-01 -1.305467039346694946e-01 -4.112956225872039795e-01 5.906894207000732422e-01 2.273395657539367676e-01 -6.931953430175781250e-01 6.970375776290893555e-03 8.266763687133789062e-01
5.958914756774902344e-01 7.145878076553344727e-01 -9.635797739028930664e-01 -1.093567311763763428e-01 -4.092145264148712158e-01 5.638746023178100586e-01 2.359997928142547607e-01 -6.964673995971679688e-01 1.956357061862945557e-02 7.931988835334777832e-01
5.418023467063903809e-01 7.228239774703979492e-01 -9.093111753463745117e-01 -1.190932989120483398e-01 -4.095729887485504150e-01 6.059947013854980469e-01 2.529151439666748047e-01 -6.787526011466979980e-01 2.302637696266174316e-02 8.587124943733215332e-01
4.899845719337463379e-01 6.967422366142272949e-01 -8.711107969284057617e-01 -1.238161921501159668e-01 -4.658743441104888916e-01 5.994371771812438965e-01 4.587495625019073486e-01 -6.815817356109619141e-01 8.567646145820617676e-02 8.950454592704772949e-01
3.981895744800567627e-01 6.592407226562500000e-01 -7.751582860946655273e-01 -1.150740087032318115e-01 -5.166580677032470703e-01 6.162475943565368652e-01 7.170967459678649902e-01 -7.049120068550109863e-01 1.726705431938171387e-01 9.687669277191162109e-01
3.640424609184265137e-01 7.279217243194580078e-01 -7.624316215515136719e-01 -8.400122076272964478e-02 -5.150218605995178223e-01 6.133347749710083008e-01 8.759394288063049316e-01 -7.417774796485900879e-01 2.505511939525604248e-01 9.767722487449645996e-01
3.318918943405151367e-01 8.182473182678222656e-01 -8.475701212882995605e-01 -5.945892632007598877e-02 -4.019220769405364990e-01 5.130853652954101562e-01 8.311708569526672363e-01 -7.798017859458923340e-01 4.604017436504364014e-01 7.479842305183410645e-01
4.131031036376953125e-01 1.307040214538574219e+00 -8.219869732856750488e-01 6.599926948547363281e-02 -7.867823243141174316e-01 4.158102869987487793e-01 6.987134814262390137e-01 -8.594965338706970215e-01 4.790598452091217041e-01 6.860952973365783691e-01
5.415121912956237793e-01 1.467834234237670898e+00 -7.965900897979736328e-01 9.373055398464202881e-02 -9.810389876365661621e-01 4.727272391319274902e-01 3.634642958641052246e-01 -7.873999476432800293e-01 3.892121613025665283e-01 6.918109059333801270e-01
5.786128640174865723e-01 1.459784984588623047e+00 -8.041217327117919922e-01 8.995334804058074951e-02 -9.691689014434814453e-01 4.913172721862792969e-01 3.037088513374328613e-01 -7.924658060073852539e-01 3.685915768146514893e-01 6.812620162963867188e-01
5.693988800048828125e-01 1.454470157623291016e+00 -7.961247563362121582e-01 8.961737155914306641e-02 -9.661003947257995605e-01 4.898611903190612793e-01 2.917388081550598145e-01 -7.855947613716125488e-01 3.709208667278289795e-01 6.866586804389953613e-01
5.707432031631469727e-01 1.463071584701538086e+00 -8.080939054489135742e-01 8.229131996631622314e-02 -9.640659689903259277e-01 4.873757362365722656e-01 3.057805001735687256e-01 -7.883334755897521973e-01 3.676610589027404785e-01 6.849545836448669434e-01
5.769450068473815918e-01 1.450101017951965332e+00 -8.010507822036743164e-01 9.219272434711456299e-02 -9.626367688179016113e-01 4.819300174713134766e-01 3.080588281154632568e-01 -7.867340445518493652e-01 3.698538839817047119e-01 6.772761344909667969e-01
5.765182971954345703e-01 1.489693999290466309e+00 -7.978672981262207031e-01 1.024898141622543335e-01 -9.783579707145690918e-01 4.845354557037353516e-01 2.770791351795196533e-01 -7.930732965469360352e-01 3.810153305530548096e-01 6.827983260154724121e-01
7.624084353446960449e-01 1.228593707084655762e+00 -7.588119506835937500e-01 -4.759173840284347534e-02 -7.381777167320251465e-01 5.720104575157165527e-01 -1.345825791358947754e+00 -8.899288773536682129e-01 -1.643493655137717724e-03 4.877477288246154785e-01
7.681140899658203125e-01 1.360205769538879395e+00 -7.480967044830322266e-01 -4.346682876348495483e-02 -6.278565526008605957e-01 6.542815566062927246e-01 -1.232909321784973145e+00 -8.802616000175476074e-01 4.731924831867218018e-02 5.236137509346008301e-01
7.809811830520629883e-01 1.281567692756652832e+00 -7.485169172286987305e-01 -5.569402873516082764e-02 -6.802548170089721680e-01 5.833145380020141602e-01 -1.382685542106628418e+00 -8.606048226356506348e-01 -2.508501708507537842e-02 5.175856351852416992e-01
7.872709035873413086e-01 1.288036346435546875e+00 -7.474325895309448242e-01 -5.711508542299270630e-02 -6.721802353858947754e-01 5.828663110733032227e-01 -1.386852025985717773e+00 -8.536465167999267578e-01 -2.114187180995941162e-02 5.173397064208984375e-01
7.764515876770019531e-01 1.278111457824707031e+00 -7.364321947097778320e-01 -5.482292920351028442e-02 -6.854736208915710449e-01 5.922269821166992188e-01 -1.394409060478210449e+00 -8.547168970108032227e-01 -2.170918881893157959e-02 5.200451016426086426e-01
7.844579219818115234e-01 1.288165450096130371e+00 -7.444605827331542969e-01 -5.883739888668060303e-02 -6.823976039886474609e-01 5.999073386192321777e-01 -1.396521687507629395e+00 -8.523716926574707031e-01 -2.721674740314483643e-02 5.248033404350280762e-01
7.831422090530395508e-01 1.283398389816284180e+00 -7.415086030960083008e-01 -5.856202542781829834e-02 -6.791973710060119629e-01 5.922731757164001465e-01 -1.396391391754150391e+00 -8.594602346420288086e-01 -2.277837693691253662e-02 5.242865085601806641e-01
7.888838648796081543e-01 1.293942570686340332e+00 -7.513593435287475586e-01 -5.444749444723129272e-02 -6.733186841011047363e-01 5.821877717971801758e-01 -1.388847708702087402e+00 -8.537513017654418945e-01 -2.050147950649261475e-02 5.201097726821899414e-01
7.877796292304992676e-01 1.280103921890258789e+00 -7.435901761054992676e-01 -6.048436462879180908e-02 -6.777930259704589844e-01 5.850918889045715332e-01 -1.385817885398864746e+00 -8.532281517982482910e-01 -2.569098770618438721e-02 5.272715091705322266e-01
6.988474130630493164e-01 9.917992353439331055e-01 -4.814257025718688965e-01 3.571806475520133972e-02 -7.604625225067138672e-01 4.743707180023193359e-01 -1.287261843681335449e+00 -7.064891457557678223e-01 1.414677500724792480e-01 8.322154879570007324e-01
8.951917290687561035e-01 4.510897994041442871e-01 1.845956593751907349e-01 1.953843533992767334e-01 -6.119315624237060547e-01 5.599650144577026367e-01 -3.289247751235961914e-01 -6.739497780799865723e-01 1.052352547645568848e+00 1.327425718307495117e+00
7.694824934005737305e-01 6.354664564132690430e-01 1.280234009027481079e-01 1.036617606878280640e-01 -4.777082502841949463e-01 9.089226126670837402e-01 -3.251792192459106445e-01 -6.063528656959533691e-01 1.045894026756286621e+00 1.286082863807678223e+00
7.738124132156372070e-01 6.337980628013610840e-01 1.209917515516281128e-01 1.057192236185073853e-01 -4.800185263156890869e-01 9.046694636344909668e-01 -3.163636326789855957e-01 -6.161399483680725098e-01 1.047309041023254395e+00 1.283903717994689941e+00
7.747739553451538086e-01 6.250401735305786133e-01 1.253102868795394897e-01 9.110344946384429932e-02 -4.781835377216339111e-01 9.055300951004028320e-01 -3.203520178794860840e-01 -6.122847199440002441e-01 1.054244399070739746e+00 1.270609498023986816e+00
7.745586633682250977e-01 6.264196634292602539e-01 1.250474601984024048e-01 9.445419907569885254e-02 -4.784443080425262451e-01 9.016453027725219727e-01 -3.199068307876586914e-01 -6.123346686363220215e-01 1.049451589584350586e+00 1.270665645599365234e+00
7.678870558738708496e-01 6.339288949966430664e-01 1.186449974775314331e-01 1.003662049770355225e-01 -4.782742559909820557e-01 9.083914756774902344e-01 -3.161699771881103516e-01 -6.149998903274536133e-01 1.050921916961669922e+00 1.288065791130065918e+00
7.310482263565063477e-01 9.255065321922302246e-01 2.214546501636505127e-02 6.647451221942901611e-02 -3.947226703166961670e-01 8.307363390922546387e-01 7.129472494125366211e-02 -8.883988261222839355e-01 1.262652754783630371e+00 1.117775678634643555e+00
6.027719974517822266e-01 1.169433712959289551e+00 2.060060054063796997e-01 1.262330114841461182e-01 -8.110420703887939453e-01 7.131355404853820801e-01 6.461151838302612305e-01 -8.663405179977416992e-01 1.415616154670715332e+00 1.396184325218200684e+00
6.575435400009155273e-01 1.092238187789916992e+00 2.798672914505004883e-01 7.679948210716247559e-02 -8.511214852333068848e-01 7.915058732032775879e-01 7.346559762954711914e-01 -8.174563050270080566e-01 1.373245358467102051e+00 1.481322288513183594e+00
6.621763706207275391e-01 1.084825277328491211e+00 2.759161591529846191e-01 8.157977461814880371e-02 -8.538814783096313477e-01 7.864105105400085449e-01 7.371861934661865234e-01 -8.082290291786193848e-01 1.359703898429870605e+00 1.488401651382446289e+00
7.063121795654296875e-01 1.296349167823791504e+00 2.279921919107437134e-01 1.558590233325958252e-01 -7.367833256721496582e-01 8.098134994506835938e-01 5.439783930778503418e-01 -8.767033219337463379e-01 1.504767537117004395e+00 1.382521271705627441e+00
2.954533100128173828e-01 9.258328080177307129e-01 8.838315308094024658e-02 -4.036520421504974365e-02 -7.110887169837951660e-01 5.077214837074279785e-01 1.166208148002624512e+00 -8.746710419654846191e-01 1.310353517532348633e+00 1.334422945976257324e+00
2.393317967653274536e-01 5.984768867492675781e-01 1.798778623342514038e-01 -4.395483434200286865e-02 -6.065422296524047852e-01 5.245485305786132812e-01 1.247559905052185059e+00 -7.880684137344360352e-01 1.141676306724548340e+00 1.613632798194885254e+00
3.142581284046173096e-01 4.774165153503417969e-01 3.118503689765930176e-01 -4.432696104049682617e-02 -5.722044110298156738e-01 6.936451196670532227e-01 1.075781702995300293e+00 -6.950412392616271973e-01 1.086712241172790527e+00 1.770657420158386230e+00
3.968504667282104492e-01 4.918908476829528809e-01 3.521610796451568604e-01 -6.938415765762329102e-02 -5.643977522850036621e-01 7.495197653770446777e-01 9.266940951347351074e-01 -6.743411421775817871e-01 1.069780826568603516e+00 1.801583170890808105e+00
