2.266394644975662231e-01 3.086581230163574219e-01 -1.123270392417907715e+00 3.257309496402740479e-01 -4.415841400623321533e-01 4.146433472633361816e-01 2.240045070648193359e-01 -3.266393244266510010e-01 9.577554464340209961e-02 1.610358357429504395e-01
2.276840358972549438e-01 3.434613943099975586e-01 -1.133425354957580566e+00 3.032795488834381104e-01 -4.325993955135345459e-01 4.162874221801757812e-01 1.998264193534851074e-01 -3.241211473941802979e-01 1.099757999181747437e-01 1.403155922889709473e-01
2.208334356546401978e-01 3.522925972938537598e-01 -1.167641520500183105e+00 3.000753521919250488e-01 -4.344087541103363037e-01 3.713562488555908203e-01 2.018753290176391602e-01 -3.112658560276031494e-01 1.005419343709945679e-01 1.511036455631256104e-01
1.577584892511367798e-01 3.833765983581542969e-01 -1.141691565513610840e+00 3.174712955951690674e-01 -4.643657803535461426e-01 4.284455180168151855e-01 2.240092754364013672e-01 -3.154698908329010010e-01 8.438518643379211426e-02 1.860477030277252197e-01
1.201470345258712769e-01 4.009763598442077637e-01 -1.116475701332092285e+00 3.481512963771820068e-01 -4.883162677288055420e-01 4.845452308654785156e-01 2.532229423522949219e-01 -2.999638020992279053e-01 9.341417253017425537e-02 1.782833337783813477e-01
1.211818307638168335e-01 4.377540946006774902e-01 -1.076739788055419922e+00 3.661734759807586670e-01 -4.680162370204925537e-01 5.280199050903320312e-01 2.062174081802368164e-01 -2.747899591922760010e-01 1.106352657079696655e-01 1.361303031444549561e-01
1.709164530038833618e-01 4.499926567077636719e-01 -1.117502331733703613e+00 4.660031497478485107e-01 -5.176910161972045898e-01 5.212001204490661621e-01 1.933213770389556885e-01 -2.835493981838226318e-01 5.558101832866668701e-02 1.250872910022735596e-01
2.215318828821182251e-01 3.656939268112182617e-01 -1.147182226181030273e+00 4.231599271297454834e-01 -5.127665400505065918e-01 4.553208351135253906e-01 1.487990021705627441e-01 -3.294493257999420166e-01 1.751588284969329834e-02 1.702610850334167480e-01
2.329310327768325806e-01 3.132755756378173828e-01 -1.196509361267089844e+00 2.903103232383728027e-01 -4.687764048576354980e-01 3.800979852676391602e-01 1.229332089424133301e-01 -3.212710320949554443e-01 6.267906725406646729e-02 1.513043642044067383e-01
2.448565512895584106e-01 3.118793964385986328e-01 -1.197759032249450684e+00 2.810232043266296387e-01 -4.543013572692871094e-01 3.616704940795898438e-01 1.049524545669555664e-01 -3.088925778865814209e-01 6.735238432884216309e-02 1.486600637435913086e-01
2.450676113367080688e-01 3.074343204498291016e-01 -1.192755103111267090e+00 2.837222814559936523e-01 -4.578353762626647949e-01 3.563573956489562988e-01 1.054228544235229492e-01 -3.021629750728607178e-01 6.576968729496002197e-02 1.496325731277465820e-01
2.534357309341430664e-01 3.051673173904418945e-01 -1.206859707832336426e+00 2.782059013843536377e-01 -4.476695358753204346e-01 3.581947088241577148e-01 1.006028652191162109e-01 -3.077566325664520264e-01 6.586378812789916992e-02 1.441307365894317627e-01
2.503277659416198730e-01 3.031219244003295898e-01 -1.201535940170288086e+00 2.879989445209503174e-01 -4.558556377887725830e-01 3.632209897041320801e-01 9.698939323425292969e-02 -3.115993440151214600e-01 6.272371113300323486e-02 1.495565772056579590e-01
2.050975412130355835e-01 2.386835664510726929e-01 -1.119413495063781738e+00 3.854747116565704346e-01 -5.580139756202697754e-01 4.417196512222290039e-01 1.714848279953002930e-01 -2.421788424253463745e-01 -3.273192048072814941e-02 2.016367912292480469e-01
2.399267107248306274e-01 -7.961848974227905273e-01 -6.849205493927001953e-01 3.462211191654205322e-01 -1.189939022064208984e+00 5.306904017925262451e-02 1.459061503410339355e-01 -6.851497292518615723e-01 -2.494366317987442017e-01 1.221933960914611816e+00
3.876572251319885254e-01 -1.169093251228332520e+00 -1.584683060646057129e+00 1.919718682765960693e-01 3.756041824817657471e-02 -3.744163513183593750e-01 -6.134667396545410156e-01 -5.413187742233276367e-01 -8.402815461158752441e-01 1.112944602966308594e+00
3.789290785789489746e-01 -1.158688902854919434e+00 -1.614373087882995605e+00 2.125352770090103149e-01 8.087031543254852295e-02 -3.880262076854705811e-01 -6.361879110336303711e-01 -5.383123755455017090e-01 -8.629651665687561035e-01 1.084360837936401367e+00
3.785349726676940918e-01 -1.163522601127624512e+00 -1.625874161720275879e+00 2.215212285518646240e-01 8.280487358570098877e-02 -3.885115981101989746e-01 -6.316147446632385254e-01 -5.293571352958679199e-01 -8.648117780685424805e-01 1.081631541252136230e+00
3.817064166069030762e-01 -1.160743951797485352e+00 -1.613751292228698730e+00 2.157289981842041016e-01 8.375592529773712158e-02 -3.883219659328460693e-01 -6.398724317550659180e-01 -5.411154627799987793e-01 -8.600154519081115723e-01 1.081403851509094238e+00
3.759280443191528320e-01 -1.159952163696289062e+00 -1.604408740997314453e+00 2.182447165250778198e-01 9.175033867359161377e-02 -3.781250715255737305e-01 -6.504403948783874512e-01 -5.447937846183776855e-01 -8.628427386283874512e-01 1.088002920150756836e+00
3.776390552520751953e-01 -1.155550241470336914e+00 -1.609802722930908203e+00 2.163546383380889893e-01 8.606879413127899170e-02 -3.826824724674224854e-01 -6.449081897735595703e-01 -5.347778797149658203e-01 -8.652075529098510742e-01 1.081716537475585938e+00
3.790337443351745605e-01 -1.165454149246215820e+00 -1.618795156478881836e+00 2.223184704780578613e-01 7.745282351970672607e-02 -3.865790367126464844e-01 -6.362815499305725098e-01 -5.375822186470031738e-01 -8.642862439155578613e-01 1.081764459609985352e+00
3.817030787467956543e-01 -1.163839578628540039e+00 -1.619072675704956055e+00 2.134383916854858398e-01 8.165045082569122314e-02 -3.856186866760253906e-01 -6.367014050483703613e-01 -5.430420637130737305e-01 -8.557909131050109863e-01 1.084463477134704590e+00
4.245755076408386230e-01 -1.188270449638366699e+00 -1.257975459098815918e+00 4.629306793212890625e-01 -2.271202057600021362e-01 -3.867906928062438965e-01 -4.273231625556945801e-01 -7.600516676902770996e-01 -5.728398561477661133e-01 1.300744652748107910e+00
4.241166114807128906e-01 -1.185634374618530273e+00 -1.240578532218933105e+00 4.681635797023773193e-01 -2.341687232255935669e-01 -3.956931233406066895e-01 -4.150915741920471191e-01 -7.548810839653015137e-01 -5.673489570617675781e-01 1.308840513229370117e+00
4.241766333580017090e-01 -1.185646295547485352e+00 -1.259551525115966797e+00 4.779464900493621826e-01 -2.275148481130599976e-01 -3.907681107521057129e-01 -4.112733006477355957e-01 -7.608122825622558594e-01 -5.650107264518737793e-01 1.308328628540039062e+00
4.350060224533081055e-01 -1.185903787612915039e+00 -1.260879993438720703e+00 4.820913374423980713e-01 -2.309011667966842651e-01 -3.921069502830505371e-01 -4.129619002342224121e-01 -7.659015059471130371e-01 -5.628909468650817871e-01 1.309772849082946777e+00
4.336118102073669434e-01 -1.196040153503417969e+00 -1.247396111488342285e+00 4.984374940395355225e-01 -2.429693788290023804e-01 -3.886194825172424316e-01 -4.094069004058837891e-01 -7.652878761291503906e-01 -5.590447783470153809e-01 1.319539070129394531e+00
4.272653460502624512e-01 -1.188631176948547363e+00 -1.246006608009338379e+00 4.858904182910919189e-01 -2.417992800474166870e-01 -3.878171145915985107e-01 -3.977101445198059082e-01 -7.665338516235351562e-01 -5.544467568397521973e-01 1.314568996429443359e+00
3.748710155487060547e-01 -1.042393326759338379e+00 -1.118762373924255371e+00 6.131087541580200195e-01 -4.006638526916503906e-01 -3.718232810497283936e-01 -3.154513835906982422e-01 -8.086151480674743652e-01 -4.530908167362213135e-01 1.363714456558227539e+00
1.426731497049331665e-01 -3.250765800476074219e-01 -1.034138321876525879e+00 8.063840866088867188e-01 -5.295571088790893555e-01 -3.385707736015319824e-01 -4.306054487824440002e-02 -8.020631074905395508e-01 -2.535753548145294189e-01 1.632673978805541992e+00
-2.820276021957397461e-01 1.135556548833847046e-01 -1.576357245445251465e+00 4.360643625259399414e-01 -4.228517711162567139e-01 -3.242543041706085205e-01 -1.968912482261657715e-01 -6.147382855415344238e-01 -5.986554622650146484e-01 1.110824227333068848e+00
-2.578832507133483887e-01 2.935217320919036865e-02 -1.578319430351257324e+00 3.582387268543243408e-01 -4.307812750339508057e-01 -3.415595889091491699e-01 -2.217054367065429688e-01 -5.690979957580566406e-01 -6.139781475067138672e-01 1.041163086891174316e+00
-2.496677190065383911e-01 1.143060624599456787e-02 -1.582970857620239258e+00 3.500585258007049561e-01 -4.282608330249786377e-01 -3.544712960720062256e-01 -2.265041470527648926e-01 -5.485977530479431152e-01 -6.103742122650146484e-01 1.034637212753295898e+00
-2.547639608383178711e-01 9.288106858730316162e-02 -1.507298469543457031e+00 4.035983979701995850e-01 -4.207827746868133545e-01 -3.269783854484558105e-01 -1.355369687080383301e-01 -6.162125468254089355e-01 -5.406896471977233887e-01 1.215422153472900391e+00
-2.888134717941284180e-01 1.811784356832504272e-01 -1.505560398101806641e+00 4.514428377151489258e-01 -4.404527544975280762e-01 -3.351313471794128418e-01 -7.304465770721435547e-02 -6.452974677085876465e-01 -4.954525828361511230e-01 1.301407814025878906e+00
-4.050034284591674805e-01 3.480869531631469727e-01 -1.371415257453918457e+00 5.659831166267395020e-01 -5.865989327430725098e-01 -3.374353349208831787e-01 -1.001863479614257812e-01 -7.166584134101867676e-01 -4.231467843055725098e-01 1.216369748115539551e+00
-4.361985325813293457e-01 2.826113700866699219e-01 -1.370514154434204102e+00 5.100404620170593262e-01 -5.710662603378295898e-01 -3.290407955646514893e-01 -1.049709916114807129e-01 -7.149642705917358398e-01 -3.974070847034454346e-01 1.036824107170104980e+00
