2.883972823619842529e-01 -1.931125074625015259e-01 5.448590517044067383e-01 1.295988559722900391e-01 -5.047467350959777832e-01 9.683296084403991699e-01 2.935028672218322754e-01 -8.873217701911926270e-01 1.296419352293014526e-01 -3.851392567157745361e-01
3.182539045810699463e-01 -1.944660097360610962e-01 5.300821065902709961e-01 1.376389563083648682e-01 -5.160607099533081055e-01 9.464747309684753418e-01 2.660741806030273438e-01 -8.956984877586364746e-01 1.278603374958038330e-01 -4.190500378608703613e-01
2.475253790616989136e-01 -1.933664232492446899e-01 5.811879634857177734e-01 9.061866998672485352e-02 -5.246134400367736816e-01 1.042639732360839844e+00 3.315899372100830078e-01 -8.825188875198364258e-01 1.323415488004684448e-01 -3.308895230293273926e-01
2.252941280603408813e-01 -2.178517729043960571e-01 5.668545365333557129e-01 1.356879174709320068e-01 -6.079992055892944336e-01 9.252415299415588379e-01 5.102438330650329590e-01 -8.681908249855041504e-01 1.995123475790023804e-01 -2.912106812000274658e-01
1.447949707508087158e-01 -2.140462547540664673e-01 5.859432220458984375e-01 1.291134953498840332e-01 -6.508331894874572754e-01 9.588104486465454102e-01 7.430046200752258301e-01 -8.991364836692810059e-01 2.536105811595916748e-01 -1.848654747009277344e-01
1.025511026382446289e-01 -1.529324799776077271e-01 5.366507768630981445e-01 1.574373543262481689e-01 -7.318164110183715820e-01 9.062647819519042969e-01 8.763963580131530762e-01 -9.063672423362731934e-01 3.395985960960388184e-01 -1.919253468513488770e-01
9.219561517238616943e-02 -8.484889566898345947e-02 3.006852567195892334e-01 2.057822644710540771e-01 -5.947529077529907227e-01 7.602145671844482422e-01 7.890757918357849121e-01 -1.037213325500488281e+00 5.673175454139709473e-01 -3.246383666992187500e-01
1.518251150846481323e-01 1.086492389440536499e-01 3.995841145515441895e-01 3.099441230297088623e-01 -1.008962750434875488e+00 7.277724146842956543e-01 6.054176688194274902e-01 -1.137900114059448242e+00 5.472326874732971191e-01 -4.452134668827056885e-01
2.351384609937667847e-01 1.378085464239120483e-01 5.460551977157592773e-01 3.169000446796417236e-01 -1.045219659805297852e+00 8.541957139968872070e-01 3.345912098884582520e-01 -1.087452530860900879e+00 4.208020269870758057e-01 -4.902611076831817627e-01
2.450360208749771118e-01 2.219784110784530640e-01 3.792950212955474854e-01 2.587008476257324219e-01 -7.299479842185974121e-01 9.874402284622192383e-01 -9.963017702102661133e-02 -1.063464164733886719e+00 4.865840375423431396e-01 -6.135693192481994629e-01
3.056132197380065918e-01 1.381420940160751343e-01 4.371131658554077148e-01 1.846069097518920898e-01 -7.731217741966247559e-01 1.063863515853881836e+00 -9.965639710426330566e-01 -9.463391900062561035e-01 8.188296854496002197e-02 -6.939973831176757812e-01
3.557445704936981201e-01 9.191881120204925537e-02 4.418980479240417480e-01 1.825193166732788086e-01 -8.366964459419250488e-01 9.932139515876770020e-01 -1.141701459884643555e+00 -9.075829386711120605e-01 3.505583107471466064e-02 -7.304595112800598145e-01
3.551307916641235352e-01 8.604978024959564209e-02 4.347506463527679443e-01 1.986490041017532349e-01 -8.413174748420715332e-01 9.879360198974609375e-01 -1.144762277603149414e+00 -9.170196652412414551e-01 3.709767758846282959e-02 -7.220355868339538574e-01
3.504381775856018066e-01 9.614406526088714600e-02 4.478736519813537598e-01 1.899971961975097656e-01 -8.463947176933288574e-01 9.958904981613159180e-01 -1.136819005012512207e+00 -9.097242951393127441e-01 3.762696683406829834e-02 -7.212476730346679688e-01
3.485248982906341553e-01 8.596239984035491943e-02 4.441972672939300537e-01 1.948526054620742798e-01 -8.438335657119750977e-01 9.900519847869873047e-01 -1.149265170097351074e+00 -9.031532406806945801e-01 3.975604474544525146e-02 -7.230715155601501465e-01
3.374342620372772217e-01 -2.077832352370023727e-03 5.810903310775756836e-01 2.673444151878356934e-01 -9.388579726219177246e-01 8.232920765876770020e-01 -1.201674818992614746e+00 -7.641516923904418945e-01 1.207749694585800171e-01 -5.063198208808898926e-01
6.010130047798156738e-01 -2.023310810327529907e-01 9.237209558486938477e-01 5.330405831336975098e-01 -1.375135183334350586e+00 9.649359583854675293e-01 -8.960731625556945801e-01 -7.985805869102478027e-01 9.164522290229797363e-01 -3.184496983885765076e-02
4.357379674911499023e-01 -1.271350532770156860e-01 8.142349123954772949e-01 5.322023034095764160e-01 -1.153462290763854980e+00 1.417503952980041504e+00 -8.652341961860656738e-01 -7.589269280433654785e-01 1.059719681739807129e+00 -4.837190732359886169e-02
4.492810070514678955e-01 -1.200442463159561157e-01 8.095567226409912109e-01 5.158895254135131836e-01 -1.147642135620117188e+00 1.413025736808776855e+00 -8.521274924278259277e-01 -7.359851598739624023e-01 1.077198266983032227e+00 -5.430978164076805115e-02
4.384353756904602051e-01 -1.223096996545791626e-01 7.980802059173583984e-01 5.179005861282348633e-01 -1.149177432060241699e+00 1.413741827011108398e+00 -8.550416827201843262e-01 -7.510520815849304199e-01 1.070437073707580566e+00 -5.846070870757102966e-02
3.321354985237121582e-01 7.125972211360931396e-02 6.710054874420166016e-01 4.288149178028106689e-01 -9.522509574890136719e-01 1.318359136581420898e+00 -5.120442509651184082e-01 -8.902292251586914062e-01 1.270012736320495605e+00 -2.084323763847351074e-01
1.767386347055435181e-01 1.967387050390243530e-01 7.140285372734069824e-01 4.056782126426696777e-01 -1.101506590843200684e+00 1.141184091567993164e+00 2.230920791625976562e-01 -1.172181725502014160e+00 1.312779307365417480e+00 -2.240905165672302246e-01
4.851123392581939697e-01 1.496749967336654663e-01 1.170511484146118164e+00 4.959701895713806152e-01 -1.379977226257324219e+00 1.281731128692626953e+00 4.469714164733886719e-01 -1.132882356643676758e+00 1.227892756462097168e+00 -1.102366447448730469e-01
3.810992836952209473e-01 2.295845597982406616e-01 9.936964511871337891e-01 4.541012644767761230e-01 -1.283447861671447754e+00 1.183286905288696289e+00 5.102564692497253418e-01 -1.243329644203186035e+00 1.377115249633789062e+00 -2.047410011291503906e-01
1.196697503328323364e-01 7.504567969590425491e-03 7.420734763145446777e-01 3.588418960571289062e-01 -1.093314170837402344e+00 8.640758991241455078e-01 1.006966471672058105e+00 -1.110876679420471191e+00 1.248673915863037109e+00 -7.423764467239379883e-02
1.299311667680740356e-01 -1.222165971994400024e-01 9.860499501228332520e-01 3.540970981121063232e-01 -9.946192502975463867e-01 1.036506175994873047e+00 1.050498127937316895e+00 -9.464459419250488281e-01 1.021707177162170410e+00 1.455561518669128418e-01
