6.299552917480468750e-01 6.170819401741027832e-01 -9.407306909561157227e-01 -6.833398342132568359e-02 -4.098939001560211182e-01 6.781907677650451660e-01 2.404432892799377441e-01 -1.573350280523300171e-01 3.357133269309997559e-02 7.183142304420471191e-01
6.364918351173400879e-01 6.182433366775512695e-01 -9.370206594467163086e-01 -7.424090802669525146e-02 -4.033931791782379150e-01 6.669512391090393066e-01 2.303873896598815918e-01 -1.373355239629745483e-01 3.575992584228515625e-02 7.238245010375976562e-01
5.129582285881042480e-01 5.494534969329833984e-01 -8.289911746978759766e-01 -1.042725741863250732e-01 -4.623965919017791748e-01 7.007892727851867676e-01 5.476595759391784668e-01 -1.509451121091842651e-01 1.482056975364685059e-01 7.752434611320495605e-01
5.587811470031738281e-01 8.750680685043334961e-01 -7.549380660057067871e-01 7.019996643066406250e-02 -3.031165301799774170e-01 8.160777688026428223e-01 9.262354969978332520e-01 -2.181215733289718628e-01 5.855223536491394043e-01 5.145692229270935059e-01
7.656367421150207520e-01 1.269439697265625000e+00 -8.239145278930664062e-01 1.709906905889511108e-01 -2.115045338869094849e-01 8.099209666252136230e-01 7.047768831253051758e-01 -2.524779140949249268e-01 7.885870337486267090e-01 3.779309391975402832e-01
8.047183752059936523e-01 1.351053595542907715e+00 -8.658167719841003418e-01 1.954091936349868774e-01 -1.442591398954391479e-01 8.122953772544860840e-01 7.178478837013244629e-01 -2.617930471897125244e-01 8.262487649917602539e-01 3.418867290019989014e-01
8.353670239448547363e-01 1.373629927635192871e+00 -8.682118654251098633e-01 1.625205874443054199e-01 -1.370157152414321899e-01 8.446394801139831543e-01 6.856200098991394043e-01 -2.719946801662445068e-01 8.431761264801025391e-01 3.159960210323333740e-01
8.428642749786376953e-01 1.393812775611877441e+00 -8.693697452545166016e-01 1.747069507837295532e-01 -1.291159242391586304e-01 8.577076792716979980e-01 6.817735433578491211e-01 -2.596909105777740479e-01 8.468908667564392090e-01 3.037978708744049072e-01
8.505768179893493652e-01 1.382475614547729492e+00 -8.697560429573059082e-01 1.767885833978652954e-01 -1.138529032468795776e-01 8.451602458953857422e-01 6.793076992034912109e-01 -2.605465352535247803e-01 8.460086584091186523e-01 3.124834895133972168e-01
8.566879630088806152e-01 1.386311531066894531e+00 -8.770336508750915527e-01 1.876036524772644043e-01 -1.105498224496841431e-01 8.360079526901245117e-01 6.815405488014221191e-01 -2.719447910785675049e-01 8.555052876472473145e-01 3.022111952304840088e-01
8.623032569885253906e-01 1.388090610504150391e+00 -8.795040845870971680e-01 1.789676398038864136e-01 -1.221304088830947876e-01 8.399264812469482422e-01 6.692929267883300781e-01 -2.759262025356292725e-01 8.567517995834350586e-01 3.040259480476379395e-01
8.517065644264221191e-01 1.377408742904663086e+00 -8.801808357238769531e-01 1.667986959218978882e-01 -1.219035238027572632e-01 8.378572463989257812e-01 6.718989014625549316e-01 -2.597005069255828857e-01 8.510577082633972168e-01 3.009275197982788086e-01
8.620585203170776367e-01 1.385094642639160156e+00 -8.801308870315551758e-01 1.780152320861816406e-01 -1.106461733579635620e-01 8.424336910247802734e-01 6.763347983360290527e-01 -2.663301527500152588e-01 8.469611406326293945e-01 3.073051273822784424e-01
8.917667865753173828e-01 1.375314593315124512e+00 -8.831927776336669922e-01 1.845671385526657104e-01 -1.513320952653884888e-01 8.494551181793212891e-01 6.412477493286132812e-01 -2.296590059995651245e-01 8.294862508773803711e-01 2.829256057739257812e-01
1.016846299171447754e+00 1.485951066017150879e+00 -7.697035074234008789e-01 -3.939384222030639648e-02 3.083138167858123779e-01 1.925506472587585449e+00 2.708859145641326904e-01 -9.724126756191253662e-02 7.365324497222900391e-01 1.391120553016662598e-01
8.865671753883361816e-01 9.208694100379943848e-01 -1.037894845008850098e+00 3.291567265987396240e-01 1.299121022224426270e+00 5.565585494041442871e-01 -1.950526237487792969e-01 -4.755737483501434326e-01 1.210694670677185059e+00 -1.421755179762840271e-02
8.282107114791870117e-01 9.713477492332458496e-01 -7.919812202453613281e-01 4.870702326297760010e-01 1.443282842636108398e+00 1.883635967969894409e-01 -9.909279346466064453e-01 -6.475779414176940918e-01 1.102038502693176270e+00 7.394212484359741211e-02
8.177725076675415039e-01 9.607766270637512207e-01 -7.707085013389587402e-01 5.033763647079467773e-01 1.436449527740478516e+00 1.765488237142562866e-01 -1.023310303688049316e+00 -6.443036198616027832e-01 1.085429668426513672e+00 8.274936676025390625e-02
8.179823756217956543e-01 9.638957977294921875e-01 -7.720386981964111328e-01 4.977433979511260986e-01 1.424769878387451172e+00 1.785087138414382935e-01 -1.008407354354858398e+00 -6.444061398506164551e-01 1.080973148345947266e+00 8.376497030258178711e-02
8.275060653686523438e-01 9.662265777587890625e-01 -7.783989906311035156e-01 5.065973997116088867e-01 1.426318883895874023e+00 1.887200027704238892e-01 -1.012008309364318848e+00 -6.544034481048583984e-01 1.092639684677124023e+00 8.000749349594116211e-02
8.224563598632812500e-01 9.586974382400512695e-01 -7.689912319183349609e-01 5.097607374191284180e-01 1.420320153236389160e+00 1.888784915208816528e-01 -1.018583059310913086e+00 -6.544968485832214355e-01 1.092885971069335938e+00 8.743208646774291992e-02
8.261256217956542969e-01 9.586417078971862793e-01 -7.762737274169921875e-01 5.005090832710266113e-01 1.420257568359375000e+00 1.810427457094192505e-01 -1.019522070884704590e+00 -6.513949036598205566e-01 1.087999343872070312e+00 8.010542392730712891e-02
8.238557577133178711e-01 9.623039364814758301e-01 -7.694145441055297852e-01 5.129538178443908691e-01 1.434481024742126465e+00 1.867570728063583374e-01 -1.019744038581848145e+00 -6.568155884742736816e-01 1.084199428558349609e+00 7.544815540313720703e-02
9.009397029876708984e-01 7.665128707885742188e-01 -5.470017194747924805e-01 3.565640747547149658e-01 1.208562135696411133e+00 5.155320167541503906e-01 -6.117009520530700684e-01 -3.892205059528350830e-01 1.243808507919311523e+00 2.010358572006225586e-01
1.141705155372619629e+00 1.519486904144287109e+00 -2.283823490142822266e-01 1.955013424158096313e-01 1.156940460205078125e+00 1.467566251754760742e+00 -7.749668359756469727e-01 -3.450756669044494629e-01 1.103234648704528809e+00 1.083590388298034668e-01
1.174241781234741211e+00 1.559884428977966309e+00 -2.161452770233154297e-01 1.845891475677490234e-01 1.135841608047485352e+00 1.505753636360168457e+00 -8.070587515830993652e-01 -3.142053484916687012e-01 1.063164234161376953e+00 9.263414144515991211e-02
1.165247559547424316e+00 1.547992467880249023e+00 -2.177599519491195679e-01 1.816436201333999634e-01 1.137917280197143555e+00 1.496219396591186523e+00 -8.073173761367797852e-01 -3.127725720405578613e-01 1.057553648948669434e+00 1.005704998970031738e-01
1.163860201835632324e+00 1.558099150657653809e+00 -2.174059599637985229e-01 1.846084296703338623e-01 1.144509553909301758e+00 1.493452668190002441e+00 -8.122493028640747070e-01 -3.160692155361175537e-01 1.062265753746032715e+00 9.273314476013183594e-02
1.160391688346862793e+00 1.553213834762573242e+00 -2.187414914369583130e-01 1.797749698162078857e-01 1.145597696304321289e+00 1.495608448982238770e+00 -8.144773840904235840e-01 -3.165765106678009033e-01 1.056474566459655762e+00 8.788877725601196289e-02
1.171008348464965820e+00 1.565209746360778809e+00 -2.181675881147384644e-01 1.854750961065292358e-01 1.134955286979675293e+00 1.499780654907226562e+00 -8.030435442924499512e-01 -3.191638290882110596e-01 1.062083482742309570e+00 1.055306792259216309e-01
1.432642102241516113e+00 1.704095482826232910e+00 -4.470318555831909180e-02 1.613523960113525391e-01 7.096224427223205566e-01 1.255629539489746094e+00 -8.399255871772766113e-01 -1.316916793584823608e-01 8.785381913185119629e-01 4.498005285859107971e-02
1.396606564521789551e+00 1.520122885704040527e+00 -1.350663602352142334e-02 3.323791325092315674e-01 5.168156027793884277e-01 5.070899128913879395e-01 -7.186421751976013184e-01 -1.886998265981674194e-01 8.689464926719665527e-01 4.419184103608131409e-02
1.399700284004211426e+00 1.488005161285400391e+00 -1.112093031406402588e-02 3.393252491950988770e-01 5.202171206474304199e-01 4.831492304801940918e-01 -7.230314612388610840e-01 -1.704261749982833862e-01 8.606749773025512695e-01 4.370874539017677307e-02
1.395335793495178223e+00 1.484890818595886230e+00 -1.413770020008087158e-02 3.431743085384368896e-01 5.146359801292419434e-01 4.740572571754455566e-01 -7.248443961143493652e-01 -1.393065005540847778e-01 8.549513220787048340e-01 4.717570915818214417e-02
9.256234169006347656e-01 8.666146397590637207e-01 -6.449426710605621338e-02 1.709694564342498779e-01 7.450938820838928223e-01 2.938951849937438965e-01 -8.017610311508178711e-01 -2.224652022123336792e-01 6.109976172447204590e-01 2.932497262954711914e-01
7.894936800003051758e-01 6.366901397705078125e-01 4.660318791866302490e-02 -6.759360432624816895e-02 9.629366397857666016e-01 3.747964501380920410e-01 -1.258906483650207520e+00 -3.246287107467651367e-01 3.480938971042633057e-01 4.734352231025695801e-01
9.867727160453796387e-01 8.504348397254943848e-01 2.214627414941787720e-01 -1.015464365482330322e-01 8.050432801246643066e-01 4.232839941978454590e-01 -1.538525938987731934e+00 -3.289671242237091064e-01 2.253716737031936646e-01 4.847940802574157715e-01
9.689319729804992676e-01 9.311980009078979492e-01 2.473764270544052124e-01 -9.278540313243865967e-02 7.921046614646911621e-01 4.477839469909667969e-01 -1.585802197456359863e+00 -3.788462281227111816e-01 1.876542419195175171e-01 5.012068152427673340e-01
