6.690862178802490234e-01 7.161461114883422852e-01 -1.022449135780334473e+00 1.399279534816741943e-01 -3.615993857383728027e-01 4.370105862617492676e-01 3.106246590614318848e-01 -6.189086437225341797e-01 -2.715629339218139648e-02 7.649558186531066895e-01
6.906406879425048828e-01 6.289814710617065430e-01 -9.906815290451049805e-01 1.230718195438385010e-01 -3.907401859760284424e-01 5.257222056388854980e-01 2.783574163913726807e-01 -6.346224546432495117e-01 1.700833439826965332e-02 7.110653519630432129e-01
6.502270698547363281e-01 6.534459590911865234e-01 -9.816790819168090820e-01 1.644775122404098511e-01 -4.255096614360809326e-01 4.115801453590393066e-01 4.621884822845458984e-01 -5.996280312538146973e-01 8.527170866727828979e-02 7.240808606147766113e-01
5.405874252319335938e-01 6.076810359954833984e-01 -8.756358027458190918e-01 1.190440058708190918e-01 -4.727329909801483154e-01 5.029774308204650879e-01 6.637508273124694824e-01 -6.337308287620544434e-01 1.527623683214187622e-01 8.094699382781982422e-01
4.939457178115844727e-01 6.056559085845947266e-01 -8.238379955291748047e-01 1.415407508611679077e-01 -5.051720738410949707e-01 4.789872765541076660e-01 9.097164869308471680e-01 -6.137457489967346191e-01 2.505983710289001465e-01 8.484137654304504395e-01
4.348995685577392578e-01 8.441964387893676758e-01 -8.671848773956298828e-01 2.114541977643966675e-01 -5.573059320449829102e-01 4.519860744476318359e-01 9.742117524147033691e-01 -7.100731134414672852e-01 3.555492460727691650e-01 8.229250311851501465e-01
4.519277811050415039e-01 9.350013732910156250e-01 -9.249686002731323242e-01 2.053206115961074829e-01 -4.913947880268096924e-01 3.658277988433837891e-01 1.004797101020812988e+00 -8.263557553291320801e-01 5.867697000503540039e-01 6.288035511970520020e-01
6.047651171684265137e-01 1.366767644882202148e+00 -8.708611726760864258e-01 3.247563540935516357e-01 -8.517864346504211426e-01 3.350747823715209961e-01 5.361119508743286133e-01 -8.062684535980224609e-01 5.096928477287292480e-01 6.161286234855651855e-01
6.835440993309020996e-01 1.399306058883666992e+00 -8.611263036727905273e-01 3.193790018558502197e-01 -8.199720382690429688e-01 3.795367479324340820e-01 3.529046773910522461e-01 -7.575148940086364746e-01 4.385522902011871338e-01 5.950495600700378418e-01
8.742944598197937012e-01 1.400749921798706055e+00 -7.650531530380249023e-01 2.030135691165924072e-01 -4.572541713714599609e-01 5.262867808341979980e-01 -7.348689436912536621e-01 -6.329414248466491699e-01 2.873151600360870361e-01 3.919941484928131104e-01
8.795024156570434570e-01 1.276736259460449219e+00 -7.876795530319213867e-01 1.318524181842803955e-01 -5.146774053573608398e-01 5.373781919479370117e-01 -1.169896721839904785e+00 -7.419945597648620605e-01 6.446082890033721924e-02 4.027239680290222168e-01
8.761763572692871094e-01 1.296030044555664062e+00 -7.879223823547363281e-01 1.259953975677490234e-01 -5.060853362083435059e-01 5.409032106399536133e-01 -1.164245843887329102e+00 -7.508251070976257324e-01 6.046922504901885986e-02 4.135081171989440918e-01
8.750655651092529297e-01 1.299205183982849121e+00 -7.828115224838256836e-01 1.462228000164031982e-01 -5.102676749229431152e-01 5.303717851638793945e-01 -1.159978032112121582e+00 -7.590207457542419434e-01 5.826851725578308105e-02 4.085622131824493408e-01
8.710337281227111816e-01 1.289309620857238770e+00 -7.891855835914611816e-01 1.473144739866256714e-01 -5.113692879676818848e-01 5.271515250205993652e-01 -1.170290589332580566e+00 -7.549666762351989746e-01 5.906896293163299561e-02 4.113857448101043701e-01
8.736612796783447266e-01 1.295976638793945312e+00 -7.888243198394775391e-01 1.341217756271362305e-01 -5.129134058952331543e-01 5.277417302131652832e-01 -1.172743678092956543e+00 -7.436779737472534180e-01 5.638965964317321777e-02 4.061949551105499268e-01
7.242273092269897461e-01 5.484843850135803223e-01 -2.006758898496627808e-01 1.926762908697128296e-01 -7.941214442253112793e-01 3.613184690475463867e-01 -8.913889527320861816e-01 -4.455446004867553711e-01 3.944543302059173584e-01 9.429389834403991699e-01
8.990116715431213379e-01 6.323108673095703125e-01 1.022551506757736206e-01 2.744447588920593262e-01 -7.052336931228637695e-01 7.836198210716247559e-01 -4.133147597312927246e-01 -4.485625922679901123e-01 9.292410016059875488e-01 1.213872432708740234e+00
9.096732139587402344e-01 6.146788597106933594e-01 1.017058938741683960e-01 2.742582857608795166e-01 -6.837605834007263184e-01 7.878604531288146973e-01 -4.308883547782897949e-01 -4.117669165134429932e-01 9.350797533988952637e-01 1.215262651443481445e+00
9.007457494735717773e-01 6.136359572410583496e-01 1.030732840299606323e-01 2.647043764591217041e-01 -6.693922281265258789e-01 7.925873398780822754e-01 -4.198110103607177734e-01 -4.167405664920806885e-01 9.400854110717773438e-01 1.201746344566345215e+00
8.358880281448364258e-01 6.301380991935729980e-01 8.451105654239654541e-02 2.361415028572082520e-01 -5.867801308631896973e-01 8.424580693244934082e-01 -3.446042537689208984e-01 -4.683325886726379395e-01 9.799265265464782715e-01 1.210181951522827148e+00
8.366388678550720215e-01 9.093110561370849609e-01 -1.023665536195039749e-03 2.282368093729019165e-01 -4.875847995281219482e-01 7.819330096244812012e-01 -1.436841767281293869e-02 -7.168920636177062988e-01 1.152153611183166504e+00 1.046358466148376465e+00
6.826968789100646973e-01 1.167509078979492188e+00 1.430825144052505493e-01 2.388511002063751221e-01 -9.168838858604431152e-01 7.445272803306579590e-01 6.058633923530578613e-01 -6.145562529563903809e-01 1.264654278755187988e+00 1.260661244392395020e+00
7.679285407066345215e-01 1.135528087615966797e+00 1.981202512979507446e-01 2.690912783145904541e-01 -9.458732604980468750e-01 8.306242823600769043e-01 6.492036581039428711e-01 -6.430843472480773926e-01 1.255210995674133301e+00 1.344424128532409668e+00
5.704956650733947754e-01 1.164210319519042969e+00 6.392671167850494385e-02 1.907728612422943115e-01 -8.408951759338378906e-01 6.133074164390563965e-01 8.499118089675903320e-01 -6.731063127517700195e-01 1.411368131637573242e+00 1.132125854492187500e+00
2.635805010795593262e-01 6.734054684638977051e-01 4.991610348224639893e-02 1.080942153930664062e-01 -7.415001392364501953e-01 5.552629828453063965e-01 1.336793422698974609e+00 -6.082175970077514648e-01 1.146308302879333496e+00 1.359165549278259277e+00
3.676296174526214600e-01 4.723321199417114258e-01 2.022971659898757935e-01 8.992999047040939331e-02 -6.898915171623229980e-01 7.166868448257446289e-01 1.178144097328186035e+00 -4.583928883075714111e-01 1.006024241447448730e+00 1.605480313301086426e+00
