2.974809333682060242e-02 5.260872840881347656e-01 1.067523807287216187e-01 -3.861859440803527832e-01 -3.153873980045318604e-01 6.078106760978698730e-01 5.230765342712402344e-01 -1.240887880325317383e+00 -2.840733826160430908e-01 -4.999345168471336365e-02
2.460024878382682800e-02 5.470224618911743164e-01 1.087007373571395874e-01 -3.994790017604827881e-01 -3.097410798072814941e-01 6.466550827026367188e-01 5.009828805923461914e-01 -1.252633333206176758e+00 -3.029731512069702148e-01 -4.982339963316917419e-02
2.333384007215499878e-03 5.206782817840576172e-01 1.192386299371719360e-01 -3.607739806175231934e-01 -3.546270132064819336e-01 5.796128511428833008e-01 6.181789040565490723e-01 -1.201088309288024902e+00 -2.379775345325469971e-01 -1.977738225832581520e-03
-3.606127575039863586e-02 4.866166114807128906e-01 1.415311545133590698e-01 -3.607983291149139404e-01 -3.803091943264007568e-01 6.153720021247863770e-01 8.290516734123229980e-01 -1.191879272460937500e+00 -1.787241548299789429e-01 8.020746707916259766e-02
-7.583694159984588623e-02 4.924573898315429688e-01 1.627272218465805054e-01 -3.431932628154754639e-01 -3.836484849452972412e-01 6.096991896629333496e-01 1.054147362709045410e+00 -1.198572158813476562e+00 -1.085532978177070618e-01 1.622129082679748535e-01
-8.024139702320098877e-02 6.306211948394775391e-01 1.416237801313400269e-01 -2.987013757228851318e-01 -4.210697412490844727e-01 5.723901391029357910e-01 1.114078521728515625e+00 -1.231550097465515137e+00 2.558175474405288696e-02 8.178609609603881836e-02
-1.010061055421829224e-01 7.120077610015869141e-01 1.090760529041290283e-02 -2.416723668575286865e-01 -3.845001161098480225e-01 4.940640330314636230e-01 1.135767936706542969e+00 -1.332147359848022461e+00 2.186238020658493042e-01 -5.023657903075218201e-02
1.198429986834526062e-02 1.207705974578857422e+00 2.423814684152603149e-01 -1.328805685043334961e-01 -9.611216187477111816e-01 2.760619223117828369e-01 5.960240960121154785e-01 -1.112688302993774414e+00 1.238861829042434692e-01 -1.994838118553161621e-01
4.026732966303825378e-02 1.261246085166931152e+00 2.928106784820556641e-01 -1.417835503816604614e-01 -1.043286323547363281e+00 2.934082150459289551e-01 4.601262211799621582e-01 -1.082308650016784668e+00 5.598698556423187256e-02 -2.279503643512725830e-01
4.611016437411308289e-02 1.259284496307373047e+00 2.980851531028747559e-01 -1.472606360912322998e-01 -1.045108914375305176e+00 2.986997961997985840e-01 4.656099677085876465e-01 -1.083743333816528320e+00 5.668981373310089111e-02 -2.320120334625244141e-01
4.283843562006950378e-02 1.266223669052124023e+00 2.950743436813354492e-01 -1.424996852874755859e-01 -1.033800363540649414e+00 2.956175804138183594e-01 4.605337977409362793e-01 -1.083110928535461426e+00 5.812482535839080811e-02 -2.288166880607604980e-01
3.614587709307670593e-02 1.265701293945312500e+00 2.933911979198455811e-01 -1.431698352098464966e-01 -1.038853287696838379e+00 2.978264689445495605e-01 4.582318067550659180e-01 -1.097634315490722656e+00 5.127964913845062256e-02 -2.327195405960083008e-01
3.578064963221549988e-02 1.266808271408081055e+00 2.933332920074462891e-01 -1.445050835609436035e-01 -1.048861980438232422e+00 2.976697981357574463e-01 4.575163722038269043e-01 -1.091384530067443848e+00 5.332709848880767822e-02 -2.316254377365112305e-01
1.689581200480461121e-02 1.396593332290649414e+00 2.373384982347488403e-01 -1.440652161836624146e-01 -7.949044108390808105e-01 3.418483138084411621e-01 6.757116317749023438e-02 -1.173565268516540527e+00 1.645629853010177612e-01 -3.850854039192199707e-01
1.533282920718193054e-02 1.253215312957763672e+00 2.057772427797317505e-01 -2.514791190624237061e-01 -9.172847867012023926e-01 4.037306904792785645e-01 -7.671666145324707031e-01 -1.077133893966674805e+00 -2.224296182394027710e-01 -4.353750944137573242e-01
1.153160259127616882e-02 1.248522400856018066e+00 2.039055675268173218e-01 -2.426887750625610352e-01 -9.147483110427856445e-01 3.965060710906982422e-01 -7.709067463874816895e-01 -1.072524905204772949e+00 -2.281786352396011353e-01 -4.290402233600616455e-01
7.564526051282882690e-03 1.250920295715332031e+00 1.998064368963241577e-01 -2.497328370809555054e-01 -9.109765887260437012e-01 3.932256698608398438e-01 -7.685473561286926270e-01 -1.075213432312011719e+00 -2.290452867746353149e-01 -4.521023929119110107e-01
1.834921166300773621e-02 1.251382589340209961e+00 2.035918086767196655e-01 -2.488946169614791870e-01 -9.104435443878173828e-01 4.004341959953308105e-01 -7.667148113250732422e-01 -1.071790456771850586e+00 -2.230602651834487915e-01 -4.466327130794525146e-01
1.559914276003837585e-02 1.247236609458923340e+00 2.032593339681625366e-01 -2.516933083534240723e-01 -8.970413208007812500e-01 4.047828912734985352e-01 -7.624071240425109863e-01 -1.066314578056335449e+00 -2.193479984998703003e-01 -4.360324144363403320e-01
1.882759854197502136e-02 1.256025552749633789e+00 2.069198638200759888e-01 -2.439739108085632324e-01 -9.101083874702453613e-01 4.004871249198913574e-01 -7.653689980506896973e-01 -1.073112726211547852e+00 -2.280131429433822632e-01 -4.383991956710815430e-01
1.097766682505607605e-02 1.252028822898864746e+00 2.016755491495132446e-01 -2.561993598937988281e-01 -9.223015904426574707e-01 3.984895348548889160e-01 -7.715082764625549316e-01 -1.083290696144104004e+00 -2.314365357160568237e-01 -4.425885081291198730e-01
1.238388940691947937e-02 1.257866859436035156e+00 2.073432356119155884e-01 -2.488679438829421997e-01 -9.140645861625671387e-01 3.907946944236755371e-01 -7.643709778785705566e-01 -1.076893210411071777e+00 -2.236366122961044312e-01 -4.390026032924652100e-01
1.587871834635734558e-02 1.260057330131530762e+00 2.027198225259780884e-01 -2.485274672508239746e-01 -9.105346798896789551e-01 4.037411808967590332e-01 -7.704350352287292480e-01 -1.073240518569946289e+00 -2.220849543809890747e-01 -4.381549060344696045e-01
3.172991275787353516e-01 3.294141292572021484e-01 7.383571267127990723e-01 3.336313366889953613e-02 -1.537181973457336426e+00 6.846618652343750000e-01 -8.315089344978332520e-01 -7.589818835258483887e-01 5.827871561050415039e-01 4.542789459228515625e-01
2.354493886232376099e-01 4.738535881042480469e-01 5.644395351409912109e-01 9.878189861774444580e-02 -1.227602720260620117e+00 1.188140392303466797e+00 -6.743077039718627930e-01 -7.479175925254821777e-01 8.389295935630798340e-01 4.908409714698791504e-01
2.001892179250717163e-01 4.979951977729797363e-01 5.124296545982360840e-01 7.752345502376556396e-02 -1.157044172286987305e+00 1.239481687545776367e+00 -5.986092686653137207e-01 -8.002628684043884277e-01 8.552838563919067383e-01 4.874655008316040039e-01
1.953296810388565063e-01 4.923834204673767090e-01 5.067967772483825684e-01 8.379605412483215332e-02 -1.157448053359985352e+00 1.228222489356994629e+00 -5.909010767936706543e-01 -8.134717941284179688e-01 8.609606027603149414e-01 4.837247729301452637e-01
1.952582150697708130e-01 4.949052929878234863e-01 5.103763937950134277e-01 8.848483115434646606e-02 -1.166729927062988281e+00 1.231777071952819824e+00 -5.990675091743469238e-01 -8.065813183784484863e-01 8.598401546478271484e-01 4.830673933029174805e-01
1.955097466707229614e-01 4.905719161033630371e-01 5.079945325851440430e-01 8.024480938911437988e-02 -1.153838157653808594e+00 1.233974218368530273e+00 -5.955213904380798340e-01 -8.081203103065490723e-01 8.606677651405334473e-01 4.821020960807800293e-01
1.738833934068679810e-01 6.566977500915527344e-01 4.748592376708984375e-01 1.050427462905645370e-02 -1.083953976631164551e+00 1.117259860038757324e+00 -3.506804704666137695e-01 -8.812274336814880371e-01 9.687942266464233398e-01 3.519480228424072266e-01
-5.066045001149177551e-02 8.720590472221374512e-01 5.003405213356018066e-01 -6.112639605998992920e-02 -1.215815067291259766e+00 1.005614280700683594e+00 4.228011369705200195e-01 -1.130980968475341797e+00 9.840669035911560059e-01 3.228732347488403320e-01
1.254232376813888550e-01 8.856012225151062012e-01 8.074663877487182617e-01 -8.217931725084781647e-03 -1.522321939468383789e+00 1.227307438850402832e+00 6.209414601325988770e-01 -1.040182828903198242e+00 9.577839970588684082e-01 5.163409709930419922e-01
1.299608498811721802e-01 8.264935016632080078e-01 8.103768825531005859e-01 -3.925552964210510254e-02 -1.487507700920104980e+00 1.224613189697265625e+00 6.525780558586120605e-01 -1.012617588043212891e+00 9.294113516807556152e-01 5.225042700767517090e-01
1.347027570009231567e-01 8.582985401153564453e-01 8.300327062606811523e-01 -3.055438585579395294e-02 -1.502881288528442383e+00 1.244623184204101562e+00 6.285651326179504395e-01 -1.018717885017395020e+00 9.203189015388488770e-01 5.263264775276184082e-01
8.550804108381271362e-03 8.945834636688232422e-01 6.110926270484924316e-01 -2.965682931244373322e-02 -1.320777535438537598e+00 1.020297169685363770e+00 7.947084307670593262e-01 -1.158938765525817871e+00 1.072864413261413574e+00 3.953120112419128418e-01
-1.281205266714096069e-01 5.241143107414245605e-01 5.709979534149169922e-01 -7.674717903137207031e-02 -1.121600627899169922e+00 8.615776896476745605e-01 1.198565602302551270e+00 -9.913021922111511230e-01 8.129994273185729980e-01 6.327827572822570801e-01
-1.459689140319824219e-01 3.849053978919982910e-01 7.719572782516479492e-01 -7.908162474632263184e-02 -1.135070800781250000e+00 1.017102718353271484e+00 1.061830282211303711e+00 -8.615567684173583984e-01 7.290237545967102051e-01 8.057515621185302734e-01
-1.190807372331619263e-01 3.734610080718994141e-01 8.651918172836303711e-01 -1.217970699071884155e-01 -1.149763822555541992e+00 1.109027147293090820e+00 9.173656105995178223e-01 -8.368238806724548340e-01 7.024604678153991699e-01 8.191621899604797363e-01
