1.655489951372146606e-01 3.538049459457397461e-01 -9.805973172187805176e-01 2.747716307640075684e-01 -4.229142665863037109e-01 3.723904490470886230e-01 8.117431402206420898e-02 -8.830275535583496094e-01 5.979068577289581299e-02 2.575712800025939941e-01
1.672564297914505005e-01 3.721343278884887695e-01 -9.813916087150573730e-01 2.869039475917816162e-01 -4.115765988826751709e-01 3.704583644866943359e-01 5.380189046263694763e-02 -8.847175240516662598e-01 4.578483104705810547e-02 2.607051134109497070e-01
1.712823063135147095e-01 3.755459785461425781e-01 -9.797426462173461914e-01 2.949978113174438477e-01 -4.230849146842956543e-01 3.669260144233703613e-01 6.116842851042747498e-02 -8.889437317848205566e-01 4.408675432205200195e-02 2.705972790718078613e-01
1.744890958070755005e-01 3.422310948371887207e-01 -9.854705333709716797e-01 2.754732966423034668e-01 -4.284943640232086182e-01 3.617525100708007812e-01 9.392583370208740234e-02 -8.813346028327941895e-01 5.346553027629852295e-02 2.710717320442199707e-01
1.585735827684402466e-01 2.810139060020446777e-01 -9.815626144409179688e-01 2.477940171957015991e-01 -4.300112724304199219e-01 3.518015742301940918e-01 2.097240686416625977e-01 -8.954299092292785645e-01 1.113340556621551514e-01 2.829602658748626709e-01
6.124315783381462097e-02 2.364089339971542358e-01 -9.005888104438781738e-01 1.739989668130874634e-01 -4.315605163574218750e-01 3.939622640609741211e-01 3.387709856033325195e-01 -8.907202482223510742e-01 1.766434311866760254e-01 3.714348971843719482e-01
-5.430464819073677063e-02 2.913767695426940918e-01 -7.372162342071533203e-01 2.163096219301223755e-01 -4.690290689468383789e-01 3.367879986763000488e-01 6.476780772209167480e-01 -8.298469185829162598e-01 3.054129779338836670e-01 4.671701192855834961e-01
-9.529520571231842041e-02 4.663670063018798828e-01 -6.871585845947265625e-01 2.576347589492797852e-01 -6.022128462791442871e-01 2.743853926658630371e-01 8.154323101043701172e-01 -9.286718964576721191e-01 4.162935316562652588e-01 4.747249484062194824e-01
-2.815531566739082336e-02 6.951270103454589844e-01 -6.861027479171752930e-01 3.232212960720062256e-01 -7.685183882713317871e-01 2.909899950027465820e-01 6.029058098793029785e-01 -9.533255696296691895e-01 3.926124274730682373e-01 3.578805029392242432e-01
-8.263795077800750732e-02 6.872190237045288086e-01 -6.900343894958496094e-01 3.342756628990173340e-01 -6.401875615119934082e-01 2.829957604408264160e-01 7.526149749755859375e-01 -9.451825022697448730e-01 5.388385653495788574e-01 3.405703306198120117e-01
-7.200170308351516724e-03 1.295080661773681641e+00 -2.524347901344299316e-01 5.596054196357727051e-01 -2.022137880325317383e+00 -7.686860859394073486e-02 -7.051272988319396973e-01 -2.850844860076904297e-01 7.671982049942016602e-01 2.530454993247985840e-01
3.830346465110778809e-01 8.692889213562011719e-01 4.874128699302673340e-01 5.045411586761474609e-01 -1.528983712196350098e+00 -9.298656582832336426e-01 -1.489644408226013184e+00 -4.385602772235870361e-01 3.613353073596954346e-01 5.400431752204895020e-01
4.213944077491760254e-01 6.734055280685424805e-01 5.633996129035949707e-01 4.733959138393402100e-01 -1.266676545143127441e+00 -9.587521553039550781e-01 -1.501384139060974121e+00 -4.541338086128234863e-01 3.121831417083740234e-01 6.130298972129821777e-01
4.256255626678466797e-01 6.891411542892456055e-01 5.704544782638549805e-01 4.854695796966552734e-01 -1.278761386871337891e+00 -9.558663964271545410e-01 -1.492301583290100098e+00 -4.553809165954589844e-01 3.082372844219207764e-01 6.192723512649536133e-01
4.222171604633331299e-01 6.744141578674316406e-01 5.536686182022094727e-01 4.719580411911010742e-01 -1.270357131958007812e+00 -9.669620394706726074e-01 -1.494866609573364258e+00 -4.586031734943389893e-01 3.082007467746734619e-01 6.101773381233215332e-01
4.213739931583404541e-01 7.372094392776489258e-01 5.364799499511718750e-01 4.921791851520538330e-01 -1.284728646278381348e+00 -9.785195589065551758e-01 -1.477376818656921387e+00 -4.802655875682830811e-01 3.480139076709747314e-01 5.942560434341430664e-01
3.643672168254852295e-01 1.010613679885864258e+00 4.183016419410705566e-01 5.770452022552490234e-01 -1.309101819992065430e+00 -1.022233486175537109e+00 -1.358337402343750000e+00 -6.117996573448181152e-01 6.041409373283386230e-01 4.792183637619018555e-01
3.642541170120239258e-01 1.000249266624450684e+00 4.146092534065246582e-01 5.816673040390014648e-01 -1.316138029098510742e+00 -1.024994134902954102e+00 -1.361707448959350586e+00 -6.047220826148986816e-01 6.110956072807312012e-01 4.796807169914245605e-01
3.615620732307434082e-01 1.002909183502197266e+00 4.127899408340454102e-01 5.822975635528564453e-01 -1.316452026367187500e+00 -1.030697822570800781e+00 -1.365571737289428711e+00 -6.022965312004089355e-01 6.074109077453613281e-01 4.746117591857910156e-01
3.567084372043609619e-01 1.006328344345092773e+00 4.120059609413146973e-01 5.898398160934448242e-01 -1.306653499603271484e+00 -1.028876662254333496e+00 -1.359558224678039551e+00 -6.091322302818298340e-01 6.118236184120178223e-01 4.733415842056274414e-01
3.788666427135467529e-01 1.018297910690307617e+00 4.070789813995361328e-01 5.947661399841308594e-01 -1.281179904937744141e+00 -1.012017488479614258e+00 -1.235205054283142090e+00 -6.399639844894409180e-01 6.887807846069335938e-01 4.810892045497894287e-01
2.599179446697235107e-01 1.353641271591186523e+00 6.342079639434814453e-01 6.276010870933532715e-01 -1.076041221618652344e+00 -8.969664573669433594e-01 -6.940823793411254883e-01 -6.509199738502502441e-01 1.290668010711669922e+00 5.286796092987060547e-01
2.125784009695053101e-01 9.360038638114929199e-01 8.979337215423583984e-01 5.365752577781677246e-01 -1.308008074760437012e+00 -9.601926803588867188e-01 1.231014132499694824e-01 -5.833701491355895996e-01 7.992953062057495117e-01 9.946430325508117676e-01
2.188906520605087280e-01 9.589110612869262695e-01 9.057393670082092285e-01 5.334892868995666504e-01 -1.383672475814819336e+00 -9.784398078918457031e-01 1.473330259323120117e-01 -6.123719215393066406e-01 7.920315861701965332e-01 1.020466923713684082e+00
2.208588868379592896e-01 1.026816368103027344e+00 8.448956012725830078e-01 5.215350389480590820e-01 -1.307004928588867188e+00 -9.644384980201721191e-01 8.471393585205078125e-02 -5.547456145286560059e-01 9.117627143859863281e-01 9.610453844070434570e-01
7.651945203542709351e-02 6.065690517425537109e-01 8.533489704132080078e-01 4.244046211242675781e-01 -1.308490991592407227e+00 -8.350881934165954590e-01 2.176670432090759277e-01 -5.892789959907531738e-01 6.787803173065185547e-01 1.129999518394470215e+00
