3.730125427246093750e-01 -1.840537935495376587e-01 4.569739103317260742e-01 6.206809282302856445e-01 -2.653454542160034180e-01 5.113993287086486816e-01 2.443453073501586914e-01 -1.434038877487182617e+00 6.480425596237182617e-02 -3.640290498733520508e-01
4.232593476772308350e-01 -2.062014490365982056e-01 3.741595447063446045e-01 6.570496559143066406e-01 -2.821958661079406738e-01 4.222985506057739258e-01 2.654360532760620117e-01 -1.416121125221252441e+00 1.105154454708099365e-01 -3.795747458934783936e-01
3.834349513053894043e-01 -2.676883935928344727e-01 4.698828160762786865e-01 6.377739310264587402e-01 -2.716339528560638428e-01 5.585277080535888672e-01 2.519520521163940430e-01 -1.446778059005737305e+00 3.689024597406387329e-02 -2.587690353393554688e-01
2.922794520854949951e-01 -3.006571531295776367e-01 4.357670545578002930e-01 6.981000304222106934e-01 -3.758446574211120605e-01 5.698795914649963379e-01 3.053872585296630859e-01 -1.414440393447875977e+00 1.225948450155556202e-03 -2.045766115188598633e-01
2.193328887224197388e-01 -2.750211954116821289e-01 4.066242575645446777e-01 6.783591508865356445e-01 -4.407006204128265381e-01 6.123275160789489746e-01 3.393726348876953125e-01 -1.363654613494873047e+00 1.012330502271652222e-02 -2.335901260375976562e-01
3.192102909088134766e-01 -3.653880357742309570e-01 4.961663484573364258e-01 7.455281019210815430e-01 -4.441677033901214600e-01 5.825306773185729980e-01 2.516210079193115234e-01 -1.357888340950012207e+00 -7.096293568611145020e-02 -1.741494834423065186e-01
3.836658596992492676e-01 -4.790980815887451172e-01 5.898512601852416992e-01 8.832900524139404297e-01 -4.765013158321380615e-01 5.366205573081970215e-01 2.007092833518981934e-01 -1.324913978576660156e+00 -1.571611762046813965e-01 -9.815225005149841309e-02
4.176174998283386230e-01 -4.759789109230041504e-01 5.294470787048339844e-01 7.125340700149536133e-01 -3.358784615993499756e-01 2.840939164161682129e-01 -5.299988202750682831e-03 -1.363812327384948730e+00 -1.627545207738876343e-01 -3.603896126151084900e-02
4.461752176284790039e-01 -4.284536838531494141e-01 5.123101472854614258e-01 6.214231848716735840e-01 -2.828641235828399658e-01 2.692656517028808594e-01 -4.942727461457252502e-02 -1.368052601814270020e+00 -1.326867491006851196e-01 -1.248024702072143555e-01
4.438510537147521973e-01 -4.313281774520874023e-01 5.034519433975219727e-01 6.384915113449096680e-01 -2.838242948055267334e-01 2.560790181159973145e-01 -4.144508019089698792e-02 -1.368070602416992188e+00 -1.265508383512496948e-01 -1.313418745994567871e-01
4.448599219322204590e-01 -4.258774518966674805e-01 5.006427168846130371e-01 6.192616820335388184e-01 -2.822067439556121826e-01 2.637481689453125000e-01 -4.324251785874366760e-02 -1.362188816070556641e+00 -1.263508647680282593e-01 -1.343933939933776855e-01
4.569165706634521484e-01 -4.270468950271606445e-01 5.030798912048339844e-01 6.254771947860717773e-01 -2.848454117774963379e-01 2.590941190719604492e-01 -4.777348414063453674e-02 -1.366543769836425781e+00 -1.269129663705825806e-01 -1.373091340065002441e-01
4.479985237121582031e-01 -4.351375102996826172e-01 5.013411641120910645e-01 6.114026904106140137e-01 -2.983436286449432373e-01 2.572457194328308105e-01 -5.549431219696998596e-02 -1.361825823783874512e+00 -1.340160667896270752e-01 -1.402440369129180908e-01
7.581726312637329102e-01 -8.041586279869079590e-01 5.357626676559448242e-01 7.001214027404785156e-01 -1.626233905553817749e-01 4.066858887672424316e-01 7.458198070526123047e-02 -1.341471195220947266e+00 -2.532479465007781982e-01 2.610260620713233948e-02
1.295272469520568848e+00 -1.013745903968811035e+00 4.468668103218078613e-01 5.083592534065246582e-01 -2.394045740365982056e-01 3.543617725372314453e-01 -7.066983580589294434e-01 -1.160072684288024902e+00 -5.350874066352844238e-01 -3.181572556495666504e-01
1.295685052871704102e+00 -1.013636350631713867e+00 4.361575245857238770e-01 5.203336477279663086e-01 -2.311964482069015503e-01 3.574311137199401855e-01 -6.970788836479187012e-01 -1.155689835548400879e+00 -5.233348011970520020e-01 -3.285968303680419922e-01
1.296676158905029297e+00 -1.014935255050659180e+00 4.528715610504150391e-01 5.232185125350952148e-01 -2.304587811231613159e-01 3.585827946662902832e-01 -7.060253024101257324e-01 -1.149719834327697754e+00 -5.276142954826354980e-01 -3.344872593879699707e-01
1.298441052436828613e+00 -1.010128259658813477e+00 4.406996965408325195e-01 5.047687888145446777e-01 -2.244501709938049316e-01 3.504986763000488281e-01 -7.088367938995361328e-01 -1.153218746185302734e+00 -5.204298496246337891e-01 -3.389441072940826416e-01
1.291795134544372559e+00 -1.017707824707031250e+00 4.488356113433837891e-01 5.206788778305053711e-01 -2.358429431915283203e-01 3.506355881690979004e-01 -7.125561833381652832e-01 -1.149008274078369141e+00 -5.272359848022460938e-01 -3.368359208106994629e-01
1.311454653739929199e+00 -1.021045684814453125e+00 4.530425667762756348e-01 5.211554169654846191e-01 -2.319699376821517944e-01 3.501836061477661133e-01 -6.941298246383666992e-01 -1.151962041854858398e+00 -5.245015025138854980e-01 -3.247409760951995850e-01
1.302103877067565918e+00 -1.024230003356933594e+00 4.447222054004669189e-01 5.099833011627197266e-01 -2.347273081541061401e-01 3.519499301910400391e-01 -7.114894986152648926e-01 -1.149769544601440430e+00 -5.235468745231628418e-01 -3.349460363388061523e-01
1.317426562309265137e+00 -1.013826131820678711e+00 4.471391737461090088e-01 5.327162742614746094e-01 -2.305447310209274292e-01 3.499996066093444824e-01 -6.947462558746337891e-01 -1.153278112411499023e+00 -5.276629328727722168e-01 -3.321514725685119629e-01
1.295462012290954590e+00 -1.017051339149475098e+00 4.410552978515625000e-01 5.259342193603515625e-01 -2.422046661376953125e-01 3.511022329330444336e-01 -7.159450650215148926e-01 -1.157624006271362305e+00 -5.397688150405883789e-01 -3.388599455356597900e-01
2.336802631616592407e-01 -1.124793410301208496e+00 1.028456240892410278e-01 9.537412524223327637e-01 -2.413194775581359863e-01 2.960095405578613281e-01 -9.720036983489990234e-01 -1.422305941581726074e+00 -1.167278766632080078e+00 -5.560744404792785645e-01
-1.995711401104927063e-02 -1.034040570259094238e+00 5.964289605617523193e-02 1.068816065788269043e+00 -4.750600755214691162e-01 5.833532810211181641e-01 -1.774658560752868652e-01 -1.045469641685485840e+00 -1.083996891975402832e+00 -2.671433091163635254e-01
-1.812960579991340637e-02 -1.010355472564697266e+00 4.543177783489227295e-02 1.102927446365356445e+00 -5.570032000541687012e-01 6.111604571342468262e-01 -7.196658849716186523e-02 -1.006173014640808105e+00 -1.055127859115600586e+00 -2.349031567573547363e-01
-1.985340192914009094e-02 -1.011742591857910156e+00 3.774838149547576904e-02 1.129479289054870605e+00 -5.763196945190429688e-01 6.131743788719177246e-01 -6.602948904037475586e-02 -9.954770803451538086e-01 -1.067730307579040527e+00 -2.385399937629699707e-01
-1.814671233296394348e-02 -1.006170630455017090e+00 4.419429600238800049e-02 1.122219443321228027e+00 -5.682832598686218262e-01 6.185464859008789062e-01 -6.602662801742553711e-02 -9.942836761474609375e-01 -1.071069717407226562e+00 -2.345503568649291992e-01
-2.301912382245063782e-02 -1.004873037338256836e+00 4.979152977466583252e-02 1.128608465194702148e+00 -5.806070566177368164e-01 6.141836643218994141e-01 -6.333363056182861328e-02 -9.935373663902282715e-01 -1.066725134849548340e+00 -2.362848520278930664e-01
-5.608041957020759583e-02 -6.722047328948974609e-01 -3.422035276889801025e-02 1.107139468193054199e+00 -7.011959552764892578e-01 8.558918833732604980e-01 3.224861025810241699e-01 -9.775105118751525879e-01 -8.556731343269348145e-01 -3.000847697257995605e-01
-3.352936208248138428e-01 -3.110544085502624512e-01 -9.878431446850299835e-04 1.230539917945861816e+00 -8.837750554084777832e-01 8.292863368988037109e-01 3.475882411003112793e-01 -9.805026650428771973e-01 -8.205363154411315918e-01 -4.246286749839782715e-01
-4.755850136280059814e-01 -2.086565643548965454e-01 8.553162217140197754e-03 1.090350151062011719e+00 -9.850152730941772461e-01 5.570315718650817871e-01 7.118892669677734375e-02 -9.647666811943054199e-01 -8.937292098999023438e-01 -5.950139164924621582e-01
-4.782703220844268799e-01 -1.892165690660476685e-01 4.099085461348295212e-03 1.096534848213195801e+00 -9.943656325340270996e-01 5.443493127822875977e-01 6.254816055297851562e-02 -9.692006111145019531e-01 -8.887115716934204102e-01 -6.046721339225769043e-01
-4.608982801437377930e-01 -2.128879576921463013e-01 1.154799759387969971e-02 1.094111084938049316e+00 -9.845556616783142090e-01 5.530126690864562988e-01 7.744991779327392578e-02 -9.792661666870117188e-01 -9.085242748260498047e-01 -5.731239914894104004e-01
-4.749724268913269043e-01 -1.370340138673782349e-01 8.452013134956359863e-03 1.210927605628967285e+00 -9.668467640876770020e-01 6.726148724555969238e-01 3.553712368011474609e-01 -9.423640370368957520e-01 -8.322453498840332031e-01 -4.174612462520599365e-01
-6.471444368362426758e-01 8.554653823375701904e-02 -2.750203479081392288e-03 1.172409415245056152e+00 -9.480470418930053711e-01 7.960174679756164551e-01 3.645889759063720703e-01 -9.936589002609252930e-01 -6.933630108833312988e-01 -5.522858500480651855e-01
-7.391235232353210449e-01 1.627154201269149780e-01 -1.964031159877777100e-02 1.146768569946289062e+00 -9.468072056770324707e-01 7.437998652458190918e-01 2.300339937210083008e-01 -9.561026692390441895e-01 -6.052268147468566895e-01 -6.685966253280639648e-01
-7.344845533370971680e-01 1.344575732946395874e-01 -3.933559358119964600e-02 1.097141623497009277e+00 -9.072975516319274902e-01 7.311515808105468750e-01 2.626172304153442383e-01 -1.007816433906555176e+00 -5.802494883537292480e-01 -6.465849280357360840e-01
