7.966831922531127930e-01 4.794331192970275879e-01 1.108060926198959351e-01 -1.397788077592849731e-01 -5.965118110179901123e-02 5.691385269165039062e-01 4.431432485580444336e-01 -6.757700443267822266e-01 -7.520893216133117676e-02 5.191363096237182617e-01
8.472551107406616211e-01 4.692385792732238770e-01 6.525380909442901611e-02 -9.338667243719100952e-02 -8.788208663463592529e-02 4.712305068969726562e-01 4.379824697971343994e-01 -6.225671172142028809e-01 -5.236745625734329224e-02 4.836954772472381592e-01
8.176265954971313477e-01 3.900179266929626465e-01 9.979175031185150146e-02 -1.238331422209739685e-01 -8.714134991168975830e-02 5.787816047668457031e-01 4.723950326442718506e-01 -6.752184033393859863e-01 -1.112461537122726440e-01 5.974108576774597168e-01
7.199007868766784668e-01 3.910263180732727051e-01 7.591195404529571533e-02 -1.749968230724334717e-01 -1.665613800287246704e-01 6.292247176170349121e-01 5.070423483848571777e-01 -6.756322383880615234e-01 -1.471494585275650024e-01 6.126964688301086426e-01
6.455221176147460938e-01 4.485315084457397461e-01 4.806305468082427979e-02 -1.644876897335052490e-01 -1.827533692121505737e-01 6.744246482849121094e-01 5.089189410209655762e-01 -6.606960892677307129e-01 -1.460460871458053589e-01 6.231024861335754395e-01
7.294355034828186035e-01 3.407952189445495605e-01 1.126443892717361450e-01 -1.584656536579132080e-01 -2.075561732053756714e-01 6.277295351028442383e-01 4.000052511692047119e-01 -6.393348574638366699e-01 -2.191357165575027466e-01 6.699645519256591797e-01
8.497479557991027832e-01 1.714877933263778687e-01 1.825419217348098755e-01 -1.023704111576080322e-01 -2.613627612590789795e-01 5.800526142120361328e-01 3.925650119781494141e-01 -6.656763553619384766e-01 -3.237738311290740967e-01 7.927105426788330078e-01
9.021456241607666016e-01 1.353505700826644897e-01 1.289285272359848022e-01 -1.734757870435714722e-01 -1.971358805894851685e-01 4.224562048912048340e-01 2.765393853187561035e-01 -6.590054631233215332e-01 -3.166311085224151611e-01 7.824434638023376465e-01
9.160407185554504395e-01 1.359083503484725952e-01 1.188756078481674194e-01 -2.289177775382995605e-01 -1.759980469942092896e-01 4.119790196418762207e-01 2.321450710296630859e-01 -6.265692114830017090e-01 -2.936120331287384033e-01 7.201712727546691895e-01
1.323571562767028809e+00 -1.787797361612319946e-01 1.376155167818069458e-01 -2.900680005550384521e-01 -8.127093315124511719e-03 4.404739737510681152e-01 -1.233384609222412109e-01 -5.678330063819885254e-01 -5.298844575881958008e-01 5.530261993408203125e-01
1.544418454170227051e+00 -2.315567880868911743e-01 6.978707015514373779e-02 -3.356972932815551758e-01 -3.500440716743469238e-02 3.757299184799194336e-01 -5.068811774253845215e-01 -4.597257673740386963e-01 -6.578722000122070312e-01 4.013338088989257812e-01
1.543554425239562988e+00 -2.419074326753616333e-01 6.714977324008941650e-02 -3.432058990001678467e-01 -4.446648061275482178e-02 3.846132159233093262e-01 -5.091930627822875977e-01 -4.658650457859039307e-01 -6.680440306663513184e-01 3.900613188743591309e-01
1.548366189002990723e+00 -2.401544004678726196e-01 6.474770605564117432e-02 -3.467308282852172852e-01 -4.407373070716857910e-02 3.692187070846557617e-01 -5.044062137603759766e-01 -4.702831208705902100e-01 -6.620093584060668945e-01 3.909962773323059082e-01
1.551805138587951660e+00 -2.319153100252151489e-01 5.920659005641937256e-02 -3.462647497653961182e-01 -3.565451502799987793e-02 3.939647078514099121e-01 -5.170228481292724609e-01 -4.669474661350250244e-01 -6.644860506057739258e-01 3.917759656906127930e-01
1.549480557441711426e+00 -2.376412302255630493e-01 5.663825571537017822e-02 -3.499836623668670654e-01 -3.127221763134002686e-02 3.810130357742309570e-01 -5.229457616806030273e-01 -4.613562524318695068e-01 -6.607763171195983887e-01 3.832110762596130371e-01
9.985936880111694336e-01 -4.188506603240966797e-01 1.690633594989776611e-02 -3.030614852905273438e-01 5.004952847957611084e-02 1.343114823102951050e-01 -1.430229783058166504e+00 -4.274181425571441650e-01 -9.851531386375427246e-01 -3.609794005751609802e-02
-1.196181923151016235e-01 -7.665572762489318848e-01 -4.006493091583251953e-01 4.290254414081573486e-01 -7.030279636383056641e-01 8.578006625175476074e-01 -2.049757838249206543e-01 -7.779822349548339844e-01 -1.591452002525329590e+00 -6.298715472221374512e-01
-2.009259313344955444e-01 -8.104097843170166016e-01 -3.200350403785705566e-01 3.853516876697540283e-01 -5.230798721313476562e-01 8.199570775032043457e-01 -2.687159776687622070e-01 -7.135476469993591309e-01 -1.570221900939941406e+00 -6.759802699089050293e-01
-1.964340358972549438e-01 -8.060767650604248047e-01 -3.361451029777526855e-01 4.045079052448272705e-01 -5.338651537895202637e-01 8.102542757987976074e-01 -2.574527263641357422e-01 -6.790615916252136230e-01 -1.568864583969116211e+00 -6.761611700057983398e-01
-2.011304944753646851e-01 -8.026721477508544922e-01 -3.314002752304077148e-01 4.017179310321807861e-01 -5.476588606834411621e-01 8.053302168846130371e-01 -2.639936208724975586e-01 -6.900978088378906250e-01 -1.579068303108215332e+00 -6.803564429283142090e-01
-1.968377083539962769e-01 -3.755975365638732910e-01 -4.530552625656127930e-01 4.484920501708984375e-01 -6.219531893730163574e-01 1.140077352523803711e+00 2.369107604026794434e-01 -5.820071697235107422e-01 -1.454832196235656738e+00 -8.188932538032531738e-01
-4.921740591526031494e-01 -6.914253532886505127e-02 -5.138287544250488281e-01 3.447997570037841797e-01 -7.634846568107604980e-01 1.054382562637329102e+00 3.405844792723655701e-02 -6.407781839370727539e-01 -1.487830400466918945e+00 -9.368036985397338867e-01
-5.559917092323303223e-01 -2.175624668598175049e-02 -5.015197992324829102e-01 3.195388019084930420e-01 -8.371908664703369141e-01 9.049319624900817871e-01 -5.262995138764381409e-02 -6.074892282485961914e-01 -1.480818867683410645e+00 -9.925925135612487793e-01
-5.889501571655273438e-01 9.438972175121307373e-02 -5.159884691238403320e-01 3.700763881206512451e-01 -7.975515723228454590e-01 1.056654453277587891e+00 1.998464465141296387e-01 -7.232878804206848145e-01 -1.379150032997131348e+00 -8.727166056632995605e-01
-7.125630378723144531e-01 2.930533885955810547e-01 -5.387677550315856934e-01 3.769609034061431885e-01 -7.895582318305969238e-01 1.190018296241760254e+00 2.084735035896301270e-01 -7.008553147315979004e-01 -1.207259535789489746e+00 -9.841898679733276367e-01
-7.868735790252685547e-01 3.702602386474609375e-01 -5.444819927215576172e-01 3.299009799957275391e-01 -7.997543811798095703e-01 1.160853266716003418e+00 8.136260509490966797e-02 -6.325834393501281738e-01 -1.119664549827575684e+00 -1.082995533943176270e+00
