8.126612901687622070e-01 3.036136031150817871e-01 1.462764590978622437e-01 -2.832585871219635010e-01 -4.180889427661895752e-01 9.872109889984130859e-01 4.422922432422637939e-01 -6.674649119377136230e-01 9.904053807258605957e-02 4.165658950805664062e-01
7.900610566139221191e-01 2.582601308822631836e-01 1.588918715715408325e-01 -2.750830948352813721e-01 -4.255729019641876221e-01 9.945159554481506348e-01 4.624382853507995605e-01 -6.879281401634216309e-01 6.582314521074295044e-02 4.521877169609069824e-01
8.506149649620056152e-01 -2.371145784854888916e-02 2.659783661365509033e-01 -3.767413496971130371e-01 -4.177667498588562012e-01 1.040278911590576172e+00 6.297931075096130371e-01 -5.863510370254516602e-01 -2.213029712438583374e-01 8.405509591102600098e-01
1.357055306434631348e+00 -3.656753897666931152e-01 2.588761150836944580e-01 -3.142240941524505615e-01 -2.515490055084228516e-01 1.396499872207641602e+00 7.467662692070007324e-01 -7.031857967376708984e-01 -2.487257272005081177e-01 8.324654102325439453e-01
1.327157378196716309e+00 -4.741853475570678711e-01 2.915455102920532227e-01 -2.874267995357513428e-01 -3.131332695484161377e-01 1.463474154472351074e+00 8.409439921379089355e-01 -7.102484107017517090e-01 -3.106031119823455811e-01 9.219620823860168457e-01
1.324527144432067871e+00 -4.850039482116699219e-01 3.007512092590332031e-01 -2.809912860393524170e-01 -3.409073948860168457e-01 1.506476640701293945e+00 8.638246655464172363e-01 -7.117236256599426270e-01 -3.219304382801055908e-01 9.388872981071472168e-01
1.317945241928100586e+00 -4.837199449539184570e-01 2.957808971405029297e-01 -2.927126884460449219e-01 -3.380045592784881592e-01 1.500091195106506348e+00 8.652862906455993652e-01 -7.086920738220214844e-01 -3.196999728679656982e-01 9.356411695480346680e-01
1.323657631874084473e+00 -4.862954616546630859e-01 2.951609492301940918e-01 -2.815748751163482666e-01 -3.397784829139709473e-01 1.493927001953125000e+00 8.427080512046813965e-01 -7.069205045700073242e-01 -3.146215975284576416e-01 9.398521780967712402e-01
1.328957676887512207e+00 -4.882214069366455078e-01 2.931297123432159424e-01 -2.782015800476074219e-01 -3.264702260494232178e-01 1.499786853790283203e+00 8.599792122840881348e-01 -7.027024030685424805e-01 -3.119076490402221680e-01 9.386330842971801758e-01
1.341275334358215332e+00 -4.789594411849975586e-01 2.919685840606689453e-01 -2.775815725326538086e-01 -3.271154463291168213e-01 1.501727104187011719e+00 8.790452480316162109e-01 -7.146525979042053223e-01 -3.192925453186035156e-01 9.353026747703552246e-01
1.324990272521972656e+00 -4.884945154190063477e-01 2.950133383274078369e-01 -2.882709801197052002e-01 -3.323922455310821533e-01 1.477564811706542969e+00 8.601222038269042969e-01 -7.009157538414001465e-01 -3.133208453655242920e-01 9.324148893356323242e-01
1.329822659492492676e+00 -4.820862412452697754e-01 3.072674572467803955e-01 -2.826105952262878418e-01 -3.361313939094543457e-01 1.484040260314941406e+00 8.619930744171142578e-01 -7.033323645591735840e-01 -3.214614689350128174e-01 9.428226947784423828e-01
1.321513891220092773e+00 -4.849728941917419434e-01 3.085865080356597900e-01 -2.952460348606109619e-01 -3.322636187076568604e-01 1.487380027770996094e+00 8.624418377876281738e-01 -7.054248452186584473e-01 -3.084585368633270264e-01 9.448815584182739258e-01
1.322405695915222168e+00 -5.090744495391845703e-01 3.160530328750610352e-01 -2.881704866886138916e-01 -2.638148963451385498e-01 1.489252686500549316e+00 8.741902709007263184e-01 -7.372037172317504883e-01 -2.492407709360122681e-01 8.829001784324645996e-01
5.984300374984741211e-01 -6.878969073295593262e-01 4.405912756919860840e-01 -1.032560765743255615e-01 1.806924045085906982e-01 1.752961635589599609e+00 1.125644803047180176e+00 -6.143700480461120605e-01 -1.456475108861923218e-01 6.496120095252990723e-01
1.072234511375427246e+00 -8.176798224449157715e-01 -2.041512578725814819e-01 -1.505065858364105225e-01 7.873707413673400879e-01 1.837147474288940430e+00 7.495685219764709473e-01 -1.985680311918258667e-01 -3.618359863758087158e-01 -1.181603670120239258e-01
1.196702241897583008e+00 -8.544418215751647949e-01 -3.471363186836242676e-01 -2.022885382175445557e-01 1.049254894256591797e+00 1.668144941329956055e+00 4.034265875816345215e-01 -1.429946869611740112e-01 -5.059894919395446777e-01 -3.724352121353149414e-01
1.183177113533020020e+00 -8.507258296012878418e-01 -3.404345512390136719e-01 -2.045362293720245361e-01 1.042812347412109375e+00 1.659021377563476562e+00 4.228436350822448730e-01 -1.370309442281723022e-01 -4.996532499790191650e-01 -3.590313792228698730e-01
1.188182473182678223e+00 -8.612152338027954102e-01 -3.502967953681945801e-01 -2.107223570346832275e-01 1.038160800933837891e+00 1.676976799964904785e+00 4.193996191024780273e-01 -1.438411921262741089e-01 -4.996077120304107666e-01 -3.701640367507934570e-01
1.182589173316955566e+00 -8.513255119323730469e-01 -3.462009131908416748e-01 -2.020025551319122314e-01 1.051326513290405273e+00 1.660184621810913086e+00 4.309421181678771973e-01 -1.469418257474899292e-01 -5.041112303733825684e-01 -3.684365749359130859e-01
1.187314748764038086e+00 -8.458988666534423828e-01 -3.433227539062500000e-01 -2.101431787014007568e-01 1.046040296554565430e+00 1.661079525947570801e+00 4.363132119178771973e-01 -1.474196761846542358e-01 -4.986609518527984619e-01 -3.694067597389221191e-01
1.182092308998107910e+00 -8.519988059997558594e-01 -3.367299735546112061e-01 -2.103804647922515869e-01 1.044640064239501953e+00 1.651069998741149902e+00 4.320473670959472656e-01 -1.453726738691329956e-01 -5.056970119476318359e-01 -3.718234896659851074e-01
1.182341337203979492e+00 -8.545480966567993164e-01 -3.450216650962829590e-01 -2.051732242107391357e-01 1.044810414314270020e+00 1.661931514739990234e+00 4.249837398529052734e-01 -1.478472203016281128e-01 -5.007632374763488770e-01 -3.635858893394470215e-01
5.588042736053466797e-01 -1.105439662933349609e+00 -2.991915941238403320e-01 -2.002858221530914307e-01 9.482366442680358887e-01 1.528466701507568359e+00 7.438415288925170898e-01 -6.893758475780487061e-02 -7.537947297096252441e-01 5.763405933976173401e-02
4.483641982078552246e-01 -9.944120645523071289e-01 -1.658059656620025635e-01 -1.591242849826812744e-01 8.996135592460632324e-01 1.489752054214477539e+00 9.159335494041442871e-01 -2.010694593191146851e-01 -5.994060039520263672e-01 4.078847169876098633e-01
4.539832472801208496e-01 -9.848468899726867676e-01 -1.580237150192260742e-01 -1.602235734462738037e-01 9.053155183792114258e-01 1.459715366363525391e+00 9.260784387588500977e-01 -2.086461633443832397e-01 -5.937826037406921387e-01 4.175547957420349121e-01
4.513157606124877930e-01 -9.821536540985107422e-01 -1.614025533199310303e-01 -1.609964072704315186e-01 8.996260166168212891e-01 1.472223758697509766e+00 9.171335697174072266e-01 -2.140477150678634644e-01 -5.919626355171203613e-01 4.209797382354736328e-01
4.494638442993164062e-01 -9.799228906631469727e-01 -1.583236157894134521e-01 -1.526089012622833252e-01 9.026953577995300293e-01 1.470184564590454102e+00 9.222916960716247559e-01 -2.082041949033737183e-01 -5.934171080589294434e-01 4.238610863685607910e-01
4.481486678123474121e-01 -9.789676666259765625e-01 -1.562986224889755249e-01 -1.609118878841400146e-01 9.052061438560485840e-01 1.478180885314941406e+00 9.193922877311706543e-01 -2.115503996610641479e-01 -6.049863100051879883e-01 4.152663350105285645e-01
4.479804039001464844e-01 -9.539888501167297363e-01 -1.642172783613204956e-01 -1.945318281650543213e-01 8.898825049400329590e-01 1.467822909355163574e+00 9.264205098152160645e-01 -1.720075458288192749e-01 -5.737528800964355469e-01 3.827461004257202148e-01
1.057200074195861816e+00 -9.258778095245361328e-01 -3.772033452987670898e-01 -2.949670851230621338e-01 8.241066932678222656e-01 1.339851975440979004e+00 6.984568238258361816e-01 -1.770841330289840698e-01 -9.720278382301330566e-01 3.281903266906738281e-01
1.225824952125549316e+00 -9.120954275131225586e-01 -4.257902801036834717e-01 -3.782312572002410889e-01 8.310435414314270020e-01 1.332673788070678711e+00 6.093769669532775879e-01 -1.752179116010665894e-01 -1.074689149856567383e+00 3.700138330459594727e-01
1.223075270652770996e+00 -9.145075082778930664e-01 -4.304690062999725342e-01 -3.797246515750885010e-01 8.182003498077392578e-01 1.352211952209472656e+00 6.056260466575622559e-01 -1.767443865537643433e-01 -1.081094264984130859e+00 3.701999187469482422e-01
1.232940316200256348e+00 -8.982134461402893066e-01 -4.137732684612274170e-01 -3.661430776119232178e-01 8.329156041145324707e-01 1.350207209587097168e+00 5.829318761825561523e-01 -1.653033941984176636e-01 -1.081768035888671875e+00 3.489515781402587891e-01
9.095551371574401855e-01 -5.362538099288940430e-01 -4.577253162860870361e-01 -4.388792812824249268e-01 1.140608549118041992e+00 1.137666463851928711e+00 4.957461953163146973e-01 -3.277687728404998779e-02 -9.223714470863342285e-01 3.485509753227233887e-01
5.538328886032104492e-01 -3.611699938774108887e-01 -4.197927713394165039e-01 -3.277963399887084961e-01 1.398602008819580078e+00 8.886232376098632812e-01 3.657016754150390625e-01 1.701728850603103638e-01 -8.514440655708312988e-01 3.443837761878967285e-01
5.239133834838867188e-01 -3.547664880752563477e-01 -4.306089878082275391e-01 -3.351669609546661377e-01 1.481605768203735352e+00 7.210043072700500488e-01 3.596221208572387695e-01 2.060964852571487427e-01 -8.281872868537902832e-01 4.272866845130920410e-01
5.539463758468627930e-01 -3.641159534454345703e-01 -4.407470822334289551e-01 -3.133778274059295654e-01 1.496903896331787109e+00 6.551421284675598145e-01 3.576729893684387207e-01 2.249527126550674438e-01 -8.098266720771789551e-01 4.374514222145080566e-01
