3.918987512588500977e-01 -1.679484993219375610e-01 5.347750782966613770e-01 2.791813611984252930e-01 -5.735114216804504395e-01 7.787175178527832031e-01 2.503643035888671875e-01 -7.663949728012084961e-01 7.421850413084030151e-02 -4.267151057720184326e-01
3.802355527877807617e-01 -1.615764051675796509e-01 5.648615360260009766e-01 2.452437430620193481e-01 -5.648967623710632324e-01 8.530907034873962402e-01 2.372702360153198242e-01 -8.090149760246276855e-01 5.736436694860458374e-02 -4.151935577392578125e-01
3.560368120670318604e-01 -1.661255508661270142e-01 5.417234301567077637e-01 3.141202330589294434e-01 -6.331532597541809082e-01 7.509002089500427246e-01 4.127243757247924805e-01 -7.582889795303344727e-01 1.368964761495590210e-01 -3.552982211112976074e-01
2.561329305171966553e-01 -1.797025352716445923e-01 5.903032422065734863e-01 2.550410628318786621e-01 -6.911786794662475586e-01 8.051373362541198730e-01 5.921317934989929199e-01 -7.501353621482849121e-01 1.753549724817276001e-01 -2.485833168029785156e-01
1.975958794355392456e-01 -1.547920852899551392e-01 5.741364955902099609e-01 2.813769280910491943e-01 -7.465780973434448242e-01 7.865015864372253418e-01 8.397918343544006348e-01 -7.527546882629394531e-01 2.501802146434783936e-01 -1.763085722923278809e-01
1.617310196161270142e-01 -8.368030190467834473e-03 5.229806900024414062e-01 3.476621210575103760e-01 -8.145362734794616699e-01 7.478717565536499023e-01 9.006509184837341309e-01 -8.288080096244812012e-01 3.551324307918548584e-01 -2.627028226852416992e-01
1.565760821104049683e-01 1.459704339504241943e-02 2.710726559162139893e-01 3.570375144481658936e-01 -7.873272895812988281e-01 6.326520442962646484e-01 9.154925346374511719e-01 -9.802479147911071777e-01 5.543164610862731934e-01 -3.993703126907348633e-01
2.737725973129272461e-01 2.042599767446517944e-01 4.630889296531677246e-01 4.617268443107604980e-01 -1.126580476760864258e+00 6.471434831619262695e-01 4.152670204639434814e-01 -9.988917112350463867e-01 4.423955976963043213e-01 -4.953017532825469971e-01
3.345880806446075439e-01 2.021044343709945679e-01 5.657435655593872070e-01 4.450083673000335693e-01 -1.127317547798156738e+00 7.083032727241516113e-01 2.848514318466186523e-01 -9.561236500740051270e-01 3.588464558124542236e-01 -5.432904362678527832e-01
3.381172120571136475e-01 2.008448690176010132e-01 5.745461583137512207e-01 4.478626549243927002e-01 -1.114658713340759277e+00 7.126123309135437012e-01 2.866059541702270508e-01 -9.546542167663574219e-01 3.575442731380462646e-01 -5.399637818336486816e-01
3.369686603546142578e-01 2.048081010580062866e-01 5.830424427986145020e-01 4.515460431575775146e-01 -1.122294902801513672e+00 7.182685136795043945e-01 2.755616307258605957e-01 -9.391639828681945801e-01 3.515539169311523438e-01 -5.368604063987731934e-01
3.372085094451904297e-01 2.055005878210067749e-01 5.829632282257080078e-01 4.412330687046051025e-01 -1.119271397590637207e+00 7.210249900817871094e-01 2.832555770874023438e-01 -9.454216361045837402e-01 3.527319133281707764e-01 -5.423722863197326660e-01
3.432942628860473633e-01 2.117600291967391968e-01 5.716515779495239258e-01 4.413223564624786377e-01 -1.125172853469848633e+00 7.222967743873596191e-01 2.831049561500549316e-01 -9.463599324226379395e-01 3.592200577259063721e-01 -5.375228524208068848e-01
3.389112353324890137e-01 3.010393977165222168e-01 3.738059699535369873e-01 3.962345123291015625e-01 -8.182477951049804688e-01 8.704079985618591309e-01 -1.324275135993957520e-01 -1.023743033409118652e+00 4.383974373340606689e-01 -6.708546280860900879e-01
3.960003852844238281e-01 2.039961069822311401e-01 3.887492418289184570e-01 3.039172291755676270e-01 -8.139285445213317871e-01 9.250980019569396973e-01 -1.045849323272705078e+00 -9.457917213439941406e-01 -2.796471118927001953e-03 -7.958306670188903809e-01
4.033876061439514160e-01 1.897508949041366577e-01 3.749658465385437012e-01 3.288660645484924316e-01 -8.328565955162048340e-01 8.924065828323364258e-01 -1.045584678649902344e+00 -9.400846362113952637e-01 -5.865082144737243652e-03 -8.118723034858703613e-01
4.118610322475433350e-01 1.975630968809127808e-01 3.695723414421081543e-01 3.296281993389129639e-01 -8.236845135688781738e-01 8.902775049209594727e-01 -1.044932723045349121e+00 -9.433917999267578125e-01 6.787851452827453613e-03 -8.118229508399963379e-01
4.091355800628662109e-01 2.053136676549911499e-01 3.747699260711669922e-01 3.350395858287811279e-01 -8.256652355194091797e-01 9.080641865730285645e-01 -1.049606561660766602e+00 -9.455137252807617188e-01 -4.150435328483581543e-03 -8.109242320060729980e-01
4.072035551071166992e-01 1.939874738454818726e-01 3.762498497962951660e-01 3.229003250598907471e-01 -8.330246806144714355e-01 9.030267596244812012e-01 -1.047862172126770020e+00 -9.369127750396728516e-01 -8.957533864304423332e-04 -7.991426587104797363e-01
4.089186787605285645e-01 1.997873038053512573e-01 3.829759657382965088e-01 3.137343525886535645e-01 -8.346393108367919922e-01 9.031845927238464355e-01 -1.045521616935729980e+00 -9.375289082527160645e-01 1.732513424940407276e-03 -7.982367873191833496e-01
4.026481509208679199e-01 1.964790672063827515e-01 3.709390461444854736e-01 3.274261951446533203e-01 -8.356921076774597168e-01 8.974515199661254883e-01 -1.052344918251037598e+00 -9.517565369606018066e-01 -5.735650658607482910e-03 -8.084103465080261230e-01
3.990899920463562012e-01 1.977565139532089233e-01 3.757538497447967529e-01 3.239303827285766602e-01 -8.315789103507995605e-01 9.039689898490905762e-01 -1.048096537590026855e+00 -9.400487542152404785e-01 -2.931982278823852539e-03 -8.066157698631286621e-01
4.106242060661315918e-01 1.956170052289962769e-01 3.775930702686309814e-01 3.172241151332855225e-01 -8.401760458946228027e-01 8.900387287139892578e-01 -1.056274533271789551e+00 -9.383586645126342773e-01 -2.307549118995666504e-03 -8.065152168273925781e-01
5.559121966361999512e-01 -1.766529232263565063e-01 8.905668258666992188e-01 4.898807108402252197e-01 -1.556918859481811523e+00 7.482301592826843262e-01 -1.018830895423889160e+00 -5.866449475288391113e-01 4.965076744556427002e-01 -4.453879222273826599e-02
5.000379085540771484e-01 -1.730183511972427368e-01 7.931473255157470703e-01 6.749091148376464844e-01 -9.304642081260681152e-01 1.464524507522583008e+00 -7.557087540626525879e-01 -9.504848122596740723e-01 1.227985858917236328e+00 9.520947933197021484e-02
4.472778737545013428e-01 -1.444533020257949829e-01 7.489061951637268066e-01 6.308516860008239746e-01 -8.800135254859924316e-01 1.531738042831420898e+00 -6.817044019699096680e-01 -9.884194731712341309e-01 1.230811715126037598e+00 7.513231039047241211e-02
4.422012567520141602e-01 -1.424756199121475220e-01 7.428831458091735840e-01 6.344736814498901367e-01 -8.744465112686157227e-01 1.532583236694335938e+00 -6.776152849197387695e-01 -9.829816222190856934e-01 1.226398587226867676e+00 7.360947132110595703e-02
4.463873505592346191e-01 -1.401657015085220337e-01 7.457405328750610352e-01 6.238653659820556641e-01 -8.677837252616882324e-01 1.531926631927490234e+00 -6.906877160072326660e-01 -9.808026552200317383e-01 1.231460809707641602e+00 6.709653139114379883e-02
4.461744427680969238e-01 -1.442861706018447876e-01 7.403411865234375000e-01 6.289950013160705566e-01 -8.672917485237121582e-01 1.527981996536254883e+00 -6.857490539550781250e-01 -9.844864606857299805e-01 1.230737328529357910e+00 6.995308399200439453e-02
3.444019556045532227e-01 8.368800580501556396e-02 6.515536308288574219e-01 5.373635888099670410e-01 -7.829162478446960449e-01 1.382957935333251953e+00 -3.959706425666809082e-01 -1.082609415054321289e+00 1.363011717796325684e+00 -1.150213479995727539e-01
1.565052419900894165e-01 2.246379107236862183e-01 7.854728102684020996e-01 6.189924478530883789e-01 -9.341745376586914062e-01 1.030573964118957520e+00 3.095949292182922363e-01 -1.487870693206787109e+00 1.492877602577209473e+00 -4.805105552077293396e-02
4.802579879760742188e-01 1.370805352926254272e-01 1.228602766990661621e+00 7.019639611244201660e-01 -1.202425122261047363e+00 1.191749691963195801e+00 5.219112038612365723e-01 -1.432665348052978516e+00 1.404600262641906738e+00 7.922744750976562500e-02
5.017453432083129883e-01 1.122803539037704468e-01 1.259295105934143066e+00 6.773864030838012695e-01 -1.175177574157714844e+00 1.210347652435302734e+00 5.501148104667663574e-01 -1.407903671264648438e+00 1.360792875289916992e+00 7.594633102416992188e-02
4.963209033012390137e-01 1.476549953222274780e-01 1.274413704872131348e+00 6.893877983093261719e-01 -1.203127145767211914e+00 1.220371723175048828e+00 5.356577634811401367e-01 -1.412053346633911133e+00 1.365019440650939941e+00 7.358086109161376953e-02
2.478835433721542358e-01 2.080631107091903687e-01 9.106263518333435059e-01 6.074683666229248047e-01 -1.042917847633361816e+00 9.611179232597351074e-01 6.646208763122558594e-01 -1.598153948783874512e+00 1.569197297096252441e+00 -5.306523665785789490e-02
5.466517433524131775e-02 1.265749800950288773e-03 7.990102767944335938e-01 5.001500844955444336e-01 -8.403763175010681152e-01 7.983882427215576172e-01 1.077098965644836426e+00 -1.408753514289855957e+00 1.228133082389831543e+00 1.640276908874511719e-01
1.691514402627944946e-01 -1.960928589105606079e-01 1.199372410774230957e+00 4.633516967296600342e-01 -8.773946166038513184e-01 1.032329082489013672e+00 9.171925187110900879e-01 -1.086570978164672852e+00 1.101452469825744629e+00 3.523525595664978027e-01
2.514964640140533447e-01 -2.351033240556716919e-01 1.341381192207336426e+00 4.513941705226898193e-01 -8.547906279563903809e-01 1.168205857276916504e+00 8.126825690269470215e-01 -1.071082592010498047e+00 1.076272130012512207e+00 3.886591792106628418e-01
