8.259019255638122559e-01 4.410992264747619629e-01 1.084126979112625122e-01 -1.484262291342020035e-02 -4.536689817905426025e-02 3.709062933921813965e-01 4.573537111282348633e-01 -5.846005082130432129e-01 -2.470882982015609741e-02 5.515539646148681641e-01
8.374878168106079102e-01 4.401894807815551758e-01 1.081049293279647827e-01 -1.442790124565362930e-02 -5.411742627620697021e-02 3.576246500015258789e-01 4.402247071266174316e-01 -5.973553657531738281e-01 -2.784575521945953369e-02 5.452976822853088379e-01
8.312317132949829102e-01 4.706462025642395020e-01 1.067409664392471313e-01 -8.471236564218997955e-03 -6.609471142292022705e-02 3.626994490623474121e-01 4.288120865821838379e-01 -5.849949717521667480e-01 -3.538368642330169678e-02 5.487401485443115234e-01
8.459430932998657227e-01 4.205423593521118164e-01 1.121339350938796997e-01 -1.276000682264566422e-02 -6.460835039615631104e-02 3.368225097656250000e-01 4.641289114952087402e-01 -5.680155158042907715e-01 -1.945778727531433105e-02 5.437125563621520996e-01
8.162903189659118652e-01 3.476833105087280273e-01 9.631840884685516357e-02 -3.180572390556335449e-02 -9.308858215808868408e-02 3.509952425956726074e-01 5.494936108589172363e-01 -5.860098004341125488e-01 1.803509891033172607e-02 5.627499222755432129e-01
6.816183924674987793e-01 2.861589789390563965e-01 1.035316139459609985e-01 -8.516728878021240234e-02 -1.143373101949691772e-01 4.049640297889709473e-01 6.937588453292846680e-01 -5.892617106437683105e-01 7.605998963117599487e-02 6.261087656021118164e-01
5.294904112815856934e-01 3.431965112686157227e-01 1.762384027242660522e-01 -4.146930575370788574e-02 -2.109119445085525513e-01 3.995236754417419434e-01 1.043583035469055176e+00 -5.545821189880371094e-01 1.670361310243606567e-01 7.023828625679016113e-01
4.948461949825286865e-01 5.435929894447326660e-01 1.566759198904037476e-01 4.119779169559478760e-02 -3.652411997318267822e-01 3.132638335227966309e-01 1.201146960258483887e+00 -6.780627369880676270e-01 2.944538891315460205e-01 6.421080231666564941e-01
6.583799123764038086e-01 8.207936882972717285e-01 1.716715842485427856e-01 1.065674722194671631e-01 -4.553972184658050537e-01 3.233131766319274902e-01 9.265344738960266113e-01 -7.298863530158996582e-01 2.910657227039337158e-01 4.975472390651702881e-01
7.022528052330017090e-01 7.933168411254882812e-01 1.591633111238479614e-01 1.051547974348068237e-01 -4.182400405406951904e-01 3.016622662544250488e-01 7.963119149208068848e-01 -7.433916330337524414e-01 2.374073415994644165e-01 5.124422311782836914e-01
6.963276267051696777e-01 7.880679965019226074e-01 1.727798134088516235e-01 1.042923927307128906e-01 -4.112385809421539307e-01 3.050118088722229004e-01 7.871337532997131348e-01 -7.317576408386230469e-01 2.334754168987274170e-01 5.125157237052917480e-01
7.001295089721679688e-01 7.916775345802307129e-01 1.680205911397933960e-01 1.078151464462280273e-01 -4.120076000690460205e-01 3.057854771614074707e-01 7.879140973091125488e-01 -7.390365004539489746e-01 2.329131364822387695e-01 5.148644447326660156e-01
7.001468539237976074e-01 7.917317748069763184e-01 1.718934327363967896e-01 9.998261928558349609e-02 -4.022978842258453369e-01 3.111891746520996094e-01 7.974787354469299316e-01 -7.404529452323913574e-01 2.317845523357391357e-01 5.054122209548950195e-01
6.361905336380004883e-01 7.039760351181030273e-01 1.113377958536148071e-01 1.214463561773300171e-01 -4.004971683025360107e-01 2.909346818923950195e-01 8.970500826835632324e-01 -7.031586170196533203e-01 2.606891691684722900e-01 5.395852923393249512e-01
8.726634383201599121e-01 1.235510587692260742e+00 -8.054003119468688965e-03 1.296648383140563965e-01 -1.708629876375198364e-01 5.632811188697814941e-01 3.736708462238311768e-01 -5.438173413276672363e-01 4.304695427417755127e-01 3.534828424453735352e-01
1.588941335678100586e+00 7.149241566658020020e-01 9.454324841499328613e-01 2.812539637088775635e-01 -9.670779109001159668e-01 -6.508755087852478027e-01 -1.076645016670227051e+00 -5.283475518226623535e-01 2.684723138809204102e-01 1.128095388412475586e-01
1.628779530525207520e+00 2.883527874946594238e-01 1.087237954139709473e+00 2.761151492595672607e-01 -5.094242095947265625e-01 -7.160289287567138672e-01 -1.156234025955200195e+00 -4.471787810325622559e-01 2.291000485420227051e-01 2.008729577064514160e-01
1.615568637847900391e+00 2.951917648315429688e-01 1.089728713035583496e+00 2.847409844398498535e-01 -5.167135596275329590e-01 -7.199414968490600586e-01 -1.142382502555847168e+00 -4.519011676311492920e-01 2.339639216661453247e-01 1.971639394760131836e-01
1.620840072631835938e+00 2.919398546218872070e-01 1.079889059066772461e+00 2.903644144535064697e-01 -5.156912207603454590e-01 -7.168655395507812500e-01 -1.146988391876220703e+00 -4.446583688259124756e-01 2.326794713735580444e-01 1.998298168182373047e-01
1.615346074104309082e+00 2.923723459243774414e-01 1.077422976493835449e+00 2.804240286350250244e-01 -5.194050669670104980e-01 -7.169314622879028320e-01 -1.139781951904296875e+00 -4.414513409137725830e-01 2.386664599180221558e-01 1.985893845558166504e-01
1.610469102859497070e+00 2.950739860534667969e-01 1.084158778190612793e+00 2.792957425117492676e-01 -5.018700957298278809e-01 -7.211232781410217285e-01 -1.136423230171203613e+00 -4.424338638782501221e-01 2.325505465269088745e-01 1.899107098579406738e-01
1.613742828369140625e+00 3.056696653366088867e-01 1.084396958351135254e+00 2.816702425479888916e-01 -5.101668834686279297e-01 -7.269985675811767578e-01 -1.141500115394592285e+00 -4.519861042499542236e-01 2.330724895000457764e-01 1.961887478828430176e-01
1.619972348213195801e+00 2.909635305404663086e-01 1.088801622390747070e+00 2.803051471710205078e-01 -5.013401508331298828e-01 -7.188926935195922852e-01 -1.142970204353332520e+00 -4.391413033008575439e-01 2.311000972986221313e-01 1.923494935035705566e-01
1.646376013755798340e+00 6.350439786911010742e-01 8.251370787620544434e-01 4.103598296642303467e-01 -5.834152102470397949e-01 -7.748380899429321289e-01 -1.035629272460937500e+00 -6.004961729049682617e-01 5.725199580192565918e-01 3.124297037720680237e-02
1.646168589591979980e+00 6.452826261520385742e-01 8.221529722213745117e-01 4.210299849510192871e-01 -5.814040899276733398e-01 -7.739874720573425293e-01 -1.040541291236877441e+00 -5.999369025230407715e-01 5.755506753921508789e-01 3.347278013825416565e-02
1.645919680595397949e+00 6.465919017791748047e-01 8.196045756340026855e-01 4.281986951828002930e-01 -5.779219269752502441e-01 -7.818341255187988281e-01 -1.024820446968078613e+00 -5.981836915016174316e-01 5.767628550529479980e-01 2.519572153687477112e-02
1.649451851844787598e+00 6.338803768157958984e-01 8.221104145050048828e-01 4.208225309848785400e-01 -5.762797594070434570e-01 -7.745364904403686523e-01 -1.023727536201477051e+00 -5.890163779258728027e-01 5.783833861351013184e-01 2.518213167786598206e-02
1.661364197731018066e+00 6.515563726425170898e-01 8.299629092216491699e-01 4.394099116325378418e-01 -5.796156525611877441e-01 -7.723706960678100586e-01 -1.033965706825256348e+00 -5.988070368766784668e-01 5.744379162788391113e-01 2.709263935685157776e-02
1.645881533622741699e+00 6.474585533142089844e-01 8.245291113853454590e-01 4.283094108104705811e-01 -5.803927183151245117e-01 -7.753970026969909668e-01 -1.036924839019775391e+00 -6.003331542015075684e-01 5.824685692787170410e-01 2.462292090058326721e-02
1.648332715034484863e+00 6.532567739486694336e-01 8.219667077064514160e-01 4.318541288375854492e-01 -5.945383906364440918e-01 -7.732664942741394043e-01 -1.026575446128845215e+00 -6.133343577384948730e-01 5.851250290870666504e-01 2.646905556321144104e-02
1.534706711769104004e+00 7.362897396087646484e-01 8.537703156471252441e-01 4.191209971904754639e-01 -5.094621181488037109e-01 -6.301975846290588379e-01 -6.615921258926391602e-01 -5.813561081886291504e-01 1.081847071647644043e+00 8.646792173385620117e-02
1.186673879623413086e+00 5.890100598335266113e-01 1.248409628868103027e+00 4.178524315357208252e-01 -7.025671005249023438e-01 -8.060937523841857910e-01 4.309192895889282227e-01 -6.606243252754211426e-01 1.080842137336730957e+00 3.918823003768920898e-01
1.195574164390563965e+00 4.877978563308715820e-01 1.401511549949645996e+00 3.983950316905975342e-01 -7.232266068458557129e-01 -8.706123828887939453e-01 4.445738494396209717e-01 -6.777801513671875000e-01 7.809099555015563965e-01 4.725361466407775879e-01
1.200268983840942383e+00 4.483703970909118652e-01 1.476936697959899902e+00 3.877712786197662354e-01 -7.220669388771057129e-01 -8.636964559555053711e-01 4.169643521308898926e-01 -6.984059214591979980e-01 6.937395930290222168e-01 5.027073025703430176e-01
1.169354796409606934e+00 5.328074693679809570e-01 1.306662201881408691e+00 3.936969339847564697e-01 -7.897641658782958984e-01 -8.727879524230957031e-01 5.023751258850097656e-01 -6.827593445777893066e-01 9.035471081733703613e-01 4.476817250251770020e-01
1.196251988410949707e+00 5.715423226356506348e-01 1.255338549613952637e+00 3.952684700489044189e-01 -7.307826280593872070e-01 -8.361921310424804688e-01 4.418972134590148926e-01 -6.521525979042053223e-01 1.005758881568908691e+00 4.168514609336853027e-01
9.282826781272888184e-01 3.074248433113098145e-01 1.246346116065979004e+00 3.314384520053863525e-01 -7.282239794731140137e-01 -7.983248233795166016e-01 5.785635113716125488e-01 -6.155592799186706543e-01 7.869094014167785645e-01 5.439410805702209473e-01
1.033764362335205078e+00 1.368545144796371460e-01 1.412884593009948730e+00 2.850106358528137207e-01 -7.408844232559204102e-01 -7.886474728584289551e-01 4.842154085636138916e-01 -5.536950230598449707e-01 6.104441285133361816e-01 6.194106340408325195e-01
