2.109606117010116577e-01 2.563946843147277832e-01 -9.271374940872192383e-01 3.010998070240020752e-01 -4.904683530330657959e-01 5.324094295501708984e-01 1.665637493133544922e-01 -7.874292731285095215e-01 1.595361381769180298e-01 1.932958960533142090e-01
2.164979130029678345e-01 2.452206462621688843e-01 -9.296278953552246094e-01 2.921527922153472900e-01 -4.986374974250793457e-01 5.350157618522644043e-01 1.706482768058776855e-01 -7.782568335533142090e-01 1.662639677524566650e-01 1.861616671085357666e-01
1.259804517030715942e-01 2.048004716634750366e-01 -8.260823488235473633e-01 2.399573028087615967e-01 -5.146707892417907715e-01 5.510992407798767090e-01 4.421901702880859375e-01 -7.644386291503906250e-01 2.743634283542633057e-01 2.655826210975646973e-01
1.902819126844406128e-01 5.130278468132019043e-01 -7.082017660140991211e-01 3.790214061737060547e-01 -3.637572228908538818e-01 6.806775927543640137e-01 7.045900225639343262e-01 -8.482171893119812012e-01 6.679183840751647949e-01 1.131590604782104492e-01
3.172255754470825195e-01 8.488242030143737793e-01 -7.435967922210693359e-01 5.502836704254150391e-01 -3.075895309448242188e-01 7.321535944938659668e-01 5.170437097549438477e-01 -9.098349213600158691e-01 8.536905646324157715e-01 -5.622928962111473083e-02
3.438144922256469727e-01 9.419940710067749023e-01 -8.116883635520935059e-01 5.599815845489501953e-01 -2.450269311666488647e-01 7.671061754226684570e-01 5.104290843009948730e-01 -9.381592273712158203e-01 9.037171006202697754e-01 -1.308725476264953613e-01
3.629910945892333984e-01 9.235709905624389648e-01 -8.088786005973815918e-01 5.603475570678710938e-01 -2.470027655363082886e-01 7.940376400947570801e-01 5.069492459297180176e-01 -9.738207459449768066e-01 9.403140544891357422e-01 -1.471351385116577148e-01
3.679399490356445312e-01 9.323308467864990234e-01 -8.238983154296875000e-01 5.593101382255554199e-01 -2.432998567819595337e-01 7.672485113143920898e-01 4.970428347587585449e-01 -9.737428426742553711e-01 9.263190627098083496e-01 -1.487076878547668457e-01
3.638594746589660645e-01 9.472737908363342285e-01 -8.256243467330932617e-01 5.673997402191162109e-01 -2.337925583124160767e-01 7.533492445945739746e-01 4.969697296619415283e-01 -9.829670786857604980e-01 9.290600419044494629e-01 -1.483819782733917236e-01
3.869611620903015137e-01 9.803252220153808594e-01 -8.258686065673828125e-01 5.170017480850219727e-01 -1.513152867555618286e-01 9.518846273422241211e-01 3.748950660228729248e-01 -9.799849987030029297e-01 8.835377693176269531e-01 -2.323938012123107910e-01
4.048100709915161133e-01 5.852798819541931152e-01 -4.717135131359100342e-01 3.555840551853179932e-01 4.758571088314056396e-01 1.900466084480285645e+00 3.103379607200622559e-01 -7.850906848907470703e-01 1.312879562377929688e+00 -1.625787615776062012e-01
3.790297508239746094e-01 6.130681037902832031e-01 -7.026511430740356445e-01 6.553111672401428223e-01 9.962975978851318359e-01 2.737233042716979980e-01 -9.150922298431396484e-01 -1.044187545776367188e+00 1.105903267860412598e+00 -2.656896710395812988e-01
3.916952610015869141e-01 4.002667069435119629e-01 -4.346691370010375977e-01 8.254268169403076172e-01 8.936945796012878418e-01 1.064810603857040405e-01 -1.259926915168762207e+00 -1.242701530456542969e+00 1.154941082000732422e+00 -9.516075253486633301e-02
3.869601488113403320e-01 3.977521657943725586e-01 -4.311262965202331543e-01 8.125979900360107422e-01 8.944247364997863770e-01 1.130738705396652222e-01 -1.270203828811645508e+00 -1.223650932312011719e+00 1.143488287925720215e+00 -1.054654717445373535e-01
3.928057551383972168e-01 4.086422920227050781e-01 -4.319518506526947021e-01 8.087545037269592285e-01 8.907870650291442871e-01 1.128824204206466675e-01 -1.259784340858459473e+00 -1.227175474166870117e+00 1.150889873504638672e+00 -1.054423451423645020e-01
4.034446477890014648e-01 4.120028614997863770e-01 -4.362520277500152588e-01 8.210725784301757812e-01 8.987511992454528809e-01 1.186155527830123901e-01 -1.261317133903503418e+00 -1.218153595924377441e+00 1.145748734474182129e+00 -8.811822533607482910e-02
6.178166866302490234e-01 7.877848148345947266e-01 2.405138313770294189e-02 5.603680610656738281e-01 7.742747664451599121e-01 1.296700477600097656e+00 -6.875100731849670410e-01 -8.693722486495971680e-01 1.613660216331481934e+00 -6.017696484923362732e-02
6.697113513946533203e-01 8.750228881835937500e-01 6.081287562847137451e-02 5.113056898117065430e-01 7.649378776550292969e-01 1.617841482162475586e+00 -8.362519741058349609e-01 -8.112518787384033203e-01 1.386689424514770508e+00 -1.005107760429382324e-01
6.682643890380859375e-01 8.848841190338134766e-01 5.205345153808593750e-02 5.150893926620483398e-01 7.622036337852478027e-01 1.618150472640991211e+00 -8.314372301101684570e-01 -8.242014050483703613e-01 1.381903767585754395e+00 -1.000497937202453613e-01
6.681768298149108887e-01 8.757208585739135742e-01 5.616381764411926270e-02 5.084861516952514648e-01 7.565678954124450684e-01 1.618066430091857910e+00 -8.277685046195983887e-01 -8.220195174217224121e-01 1.379233241081237793e+00 -1.002591252326965332e-01
6.080666780471801758e-01 7.336186170578002930e-01 -2.100585401058197021e-02 6.145876646041870117e-01 7.941476106643676758e-01 1.213851213455200195e+00 -6.664521694183349609e-01 -8.975027203559875488e-01 1.676645874977111816e+00 -6.952849030494689941e-02
8.816069960594177246e-01 1.024948477745056152e+00 3.091284930706024170e-01 7.269353866577148438e-01 4.251413047313690186e-01 9.522491097450256348e-01 -8.960079550743103027e-01 -6.983545422554016113e-01 1.122843742370605469e+00 -2.889682054519653320e-01
7.712794542312622070e-01 8.462642431259155273e-01 2.403434067964553833e-01 7.056391239166259766e-01 3.506361544132232666e-01 4.084401130676269531e-01 -8.099878430366516113e-01 -7.445577383041381836e-01 1.051013708114624023e+00 -2.208577990531921387e-01
4.102107286453247070e-01 4.291619062423706055e-01 1.906691342592239380e-01 5.498096942901611328e-01 5.085167288780212402e-01 2.110844105482101440e-01 -8.907622694969177246e-01 -8.156931400299072266e-01 7.806712985038757324e-01 9.975564479827880859e-02
3.220576047897338867e-01 7.473014295101165771e-02 2.970730662345886230e-01 3.985347151756286621e-01 6.076189875602722168e-01 2.703431248664855957e-01 -1.332659125328063965e+00 -8.099604249000549316e-01 5.611047744750976562e-01 2.358368635177612305e-01
4.219778776168823242e-01 2.322361320257186890e-01 4.785365462303161621e-01 3.032901585102081299e-01 4.926752150058746338e-01 3.654693365097045898e-01 -1.557192921638488770e+00 -8.817743659019470215e-01 4.615040719509124756e-01 2.024761438369750977e-01
