2.646965086460113525e-01 1.223276108503341675e-01 6.039310097694396973e-01 5.490927956998348236e-03 -2.986846268177032471e-01 5.480625629425048828e-01 7.536076307296752930e-01 -8.517967462539672852e-01 -1.002042442560195923e-01 -8.174332976341247559e-01
2.699737548828125000e-01 1.122392266988754272e-01 5.905762910842895508e-01 -1.159430714324116707e-03 -2.910461425781250000e-01 5.334097743034362793e-01 7.352390289306640625e-01 -8.618875145912170410e-01 -1.026597470045089722e-01 -8.397435545921325684e-01
2.404219359159469604e-01 1.196698397397994995e-01 6.331751346588134766e-01 -1.096749398857355118e-02 -3.236757218837738037e-01 5.530149936676025391e-01 7.621765732765197754e-01 -8.297069668769836426e-01 -9.116399288177490234e-02 -7.724775075912475586e-01
1.998080611228942871e-01 1.112815588712692261e-01 6.190775632858276367e-01 -1.904979534447193146e-02 -3.577394783496856689e-01 5.545051097869873047e-01 9.510578513145446777e-01 -8.148788809776306152e-01 -2.729935944080352783e-02 -6.777294278144836426e-01
1.272496134042739868e-01 9.571044147014617920e-02 6.341103315353393555e-01 -1.130560133606195450e-02 -3.917815983295440674e-01 5.279802083969116211e-01 1.183175086975097656e+00 -8.055028915405273438e-01 3.336483985185623169e-02 -5.390020012855529785e-01
1.014246791601181030e-01 1.424353569746017456e-01 5.725660324096679688e-01 2.481317333877086639e-02 -4.307485520839691162e-01 5.449310541152954102e-01 1.345369338989257812e+00 -8.059979081153869629e-01 1.494486629962921143e-01 -5.209831595420837402e-01
3.770596906542778015e-02 2.245921343564987183e-01 3.536959290504455566e-01 2.080488775391131639e-04 -3.176309168338775635e-01 4.541988968849182129e-01 1.176585197448730469e+00 -8.710634708404541016e-01 2.973715066909790039e-01 -6.935589909553527832e-01
7.335709035396575928e-02 4.450567364692687988e-01 4.870771765708923340e-01 1.630392372608184814e-01 -7.217050194740295410e-01 2.970646619796752930e-01 9.911083579063415527e-01 -8.357456922531127930e-01 3.303608000278472900e-01 -8.677178621292114258e-01
1.717475801706314087e-01 5.644596815109252930e-01 6.176282167434692383e-01 1.931799650192260742e-01 -9.132644534111022949e-01 2.591214478015899658e-01 6.188175678253173828e-01 -8.111603856086730957e-01 2.364994585514068604e-01 -1.005675673484802246e+00
1.570133417844772339e-01 6.462653875350952148e-01 4.873063266277313232e-01 1.194913685321807861e-01 -6.527459025382995605e-01 3.744346499443054199e-01 1.233004927635192871e-01 -7.354848980903625488e-01 3.299613595008850098e-01 -1.283151149749755859e+00
1.921065300703048706e-01 5.350652337074279785e-01 5.275670289993286133e-01 5.646440386772155762e-02 -7.503038644790649414e-01 3.967407941818237305e-01 -6.406733393669128418e-01 -7.044942975044250488e-01 -9.873215854167938232e-02 -1.407303214073181152e+00
1.815340667963027954e-01 5.303100347518920898e-01 5.259404182434082031e-01 4.993559420108795166e-02 -7.444847226142883301e-01 4.150475263595581055e-01 -6.352687478065490723e-01 -6.893374323844909668e-01 -8.770360052585601807e-02 -1.383591413497924805e+00
1.929517537355422974e-01 5.281733274459838867e-01 5.362967848777770996e-01 5.207632482051849365e-02 -7.371990084648132324e-01 4.136327505111694336e-01 -6.367316842079162598e-01 -6.833637952804565430e-01 -9.047715365886688232e-02 -1.386997818946838379e+00
1.937855035066604614e-01 5.285534858703613281e-01 5.322130918502807617e-01 5.773282051086425781e-02 -7.366167306900024414e-01 4.108657836914062500e-01 -6.372518539428710938e-01 -6.789011359214782715e-01 -9.857988357543945312e-02 -1.375095605850219727e+00
1.881311386823654175e-01 5.243858098983764648e-01 5.301002264022827148e-01 5.516184866428375244e-02 -7.395905852317810059e-01 4.076631069183349609e-01 -6.326523423194885254e-01 -6.853234171867370605e-01 -9.380488097667694092e-02 -1.377279162406921387e+00
2.465768903493881226e-01 4.306841492652893066e-01 5.765199661254882812e-01 5.270358920097351074e-02 -8.430711627006530762e-01 3.138856291770935059e-01 -8.459673523902893066e-01 -5.901957750320434570e-01 -1.701928526163101196e-01 -1.365669250488281250e+00
4.456674456596374512e-01 -1.565314829349517822e-02 1.057743072509765625e+00 2.681816220283508301e-01 -1.605742454528808594e+00 7.152333259582519531e-01 -8.487808108329772949e-01 -3.849146962165832520e-01 6.232292056083679199e-01 -5.857997760176658630e-02
4.046867489814758301e-01 3.793071210384368896e-02 8.904087543487548828e-01 4.117365777492523193e-01 -1.286171555519104004e+00 1.371290445327758789e+00 -7.577466964721679688e-01 -3.428559601306915283e-01 1.072991967201232910e+00 -2.689894521608948708e-03
4.092056453227996826e-01 2.983056008815765381e-02 8.618568778038024902e-01 4.148293137550354004e-01 -1.321185588836669922e+00 1.391608476638793945e+00 -7.837265133857727051e-01 -3.481209576129913330e-01 1.108124613761901855e+00 -3.022467717528343201e-02
3.465360999107360840e-01 4.503737390041351318e-02 8.080701828002929688e-01 3.908668458461761475e-01 -1.282344222068786621e+00 1.436492204666137695e+00 -7.115560770034790039e-01 -3.903171122074127197e-01 1.139275550842285156e+00 -3.481196984648704529e-02
3.201695680618286133e-01 1.262420266866683960e-01 7.761953473091125488e-01 3.358638286590576172e-01 -1.202770948410034180e+00 1.393524169921875000e+00 -5.922794342041015625e-01 -4.274919331073760986e-01 1.187560319900512695e+00 -1.098857522010803223e-01
1.069323569536209106e-01 3.862262964248657227e-01 7.371718883514404297e-01 2.030729949474334717e-01 -1.189079046249389648e+00 1.305024743080139160e+00 2.989711165428161621e-01 -6.889396905899047852e-01 1.163627028465270996e+00 -3.264197707176208496e-01
3.751300871372222900e-01 3.596099615097045898e-01 1.279269695281982422e+00 2.410096377134323120e-01 -1.572263240814208984e+00 1.358113527297973633e+00 6.799202561378479004e-01 -6.054248213768005371e-01 1.122450709342956543e+00 -1.413956880569458008e-01
3.350038528442382812e-01 4.654424786567687988e-01 1.150087952613830566e+00 2.752285003662109375e-01 -1.478345870971679688e+00 1.412712097167968750e+00 5.063129663467407227e-01 -6.845032572746276855e-01 1.270481228828430176e+00 -2.565854191780090332e-01
2.669283375144004822e-02 2.422183603048324585e-01 8.771530985832214355e-01 1.722919940948486328e-01 -1.357915639877319336e+00 1.000212907791137695e+00 1.200973868370056152e+00 -6.284773945808410645e-01 1.100177645683288574e+00 -1.071957349777221680e-01
7.870610803365707397e-03 1.093880981206893921e-01 1.064765334129333496e+00 1.745127290487289429e-01 -1.219861268997192383e+00 1.086222648620605469e+00 1.372477412223815918e+00 -5.150096416473388672e-01 9.017879366874694824e-01 9.561914205551147461e-02
