1.917218714952468872e-01 5.162903070449829102e-01 -5.795941222459077835e-03 -2.745713293552398682e-01 -4.354706704616546631e-01 4.850833415985107422e-01 7.651857733726501465e-01 -4.650008380413055420e-01 -2.417049258947372437e-01 -2.191088199615478516e-01
1.976961046457290649e-01 5.244454145431518555e-01 -7.137552369385957718e-03 -2.738980948925018311e-01 -4.321807622909545898e-01 4.845453500747680664e-01 7.672200798988342285e-01 -4.706004858016967773e-01 -2.320037037134170532e-01 -2.225162684917449951e-01
2.213290184736251831e-01 4.343289136886596680e-01 -3.477986156940460205e-02 -2.802636027336120605e-01 -4.422068893909454346e-01 4.931224584579467773e-01 7.979777455329895020e-01 -4.674119651317596436e-01 -2.778547704219818115e-01 -1.706265807151794434e-01
1.784190684556961060e-01 4.211103916168212891e-01 -4.585964977741241455e-02 -2.722973823547363281e-01 -4.758659899234771729e-01 5.461059212684631348e-01 8.531346321105957031e-01 -4.444913566112518311e-01 -3.093239963054656982e-01 -1.103396415710449219e-01
1.142221838235855103e-01 4.303824901580810547e-01 -7.191978394985198975e-02 -2.937691509723663330e-01 -5.383542776107788086e-01 5.801544785499572754e-01 8.859201073646545410e-01 -4.242998957633972168e-01 -3.288923799991607666e-01 -9.073263406753540039e-02
1.137203723192214966e-01 4.663197994232177734e-01 -4.845051467418670654e-02 -2.802330851554870605e-01 -5.300352573394775391e-01 5.909299254417419434e-01 8.544176220893859863e-01 -4.119997024536132812e-01 -3.217070400714874268e-01 -1.101419925689697266e-01
1.925136595964431763e-01 2.578642368316650391e-01 -3.389681875705718994e-02 -2.839143276214599609e-01 -5.721361637115478516e-01 6.122197508811950684e-01 8.775001168251037598e-01 -4.050792753696441650e-01 -4.754125475883483887e-01 2.993637695908546448e-02
2.834523618221282959e-01 1.926070898771286011e-01 -1.534269750118255615e-02 -2.759555876255035400e-01 -5.702035427093505859e-01 4.606810808181762695e-01 7.549293637275695801e-01 -4.838146865367889404e-01 -6.193050742149353027e-01 1.327696442604064941e-01
2.541848719120025635e-01 2.134637683629989624e-01 -3.094972670078277588e-02 -3.238827586174011230e-01 -5.383501648902893066e-01 3.534855842590332031e-01 5.740057229995727539e-01 -4.645810425281524658e-01 -5.444039702415466309e-01 2.485937252640724182e-02
3.664025068283081055e-01 -1.324727665632963181e-03 -2.598635852336883545e-02 -2.875469624996185303e-01 -4.227777421474456787e-01 4.700697660446166992e-01 8.867442607879638672e-01 -5.613748431205749512e-01 -6.268013119697570801e-01 2.530561685562133789e-01
6.789371371269226074e-01 -2.031065970659255981e-01 -1.248523145914077759e-01 -3.697562217712402344e-01 -3.640779256820678711e-01 2.827387452125549316e-01 3.778820857405662537e-02 -4.083404242992401123e-01 -1.119618773460388184e+00 -1.231322288513183594e-01
7.216129899024963379e-01 -2.245195060968399048e-01 -1.065319925546646118e-01 -3.615398705005645752e-01 -3.853153884410858154e-01 2.575251460075378418e-01 -1.364684104919433594e-01 -4.008353054523468018e-01 -1.180983066558837891e+00 -1.682517528533935547e-01
7.343945503234863281e-01 -2.203428298234939575e-01 -1.077006608247756958e-01 -3.778024017810821533e-01 -3.753164112567901611e-01 2.540721893310546875e-01 -1.398232579231262207e-01 -4.027684628963470459e-01 -1.169890046119689941e+00 -1.688836216926574707e-01
7.465606331825256348e-01 -2.252594381570816040e-01 -1.108623892068862915e-01 -3.711359202861785889e-01 -3.767611682415008545e-01 2.552476525306701660e-01 -1.353158354759216309e-01 -4.051385223865509033e-01 -1.177352666854858398e+00 -1.696826815605163574e-01
7.383064031600952148e-01 -2.219518572092056274e-01 -1.106323748826980591e-01 -3.712828159332275391e-01 -3.658798635005950928e-01 2.615548968315124512e-01 -1.370195746421813965e-01 -4.074272215366363525e-01 -1.179883122444152832e+00 -1.700313091278076172e-01
7.489911317825317383e-01 -2.363007813692092896e-01 -1.111118048429489136e-01 -3.784297108650207520e-01 -3.783794343471527100e-01 2.477055042982101440e-01 -1.693820953369140625e-01 -4.170425534248352051e-01 -1.188625454902648926e+00 -1.547644734382629395e-01
1.316635459661483765e-01 -7.307745814323425293e-01 -1.665488630533218384e-01 -1.402202546596527100e-01 -2.637802362442016602e-01 4.668204486370086670e-02 -6.463090777397155762e-01 -6.733046770095825195e-01 -1.942615151405334473e+00 -5.968652367591857910e-01
-2.212939038872718811e-02 -6.608528494834899902e-01 -1.808661669492721558e-01 -1.274987757205963135e-01 -5.294014215469360352e-01 3.832829594612121582e-01 1.239578127861022949e-01 -4.968132078647613525e-01 -1.846767783164978027e+00 -4.266321659088134766e-01
-2.298520877957344055e-02 -6.515079140663146973e-01 -1.784864813089370728e-01 -1.047562658786773682e-01 -5.300290584564208984e-01 3.848571181297302246e-01 1.314483880996704102e-01 -4.805308282375335693e-01 -1.847442150115966797e+00 -4.356991648674011230e-01
-2.378338947892189026e-02 -6.498587131500244141e-01 -1.907256096601486206e-01 -8.585301041603088379e-02 -5.405899286270141602e-01 3.812823295593261719e-01 1.499122977256774902e-01 -4.694702327251434326e-01 -1.834774851799011230e+00 -4.378887414932250977e-01
-5.694847181439399719e-02 -5.494514107704162598e-01 -2.168584614992141724e-01 -1.376176774501800537e-01 -5.362304449081420898e-01 4.515433907508850098e-01 2.839075326919555664e-01 -4.571783840656280518e-01 -1.763595700263977051e+00 -4.865190386772155762e-01
-2.088481932878494263e-01 3.623590338975191116e-03 -3.651066720485687256e-01 -1.115292012691497803e-01 -6.557788848876953125e-01 8.010595440864562988e-01 8.043316602706909180e-01 -4.224609732627868652e-01 -1.387855172157287598e+00 -8.234259486198425293e-01
-3.448383808135986328e-01 7.471631467342376709e-02 -3.204759061336517334e-01 -1.589576900005340576e-01 -8.309763073921203613e-01 5.028102993965148926e-01 3.703099787235260010e-01 -3.884640336036682129e-01 -1.529315352439880371e+00 -8.153630495071411133e-01
-3.223254978656768799e-01 2.918277680873870850e-02 -3.446338176727294922e-01 -2.043709456920623779e-01 -8.240236639976501465e-01 5.925176739692687988e-01 5.316659808158874512e-01 -4.083616137504577637e-01 -1.555570006370544434e+00 -7.475853562355041504e-01
-4.657129645347595215e-01 3.072699904441833496e-01 -3.366378545761108398e-01 -1.337841749191284180e-01 -6.885445713996887207e-01 6.914871335029602051e-01 6.175478696823120117e-01 -6.565251946449279785e-01 -1.333356261253356934e+00 -8.811070322990417480e-01
-5.793609619140625000e-01 4.925210475921630859e-01 -3.198036849498748779e-01 -9.193730354309082031e-02 -7.405237555503845215e-01 7.970246672630310059e-01 6.534904837608337402e-01 -6.070121526718139648e-01 -1.169339060783386230e+00 -9.873315691947937012e-01
