2.737787961959838867e-01 2.623734474182128906e-01 -1.013147830963134766e+00 4.815832674503326416e-01 -3.371333181858062744e-01 4.294476509094238281e-01 2.579507231712341309e-01 -7.454215288162231445e-01 1.534528881311416626e-01 1.714408993721008301e-01
2.635821104049682617e-01 2.818464636802673340e-01 -1.020385146141052246e+00 4.579664766788482666e-01 -3.431523740291595459e-01 4.541090726852416992e-01 2.451944947242736816e-01 -7.568633556365966797e-01 1.626928597688674927e-01 1.638937294483184814e-01
3.361808657646179199e-01 1.476354449987411499e-01 -1.039053320884704590e+00 5.072847604751586914e-01 -3.684507608413696289e-01 3.776474595069885254e-01 3.495916128158569336e-01 -7.298514246940612793e-01 1.453596502542495728e-01 1.999447941780090332e-01
2.435183674097061157e-01 1.708094924688339233e-01 -9.537143707275390625e-01 4.927745759487152100e-01 -4.159394502639770508e-01 4.912374019622802734e-01 3.261888623237609863e-01 -7.498996853828430176e-01 1.064784973859786987e-01 3.039571642875671387e-01
1.851600259542465210e-01 1.731345504522323608e-01 -9.944371581077575684e-01 4.887904226779937744e-01 -4.663874506950378418e-01 5.196851491928100586e-01 3.442499637603759766e-01 -7.125688195228576660e-01 8.800013363361358643e-02 2.837668359279632568e-01
1.893744617700576782e-01 1.853033751249313354e-01 -9.770289063453674316e-01 5.220048427581787109e-01 -4.720975458621978760e-01 5.184324979782104492e-01 2.754852175712585449e-01 -6.930118203163146973e-01 6.535258889198303223e-02 3.012419342994689941e-01
3.071696162223815918e-01 -1.806463301181793213e-02 -9.419515132904052734e-01 5.652306675910949707e-01 -4.413061738014221191e-01 4.570629000663757324e-01 3.111433386802673340e-01 -7.224815487861633301e-01 -9.448960423469543457e-03 4.189122915267944336e-01
3.600763082504272461e-01 -4.644741117954254150e-02 -1.013899445533752441e+00 5.589355826377868652e-01 -4.372059106826782227e-01 3.875338435173034668e-01 2.251325845718383789e-01 -8.047159910202026367e-01 -4.632021486759185791e-02 4.864820539951324463e-01
3.576253652572631836e-01 -4.802478849887847900e-02 -1.033127903938293457e+00 4.276472628116607666e-01 -4.260290861129760742e-01 3.216703534126281738e-01 9.969615936279296875e-02 -7.503163218498229980e-01 -2.572163939476013184e-03 3.842815458774566650e-01
5.137593746185302734e-01 -2.608251571655273438e-01 -9.438811540603637695e-01 5.094510316848754883e-01 -2.077242285013198853e-01 4.069263339042663574e-01 3.260861635208129883e-01 -8.732303380966186523e-01 -1.282162964344024658e-02 5.300698280334472656e-01
1.013347744941711426e+00 -4.250361919403076172e-01 -1.141271114349365234e+00 2.593535482883453369e-01 -3.179009258747100830e-01 3.455889225006103516e-01 -6.088639497756958008e-01 -6.428585052490234375e-01 -3.130041658878326416e-01 1.875725984573364258e-01
1.029230475425720215e+00 -4.378327131271362305e-01 -1.133324146270751953e+00 2.628546059131622314e-01 -3.024782836437225342e-01 3.421155810356140137e-01 -6.108538508415222168e-01 -6.419054269790649414e-01 -3.093649744987487793e-01 1.928665041923522949e-01
1.024499773979187012e+00 -4.392607212066650391e-01 -1.142796635627746582e+00 2.626811563968658447e-01 -3.092868328094482422e-01 3.454033136367797852e-01 -6.218637824058532715e-01 -6.360622644424438477e-01 -3.193856477737426758e-01 1.856127083301544189e-01
1.022943019866943359e+00 -4.310199022293090820e-01 -1.143754482269287109e+00 2.591104209423065186e-01 -3.100982606410980225e-01 3.471413850784301758e-01 -6.044269800186157227e-01 -6.446523070335388184e-01 -3.145489990711212158e-01 1.949817836284637451e-01
1.032359242439270020e+00 -4.323236346244812012e-01 -1.147771716117858887e+00 2.577445209026336670e-01 -3.070978820323944092e-01 3.427317142486572266e-01 -6.067991852760314941e-01 -6.441214084625244141e-01 -3.182462155818939209e-01 1.944193840026855469e-01
9.804530143737792969e-01 -4.903107285499572754e-01 -1.181166172027587891e+00 2.563868761062622070e-01 -2.752712070941925049e-01 2.546395659446716309e-01 -9.412563443183898926e-01 -6.896932125091552734e-01 -3.564636409282684326e-01 1.777650117874145508e-01
3.137134909629821777e-01 -9.967003464698791504e-01 -1.257290005683898926e+00 5.113497972488403320e-01 -1.550227105617523193e-01 2.282123416662216187e-01 -1.375276207923889160e+00 -9.952169656753540039e-01 -7.405536174774169922e-01 -3.635578751564025879e-01
-8.524329960346221924e-02 -1.109448313713073730e+00 -1.273390650749206543e+00 7.319936156272888184e-01 -4.598562717437744141e-01 6.180492639541625977e-01 -3.120937943458557129e-01 -7.494764328002929688e-01 -6.862406134605407715e-01 -5.798887610435485840e-01
-8.518566191196441650e-02 -1.101571798324584961e+00 -1.258953809738159180e+00 7.014797329902648926e-01 -4.620813429355621338e-01 6.537581682205200195e-01 -3.095416426658630371e-01 -7.498934268951416016e-01 -6.901538968086242676e-01 -5.719774961471557617e-01
-9.317018091678619385e-02 -1.092576980590820312e+00 -1.250497698783874512e+00 6.839693784713745117e-01 -4.649935662746429443e-01 6.579657196998596191e-01 -3.090826272964477539e-01 -7.515518069267272949e-01 -6.780068278312683105e-01 -5.716465711593627930e-01
-1.339895874261856079e-01 -8.126780390739440918e-01 -1.376183152198791504e+00 5.695118904113769531e-01 -5.194265246391296387e-01 7.725675106048583984e-01 -8.593383245170116425e-03 -6.737968921661376953e-01 -6.061857342720031738e-01 -5.826681852340698242e-01
-3.548783957958221436e-01 -2.383365184068679810e-01 -1.579951167106628418e+00 5.870534777641296387e-01 -4.663932025432586670e-01 9.196736216545104980e-01 2.579368948936462402e-01 -6.017646193504333496e-01 -5.413150191307067871e-01 -7.758139371871948242e-01
-5.158700942993164062e-01 -1.180281788110733032e-01 -1.655415773391723633e+00 5.432298183441162109e-01 -6.735606193542480469e-01 6.753180027008056641e-01 -4.206043854355812073e-02 -6.019874811172485352e-01 -5.806490778923034668e-01 -8.148041367530822754e-01
-5.366922616958618164e-01 -8.214540779590606689e-02 -1.632687568664550781e+00 5.907645225524902344e-01 -6.758404374122619629e-01 8.055813908576965332e-01 1.548794507980346680e-01 -6.053866744041442871e-01 -5.559085011482238770e-01 -6.906372904777526855e-01
-6.251550912857055664e-01 8.637450635433197021e-02 -1.703711748123168945e+00 6.043491363525390625e-01 -5.740249156951904297e-01 8.980527520179748535e-01 2.593237161636352539e-01 -6.143568158149719238e-01 -4.994958937168121338e-01 -7.659485340118408203e-01
-7.226278781890869141e-01 2.340591996908187866e-01 -1.678701758384704590e+00 6.153708696365356445e-01 -6.085585951805114746e-01 9.127988219261169434e-01 2.715970873832702637e-01 -5.149818658828735352e-01 -4.408624172210693359e-01 -8.958991765975952148e-01
