7.608971595764160156e-01 5.087565183639526367e-01 2.194465547800064087e-01 -1.908335983753204346e-01 -1.217680424451828003e-01 4.193671345710754395e-01 3.890410065650939941e-01 -4.636045992374420166e-01 -7.537644356489181519e-02 6.167804598808288574e-01
7.654762268066406250e-01 4.969369769096374512e-01 2.080770581960678101e-01 -1.841638535261154175e-01 -1.344724148511886597e-01 3.965609669685363770e-01 4.280661046504974365e-01 -4.415568411350250244e-01 -6.041979789733886719e-02 6.261973977088928223e-01
5.667790770530700684e-01 4.945635795593261719e-01 2.842884957790374756e-01 -1.710326820611953735e-01 -2.155940979719161987e-01 4.463788270950317383e-01 9.606550335884094238e-01 -4.141885042190551758e-01 1.441439837217330933e-01 6.734144091606140137e-01
8.348397016525268555e-01 9.776933193206787109e-01 8.283777534961700439e-02 -9.680917859077453613e-02 -1.333485543727874756e-02 7.102574706077575684e-01 9.188879728317260742e-01 -6.003561615943908691e-01 4.449214041233062744e-01 3.287758231163024902e-01
9.571092724800109863e-01 1.289518833160400391e+00 -1.280389726161956787e-02 -3.510156273841857910e-02 7.243610918521881104e-02 7.951349616050720215e-01 8.573896884918212891e-01 -6.446103453636169434e-01 5.379112362861633301e-01 2.844935655593872070e-01
1.001303315162658691e+00 1.332422137260437012e+00 -3.561230003833770752e-02 -4.693883657455444336e-02 1.007295995950698853e-01 8.467015624046325684e-01 8.359386920928955078e-01 -6.615995764732360840e-01 5.516076087951660156e-01 2.724220156669616699e-01
1.009271979331970215e+00 1.346544146537780762e+00 -4.034458100795745850e-02 -3.749665617942810059e-02 1.030106097459793091e-01 8.468806147575378418e-01 8.276886343955993652e-01 -6.596714854240417480e-01 5.519905686378479004e-01 2.726506590843200684e-01
1.016303777694702148e+00 1.343137860298156738e+00 -4.050944745540618896e-02 -4.145336151123046875e-02 1.072655469179153442e-01 8.387806415557861328e-01 8.238745331764221191e-01 -6.525593400001525879e-01 5.581424832344055176e-01 2.727471590042114258e-01
1.006672501564025879e+00 1.333137512207031250e+00 -4.154638946056365967e-02 -4.210022091865539551e-02 1.012587994337081909e-01 8.307538032531738281e-01 8.220711350440979004e-01 -6.539765596389770508e-01 5.583206415176391602e-01 2.652384042739868164e-01
1.011850357055664062e+00 1.341375589370727539e+00 -4.219013452529907227e-02 -4.477441310882568359e-02 1.025740653276443481e-01 8.306026458740234375e-01 8.202048540115356445e-01 -6.653571724891662598e-01 5.538187026977539062e-01 2.709637284278869629e-01
1.011842370033264160e+00 1.335746765136718750e+00 -4.281120002269744873e-02 -4.093182086944580078e-02 1.119200438261032104e-01 8.331187963485717773e-01 8.200653195381164551e-01 -6.601032614707946777e-01 5.546430945396423340e-01 2.566146254539489746e-01
1.015392065048217773e+00 1.332838535308837891e+00 -4.591429233551025391e-02 -4.611685872077941895e-02 1.044066101312637329e-01 8.239346146583557129e-01 8.226115107536315918e-01 -6.648213267326354980e-01 5.675402283668518066e-01 2.606723308563232422e-01
1.012960076332092285e+00 1.340624809265136719e+00 -4.318502545356750488e-02 -3.427007794380187988e-02 1.073969453573226929e-01 8.359270095825195312e-01 8.175819516181945801e-01 -6.527634263038635254e-01 5.545876622200012207e-01 2.618265748023986816e-01
1.003656506538391113e+00 1.385010004043579102e+00 -6.356640160083770752e-02 -1.004776656627655029e-01 1.500723510980606079e-01 9.737996459007263184e-01 7.661578059196472168e-01 -6.847457289695739746e-01 5.418331027030944824e-01 2.486672997474670410e-01
8.014543056488037109e-01 1.022505521774291992e+00 -2.351401895284652710e-01 -6.918327510356903076e-02 6.708484292030334473e-01 1.849738240242004395e+00 6.710886955261230469e-01 -7.313119173049926758e-01 7.200798392295837402e-01 2.233520150184631348e-01
6.582797765731811523e-01 8.076550960540771484e-01 -5.249131917953491211e-01 4.817592799663543701e-01 1.545660376548767090e+00 7.264648377895355225e-02 -1.015663743019104004e-01 -1.341789484024047852e+00 9.439141154289245605e-01 2.676970362663269043e-01
6.120079755783081055e-01 7.448144555091857910e-01 -3.598424196243286133e-01 5.621001720428466797e-01 1.382150530815124512e+00 -1.020949631929397583e-01 -2.999576926231384277e-01 -1.466474533081054688e+00 8.374248147010803223e-01 3.664370775222778320e-01
6.226978302001953125e-01 7.393548488616943359e-01 -3.535433411598205566e-01 5.627146959304809570e-01 1.369848012924194336e+00 -1.026148349046707153e-01 -2.938306927680969238e-01 -1.471595048904418945e+00 8.415794372558593750e-01 3.659250438213348389e-01
6.239871978759765625e-01 7.431275844573974609e-01 -3.577284216880798340e-01 5.680342912673950195e-01 1.373679757118225098e+00 -1.022465676069259644e-01 -2.981157302856445312e-01 -1.479758501052856445e+00 8.382796645164489746e-01 3.663759231567382812e-01
6.214874386787414551e-01 7.329499125480651855e-01 -3.583160638809204102e-01 5.640228390693664551e-01 1.377933263778686523e+00 -1.056037992238998413e-01 -3.035523891448974609e-01 -1.466506361961364746e+00 8.446379303932189941e-01 3.603834211826324463e-01
6.192283034324645996e-01 7.371426820755004883e-01 -3.539701104164123535e-01 5.724615454673767090e-01 1.377798080444335938e+00 -1.047491580247879028e-01 -2.963171005249023438e-01 -1.467544794082641602e+00 8.398476243019104004e-01 3.701711595058441162e-01
6.175473928451538086e-01 7.470866441726684570e-01 -3.585763275623321533e-01 5.723996162414550781e-01 1.382389307022094727e+00 -1.017519384622573853e-01 -3.011099696159362793e-01 -1.480063438415527344e+00 8.396993875503540039e-01 3.642238676548004150e-01
6.263654232025146484e-01 7.459958791732788086e-01 -3.586134612560272217e-01 5.746287107467651367e-01 1.381013631820678711e+00 -1.005456298589706421e-01 -2.935420870780944824e-01 -1.472702503204345703e+00 8.493312001228332520e-01 3.609621822834014893e-01
7.733493447303771973e-01 4.412540197372436523e-01 -6.830559670925140381e-02 2.491066306829452515e-01 1.155830264091491699e+00 4.743915200233459473e-01 1.671791672706604004e-01 -8.999859094619750977e-01 1.236748576164245605e+00 4.792263805866241455e-01
9.524747133255004883e-01 8.487711548805236816e-01 1.152943521738052368e-01 1.888353377580642700e-01 1.275044918060302734e+00 8.856441378593444824e-01 2.079946398735046387e-01 -1.132763624191284180e+00 1.274260163307189941e+00 3.419367074966430664e-01
9.557989835739135742e-01 8.523737192153930664e-01 1.144054681062698364e-01 1.823540627956390381e-01 1.271138429641723633e+00 8.925662040710449219e-01 2.070749402046203613e-01 -1.119907379150390625e+00 1.273481249809265137e+00 3.402819931507110596e-01
9.569495916366577148e-01 8.485319614410400391e-01 1.178589612245559692e-01 1.740881800651550293e-01 1.280553460121154785e+00 8.932840824127197266e-01 2.000154852867126465e-01 -1.125103712081909180e+00 1.266517519950866699e+00 3.393761515617370605e-01
9.545447826385498047e-01 8.535398840904235840e-01 1.211921423673629761e-01 1.795270442962646484e-01 1.275879740715026855e+00 9.025220870971679688e-01 2.038015723228454590e-01 -1.130129456520080566e+00 1.273906946182250977e+00 3.334191441535949707e-01
9.540850520133972168e-01 8.513064384460449219e-01 1.131835132837295532e-01 1.831972002983093262e-01 1.274270415306091309e+00 8.949915766716003418e-01 2.048529982566833496e-01 -1.129807114601135254e+00 1.268685221672058105e+00 3.394614160060882568e-01
9.786221385002136230e-01 9.339677691459655762e-01 1.472510248422622681e-01 1.551285833120346069e-01 1.279555439949035645e+00 1.022845149040222168e+00 1.813507080078125000e-01 -1.130904197692871094e+00 1.104253888130187988e+00 2.969838976860046387e-01
1.297628879547119141e+00 1.213661909103393555e+00 2.937178909778594971e-01 3.533901870250701904e-01 8.608776926994323730e-01 5.941469073295593262e-01 2.206124663352966309e-01 -1.041694402694702148e+00 9.301531910896301270e-01 1.799099445343017578e-01
1.174362063407897949e+00 1.026380538940429688e+00 2.992619276046752930e-01 3.451126515865325928e-01 7.288480401039123535e-01 2.537211775779724121e-01 3.093675971031188965e-01 -1.088963627815246582e+00 9.031247496604919434e-01 2.327919602394104004e-01
1.167608022689819336e+00 1.003835439682006836e+00 3.004048466682434082e-01 3.447468578815460205e-01 7.300287485122680664e-01 2.381348758935928345e-01 3.010036945343017578e-01 -1.080158233642578125e+00 9.024634957313537598e-01 2.394761443138122559e-01
1.148992896080017090e+00 9.962902665138244629e-01 2.967840433120727539e-01 3.317650854587554932e-01 7.235358357429504395e-01 2.207616418600082397e-01 2.821132540702819824e-01 -1.076761126518249512e+00 8.887490034103393555e-01 2.496916651725769043e-01
7.734197974205017090e-01 4.488741159439086914e-01 3.726653754711151123e-01 1.829403936862945557e-01 8.148542046546936035e-01 5.747769773006439209e-02 1.361727118492126465e-01 -1.039019703865051270e+00 6.484760642051696777e-01 4.650463759899139404e-01
7.720836400985717773e-01 2.462835162878036499e-01 7.218018174171447754e-01 -6.017245352268218994e-02 8.146810531616210938e-01 1.856279224157333374e-01 -3.113082647323608398e-01 -1.300427794456481934e+00 3.197048604488372803e-01 6.848555803298950195e-01
8.898469209671020508e-01 3.806943893432617188e-01 7.937106490135192871e-01 -4.768337309360504150e-02 8.136942386627197266e-01 2.173913568258285522e-01 -3.752851486206054688e-01 -1.260117769241333008e+00 2.669454514980316162e-01 6.409959197044372559e-01
8.905146718025207520e-01 3.894735574722290039e-01 7.968291044235229492e-01 -5.613118410110473633e-02 8.097945451736450195e-01 2.131336778402328491e-01 -3.745060563087463379e-01 -1.233529090881347656e+00 2.689060568809509277e-01 6.493335366249084473e-01
