2.062964886426925659e-01 4.474304616451263428e-02 3.862688541412353516e-01 -7.778370380401611328e-02 -3.910408914089202881e-01 7.817139625549316406e-01 7.208499312400817871e-01 -1.192274808883666992e+00 1.252097636461257935e-02 -7.946756482124328613e-01
1.846887618303298950e-01 7.668599952012300491e-03 4.305271804332733154e-01 -7.888081669807434082e-02 -4.244436323642730713e-01 7.689873576164245605e-01 7.523269057273864746e-01 -1.201725244522094727e+00 -3.114089369773864746e-02 -7.288684248924255371e-01
2.786590456962585449e-01 -3.151597976684570312e-01 4.650764763355255127e-01 -1.051934659481048584e-01 -5.893073081970214844e-01 9.089230895042419434e-01 1.024259924888610840e+00 -1.115034222602844238e+00 -2.794162333011627197e-01 -4.132430553436279297e-01
7.619670629501342773e-01 -7.093878388404846191e-01 4.483792483806610107e-01 -1.997826993465423584e-01 -4.344057738780975342e-01 1.087380647659301758e+00 1.103545665740966797e+00 -1.315695047378540039e+00 -3.768251836299896240e-01 -3.348950743675231934e-01
7.637538909912109375e-01 -7.147196531295776367e-01 5.763329267501831055e-01 -2.068733870983123779e-01 -3.721424937248229980e-01 9.990922212600708008e-01 1.225581407546997070e+00 -1.313113212585449219e+00 -4.937034249305725098e-01 -1.968204975128173828e-01
7.429873347282409668e-01 -7.120443582534790039e-01 5.948935747146606445e-01 -2.078750431537628174e-01 -4.049820005893707275e-01 1.048857450485229492e+00 1.241110324859619141e+00 -1.310015439987182617e+00 -4.981365799903869629e-01 -1.927428245544433594e-01
7.381056547164916992e-01 -7.103612422943115234e-01 5.895289778709411621e-01 -2.135562598705291748e-01 -4.017138779163360596e-01 1.053357720375061035e+00 1.234221816062927246e+00 -1.323811411857604980e+00 -5.003330111503601074e-01 -1.944828629493713379e-01
7.490319013595581055e-01 -7.072912454605102539e-01 5.892016887664794922e-01 -2.089836895465850830e-01 -3.960181176662445068e-01 1.042675495147705078e+00 1.244837880134582520e+00 -1.304807901382446289e+00 -4.960525929927825928e-01 -1.976490020751953125e-01
7.518707513809204102e-01 -7.100667953491210938e-01 5.924357175827026367e-01 -1.967187225818634033e-01 -4.006493985652923584e-01 1.026943922042846680e+00 1.239669919013977051e+00 -1.316994786262512207e+00 -4.967626631259918213e-01 -1.952001750469207764e-01
7.479770183563232422e-01 -7.121152877807617188e-01 5.983803272247314453e-01 -1.986174285411834717e-01 -3.966206312179565430e-01 1.011199235916137695e+00 1.244301080703735352e+00 -1.310000538825988770e+00 -4.954633116722106934e-01 -1.897394061088562012e-01
7.517594099044799805e-01 -7.118394970893859863e-01 5.894327759742736816e-01 -2.030141651630401611e-01 -3.887544572353363037e-01 1.026065111160278320e+00 1.228715658187866211e+00 -1.328168034553527832e+00 -4.945367276668548584e-01 -2.016992270946502686e-01
7.469682693481445312e-01 -7.135772705078125000e-01 5.864984989166259766e-01 -2.016707956790924072e-01 -4.006649553775787354e-01 1.029652357101440430e+00 1.225787639617919922e+00 -1.328560471534729004e+00 -4.950303137302398682e-01 -1.899681091308593750e-01
7.560288310050964355e-01 -7.087014913558959961e-01 5.896930098533630371e-01 -2.041446268558502197e-01 -3.838291466236114502e-01 1.045304298400878906e+00 1.250551104545593262e+00 -1.332191467285156250e+00 -4.915173351764678955e-01 -1.799317300319671631e-01
7.292897701263427734e-01 -7.129314541816711426e-01 5.616226792335510254e-01 -2.271573245525360107e-01 -3.380825221538543701e-01 1.075153350830078125e+00 1.279875278472900391e+00 -1.344170808792114258e+00 -4.736924171447753906e-01 -2.309479713439941406e-01
3.014347553253173828e-01 -8.342502713203430176e-01 4.983017444610595703e-01 -1.256275475025177002e-01 1.495257485657930374e-03 1.314777493476867676e+00 1.421979188919067383e+00 -1.193930864334106445e+00 -3.748968839645385742e-01 -9.854853153228759766e-02
9.381256103515625000e-01 -9.478532671928405762e-01 1.741445213556289673e-01 -3.199928700923919678e-01 7.366993427276611328e-01 9.665728807449340820e-01 8.249983787536621094e-01 -5.874524116516113281e-01 -8.373719453811645508e-01 -9.299516081809997559e-01
9.685914516448974609e-01 -8.937530517578125000e-01 2.144428640604019165e-01 -3.560437858104705811e-01 9.699607491493225098e-01 8.320546746253967285e-01 6.230099201202392578e-01 -5.007174015045166016e-01 -9.668774008750915527e-01 -1.024304270744323730e+00
9.727205634117126465e-01 -8.881640434265136719e-01 2.177044898271560669e-01 -3.449999988079071045e-01 9.673321247100830078e-01 8.343674540519714355e-01 6.167706251144409180e-01 -5.108430385589599609e-01 -9.642658233642578125e-01 -1.022500634193420410e+00
9.699444174766540527e-01 -8.949940800666809082e-01 2.033804208040237427e-01 -3.470281064510345459e-01 9.694406986236572266e-01 8.392828702926635742e-01 6.247683763504028320e-01 -5.094726085662841797e-01 -9.645573496818542480e-01 -1.023998379707336426e+00
9.689353704452514648e-01 -8.820426464080810547e-01 2.219819575548171997e-01 -3.534818589687347412e-01 9.694395065307617188e-01 8.311829566955566406e-01 6.253300905227661133e-01 -5.087755918502807617e-01 -9.658479690551757812e-01 -1.017463445663452148e+00
9.765188097953796387e-01 -8.895342350006103516e-01 2.058654874563217163e-01 -3.425794243812561035e-01 9.652668237686157227e-01 8.287827372550964355e-01 6.224152445793151855e-01 -5.057098269462585449e-01 -9.632561802864074707e-01 -1.007087588310241699e+00
9.617948532104492188e-01 -8.899388313293457031e-01 2.193285971879959106e-01 -3.526283800601959229e-01 9.651666879653930664e-01 8.324364423751831055e-01 6.180933117866516113e-01 -5.093299746513366699e-01 -9.641897678375244141e-01 -1.008571505546569824e+00
9.609185457229614258e-01 -8.852983713150024414e-01 2.139302641153335571e-01 -3.554218113422393799e-01 9.608228802680969238e-01 8.272715210914611816e-01 6.333817839622497559e-01 -5.155434608459472656e-01 -9.644887447357177734e-01 -1.016887545585632324e+00
4.207056164741516113e-01 -1.264776229858398438e+00 2.586082816123962402e-01 -3.381462991237640381e-01 9.077019095420837402e-01 5.981318950653076172e-01 7.156468629837036133e-01 -4.078752696514129639e-01 -1.199851036071777344e+00 -4.306935071945190430e-01
3.514815568923950195e-01 -1.201133728027343750e+00 4.563418924808502197e-01 -2.666095793247222900e-01 8.882961869239807129e-01 5.814279913902282715e-01 9.423785805702209473e-01 -5.039293169975280762e-01 -1.025761485099792480e+00 -1.042282208800315857e-02
3.441061377525329590e-01 -1.208622932434082031e+00 4.532132148742675781e-01 -2.655479609966278076e-01 8.761990666389465332e-01 5.860304236412048340e-01 9.261460900306701660e-01 -5.046559572219848633e-01 -1.038073182106018066e+00 -1.411884650588035583e-02
3.446031510829925537e-01 -1.211538791656494141e+00 4.460954070091247559e-01 -2.762255370616912842e-01 8.706547617912292480e-01 5.803579092025756836e-01 9.419450163841247559e-01 -5.077076554298400879e-01 -1.031488180160522461e+00 -4.991050809621810913e-03
3.517933487892150879e-01 -1.208177804946899414e+00 4.455447793006896973e-01 -2.701569497585296631e-01 8.811027407646179199e-01 5.915482640266418457e-01 9.374970793724060059e-01 -5.009778141975402832e-01 -1.034600615501403809e+00 -1.640897616744041443e-02
3.447583615779876709e-01 -1.207440137863159180e+00 4.486592710018157959e-01 -2.794484794139862061e-01 8.739498257637023926e-01 5.774114131927490234e-01 9.311346411705017090e-01 -5.017641782760620117e-01 -1.031982541084289551e+00 -8.358713239431381226e-03
3.659811615943908691e-01 -1.149166107177734375e+00 4.702716171741485596e-01 -3.284755647182464600e-01 8.791835904121398926e-01 5.929217338562011719e-01 9.227744936943054199e-01 -4.881280362606048584e-01 -9.928404688835144043e-01 6.090823560953140259e-03
7.966970205307006836e-01 -1.111583352088928223e+00 2.280309051275253296e-01 -3.684662878513336182e-01 8.313790559768676758e-01 4.920117855072021484e-01 6.338674426078796387e-01 -4.652787744998931885e-01 -1.442092776298522949e+00 -1.037932634353637695e-01
9.183699488639831543e-01 -1.092449903488159180e+00 1.676118373870849609e-01 -4.152542650699615479e-01 8.227083086967468262e-01 4.973381161689758301e-01 5.378853082656860352e-01 -5.002838373184204102e-01 -1.534363389015197754e+00 -7.099252939224243164e-02
9.163336157798767090e-01 -1.095414519309997559e+00 1.642910689115524292e-01 -4.106590449810028076e-01 8.194252848625183105e-01 5.027222633361816406e-01 5.321077704429626465e-01 -4.994604885578155518e-01 -1.544678926467895508e+00 -7.672351598739624023e-02
9.266731142997741699e-01 -1.086094856262207031e+00 1.676937192678451538e-01 -4.097291529178619385e-01 8.230572342872619629e-01 5.074146389961242676e-01 5.183547139167785645e-01 -4.903775751590728760e-01 -1.533325314521789551e+00 -9.617757797241210938e-02
7.226793169975280762e-01 -6.697872281074523926e-01 2.169709652662277222e-01 -4.819765090942382812e-01 1.134807109832763672e+00 4.339298605918884277e-01 4.839609265327453613e-01 -3.236066401004791260e-01 -1.328452110290527344e+00 -2.209257483482360840e-01
4.250714480876922607e-01 -4.990178942680358887e-01 3.083604276180267334e-01 -3.758684694766998291e-01 1.293896079063415527e+00 2.591241002082824707e-01 3.882155418395996094e-01 -9.577386081218719482e-02 -1.263900518417358398e+00 -2.472048997879028320e-01
3.865912556648254395e-01 -5.386047363281250000e-01 2.930863201618194580e-01 -3.740034401416778564e-01 1.390355110168457031e+00 1.421918720006942749e-01 3.501101136207580566e-01 -1.717339009046554565e-01 -1.230107784271240234e+00 -1.550906300544738770e-01
4.030731022357940674e-01 -5.518053770065307617e-01 2.712818086147308350e-01 -3.434977829456329346e-01 1.367233276367187500e+00 9.714232385158538818e-02 3.454748988151550293e-01 -1.413389891386032104e-01 -1.217973828315734863e+00 -1.358674764633178711e-01
