3.162194490432739258e-01 1.214703768491744995e-01 5.884118080139160156e-01 9.403270483016967773e-02 -3.266566097736358643e-01 4.853926301002502441e-01 7.434341907501220703e-01 -7.109221220016479492e-01 -1.049386411905288696e-01 -8.477323651313781738e-01
3.419206738471984863e-01 1.528332680463790894e-01 5.685030221939086914e-01 1.063908040523529053e-01 -2.942408621311187744e-01 4.438129663467407227e-01 7.305687665939331055e-01 -7.199016213417053223e-01 -7.253952324390411377e-02 -8.938943743705749512e-01
3.479318022727966309e-01 1.506419628858566284e-01 5.707225799560546875e-01 6.045547127723693848e-02 -2.976555824279785156e-01 4.497915506362915039e-01 7.057082653045654297e-01 -7.302581667900085449e-01 -7.750607281923294067e-02 -8.811730742454528809e-01
2.869116663932800293e-01 1.621006578207015991e-01 5.619179010391235352e-01 9.956231713294982910e-02 -3.181557953357696533e-01 4.852510094642639160e-01 7.428275942802429199e-01 -7.231101393699645996e-01 -8.017840236425399780e-02 -8.548558354377746582e-01
2.101428359746932983e-01 1.661705821752548218e-01 5.134642720222473145e-01 1.206626594066619873e-01 -3.733539581298828125e-01 5.629478096961975098e-01 7.573312520980834961e-01 -7.150785326957702637e-01 -6.543957442045211792e-02 -8.330048322677612305e-01
1.972638517618179321e-01 1.848746389150619507e-01 4.999411106109619141e-01 1.285129189491271973e-01 -3.667015731334686279e-01 6.351295113563537598e-01 7.780545353889465332e-01 -6.696178317070007324e-01 -4.297142475843429565e-02 -9.032875895500183105e-01
2.107944935560226440e-01 1.851105540990829468e-01 5.682898759841918945e-01 1.664270311594009399e-01 -4.246810972690582275e-01 6.664586067199707031e-01 7.282063364982604980e-01 -6.678543090820312500e-01 -1.030241250991821289e-01 -9.640020728111267090e-01
3.206138610839843750e-01 1.647960990667343140e-01 6.010173559188842773e-01 2.051528543233871460e-01 -4.104024469852447510e-01 5.783611536026000977e-01 6.953851580619812012e-01 -7.313614487648010254e-01 -1.626582294702529907e-01 -9.501237869262695312e-01
3.641778230667114258e-01 1.337644904851913452e-01 5.608772635459899902e-01 7.907766103744506836e-02 -3.332551121711730957e-01 4.531062245368957520e-01 6.283814907073974609e-01 -7.464600205421447754e-01 -1.365494728088378906e-01 -8.792577385902404785e-01
2.854287624359130859e-01 2.302490174770355225e-02 6.117832064628601074e-01 1.504513323307037354e-01 -4.789015650749206543e-01 5.323690176010131836e-01 6.520021557807922363e-01 -6.445217132568359375e-01 -2.909531295299530029e-01 -8.363234996795654297e-01
3.060491979122161865e-01 -7.382145524024963379e-01 1.035683512687683105e+00 2.886994779109954834e-01 -9.982849955558776855e-01 8.369974792003631592e-02 4.654463529586791992e-01 -1.160440564155578613e+00 -6.985749602317810059e-01 3.415898680686950684e-01
3.464301228523254395e-01 -6.141593456268310547e-01 -3.665730822831392288e-03 -8.012926578521728516e-02 6.831316351890563965e-01 -8.585184216499328613e-01 -1.739172935485839844e-01 -8.135777115821838379e-01 -1.860254049301147461e+00 8.941460251808166504e-01
3.411098718643188477e-01 -6.123663187026977539e-01 4.462854564189910889e-02 2.009559571743011475e-01 8.502014875411987305e-01 -1.072617173194885254e+00 -1.895359754562377930e-01 -9.535816311836242676e-01 -1.736593008041381836e+00 7.301111817359924316e-01
3.386594653129577637e-01 -6.147109866142272949e-01 4.710550606250762939e-02 2.045506834983825684e-01 8.538845777511596680e-01 -1.062203645706176758e+00 -1.879696249961853027e-01 -9.651897549629211426e-01 -1.731567978858947754e+00 7.364076972007751465e-01
3.389529585838317871e-01 -6.132518649101257324e-01 4.689128696918487549e-02 2.081903815269470215e-01 8.507363796234130859e-01 -1.068078517913818359e+00 -1.797105669975280762e-01 -9.529135227203369141e-01 -1.736021280288696289e+00 7.282604575157165527e-01
4.074017405509948730e-01 -6.252974271774291992e-01 2.755542993545532227e-01 4.212488830089569092e-01 6.253385543823242188e-01 -1.044186592102050781e+00 -6.273651123046875000e-02 -1.210097074508666992e+00 -1.470192193984985352e+00 8.169628977775573730e-01
4.264047741889953613e-01 -6.234316825866699219e-01 4.159020781517028809e-01 5.732414722442626953e-01 5.042679309844970703e-01 -1.020072698593139648e+00 -7.216575555503368378e-03 -1.313155889511108398e+00 -1.268381953239440918e+00 8.338925838470458984e-01
4.274550080299377441e-01 -6.155691146850585938e-01 4.322888553142547607e-01 5.831059813499450684e-01 4.657434523105621338e-01 -1.014045238494873047e+00 -3.173056058585643768e-03 -1.320568561553955078e+00 -1.228144884109497070e+00 8.516644835472106934e-01
4.294148087501525879e-01 -6.179732084274291992e-01 4.345075786113739014e-01 5.914952754974365234e-01 4.619799554347991943e-01 -1.007240295410156250e+00 1.096443156711757183e-05 -1.324077129364013672e+00 -1.225378990173339844e+00 8.553848266601562500e-01
4.296355843544006348e-01 -6.173359155654907227e-01 4.344053268432617188e-01 5.912288427352905273e-01 4.610178172588348389e-01 -1.016029477119445801e+00 8.356687612831592560e-03 -1.324768066406250000e+00 -1.225633263587951660e+00 8.521860241889953613e-01
3.907350301742553711e-01 -5.508875250816345215e-01 4.345818459987640381e-01 6.335101723670959473e-01 4.208135306835174561e-01 -1.005335688591003418e+00 2.996354922652244568e-02 -1.298373460769653320e+00 -1.119787335395812988e+00 8.583931326866149902e-01
2.160346060991287231e-01 -6.309165060520172119e-02 3.940062522888183594e-01 7.955867052078247070e-01 4.605828821659088135e-01 -8.484033942222595215e-01 2.889940142631530762e-01 -1.312191009521484375e+00 -8.809666037559509277e-01 1.043685913085937500e+00
-1.805857867002487183e-01 3.546144962310791016e-01 1.022098213434219360e-01 5.182512402534484863e-01 5.606775283813476562e-01 -8.345676064491271973e-01 8.799093961715698242e-02 -9.412488341331481934e-01 -1.195044398307800293e+00 7.403287291526794434e-01
-1.588529795408248901e-01 3.569840192794799805e-01 1.165233999490737915e-01 4.785989224910736084e-01 5.595305562019348145e-01 -8.330039978027343750e-01 1.260691881179809570e-01 -9.350487589836120605e-01 -1.188028454780578613e+00 7.735725045204162598e-01
-1.190627068281173706e-01 3.418055772781372070e-01 1.223198920488357544e-01 5.167952775955200195e-01 5.167589783668518066e-01 -8.483722209930419922e-01 1.841654181480407715e-01 -9.298740029335021973e-01 -1.127097487449645996e+00 8.540551662445068359e-01
-2.404739707708358765e-01 5.584995746612548828e-01 1.526790410280227661e-01 5.625970363616943359e-01 4.329408109188079834e-01 -8.509966731071472168e-01 2.291624546051025391e-01 -9.596288800239562988e-01 -9.926508665084838867e-01 8.816752433776855469e-01
