1.949197202920913696e-01 2.107975929975509644e-01 -8.546612262725830078e-01 5.296090245246887207e-02 -7.362723946571350098e-01 8.605038523674011230e-01 1.899332404136657715e-01 -7.983111739158630371e-01 1.569332033395767212e-01 1.644141674041748047e-01
1.816246360540390015e-01 2.172729820013046265e-01 -8.196575045585632324e-01 4.371988773345947266e-02 -7.251135706901550293e-01 9.346053600311279297e-01 1.384178996086120605e-01 -7.766898274421691895e-01 1.382304430007934570e-01 2.044475376605987549e-01
1.600020080804824829e-01 2.255017608404159546e-01 -8.061855435371398926e-01 6.933045387268066406e-02 -7.823547720909118652e-01 8.149001002311706543e-01 3.481567203998565674e-01 -7.691276073455810547e-01 2.065322995185852051e-01 2.022362351417541504e-01
1.078781634569168091e-01 1.890237182378768921e-01 -7.265983223915100098e-01 3.491711616516113281e-02 -7.987293601036071777e-01 8.438405394554138184e-01 5.083177089691162109e-01 -7.824231982231140137e-01 2.695246040821075439e-01 2.813719511032104492e-01
6.605522334575653076e-02 2.027071565389633179e-01 -6.657291650772094727e-01 5.516985058784484863e-02 -8.093517422676086426e-01 8.365048766136169434e-01 7.325302958488464355e-01 -7.538173198699951172e-01 3.373349010944366455e-01 3.237468600273132324e-01
5.723662301898002625e-02 3.421422243118286133e-01 -6.726064085960388184e-01 1.133753806352615356e-01 -8.446736931800842285e-01 7.802299857139587402e-01 7.813379168510437012e-01 -8.175708055496215820e-01 4.361781179904937744e-01 2.663715481758117676e-01
7.345981895923614502e-02 3.924953937530517578e-01 -7.369670867919921875e-01 1.583436727523803711e-01 -7.472978234291076660e-01 6.404126286506652832e-01 7.673456072807312012e-01 -8.796094655990600586e-01 6.304972171783447266e-01 1.434340476989746094e-01
1.040970236063003540e-01 8.137413263320922852e-01 -6.970763206481933594e-01 3.080880343914031982e-01 -1.223754644393920898e+00 5.724418163299560547e-01 3.550602197647094727e-01 -9.398800730705261230e-01 5.321216583251953125e-01 9.331583976745605469e-02
1.344905048608779907e-01 8.286058306694030762e-01 -6.929044127464294434e-01 3.240902721881866455e-01 -1.288384675979614258e+00 6.199530363082885742e-01 1.963612735271453857e-01 -9.123736619949340820e-01 4.417786598205566406e-01 7.959395647048950195e-02
1.289052516222000122e-01 8.353805541992187500e-01 -6.906969547271728516e-01 3.239275813102722168e-01 -1.288459897041320801e+00 6.125764250755310059e-01 2.014606595039367676e-01 -9.163148999214172363e-01 4.449100196361541748e-01 7.786127924919128418e-02
1.326576620340347290e-01 8.240345716476440430e-01 -6.851400136947631836e-01 3.218730390071868896e-01 -1.286993265151977539e+00 6.172595620155334473e-01 1.994889378547668457e-01 -9.001771211624145508e-01 4.449214339256286621e-01 8.283942937850952148e-02
1.380937546491622925e-01 8.273999094963073730e-01 -6.874226927757263184e-01 3.302808701992034912e-01 -1.282683014869689941e+00 6.252288222312927246e-01 1.979023516178131104e-01 -9.075124859809875488e-01 4.424658119678497314e-01 7.993444800376892090e-02
1.291927844285964966e-01 8.353765010833740234e-01 -6.870454549789428711e-01 3.180346488952636719e-01 -1.291012883186340332e+00 6.263060569763183594e-01 1.972824335098266602e-01 -9.024172425270080566e-01 4.422978460788726807e-01 7.428836822509765625e-02
2.370680719614028931e-01 9.127249121665954590e-01 -6.279147863388061523e-01 3.354385197162628174e-01 -9.376071095466613770e-01 7.293677330017089844e-01 -4.269438982009887695e-01 -1.073367714881896973e+00 5.287280678749084473e-01 -9.745612740516662598e-02
2.733205556869506836e-01 6.425275802612304688e-01 -6.559919714927673340e-01 2.110948115587234497e-01 -9.670928716659545898e-01 7.948342561721801758e-01 -1.310028553009033203e+00 -9.974867105484008789e-01 1.559113115072250366e-01 -9.579288959503173828e-02
2.847845554351806641e-01 6.499202251434326172e-01 -6.667096614837646484e-01 2.190369665622711182e-01 -9.656435847282409668e-01 7.837556600570678711e-01 -1.334546685218811035e+00 -9.976157546043395996e-01 1.548617333173751831e-01 -1.281497478485107422e-01
2.855817079544067383e-01 6.516225337982177734e-01 -6.785881519317626953e-01 2.128606587648391724e-01 -9.584563970565795898e-01 7.719894647598266602e-01 -1.331210970878601074e+00 -1.004762887954711914e+00 1.555094271898269653e-01 -1.202058196067810059e-01
2.920606136322021484e-01 6.508135795593261719e-01 -6.688655018806457520e-01 2.216418087482452393e-01 -9.707777500152587891e-01 7.690900564193725586e-01 -1.324046969413757324e+00 -9.999536871910095215e-01 1.555881947278976440e-01 -1.178899705410003662e-01
2.929685711860656738e-01 6.537971496582031250e-01 -6.656125783920288086e-01 2.213300019502639771e-01 -9.724858403205871582e-01 7.743545174598693848e-01 -1.330089926719665527e+00 -1.003360748291015625e+00 1.481220871210098267e-01 -1.190496981143951416e-01
2.972663342952728271e-01 6.736555099487304688e-01 -6.738683581352233887e-01 2.231398671865463257e-01 -9.693970084190368652e-01 7.905144691467285156e-01 -1.324877977371215820e+00 -1.004723072052001953e+00 1.502459198236465454e-01 -1.150448918342590332e-01
2.975138425827026367e-01 6.681019663810729980e-01 -6.692728996276855469e-01 2.322734296321868896e-01 -9.714140295982360840e-01 7.720960378646850586e-01 -1.329492926597595215e+00 -1.008689165115356445e+00 1.593149453401565552e-01 -1.207394897937774658e-01
2.839102745056152344e-01 6.468484401702880859e-01 -6.693678498268127441e-01 2.157129496335983276e-01 -9.737827777862548828e-01 7.676308155059814453e-01 -1.327977299690246582e+00 -9.977335333824157715e-01 1.511301547288894653e-01 -1.250258684158325195e-01
2.862811684608459473e-01 6.533986330032348633e-01 -6.673451662063598633e-01 2.201591879129409790e-01 -9.655004143714904785e-01 7.826784253120422363e-01 -1.336273074150085449e+00 -9.999338984489440918e-01 1.493818014860153198e-01 -1.154360175132751465e-01
4.372900128364562988e-01 1.396273076534271240e-02 1.054802685976028442e-01 4.116555154323577881e-01 -1.157761216163635254e+00 5.314916968345642090e-01 -6.436150074005126953e-01 -6.517875790596008301e-01 9.243929982185363770e-01 6.241790652275085449e-01
4.849345088005065918e-01 2.012976258993148804e-01 1.902238279581069946e-01 3.913951218128204346e-01 -8.400306105613708496e-01 9.406731724739074707e-01 -6.111040711402893066e-01 -7.438793182373046875e-01 1.201654434204101562e+00 7.120714783668518066e-01
3.970841765403747559e-01 2.290069907903671265e-01 1.535359174013137817e-01 3.768051564693450928e-01 -7.841426730155944824e-01 1.010512113571166992e+00 -5.388255715370178223e-01 -8.022436499595642090e-01 1.193230509757995605e+00 6.787976622581481934e-01
4.095987677574157715e-01 2.198349088430404663e-01 1.536405235528945923e-01 3.748381733894348145e-01 -7.799984812736511230e-01 1.006962060928344727e+00 -5.449231266975402832e-01 -7.949514389038085938e-01 1.195784449577331543e+00 6.796984076499938965e-01
4.075564742088317871e-01 2.286503165960311890e-01 1.489284783601760864e-01 3.783938884735107422e-01 -7.942698597908020020e-01 1.017749667167663574e+00 -5.364305377006530762e-01 -8.071497082710266113e-01 1.202823281288146973e+00 6.761247515678405762e-01
3.333205580711364746e-01 2.583380937576293945e-01 1.065589338541030884e-01 3.455518782138824463e-01 -7.223096489906311035e-01 1.040735721588134766e+00 -4.536942839622497559e-01 -8.490208387374877930e-01 1.220186591148376465e+00 6.440008878707885742e-01
3.092070817947387695e-01 3.887065649032592773e-01 9.529663622379302979e-02 2.665952742099761963e-01 -6.379553675651550293e-01 9.518220424652099609e-01 -3.242782354354858398e-01 -8.864844441413879395e-01 1.309468269348144531e+00 5.019767880439758301e-01
8.016557991504669189e-02 6.413316130638122559e-01 3.472419083118438721e-02 3.223009109497070312e-01 -7.699842453002929688e-01 8.013758063316345215e-01 2.893885374069213867e-01 -1.165798902511596680e+00 1.552235722541809082e+00 4.179870486259460449e-01
2.904230952262878418e-01 6.240402460098266602e-01 2.477998882532119751e-01 3.749230802059173584e-01 -1.101968169212341309e+00 1.014031648635864258e+00 4.811947345733642578e-01 -1.077496409416198730e+00 1.517423272132873535e+00 7.129285335540771484e-01
3.175713419914245605e-01 5.676717162132263184e-01 2.563899159431457520e-01 3.834024667739868164e-01 -1.105043888092041016e+00 1.037879824638366699e+00 4.952030777931213379e-01 -1.063452720642089844e+00 1.502433419227600098e+00 7.030500769615173340e-01
3.240568041801452637e-01 6.024224758148193359e-01 2.682404518127441406e-01 3.964177072048187256e-01 -1.100559949874877930e+00 1.064406871795654297e+00 4.848523736000061035e-01 -1.063724398612976074e+00 1.503244280815124512e+00 7.115668654441833496e-01
1.399256736040115356e-01 6.773838996887207031e-01 1.154182702302932739e-01 3.299047946929931641e-01 -9.230583310127258301e-01 8.058845400810241699e-01 6.177355647087097168e-01 -1.215376257896423340e+00 1.709498524665832520e+00 4.872336089611053467e-01
3.286327049136161804e-02 3.162959814071655273e-01 1.198783665895462036e-01 2.344896644353866577e-01 -8.355678915977478027e-01 6.834982633590698242e-01 1.030148863792419434e+00 -1.015645861625671387e+00 1.315082073211669922e+00 6.848768591880798340e-01
8.144898712635040283e-02 1.537886708974838257e-01 2.778877615928649902e-01 2.672528028488159180e-01 -8.481714725494384766e-01 8.857412934303283691e-01 9.185928106307983398e-01 -8.967048525810241699e-01 1.185226559638977051e+00 9.404850006103515625e-01
1.197493225336074829e-01 9.592626988887786865e-02 3.315278291702270508e-01 2.104586809873580933e-01 -8.253256678581237793e-01 9.788036942481994629e-01 8.096259832382202148e-01 -8.609294295310974121e-01 1.175895810127258301e+00 9.824460148811340332e-01
