2.697643637657165527e-01 1.789735406637191772e-01 -1.170575737953186035e+00 4.437067210674285889e-01 -5.006046295166015625e-01 1.058578938245773315e-01 3.744022846221923828e-01 8.845810890197753906e-01 3.095786273479461670e-01 1.629171147942543030e-02
2.536049783229827881e-01 1.505865901708602905e-01 -1.141246914863586426e+00 4.420365393161773682e-01 -5.203465819358825684e-01 1.124600619077682495e-01 4.040513038635253906e-01 8.544382452964782715e-01 2.981610596179962158e-01 3.651240840554237366e-02
3.041734099388122559e-01 -1.649124175310134888e-01 -1.032130837440490723e+00 3.872704505920410156e-01 -6.484907269477844238e-01 1.808436959981918335e-01 6.068704724311828613e-01 8.647981882095336914e-01 2.153009921312332153e-01 2.418322563171386719e-01
6.600043177604675293e-01 -5.889221429824829102e-01 -1.049932241439819336e+00 2.730197012424468994e-01 -7.465332150459289551e-01 3.622941374778747559e-01 8.484739661216735840e-01 8.664485812187194824e-01 1.738318949937820435e-01 3.867910206317901611e-01
6.112120151519775391e-01 -6.233235001564025879e-01 -1.020508408546447754e+00 2.853815853595733643e-01 -7.967255115509033203e-01 3.665142655372619629e-01 8.576168417930603027e-01 8.604331612586975098e-01 1.823598146438598633e-01 4.430218636989593506e-01
5.965132117271423340e-01 -6.211290359497070312e-01 -1.012337684631347656e+00 2.793621718883514404e-01 -8.029775023460388184e-01 3.866043686866760254e-01 8.405527472496032715e-01 8.546426892280578613e-01 1.796644777059555054e-01 4.303394258022308350e-01
6.006621122360229492e-01 -6.196612119674682617e-01 -1.011503338813781738e+00 2.702880203723907471e-01 -8.116027712821960449e-01 3.747229576110839844e-01 8.472801446914672852e-01 8.643364310264587402e-01 1.820758283138275146e-01 4.370670020580291748e-01
6.074553132057189941e-01 -6.287269592285156250e-01 -1.018886685371398926e+00 2.863561809062957764e-01 -7.914017438888549805e-01 3.784545660018920898e-01 8.462129235267639160e-01 8.627093434333801270e-01 1.766551434993743896e-01 4.195682108402252197e-01
6.135854125022888184e-01 -6.233575344085693359e-01 -1.011040925979614258e+00 3.174645900726318359e-01 -7.765113711357116699e-01 3.724458813667297363e-01 8.435415625572204590e-01 8.663545846939086914e-01 1.776180565357208252e-01 4.410107731819152832e-01
6.286432743072509766e-01 -6.827389001846313477e-01 -9.453367590904235840e-01 3.970698714256286621e-01 -6.455024480819702148e-01 4.038183689117431641e-01 9.064598679542541504e-01 8.455592989921569824e-01 2.208861559629440308e-01 2.820967435836791992e-01
3.574725091457366943e-01 -8.747846484184265137e-01 -8.769150376319885254e-01 4.617302715778350830e-01 -2.346550077199935913e-01 7.665868997573852539e-01 9.243115186691284180e-01 8.149896860122680664e-01 1.728925257921218872e-01 -4.337375983595848083e-02
8.038780689239501953e-01 -1.105542659759521484e+00 -1.513231396675109863e+00 5.356141328811645508e-01 3.058381378650665283e-01 4.315049648284912109e-01 3.510594367980957031e-01 1.253777503967285156e+00 -1.617083847522735596e-01 -4.238160252571105957e-01
7.801252007484436035e-01 -1.132428169250488281e+00 -1.503167033195495605e+00 5.186136960983276367e-01 2.946624457836151123e-01 3.475706577301025391e-01 3.142691254615783691e-01 1.264355063438415527e+00 -1.542179584503173828e-01 -4.073051810264587402e-01
7.885864377021789551e-01 -1.132147073745727539e+00 -1.489778399467468262e+00 5.074361562728881836e-01 2.972925603389739990e-01 3.436387777328491211e-01 3.087469935417175293e-01 1.273846387863159180e+00 -1.472104340791702271e-01 -3.962782621383666992e-01
7.860049009323120117e-01 -1.134972572326660156e+00 -1.501968264579772949e+00 5.230833888053894043e-01 2.972671985626220703e-01 3.534442186355590820e-01 2.982969880104064941e-01 1.275786399841308594e+00 -1.564535200595855713e-01 -4.105859994888305664e-01
2.466750293970108032e-01 -1.092353105545043945e+00 -1.360157489776611328e+00 4.105618298053741455e-01 1.928252428770065308e-01 4.190430045127868652e-01 2.749269008636474609e-01 9.587526917457580566e-01 -2.124288678169250488e-01 -3.186407685279846191e-01
1.981163173913955688e-01 -1.380181193351745605e+00 -1.180115342140197754e+00 4.119865596294403076e-01 3.284300863742828369e-02 3.312934041023254395e-01 6.271252036094665527e-01 1.136272907257080078e+00 -2.487664669752120972e-01 1.223910152912139893e-01
1.968282610177993774e-01 -1.377130627632141113e+00 -1.176298260688781738e+00 4.030081331729888916e-01 3.275112807750701904e-02 3.267742395401000977e-01 6.197602152824401855e-01 1.137445807456970215e+00 -2.496979683637619019e-01 1.292372941970825195e-01
1.974449008703231812e-01 -1.377554416656494141e+00 -1.174710392951965332e+00 4.197291433811187744e-01 3.546427190303802490e-02 3.322482109069824219e-01 6.294656395912170410e-01 1.128909587860107422e+00 -2.475817650556564331e-01 1.312385797500610352e-01
2.019724100828170776e-01 -1.382738828659057617e+00 -1.176212310791015625e+00 4.076710641384124756e-01 2.779923379421234131e-02 3.233160376548767090e-01 6.371188163757324219e-01 1.128465414047241211e+00 -2.508397996425628662e-01 1.362067759037017822e-01
2.407970279455184937e-01 -1.258481502532958984e+00 -1.193252801895141602e+00 4.102273881435394287e-01 -2.150194346904754639e-02 3.252411484718322754e-01 6.203231811523437500e-01 1.074803113937377930e+00 -2.300307005643844604e-01 2.823666632175445557e-01
6.147365570068359375e-01 -1.157604575157165527e+00 -1.741045236587524414e+00 2.348382771015167236e-01 1.039026677608489990e-02 2.842287421226501465e-01 3.979929685592651367e-01 1.096593618392944336e+00 -4.745461046695709229e-01 9.498861432075500488e-02
6.477357745170593262e-01 -1.146083831787109375e+00 -1.807544112205505371e+00 1.881543099880218506e-01 3.119952976703643799e-02 2.811712622642517090e-01 3.464333415031433105e-01 1.099212646484375000e+00 -4.744753539562225342e-01 5.621254816651344299e-02
2.819856405258178711e-01 -6.215704083442687988e-01 -1.757378935813903809e+00 3.398333489894866943e-01 2.841097712516784668e-01 1.176250427961349487e-01 2.619552612304687500e-01 1.190984249114990234e+00 -3.237910568714141846e-01 -1.597338318824768066e-01
1.121558696031570435e-01 -4.946735799312591553e-01 -1.626542568206787109e+00 5.011627674102783203e-01 3.377185761928558350e-01 -8.867992088198661804e-03 1.832875609397888184e-01 1.225298047065734863e+00 -2.959888577461242676e-01 -5.515029653906822205e-02
1.186461597681045532e-01 -4.933287501335144043e-01 -1.634019017219543457e+00 4.912003576755523682e-01 3.554981946945190430e-01 -3.989000618457794189e-02 7.968068122863769531e-02 1.228318929672241211e+00 -3.822886943817138672e-01 2.852267399430274963e-02
