3.516037464141845703e-01 1.561133116483688354e-01 -1.325417637825012207e+00 7.196014523506164551e-01 -5.235185027122497559e-01 -2.130265384912490845e-01 4.918813109397888184e-01 9.356300234794616699e-01 3.580509126186370850e-01 4.078928381204605103e-03
3.720694780349731445e-01 1.767710298299789429e-01 -1.351497769355773926e+00 7.104473114013671875e-01 -5.160101056098937988e-01 -2.275557667016983032e-01 4.735720753669738770e-01 9.304384589195251465e-01 3.681472837924957275e-01 6.283733993768692017e-03
3.622399866580963135e-01 1.789855211973190308e-01 -1.372181177139282227e+00 6.750485897064208984e-01 -5.319194793701171875e-01 -2.393157035112380981e-01 4.606382846832275391e-01 9.023250937461853027e-01 3.593136668205261230e-01 3.311637556180357933e-03
2.869934141635894775e-01 2.020794600248336792e-01 -1.332062482833862305e+00 6.905974149703979492e-01 -5.528173446655273438e-01 -1.847726851701736450e-01 4.743758738040924072e-01 9.049001336097717285e-01 3.686888515949249268e-01 1.240572705864906311e-02
2.525430619716644287e-01 2.135648578405380249e-01 -1.311586737632751465e+00 7.035545110702514648e-01 -5.640328526496887207e-01 -1.519509106874465942e-01 5.032119750976562500e-01 9.443706274032592773e-01 3.867864608764648438e-01 -2.110606059432029724e-02
2.539417743682861328e-01 2.446581572294235229e-01 -1.288882613182067871e+00 7.152256965637207031e-01 -5.656222105026245117e-01 -1.096865087747573853e-01 4.361049830913543701e-01 9.760549068450927734e-01 3.953948020935058594e-01 -7.835486531257629395e-02
3.285416662693023682e-01 2.277007550001144409e-01 -1.328671216964721680e+00 7.710103988647460938e-01 -6.065923571586608887e-01 -1.156403571367263794e-01 4.354870021343231201e-01 9.813119769096374512e-01 3.603381216526031494e-01 -9.901571273803710938e-02
4.020655751228332520e-01 1.261687129735946655e-01 -1.372344613075256348e+00 7.101974487304687500e-01 -6.097404360771179199e-01 -1.972215324640274048e-01 4.064867496490478516e-01 9.137997031211853027e-01 3.347679078578948975e-01 -5.583073943853378296e-03
4.109010696411132812e-01 1.076340526342391968e-01 -1.398806214332580566e+00 6.231623291969299316e-01 -5.906482338905334473e-01 -2.549123466014862061e-01 3.940460681915283203e-01 8.899037837982177734e-01 3.321367204189300537e-01 1.056781783699989319e-02
4.127981662750244141e-01 1.014609783887863159e-01 -1.404144883155822754e+00 6.015180349349975586e-01 -5.733500123023986816e-01 -2.685151696205139160e-01 3.798482418060302734e-01 8.758671879768371582e-01 3.311243355274200439e-01 9.955231100320816040e-03
4.052532315254211426e-01 1.100547164678573608e-01 -1.400029540061950684e+00 6.164833307266235352e-01 -5.671953558921813965e-01 -2.687541842460632324e-01 3.871723413467407227e-01 8.828418850898742676e-01 3.300403058528900146e-01 1.020127907395362854e-02
4.167955517768859863e-01 9.858594834804534912e-02 -1.401046156883239746e+00 6.149847507476806641e-01 -5.771073102951049805e-01 -2.758432626724243164e-01 3.810558915138244629e-01 8.833984136581420898e-01 3.351962268352508545e-01 4.344705492258071899e-03
4.140149652957916260e-01 1.061376780271530151e-01 -1.401313185691833496e+00 6.038323044776916504e-01 -5.765565037727355957e-01 -2.734004855155944824e-01 3.896093070507049561e-01 8.819461464881896973e-01 3.310347199440002441e-01 1.140070334076881409e-02
3.846253156661987305e-01 5.680279433727264404e-02 -1.354499340057373047e+00 7.516906261444091797e-01 -6.999335289001464844e-01 -1.590953618288040161e-01 4.231828749179840088e-01 1.021208882331848145e+00 2.705220282077789307e-01 4.174855723977088928e-02
2.582569122314453125e-01 -8.582747578620910645e-01 -6.639165878295898438e-01 5.226386785507202148e-01 -1.946146368980407715e+00 -3.965857028961181641e-01 3.150258660316467285e-01 2.123456746339797974e-01 9.555096924304962158e-02 8.658063411712646484e-01
4.883003830909729004e-01 -1.172339677810668945e+00 -1.450109004974365234e+00 1.135753989219665527e+00 -4.193540513515472412e-01 -1.212196230888366699e+00 -3.174231648445129395e-01 3.291917741298675537e-01 -4.276332855224609375e-01 8.002675771713256836e-01
5.316631793975830078e-01 -1.061458230018615723e+00 -1.366294503211975098e+00 1.291068911552429199e+00 -4.317008852958679199e-01 -1.324647426605224609e+00 -2.616260647773742676e-01 3.175987899303436279e-01 -4.171689152717590332e-01 7.527593970298767090e-01
5.333728194236755371e-01 -1.063537240028381348e+00 -1.365277528762817383e+00 1.306083798408508301e+00 -4.193613827228546143e-01 -1.312747359275817871e+00 -2.676687836647033691e-01 3.036880791187286377e-01 -4.261699616909027100e-01 7.577382922172546387e-01
5.316341519355773926e-01 -1.056184172630310059e+00 -1.367299318313598633e+00 1.297630906105041504e+00 -4.263324439525604248e-01 -1.322584152221679688e+00 -2.621018290519714355e-01 3.017336428165435791e-01 -4.228870570659637451e-01 7.512293457984924316e-01
5.319776535034179688e-01 -1.065634250640869141e+00 -1.363671302795410156e+00 1.290984392166137695e+00 -4.219459891319274902e-01 -1.312871098518371582e+00 -2.667933106422424316e-01 3.002103865146636963e-01 -4.254411160945892334e-01 7.520983815193176270e-01
5.310640335083007812e-01 -1.065373420715332031e+00 -1.362257242202758789e+00 1.305512785911560059e+00 -4.209248125553131104e-01 -1.308697938919067383e+00 -2.719053626060485840e-01 3.101441562175750732e-01 -4.208790063858032227e-01 7.666950225830078125e-01
5.303735733032226562e-01 -1.066794395446777344e+00 -1.356182575225830078e+00 1.300365328788757324e+00 -4.219286143779754639e-01 -1.311157107353210449e+00 -2.570462226867675781e-01 2.977248132228851318e-01 -4.201230704784393311e-01 7.591717243194580078e-01
5.260076522827148438e-01 -1.073045492172241211e+00 -1.359807610511779785e+00 1.293129324913024902e+00 -4.261840879917144775e-01 -1.310360074043273926e+00 -2.541196942329406738e-01 3.065376579761505127e-01 -4.255162775516510010e-01 7.552707791328430176e-01
4.525676369667053223e-01 -9.003328680992126465e-01 -1.222272872924804688e+00 1.520422339439392090e+00 -5.756784081459045410e-01 -1.280725717544555664e+00 -9.732913970947265625e-02 2.762509286403656006e-01 -2.455546408891677856e-01 8.284966349601745605e-01
4.475117325782775879e-01 -8.963252305984497070e-01 -1.216424822807312012e+00 1.524747490882873535e+00 -5.755086541175842285e-01 -1.279853701591491699e+00 -8.742636442184448242e-02 2.700668275356292725e-01 -2.413825839757919312e-01 8.254154324531555176e-01
4.409533739089965820e-01 -8.872869014739990234e-01 -1.219232678413391113e+00 1.520775437355041504e+00 -5.760473012924194336e-01 -1.275505661964416504e+00 -8.701753616333007812e-02 2.753296792507171631e-01 -2.350141853094100952e-01 8.235836029052734375e-01
4.396685957908630371e-01 -8.884211182594299316e-01 -1.221029758453369141e+00 1.523501992225646973e+00 -5.773382782936096191e-01 -1.275699496269226074e+00 -8.475685119628906250e-02 2.709102332592010498e-01 -2.324377447366714478e-01 8.254033923149108887e-01
4.389016628265380859e-01 -8.827473521232604980e-01 -1.218248605728149414e+00 1.514327645301818848e+00 -5.822548270225524902e-01 -1.280124902725219727e+00 -8.105617761611938477e-02 2.754936516284942627e-01 -2.308198660612106323e-01 8.186696171760559082e-01
4.420058727264404297e-01 -8.896386027336120605e-01 -1.211554884910583496e+00 1.526956677436828613e+00 -5.803101062774658203e-01 -1.276742577552795410e+00 -8.734369277954101562e-02 2.741185128688812256e-01 -2.336914390325546265e-01 8.258670568466186523e-01
3.359113931655883789e-01 -6.866346597671508789e-01 -1.190671563148498535e+00 1.553526282310485840e+00 -6.067529320716857910e-01 -1.246546506881713867e+00 -2.387673035264015198e-02 3.080169856548309326e-01 -2.084689885377883911e-01 8.080374598503112793e-01
1.212176233530044556e-01 -1.909518390893936157e-01 -1.290806651115417480e+00 1.591838002204895020e+00 -4.757908284664154053e-01 -1.020468711853027344e+00 1.159965991973876953e-01 2.385333329439163208e-01 -1.777864843606948853e-01 9.635962247848510742e-01
-1.820544451475143433e-01 1.046374887228012085e-01 -1.708790183067321777e+00 1.162837982177734375e+00 -3.922882080078125000e-01 -1.026345968246459961e+00 -1.342034339904785156e-01 3.591167628765106201e-01 -5.338295102119445801e-01 5.680697560310363770e-01
-1.726813167333602905e-01 7.736276090145111084e-02 -1.711326599121093750e+00 1.085007786750793457e+00 -3.806739747524261475e-01 -1.105253219604492188e+00 -1.277669668197631836e-01 3.949142396450042725e-01 -5.356581807136535645e-01 5.359723567962646484e-01
-1.656387895345687866e-01 5.928198993206024170e-02 -1.712697386741638184e+00 1.066208243370056152e+00 -3.799188435077667236e-01 -1.121216654777526855e+00 -1.319663524627685547e-01 3.968662321567535400e-01 -5.414130687713623047e-01 5.178806185722351074e-01
-1.758188456296920776e-01 1.123900264501571655e-01 -1.727651715278625488e+00 1.166713953018188477e+00 -3.866923749446868896e-01 -1.033715009689331055e+00 -8.396863937377929688e-02 3.751511275768280029e-01 -5.082002282142639160e-01 5.850092172622680664e-01
-1.801865547895431519e-01 1.465774625539779663e-01 -1.726522564888000488e+00 1.214826226234436035e+00 -3.885293304920196533e-01 -1.013312935829162598e+00 -6.827110052108764648e-02 3.460837900638580322e-01 -4.832206368446350098e-01 6.366778612136840820e-01
-3.282791376113891602e-01 3.234741687774658203e-01 -1.659575223922729492e+00 1.283473849296569824e+00 -5.154573321342468262e-01 -9.748473763465881348e-01 -6.457036733627319336e-02 3.112219274044036865e-01 -4.084966480731964111e-01 6.182838082313537598e-01
-3.895858526229858398e-01 2.954564094543457031e-01 -1.578984022140502930e+00 1.268433928489685059e+00 -5.490799546241760254e-01 -9.616069197654724121e-01 -4.163480177521705627e-02 2.772095501422882080e-01 -3.742837011814117432e-01 5.447127819061279297e-01
