2.397635728120803833e-01 4.770365953445434570e-01 -2.249987572431564331e-01 2.444007806479930878e-02 -4.012236297130584717e-01 -1.987047307193279266e-02 9.340690970420837402e-01 8.818524479866027832e-01 -1.704289466142654419e-01 -2.310607731342315674e-01
2.335551828145980835e-01 4.850817918777465820e-01 -1.894641071557998657e-01 -3.390279412269592285e-02 -4.072432518005371094e-01 4.910312592983245850e-02 8.882969021797180176e-01 8.399716615676879883e-01 -1.793194115161895752e-01 -2.131883800029754639e-01
2.251271158456802368e-01 4.845704436302185059e-01 -2.083864063024520874e-01 5.990591645240783691e-02 -4.570577144622802734e-01 -6.621904671192169189e-02 1.088942885398864746e+00 9.077126383781433105e-01 -9.911335259675979614e-02 -2.040609419345855713e-01
1.712703853845596313e-01 4.497671723365783691e-01 -9.976939857006072998e-02 -3.313065739348530769e-03 -5.006719827651977539e-01 2.254216559231281281e-02 1.329954862594604492e+00 8.505638241767883301e-01 -2.876068651676177979e-02 -9.717774391174316406e-02
1.321985423564910889e-01 4.773973226547241211e-01 -9.148047864437103271e-02 1.440420653671026230e-02 -4.852412641048431396e-01 6.135474145412445068e-02 1.554592490196228027e+00 8.662565946578979492e-01 6.192807108163833618e-02 -7.737720012664794922e-02
6.984632462263107300e-02 6.647772192955017090e-01 -2.829192578792572021e-02 1.275816466659307480e-02 -5.267121195793151855e-01 2.022758573293685913e-01 1.501218914985656738e+00 7.786834836006164551e-01 1.807357221841812134e-01 -1.634336113929748535e-01
-1.067331060767173767e-02 6.731971502304077148e-01 -1.383430510759353638e-01 7.116849720478057861e-02 -3.341518044471740723e-01 1.303374618291854858e-01 1.336233973503112793e+00 7.189139127731323242e-01 3.071338832378387451e-01 -2.168269455432891846e-01
2.185127586126327515e-01 1.158568620681762695e+00 2.955704927444458008e-01 2.561612427234649658e-01 -1.275261640548706055e+00 -5.031405091285705566e-01 6.506585478782653809e-01 9.114407896995544434e-01 3.059954345226287842e-01 -2.881653308868408203e-01
3.057731986045837402e-01 1.208997130393981934e+00 3.516945242881774902e-01 3.085931837558746338e-01 -1.457062244415283203e+00 -5.006039738655090332e-01 5.236245393753051758e-01 9.365583658218383789e-01 2.672974169254302979e-01 -3.089563250541687012e-01
3.026432991027832031e-01 1.203161001205444336e+00 3.532485961914062500e-01 3.055154979228973389e-01 -1.441261768341064453e+00 -4.815318286418914795e-01 5.565837025642395020e-01 9.271937608718872070e-01 2.747253179550170898e-01 -3.181847333908081055e-01
2.996512353420257568e-01 1.215795516967773438e+00 3.627302050590515137e-01 3.229542672634124756e-01 -1.447327136993408203e+00 -4.817400872707366943e-01 5.477678775787353516e-01 9.334966540336608887e-01 2.698584198951721191e-01 -3.140059113502502441e-01
2.889057099819183350e-01 1.230986475944519043e+00 3.786563873291015625e-01 3.047449588775634766e-01 -1.429746270179748535e+00 -4.893186092376708984e-01 5.478325486183166504e-01 9.186947345733642578e-01 2.637809813022613525e-01 -2.974623739719390869e-01
2.859595417976379395e-01 1.247840881347656250e+00 3.713163137435913086e-01 3.199820816516876221e-01 -1.406203627586364746e+00 -4.894165992736816406e-01 5.345084667205810547e-01 9.214319586753845215e-01 2.556173503398895264e-01 -3.084418177604675293e-01
3.478596806526184082e-01 1.187628507614135742e+00 3.005847334861755371e-01 1.550509035587310791e-01 -9.851230382919311523e-01 -3.359906673431396484e-01 7.974621839821338654e-03 8.884077668190002441e-01 3.916934728622436523e-01 -5.979308485984802246e-01
3.504583835601806641e-01 9.463820457458496094e-01 1.483947187662124634e-01 4.971165955066680908e-02 -1.056894183158874512e+00 -3.832703232765197754e-01 -4.878775477409362793e-01 7.931290864944458008e-01 8.217051625251770020e-02 -6.440927386283874512e-01
3.705916404724121094e-01 9.244453907012939453e-01 1.297347694635391235e-01 7.560718059539794922e-02 -1.075059652328491211e+00 -3.916425108909606934e-01 -4.861919283866882324e-01 8.061172962188720703e-01 9.445370733737945557e-02 -6.485626101493835449e-01
3.839939534664154053e-01 8.410624265670776367e-01 1.340434700250625610e-01 7.192081212997436523e-02 -1.125196456909179688e+00 -4.188979268074035645e-01 -5.566182136535644531e-01 8.051081895828247070e-01 7.004714012145996094e-02 -6.113907694816589355e-01
3.931978642940521240e-01 8.450732231140136719e-01 1.414899379014968872e-01 6.514337658882141113e-02 -1.126707792282104492e+00 -4.153324067592620850e-01 -5.639334321022033691e-01 8.095198273658752441e-01 6.357787549495697021e-02 -6.095809340476989746e-01
3.842550516128540039e-01 8.372548818588256836e-01 1.436857730150222778e-01 6.119054555892944336e-02 -1.121561765670776367e+00 -4.103603661060333252e-01 -5.526090860366821289e-01 8.034158945083618164e-01 6.581304967403411865e-02 -6.077459454536437988e-01
3.869300782680511475e-01 8.437362313270568848e-01 1.396347433328628540e-01 6.243598461151123047e-02 -1.122120380401611328e+00 -4.060671627521514893e-01 -5.549845099449157715e-01 8.122297525405883789e-01 6.251405179500579834e-02 -6.140222549438476562e-01
3.888311386108398438e-01 8.506729602813720703e-01 1.370780020952224731e-01 6.432567536830902100e-02 -1.113244056701660156e+00 -4.077918827533721924e-01 -5.528662800788879395e-01 8.148546218872070312e-01 6.699913740158081055e-02 -6.184950470924377441e-01
3.879253268241882324e-01 8.432877063751220703e-01 1.396129280328750610e-01 6.475077569484710693e-02 -1.115948796272277832e+00 -4.119438230991363525e-01 -5.571038722991943359e-01 8.058575391769409180e-01 6.424497067928314209e-02 -6.114969253540039062e-01
3.798051476478576660e-01 8.421798348426818848e-01 1.410240978002548218e-01 7.331967353820800781e-02 -1.114915370941162109e+00 -4.107084274291992188e-01 -5.547277331352233887e-01 8.074353337287902832e-01 6.626616418361663818e-02 -6.034938693046569824e-01
5.214684009552001953e-01 3.758766651153564453e-01 3.680175542831420898e-01 2.792759239673614502e-01 -1.550172328948974609e+00 2.028081864118576050e-01 -5.968430042266845703e-01 1.137905120849609375e+00 7.124491333961486816e-01 1.745053529739379883e-01
6.843817234039306641e-01 3.375446796417236328e-01 3.911447525024414062e-01 4.206198453903198242e-01 -1.249742507934570312e+00 4.480741024017333984e-01 -6.776285767555236816e-01 1.253403663635253906e+00 1.111766695976257324e+00 2.410874366760253906e-01
6.334100961685180664e-01 3.569414615631103516e-01 3.884050250053405762e-01 3.974976241588592529e-01 -1.233274698257446289e+00 4.914867877960205078e-01 -6.445367932319641113e-01 1.207669019699096680e+00 1.108232021331787109e+00 2.527220845222473145e-01
6.249108910560607910e-01 3.520566225051879883e-01 3.881075978279113770e-01 3.879162967205047607e-01 -1.235170125961303711e+00 4.919980168342590332e-01 -6.461126804351806641e-01 1.208209156990051270e+00 1.106728196144104004e+00 2.446648478507995605e-01
6.256544589996337891e-01 3.513536453247070312e-01 3.924851417541503906e-01 3.890223503112792969e-01 -1.229937434196472168e+00 4.928724765777587891e-01 -6.510919928550720215e-01 1.209524154663085938e+00 1.102420210838317871e+00 2.458522319793701172e-01
6.374842524528503418e-01 3.575134277343750000e-01 3.949151635169982910e-01 4.011976122856140137e-01 -1.232508897781372070e+00 4.967181086540222168e-01 -6.461015343666076660e-01 1.215441703796386719e+00 1.108520150184631348e+00 2.453942298889160156e-01
5.414105057716369629e-01 4.249850511550903320e-01 3.374589085578918457e-01 2.810677587985992432e-01 -1.160160064697265625e+00 4.311048984527587891e-01 -4.171630740165710449e-01 1.048990488052368164e+00 1.231919169425964355e+00 1.302713751792907715e-01
3.961405456066131592e-01 6.022868752479553223e-01 3.696905374526977539e-01 1.317507922649383545e-01 -1.244560599327087402e+00 5.543119311332702637e-01 1.343737840652465820e-01 1.017065644264221191e+00 1.149349808692932129e+00 9.139966964721679688e-02
5.016952753067016602e-01 6.255689859390258789e-01 5.491548180580139160e-01 3.162543177604675293e-01 -1.664989471435546875e+00 5.950867533683776855e-01 3.879894316196441650e-01 1.000435948371887207e+00 1.090084433555603027e+00 2.691637873649597168e-01
5.088858604431152344e-01 6.139345765113830566e-01 5.603613853454589844e-01 3.178010284900665283e-01 -1.691541790962219238e+00 6.141204833984375000e-01 4.159110188484191895e-01 9.830396771430969238e-01 1.078182935714721680e+00 2.884657979011535645e-01
5.270029306411743164e-01 6.595231890678405762e-01 5.770478844642639160e-01 3.461966812610626221e-01 -1.673335075378417969e+00 6.407447457313537598e-01 3.816395998001098633e-01 9.981510043144226074e-01 1.071497797966003418e+00 2.735364437103271484e-01
3.824700713157653809e-01 6.363947391510009766e-01 4.916236400604248047e-01 2.365827858448028564e-01 -1.524258136749267578e+00 5.582507252693176270e-01 4.980433583259582520e-01 9.370462298393249512e-01 1.259082674980163574e+00 2.073947787284851074e-01
1.807893216609954834e-01 3.946007490158081055e-01 4.112342596054077148e-01 2.085393667221069336e-01 -1.573652744293212891e+00 5.908495783805847168e-01 1.091908216476440430e+00 8.993503451347351074e-01 9.850902557373046875e-01 3.627904653549194336e-01
3.171159029006958008e-01 2.216789573431015015e-01 5.460069179534912109e-01 2.636317014694213867e-01 -1.548568844795227051e+00 6.572961807250976562e-01 9.819774031639099121e-01 9.279488325119018555e-01 9.575340747833251953e-01 5.538598895072937012e-01
3.800484538078308105e-01 1.991671174764633179e-01 6.282883286476135254e-01 2.332165986299514771e-01 -1.561493158340454102e+00 6.993461251258850098e-01 8.455008864402770996e-01 9.926403164863586426e-01 8.691441416740417480e-01 6.045598387718200684e-01
