5.590642690658569336e-01 -3.148450851440429688e-01 2.345313280820846558e-01 1.067050397396087646e-01 -3.894751369953155518e-01 3.159455657005310059e-01 4.918128252029418945e-01 2.751877009868621826e-01 3.548350930213928223e-01 -5.595731139183044434e-01
5.644125342369079590e-01 -3.062775135040283203e-01 2.418611794710159302e-01 1.146181821823120117e-01 -3.729235827922821045e-01 3.209100365638732910e-01 4.508816003799438477e-01 2.693184912204742432e-01 3.444190919399261475e-01 -5.784714818000793457e-01
5.681026577949523926e-01 -2.993586063385009766e-01 2.595926225185394287e-01 1.176919639110565186e-01 -3.703823983669281006e-01 3.461910486221313477e-01 4.317859411239624023e-01 2.712692916393280029e-01 3.391475975513458252e-01 -5.833077430725097656e-01
5.585556626319885254e-01 -3.145015239715576172e-01 2.496543675661087036e-01 1.058564186096191406e-01 -3.778578937053680420e-01 3.273025751113891602e-01 4.890574812889099121e-01 2.704946696758270264e-01 3.431436121463775635e-01 -5.557069778442382812e-01
5.118701457977294922e-01 -3.480470180511474609e-01 2.478551417589187622e-01 5.066502094268798828e-02 -4.338202774524688721e-01 3.471855521202087402e-01 5.945537686347961426e-01 2.441495805978775024e-01 3.794206678867340088e-01 -4.743782579898834229e-01
4.071087241172790527e-01 -3.690482974052429199e-01 2.458809167146682739e-01 8.867143653333187103e-03 -5.036354660987854004e-01 3.756634593009948730e-01 7.582511305809020996e-01 2.480176240205764771e-01 4.107779562473297119e-01 -3.593197464942932129e-01
2.714825868606567383e-01 -2.971710562705993652e-01 3.239665329456329346e-01 6.630820035934448242e-02 -5.951449871063232422e-01 3.293208479881286621e-01 1.066350460052490234e+00 2.137246876955032349e-01 5.120194554328918457e-01 -2.770627140998840332e-01
2.135061919689178467e-01 -1.901208311319351196e-01 3.163713216781616211e-01 1.437925100326538086e-01 -6.854938268661499023e-01 3.057469129562377930e-01 1.152013659477233887e+00 1.809963136911392212e-01 6.284403204917907715e-01 -3.329365253448486328e-01
3.562122881412506104e-01 -1.218009144067764282e-01 2.924088239669799805e-01 2.202796041965484619e-01 -8.132602572441101074e-01 2.604490518569946289e-01 9.110279679298400879e-01 1.472722440958023071e-01 7.047438621520996094e-01 -4.497999250888824463e-01
4.098738431930541992e-01 -1.203153878450393677e-01 3.101072013378143311e-01 2.215649187564849854e-01 -8.311668038368225098e-01 2.568129897117614746e-01 8.114193081855773926e-01 1.264750510454177856e-01 6.566409468650817871e-01 -4.819567203521728516e-01
4.003403186798095703e-01 -1.249655634164810181e-01 3.176866471767425537e-01 2.194812297821044922e-01 -8.341637253761291504e-01 2.680482864379882812e-01 8.016079664230346680e-01 1.384492367506027222e-01 6.404488682746887207e-01 -4.765728414058685303e-01
4.031326174736022949e-01 -1.238244324922561646e-01 3.114311099052429199e-01 2.230163812637329102e-01 -8.230106830596923828e-01 2.599593400955200195e-01 8.052788972854614258e-01 1.330321878194808960e-01 6.440793871879577637e-01 -4.770628213882446289e-01
4.031928777694702148e-01 -1.196526437997817993e-01 3.130851387977600098e-01 2.194937467575073242e-01 -8.273311853408813477e-01 2.655152082443237305e-01 8.052325248718261719e-01 1.321599036455154419e-01 6.434739232063293457e-01 -4.721602797508239746e-01
3.290384113788604736e-01 -1.765996366739273071e-01 2.600654065608978271e-01 2.287899851799011230e-01 -7.744271159172058105e-01 2.089363783597946167e-01 9.380336999893188477e-01 1.599218398332595825e-01 6.935581564903259277e-01 -3.906994462013244629e-01
4.723332524299621582e-01 3.714786469936370850e-02 1.728700548410415649e-01 2.727664411067962646e-01 -6.740567684173583984e-01 3.668743371963500977e-01 5.654346570372581482e-02 4.225438833236694336e-01 9.162401556968688965e-01 -7.572761178016662598e-01
7.868245840072631836e-01 -5.375990271568298340e-01 1.062250733375549316e+00 3.888689279556274414e-01 -8.979134559631347656e-01 -8.235210776329040527e-01 -1.293296337127685547e+00 3.697765469551086426e-01 5.552598834037780762e-01 -4.304798245429992676e-01
8.561614751815795898e-01 -5.266630649566650391e-01 1.401383280754089355e+00 1.453239470720291138e-01 -1.876637786626815796e-01 -7.836750745773315430e-01 -1.044842004776000977e+00 4.914983808994293213e-01 4.234707951545715332e-01 -2.170386314392089844e-01
8.531191349029541016e-01 -5.249799489974975586e-01 1.397993206977844238e+00 1.517365872859954834e-01 -1.813519895076751709e-01 -7.908604741096496582e-01 -1.043557524681091309e+00 4.802489280700683594e-01 4.236649870872497559e-01 -2.289268374443054199e-01
8.626806139945983887e-01 -5.231547951698303223e-01 1.386468291282653809e+00 1.432438939809799194e-01 -1.859481334686279297e-01 -7.917462587356567383e-01 -1.049015641212463379e+00 4.849150478839874268e-01 4.269134402275085449e-01 -2.290231585502624512e-01
8.598158359527587891e-01 -5.288698673248291016e-01 1.390501141548156738e+00 1.516575217247009277e-01 -1.862464994192123413e-01 -7.856230735778808594e-01 -1.049264430999755859e+00 4.883039593696594238e-01 4.262058734893798828e-01 -2.157045006752014160e-01
8.611201047897338867e-01 -5.230156779289245605e-01 1.392222762107849121e+00 1.527959108352661133e-01 -1.848336756229400635e-01 -7.900637984275817871e-01 -1.042539954185485840e+00 4.881329834461212158e-01 4.226830303668975830e-01 -2.221390008926391602e-01
8.575551509857177734e-01 -5.224116444587707520e-01 1.392193078994750977e+00 1.579647809267044067e-01 -1.756685078144073486e-01 -7.940046787261962891e-01 -1.049717426300048828e+00 4.870881438255310059e-01 4.272757768630981445e-01 -2.220710515975952148e-01
8.552007079124450684e-01 -5.298952460289001465e-01 1.386260628700256348e+00 1.506109982728958130e-01 -1.901005059480667114e-01 -7.824676632881164551e-01 -1.046396374702453613e+00 4.882562458515167236e-01 4.321043789386749268e-01 -2.174736857414245605e-01
7.735140323638916016e-01 -3.442611098289489746e-01 1.088452458381652832e+00 1.826054900884628296e-01 -3.098087310791015625e-01 -9.577149748802185059e-01 -1.117428898811340332e+00 4.911635816097259521e-01 6.582401394844055176e-01 -5.067074298858642578e-01
7.697978019714355469e-01 -3.373110890388488770e-01 1.091310858726501465e+00 1.753737926483154297e-01 -3.007277548313140869e-01 -9.591503143310546875e-01 -1.099183320999145508e+00 5.016558766365051270e-01 6.619201898574829102e-01 -5.096389651298522949e-01
7.632180452346801758e-01 -3.334090709686279297e-01 1.082742571830749512e+00 1.840284317731857300e-01 -3.047315776348114014e-01 -9.576383233070373535e-01 -1.117630720138549805e+00 4.958418905735015869e-01 6.669730544090270996e-01 -5.161935091018676758e-01
7.754577398300170898e-01 -3.382295370101928711e-01 1.096279025077819824e+00 1.826638728380203247e-01 -2.958828806877136230e-01 -9.524708390235900879e-01 -1.107889056205749512e+00 4.992233812808990479e-01 6.662408113479614258e-01 -5.146134495735168457e-01
7.665244340896606445e-01 -3.348799347877502441e-01 1.075725913047790527e+00 1.719849556684494019e-01 -2.929008305072784424e-01 -9.598795175552368164e-01 -1.104272007942199707e+00 4.949826002120971680e-01 6.647507548332214355e-01 -5.163581371307373047e-01
7.731387615203857422e-01 -3.393653631210327148e-01 1.077211260795593262e+00 1.717114895582199097e-01 -2.981708943843841553e-01 -9.535754323005676270e-01 -1.105562567710876465e+00 4.919147491455078125e-01 6.729950308799743652e-01 -5.141826868057250977e-01
7.707471847534179688e-01 -3.340700268745422363e-01 1.086778998374938965e+00 1.732434779405593872e-01 -2.938399612903594971e-01 -9.571891427040100098e-01 -1.101977586746215820e+00 4.964196979999542236e-01 6.683610677719116211e-01 -5.209172964096069336e-01
7.730801105499267578e-01 -2.120217829942703247e-01 9.035573601722717285e-01 3.070730865001678467e-01 -2.543205022811889648e-01 -8.204322457313537598e-01 -8.410541415214538574e-01 3.712143301963806152e-01 1.217489719390869141e+00 -5.577720999717712402e-01
5.630476474761962891e-01 -2.181361466646194458e-01 1.405187010765075684e+00 2.312788367271423340e-01 -2.192146778106689453e-01 -8.687017560005187988e-01 1.435744166374206543e-01 3.162783384323120117e-01 1.673723816871643066e+00 -2.574247121810913086e-01
5.484022498130798340e-01 -3.171173334121704102e-01 1.590137124061584473e+00 2.251407057046890259e-01 -2.213983088731765747e-01 -8.848201036453247070e-01 2.110633254051208496e-01 2.649185359477996826e-01 1.274309515953063965e+00 -1.602849364280700684e-01
5.666155219078063965e-01 -3.471509814262390137e-01 1.662825942039489746e+00 2.363359928131103516e-01 -2.156801670789718628e-01 -8.851698637008666992e-01 1.999678611755371094e-01 2.402524501085281372e-01 1.150077939033508301e+00 -1.287027597427368164e-01
5.236315131187438965e-01 -2.918857932090759277e-01 1.506963849067687988e+00 2.208542525768280029e-01 -2.522568404674530029e-01 -9.069275259971618652e-01 2.185729146003723145e-01 3.016860485076904297e-01 1.365179896354675293e+00 -1.710535287857055664e-01
5.368528366088867188e-01 -2.598113417625427246e-01 1.495008349418640137e+00 2.096244096755981445e-01 -2.427711635828018188e-01 -8.660389184951782227e-01 1.669959425926208496e-01 3.388107717037200928e-01 1.472271084785461426e+00 -1.916068196296691895e-01
3.618654906749725342e-01 -3.594027161598205566e-01 1.551227569580078125e+00 1.633150726556777954e-01 -1.899147480726242065e-01 -7.534514069557189941e-01 2.784426808357238770e-01 3.048572242259979248e-01 1.200517535209655762e+00 -3.460108861327171326e-02
4.913350343704223633e-01 -4.991832971572875977e-01 1.542229175567626953e+00 1.164456605911254883e-01 -2.271734625101089478e-01 -8.539859056472778320e-01 2.430806159973144531e-01 3.374772667884826660e-01 1.026004910469055176e+00 2.515977993607521057e-02
