3.220060765743255615e-01 1.974031776189804077e-01 -1.167184352874755859e+00 5.504630804061889648e-01 -7.961205244064331055e-01 6.534634530544281006e-02 3.026043772697448730e-01 1.075141310691833496e+00 3.327251374721527100e-01 5.307665839791297913e-02
2.880303859710693359e-01 1.665547937154769897e-01 -1.118149638175964355e+00 5.361391305923461914e-01 -8.167527914047241211e-01 1.112339943647384644e-01 3.241313695907592773e-01 1.036055207252502441e+00 3.073875308036804199e-01 8.638584613800048828e-02
3.402897715568542480e-01 -1.726236492395401001e-01 -1.008859992027282715e+00 5.181779861450195312e-01 -9.250916242599487305e-01 1.879443377256393433e-01 5.512929558753967285e-01 1.078768014907836914e+00 2.363759577274322510e-01 2.794414162635803223e-01
7.002755403518676758e-01 -6.214127540588378906e-01 -1.025775909423828125e+00 3.753618299961090088e-01 -1.023108959197998047e+00 3.416161537170410156e-01 7.606527209281921387e-01 1.125424623489379883e+00 1.791518926620483398e-01 4.371651709079742432e-01
6.285398006439208984e-01 -6.504140496253967285e-01 -1.012561440467834473e+00 3.871369361877441406e-01 -1.054022312164306641e+00 3.266534209251403809e-01 8.003463149070739746e-01 1.082513570785522461e+00 1.990008652210235596e-01 4.725883305072784424e-01
6.316664814949035645e-01 -6.470978260040283203e-01 -9.961898922920227051e-01 3.941642045974731445e-01 -1.056651592254638672e+00 3.619888424873352051e-01 7.765652537345886230e-01 1.095311403274536133e+00 1.988973468542098999e-01 4.673345088958740234e-01
6.371654272079467773e-01 -6.404646635055541992e-01 -1.003369450569152832e+00 3.949495255947113037e-01 -1.065106630325317383e+00 3.533518314361572266e-01 7.829685807228088379e-01 1.092756986618041992e+00 2.018171846866607666e-01 4.772434830665588379e-01
6.387974023818969727e-01 -6.471545100212097168e-01 -9.994534254074096680e-01 4.023962020874023438e-01 -1.047411203384399414e+00 3.481656908988952637e-01 7.788854241371154785e-01 1.099835276603698730e+00 2.000263631343841553e-01 4.713052809238433838e-01
6.367835998535156250e-01 -6.485149860382080078e-01 -1.004719734191894531e+00 4.130041599273681641e-01 -1.049686193466186523e+00 3.348278403282165527e-01 7.884069681167602539e-01 1.100766897201538086e+00 1.991944462060928345e-01 4.760856926441192627e-01
6.502003073692321777e-01 -6.458531618118286133e-01 -1.000919222831726074e+00 4.253462553024291992e-01 -1.057882308959960938e+00 3.425485491752624512e-01 7.805041670799255371e-01 1.100180149078369141e+00 1.992888450622558594e-01 4.810976684093475342e-01
6.333643794059753418e-01 -6.505737900733947754e-01 -1.002174496650695801e+00 4.040867984294891357e-01 -1.054002165794372559e+00 3.426775932312011719e-01 7.854412198066711426e-01 1.096324801445007324e+00 1.984048187732696533e-01 4.722028672695159912e-01
6.385051608085632324e-01 -6.503322720527648926e-01 -1.001303076744079590e+00 4.065467715263366699e-01 -1.055672287940979004e+00 3.381449580192565918e-01 7.968512177467346191e-01 1.094760298728942871e+00 1.999147087335586548e-01 4.743917286396026611e-01
6.374231576919555664e-01 -6.455556154251098633e-01 -9.924874305725097656e-01 4.046654403209686279e-01 -1.046525716781616211e+00 3.509603142738342285e-01 7.804065942764282227e-01 1.094227671623229980e+00 1.926663070917129517e-01 4.780305325984954834e-01
6.612021923065185547e-01 -7.043779492378234863e-01 -9.508623480796813965e-01 4.190792143344879150e-01 -1.069484353065490723e+00 4.087103605270385742e-01 8.259238600730895996e-01 1.088698863983154297e+00 2.185565084218978882e-01 4.130968749523162842e-01
2.862253487110137939e-01 -1.041362643241882324e+00 -7.663808465003967285e-01 5.549971461296081543e-01 -6.124894618988037109e-01 6.384642720222473145e-01 9.387341737747192383e-01 9.941821098327636719e-01 2.032211869955062866e-01 1.477684974670410156e-01
8.678141832351684570e-01 -1.148082733154296875e+00 -1.356909155845642090e+00 6.841326951980590820e-01 1.428615450859069824e-01 5.885714888572692871e-01 5.248352885246276855e-01 1.422084331512451172e+00 1.427888986654579639e-03 -2.743340134620666504e-01
7.710154652595520020e-01 -1.168701887130737305e+00 -1.522269010543823242e+00 6.659393310546875000e-01 2.225610464811325073e-01 3.539066910743713379e-01 2.304572463035583496e-01 1.500118136405944824e+00 -1.662172228097915649e-01 -4.103126525878906250e-01
7.669194340705871582e-01 -1.162726879119873047e+00 -1.510791897773742676e+00 6.605630517005920410e-01 2.219896763563156128e-01 3.510875105857849121e-01 2.328568100929260254e-01 1.496944904327392578e+00 -1.587513238191604614e-01 -4.046573042869567871e-01
7.654569745063781738e-01 -1.166787028312683105e+00 -1.515441179275512695e+00 6.547698378562927246e-01 2.166391760110855103e-01 3.553205728530883789e-01 2.322390675544738770e-01 1.496254205703735352e+00 -1.595438867807388306e-01 -4.036877155303955078e-01
7.769620418548583984e-01 -1.175220370292663574e+00 -1.521387457847595215e+00 6.654446125030517578e-01 2.301041930913925171e-01 3.639673590660095215e-01 2.270233035087585449e-01 1.520187854766845703e+00 -1.624156385660171509e-01 -4.097914695739746094e-01
7.704724669456481934e-01 -1.172989845275878906e+00 -1.519107460975646973e+00 6.590487957000732422e-01 2.201974838972091675e-01 3.581860661506652832e-01 2.303264737129211426e-01 1.504988670349121094e+00 -1.581037640571594238e-01 -4.077499508857727051e-01
7.681504487991333008e-01 -1.163796901702880859e+00 -1.511895537376403809e+00 6.498595476150512695e-01 2.275071293115615845e-01 3.578102588653564453e-01 2.327789664268493652e-01 1.497847557067871094e+00 -1.629123836755752563e-01 -4.101060032844543457e-01
7.722632884979248047e-01 -1.165932178497314453e+00 -1.519054055213928223e+00 6.604901552200317383e-01 2.136631160974502563e-01 3.510650992393493652e-01 2.340734601020812988e-01 1.497392892837524414e+00 -1.625663489103317261e-01 -4.095221757888793945e-01
2.491417080163955688e-01 -1.433758378028869629e+00 -1.274724245071411133e+00 5.219977498054504395e-01 5.113796889781951904e-02 3.306009173393249512e-01 4.948655962944030762e-01 1.409678459167480469e+00 -2.870959043502807617e-01 -1.374157890677452087e-02
2.036237567663192749e-01 -1.398282527923583984e+00 -1.149333953857421875e+00 5.777844190597534180e-01 -4.992629587650299072e-02 2.785813808441162109e-01 5.923737287521362305e-01 1.337352514266967773e+00 -2.342440038919448853e-01 2.493253648281097412e-01
2.024680525064468384e-01 -1.397972941398620605e+00 -1.145297408103942871e+00 5.759379863739013672e-01 -4.568196833133697510e-02 2.869356274604797363e-01 5.920649766921997070e-01 1.348896861076354980e+00 -2.341306060552597046e-01 2.505750954151153564e-01
2.055255919694900513e-01 -1.402073502540588379e+00 -1.146604657173156738e+00 5.767083168029785156e-01 -4.615239799022674561e-02 2.753595113754272461e-01 5.975665450096130371e-01 1.353098750114440918e+00 -2.363175898790359497e-01 2.521595656871795654e-01
1.963419467210769653e-01 -1.390944719314575195e+00 -1.145456790924072266e+00 5.663196444511413574e-01 -5.328507721424102783e-02 2.832435965538024902e-01 5.977807044982910156e-01 1.336878418922424316e+00 -2.355676442384719849e-01 2.474093735218048096e-01
2.055411487817764282e-01 -1.385251045227050781e+00 -1.146169066429138184e+00 5.686667561531066895e-01 -4.733367264270782471e-02 2.830739617347717285e-01 6.003150343894958496e-01 1.350596427917480469e+00 -2.399242669343948364e-01 2.447138428688049316e-01
2.057945281267166138e-01 -1.377467036247253418e+00 -1.176938176155090332e+00 5.622580051422119141e-01 -6.913323700428009033e-02 2.946806550025939941e-01 5.870298743247985840e-01 1.367448210716247559e+00 -2.289637476205825806e-01 2.228310406208038330e-01
6.019391417503356934e-01 -1.209237813949584961e+00 -1.704658508300781250e+00 4.652157723903656006e-01 -5.726678669452667236e-02 2.279934734106063843e-01 3.757409453392028809e-01 1.343723773956298828e+00 -4.216730892658233643e-01 1.619848906993865967e-01
6.299328804016113281e-01 -1.110602736473083496e+00 -1.793083310127258301e+00 3.518462479114532471e-01 -3.039075434207916260e-02 2.383133620023727417e-01 3.295276761054992676e-01 1.340316057205200195e+00 -4.598858654499053955e-01 8.956608176231384277e-02
6.328635215759277344e-01 -1.113551139831542969e+00 -1.795930862426757812e+00 3.508220016956329346e-01 -3.012032806873321533e-02 2.508558034896850586e-01 3.169066309928894043e-01 1.334304094314575195e+00 -4.561880528926849365e-01 9.368130564689636230e-02
6.579936742782592773e-01 -1.123075485229492188e+00 -1.807843327522277832e+00 3.416243493556976318e-01 -3.018544614315032959e-02 2.397488802671432495e-01 3.289265036582946777e-01 1.332465887069702148e+00 -4.497398436069488525e-01 1.043712198734283447e-01
2.661975324153900146e-01 -6.112527847290039062e-01 -1.721201062202453613e+00 3.967826068401336670e-01 2.246581763029098511e-01 1.858060806989669800e-01 1.935053467750549316e-01 1.340743422508239746e+00 -3.388110101222991943e-01 -8.953315019607543945e-02
6.384594738483428955e-02 -4.384710788726806641e-01 -1.553382277488708496e+00 7.115042209625244141e-01 2.590051889419555664e-01 4.017369449138641357e-02 4.418134316802024841e-02 1.473609328269958496e+00 -3.401406705379486084e-01 1.993799582123756409e-02
1.121793836355209351e-01 -4.625074863433837891e-01 -1.606812357902526855e+00 6.845756769180297852e-01 2.809993624687194824e-01 -7.202114164829254150e-02 3.636306151747703552e-02 1.468014955520629883e+00 -4.206973910331726074e-01 9.386667609214782715e-02
1.232158392667770386e-01 -4.558212757110595703e-01 -1.628691911697387695e+00 7.080100178718566895e-01 2.737653553485870361e-01 -9.198887646198272705e-02 2.468669041991233826e-02 1.495490193367004395e+00 -4.369426071643829346e-01 7.559093832969665527e-02
