5.880174636840820312e-01 -2.986795902252197266e-01 1.300206929445266724e-01 6.850674152374267578e-01 -4.795395433902740479e-01 1.216630190610885620e-01 5.566449761390686035e-01 1.120590925216674805e+00 3.160974383354187012e-01 -6.554164290428161621e-01
6.050325036048889160e-01 -3.094980120658874512e-01 1.118269115686416626e-01 6.856268048286437988e-01 -4.737228453159332275e-01 1.040900796651840210e-01 5.294272899627685547e-01 1.132143735885620117e+00 3.072034418582916260e-01 -6.900596022605895996e-01
5.551248788833618164e-01 -2.880464196205139160e-01 1.580274254083633423e-01 6.564972400665283203e-01 -5.437333583831787109e-01 1.671135872602462769e-01 6.016989350318908691e-01 1.103471517562866211e+00 3.316856324672698975e-01 -6.053164601325988770e-01
5.182338953018188477e-01 -2.970265150070190430e-01 1.353314071893692017e-01 6.627215147018432617e-01 -5.970395207405090332e-01 1.006893366575241089e-01 8.200068473815917969e-01 1.105133295059204102e+00 4.034951627254486084e-01 -5.642936825752258301e-01
4.497032165527343750e-01 -2.786362171173095703e-01 1.712507754564285278e-01 5.783262252807617188e-01 -6.748181581497192383e-01 1.704783886671066284e-01 1.029799222946166992e+00 1.080030560493469238e+00 4.641760587692260742e-01 -4.962221980094909668e-01
4.223881065845489502e-01 -2.200096398591995239e-01 1.309059411287307739e-01 6.156755089759826660e-01 -6.999861001968383789e-01 1.750380843877792358e-01 1.111563563346862793e+00 1.070401668548583984e+00 5.482830405235290527e-01 -5.145994424819946289e-01
3.556427955627441406e-01 -2.129889279603958130e-01 6.100310385227203369e-02 5.647276639938354492e-01 -5.121041536331176758e-01 2.134861797094345093e-01 8.077568411827087402e-01 1.007237672805786133e+00 6.847197413444519043e-01 -6.376157402992248535e-01
3.571922183036804199e-01 -8.666993677616119385e-02 9.034182131290435791e-02 6.865283846855163574e-01 -7.398292422294616699e-01 3.961227834224700928e-02 6.692011356353759766e-01 1.017099618911743164e+00 6.968894600868225098e-01 -6.955916285514831543e-01
4.554208815097808838e-01 -2.161397039890289307e-02 1.580973416566848755e-01 7.158185243606567383e-01 -9.234815239906311035e-01 3.989936411380767822e-02 4.187285900115966797e-01 1.004615902900695801e+00 6.388791203498840332e-01 -7.449668049812316895e-01
5.326207876205444336e-01 -4.176809918135404587e-03 8.757503330707550049e-02 5.023039579391479492e-01 -5.803328156471252441e-01 1.673812717199325562e-01 -1.441668868064880371e-01 1.005819797515869141e+00 7.372251749038696289e-01 -9.882054328918457031e-01
6.193768382072448730e-01 -5.952055752277374268e-02 1.879494935274124146e-01 5.123119354248046875e-01 -5.300413966178894043e-01 1.600165218114852905e-01 -7.195900082588195801e-01 9.436308145523071289e-01 3.414818942546844482e-01 -1.008810281753540039e+00
6.516776084899902344e-01 -6.045456230640411377e-02 1.708032041788101196e-01 5.319297909736633301e-01 -5.255645513534545898e-01 1.302118152379989624e-01 -7.417619824409484863e-01 9.592648148536682129e-01 3.292410373687744141e-01 -1.051207184791564941e+00
6.519348621368408203e-01 -6.247468292713165283e-02 1.797885447740554810e-01 5.321348309516906738e-01 -5.281750559806823730e-01 1.275084763765335083e-01 -7.483005523681640625e-01 9.519290924072265625e-01 3.254554271697998047e-01 -1.050368547439575195e+00
6.540764570236206055e-01 -6.259514391422271729e-02 1.714759021997451782e-01 5.487000942230224609e-01 -5.307630896568298340e-01 1.323676556348800659e-01 -7.443147897720336914e-01 9.572305083274841309e-01 3.268822133541107178e-01 -1.039397239685058594e+00
6.512906551361083984e-01 -6.360317766666412354e-02 1.763022691011428833e-01 5.357589721679687500e-01 -5.253069400787353516e-01 1.326720267534255981e-01 -7.403023838996887207e-01 9.541763663291931152e-01 3.327423632144927979e-01 -1.039774417877197266e+00
7.129186391830444336e-01 -2.586461305618286133e-01 3.259699344635009766e-01 5.686415433883666992e-01 -8.641857504844665527e-01 -2.449346892535686493e-02 -7.718785405158996582e-01 1.013128042221069336e+00 4.300672411918640137e-01 -6.189211010932922363e-01
7.906892895698547363e-01 -3.152534961700439453e-01 4.821345210075378418e-01 7.048885226249694824e-01 -9.740957617759704590e-01 3.605601191520690918e-01 -7.998152971267700195e-01 9.879649281501770020e-01 1.116735339164733887e+00 -1.797661781311035156e-01
6.925085186958312988e-01 -2.352657467126846313e-01 4.752621650695800781e-01 6.781466007232666016e-01 -7.176285982131958008e-01 6.249853968620300293e-01 -7.004948258399963379e-01 1.005704283714294434e+00 1.413570046424865723e+00 -2.012529373168945312e-01
6.925552487373352051e-01 -2.384589463472366333e-01 4.651417136192321777e-01 6.958764791488647461e-01 -7.112638950347900391e-01 6.139835119247436523e-01 -7.058647274971008301e-01 1.018049836158752441e+00 1.426205635070800781e+00 -2.036138772964477539e-01
6.931151747703552246e-01 -2.363436371088027954e-01 4.724670052528381348e-01 6.889853477478027344e-01 -7.085646390914916992e-01 6.138882040977478027e-01 -7.032194137573242188e-01 1.010902881622314453e+00 1.427079916000366211e+00 -2.043647766113281250e-01
6.241873502731323242e-01 -2.022188454866409302e-01 4.774855375289916992e-01 6.754047870635986328e-01 -6.640588045120239258e-01 5.567301511764526367e-01 -5.578470230102539062e-01 9.334923624992370605e-01 1.527047991752624512e+00 -2.271444797515869141e-01
5.954182147979736328e-01 -1.467283070087432861e-02 3.997197747230529785e-01 3.596945703029632568e-01 -5.842788815498352051e-01 6.636875867843627930e-01 1.224485635757446289e-01 7.045183777809143066e-01 1.686363101005554199e+00 -4.647973477840423584e-01
7.097992300987243652e-01 -5.749090015888214111e-02 6.659157276153564453e-01 5.442680716514587402e-01 -1.000342845916748047e+00 5.930997729301452637e-01 4.374513924121856689e-01 6.635113954544067383e-01 1.624662041664123535e+00 -2.256727814674377441e-01
7.016549110412597656e-01 3.041391074657440186e-02 6.566386818885803223e-01 5.199217200279235840e-01 -8.730273842811584473e-01 6.106280684471130371e-01 3.814778327941894531e-01 6.848503947257995605e-01 1.832468986511230469e+00 -3.128010630607604980e-01
4.790939986705780029e-01 -1.048048883676528931e-01 4.832403659820556641e-01 4.416628181934356689e-01 -8.281176686286926270e-01 4.439597725868225098e-01 9.507362246513366699e-01 6.590899229049682617e-01 1.626901030540466309e+00 -1.474184989929199219e-01
4.623173177242279053e-01 -2.159111648797988892e-01 5.700899362564086914e-01 4.542169868946075439e-01 -8.203029632568359375e-01 5.748500823974609375e-01 1.100600361824035645e+00 5.879122614860534668e-01 1.438690066337585449e+00 -4.293721541762351990e-02
