8.801177740097045898e-01 3.222783207893371582e-01 -1.130571246147155762e+00 1.394977271556854248e-01 -4.173943698406219482e-01 6.094191968441009521e-02 5.929684042930603027e-01 9.787701964378356934e-01 3.697804212570190430e-01 3.255485296249389648e-01
9.058648347854614258e-01 3.431230783462524414e-01 -1.160442709922790527e+00 1.343836784362792969e-01 -4.239763319492340088e-01 6.539528071880340576e-02 6.087127327919006348e-01 9.758309721946716309e-01 4.042848646640777588e-01 3.155627846717834473e-01
9.101902842521667480e-01 3.477855324745178223e-01 -1.177204728126525879e+00 1.192982196807861328e-01 -4.181262254714965820e-01 4.722736775875091553e-02 5.977131128311157227e-01 9.646915197372436523e-01 3.925696611404418945e-01 3.205981254577636719e-01
8.365458250045776367e-01 3.615657091140747070e-01 -1.144024252891540527e+00 1.136049032211303711e-01 -4.416979253292083740e-01 1.145322769880294800e-01 6.087618470191955566e-01 9.310520291328430176e-01 3.983762562274932861e-01 3.320238888263702393e-01
7.616460323333740234e-01 3.960899710655212402e-01 -1.135050177574157715e+00 8.467307686805725098e-02 -4.388245046138763428e-01 1.756462305784225464e-01 5.871105790138244629e-01 9.414709210395812988e-01 4.073186218738555908e-01 3.222090899944305420e-01
7.562781572341918945e-01 4.086901545524597168e-01 -1.113006830215454102e+00 9.147915244102478027e-02 -4.494784474372863770e-01 2.033485621213912964e-01 5.498977899551391602e-01 9.516586065292358398e-01 4.258509874343872070e-01 2.581988871097564697e-01
8.125383853912353516e-01 3.978711366653442383e-01 -1.139041543006896973e+00 1.239869594573974609e-01 -4.886333048343658447e-01 2.042827457189559937e-01 5.456031560897827148e-01 9.502027630805969238e-01 4.002257287502288818e-01 2.323025166988372803e-01
9.168395996093750000e-01 3.166339993476867676e-01 -1.176541447639465332e+00 1.317122578620910645e-01 -4.536498785018920898e-01 1.018684357404708862e-01 5.074229240417480469e-01 9.524846673011779785e-01 3.475327193737030029e-01 3.064704239368438721e-01
9.373161196708679199e-01 3.040957450866699219e-01 -1.198467612266540527e+00 9.002411365509033203e-02 -4.178728163242340088e-01 2.591674216091632843e-02 4.844666719436645508e-01 9.402241706848144531e-01 3.464699685573577881e-01 3.225783109664916992e-01
8.312798738479614258e-01 1.437297314405441284e-01 -1.103205442428588867e+00 6.271690130233764648e-02 -5.767722725868225098e-01 1.307930201292037964e-01 4.662613570690155029e-01 9.493665099143981934e-01 2.544686198234558105e-01 3.687990307807922363e-01
5.703326463699340820e-01 -8.707863092422485352e-01 -5.418398380279541016e-01 -1.015365123748779297e-01 -1.394595742225646973e+00 -2.906567454338073730e-01 -1.925912499427795410e-01 2.710081040859222412e-01 -1.713021248579025269e-01 1.113598227500915527e+00
6.422232389450073242e-01 -8.507416248321533203e-01 -1.103698611259460449e+00 4.223644733428955078e-02 -3.368915617465972900e-01 -1.003436207771301270e+00 -1.157314658164978027e+00 2.556829154491424561e-01 -5.742793083190917969e-01 1.009725213050842285e+00
6.405013203620910645e-01 -7.700406908988952637e-01 -1.113362073898315430e+00 1.862132363021373749e-02 -3.089410364627838135e-01 -1.000029921531677246e+00 -1.140906929969787598e+00 2.590993344783782959e-01 -6.914046406745910645e-01 1.043196439743041992e+00
6.366169452667236328e-01 -7.735189199447631836e-01 -1.108456373214721680e+00 2.007493190467357635e-02 -3.087241649627685547e-01 -1.011198401451110840e+00 -1.134709477424621582e+00 2.563259899616241455e-01 -6.847076416015625000e-01 1.036052107810974121e+00
6.469015479087829590e-01 -7.763959169387817383e-01 -1.116322517395019531e+00 2.184003405272960663e-02 -2.993777096271514893e-01 -1.007719993591308594e+00 -1.139129757881164551e+00 2.608712613582611084e-01 -6.871441602706909180e-01 1.045638203620910645e+00
5.426191687583923340e-01 -6.177722811698913574e-01 -8.510559201240539551e-01 1.210892200469970703e-01 -7.070229649543762207e-01 -9.628174901008605957e-01 -7.709769606590270996e-01 1.344478875398635864e-01 -4.329650104045867920e-01 1.262155413627624512e+00
5.373415946960449219e-01 -6.238882541656494141e-01 -8.428788185119628906e-01 1.279877126216888428e-01 -7.352200150489807129e-01 -9.497728943824768066e-01 -7.599655389785766602e-01 1.348370462656021118e-01 -4.025698006153106689e-01 1.264573216438293457e+00
5.194391608238220215e-01 -5.911988019943237305e-01 -8.366920351982116699e-01 1.191932857036590576e-01 -7.550070285797119141e-01 -9.480836987495422363e-01 -7.437695264816284180e-01 1.155805140733718872e-01 -4.097340404987335205e-01 1.265004277229309082e+00
5.224935412406921387e-01 -6.069017648696899414e-01 -8.221527338027954102e-01 1.316971182823181152e-01 -7.635260820388793945e-01 -9.333798885345458984e-01 -7.413662075996398926e-01 1.118984371423721313e-01 -3.843699693679809570e-01 1.281131267547607422e+00
5.207463502883911133e-01 -6.013537049293518066e-01 -8.308826684951782227e-01 1.256149411201477051e-01 -7.707995176315307617e-01 -9.358199238777160645e-01 -7.505216598510742188e-01 1.118994504213333130e-01 -3.940946161746978760e-01 1.268967747688293457e+00
4.357376694679260254e-01 -3.796682953834533691e-01 -8.949598073959350586e-01 1.137500107288360596e-01 -7.263780236244201660e-01 -9.315379858016967773e-01 -7.357075810432434082e-01 1.088116914033889771e-01 -4.277968108654022217e-01 1.355733752250671387e+00
1.401400715112686157e-01 2.083480209112167358e-01 -1.131009340286254883e+00 -9.159536100924015045e-03 -5.482488274574279785e-01 -7.864775657653808594e-01 -5.024375319480895996e-01 1.749578267335891724e-01 -4.842503964900970459e-01 1.519696950912475586e+00
-1.678336295299232006e-03 1.797218173742294312e-01 -1.338888049125671387e+00 -6.986929476261138916e-02 -5.371370315551757812e-01 -8.596476316452026367e-01 -7.953709959983825684e-01 2.820891439914703369e-01 -7.564089894294738770e-01 1.023786306381225586e+00
3.102432936429977417e-03 2.090084403753280640e-01 -1.316720128059387207e+00 -6.505042314529418945e-02 -5.087355375289916992e-01 -7.984576225280761719e-01 -7.340657711029052734e-01 2.418907433748245239e-01 -7.497394680976867676e-01 1.072014331817626953e+00
-7.944036275148391724e-03 2.611274719238281250e-01 -1.310997486114501953e+00 -6.947843730449676514e-02 -5.019295811653137207e-01 -7.915455698966979980e-01 -7.056435942649841309e-01 2.264502793550491333e-01 -7.202008366584777832e-01 1.134712457656860352e+00
-1.210114210844039917e-01 4.252441525459289551e-01 -1.255984067916870117e+00 -5.704012513160705566e-02 -5.861862897872924805e-01 -8.031136989593505859e-01 -7.069119215011596680e-01 2.043666988611221313e-01 -6.299892067909240723e-01 1.112958192825317383e+00
