4.989915490150451660e-01 -2.811314165592193604e-02 1.740780621767044067e-01 3.472851812839508057e-01 -6.208641529083251953e-01 -9.532327950000762939e-02 1.060731530189514160e+00 1.041743636131286621e+00 1.423002779483795166e-01 -1.083537697792053223e+00
5.188670754432678223e-01 -2.577377855777740479e-02 1.645975857973098755e-01 3.676219582557678223e-01 -6.029032468795776367e-01 -1.130915433168411255e-01 1.029742479324340820e+00 1.030994415283203125e+00 1.284157186746597290e-01 -1.112680315971374512e+00
5.149049758911132812e-01 -2.628745138645172119e-02 1.675007194280624390e-01 3.720147013664245605e-01 -6.101776957511901855e-01 -1.233766227960586548e-01 1.051844477653503418e+00 1.043006300926208496e+00 1.379025131464004517e-01 -1.095087647438049316e+00
5.104534626007080078e-01 -5.334408581256866455e-02 1.787714213132858276e-01 3.645182251930236816e-01 -6.185640096664428711e-01 -1.042878180742263794e-01 1.117034554481506348e+00 1.051410079002380371e+00 1.538186669349670410e-01 -1.044536352157592773e+00
4.620530605316162109e-01 -9.944857656955718994e-02 1.567092984914779663e-01 3.028668463230133057e-01 -6.540989279747009277e-01 -9.447760879993438721e-02 1.254576444625854492e+00 1.034297704696655273e+00 2.090812325477600098e-01 -9.565035700798034668e-01
3.658095598220825195e-01 -1.092605143785476685e-01 1.701722294092178345e-01 2.254386544227600098e-01 -7.213018536567687988e-01 -3.540734946727752686e-02 1.403508067131042480e+00 9.921401143074035645e-01 2.613836526870727539e-01 -8.099295496940612793e-01
2.124543935060501099e-01 5.129955708980560303e-02 3.075303435325622559e-01 2.058797180652618408e-01 -6.806807518005371094e-01 7.439287006855010986e-02 1.694922924041748047e+00 8.060953021049499512e-01 3.971147239208221436e-01 -7.145552635192871094e-01
2.380611747503280640e-01 1.214539855718612671e-01 2.069485336542129517e-01 2.686177194118499756e-01 -8.169092535972595215e-01 -1.885129325091838837e-02 1.603352427482604980e+00 8.263770937919616699e-01 5.103173851966857910e-01 -7.900005578994750977e-01
3.554369807243347168e-01 1.748988479375839233e-01 2.389444261789321899e-01 3.146641850471496582e-01 -9.255726337432861328e-01 -4.152698814868927002e-02 1.349341869354248047e+00 8.043374419212341309e-01 4.813151359558105469e-01 -8.868862390518188477e-01
3.666690289974212646e-01 1.781069487333297729e-01 2.456336170434951782e-01 3.209508955478668213e-01 -9.381330609321594238e-01 -7.029004395008087158e-02 1.301883697509765625e+00 7.865169048309326172e-01 4.462961256504058838e-01 -9.120924472808837891e-01
3.674232959747314453e-01 1.768280714750289917e-01 2.455621510744094849e-01 3.230397403240203857e-01 -9.416059255599975586e-01 -7.738722860813140869e-02 1.287909865379333496e+00 7.826085686683654785e-01 4.403976500034332275e-01 -9.201183319091796875e-01
3.762567341327667236e-01 1.757336705923080444e-01 2.538739144802093506e-01 3.129311501979827881e-01 -9.264256954193115234e-01 -6.434150040149688721e-02 1.302689075469970703e+00 7.919414043426513672e-01 4.451285302639007568e-01 -9.114908576011657715e-01
3.763783276081085205e-01 1.745534986257553101e-01 2.587981224060058594e-01 3.182137012481689453e-01 -9.177734255790710449e-01 -6.389828026294708252e-02 1.304930329322814941e+00 7.924858927726745605e-01 4.451894462108612061e-01 -9.127771854400634766e-01
2.414206564426422119e-01 1.618248671293258667e-01 1.560506373643875122e-01 2.423998117446899414e-01 -6.388068795204162598e-01 3.717468678951263428e-02 1.405804872512817383e+00 8.373633027076721191e-01 6.154665350914001465e-01 -9.056758284568786621e-01
3.599428534507751465e-01 5.647441148757934570e-01 2.784352004528045654e-01 5.128112435340881348e-01 -1.639553070068359375e+00 -5.583138465881347656e-01 -3.101962804794311523e-01 7.789478302001953125e-01 6.536213159561157227e-01 -1.437659025192260742e+00
3.893805742263793945e-01 -8.745004236698150635e-02 9.112794399261474609e-01 5.680553913116455078e-01 -3.752637803554534912e-01 -1.557192325592041016e+00 -8.872751593589782715e-01 6.159778833389282227e-01 2.076095193624496460e-01 -6.981005668640136719e-01
4.564828276634216309e-01 -1.834275871515274048e-01 1.091897010803222656e+00 4.171583056449890137e-01 -5.184173118323087692e-03 -1.467199683189392090e+00 -7.952199578285217285e-01 7.066482901573181152e-01 1.568288952112197876e-01 -5.514705181121826172e-01
4.506958127021789551e-01 -1.843267828226089478e-01 1.102089285850524902e+00 4.249689280986785889e-01 -1.696824561804533005e-03 -1.457066774368286133e+00 -7.972609400749206543e-01 7.044435143470764160e-01 1.493394225835800171e-01 -5.474058985710144043e-01
4.547770619392395020e-01 -1.783777624368667603e-01 1.099875569343566895e+00 4.255778193473815918e-01 -5.788370501250028610e-03 -1.465168595314025879e+00 -8.027006983757019043e-01 7.108011841773986816e-01 1.529219597578048706e-01 -5.513474345207214355e-01
4.549045860767364502e-01 -1.801830679178237915e-01 1.100866913795471191e+00 4.236105978488922119e-01 -6.819545757025480270e-03 -1.459588408470153809e+00 -7.971209883689880371e-01 7.106680274009704590e-01 1.532250195741653442e-01 -5.438306927680969238e-01
4.644813239574432373e-01 -2.018772512674331665e-01 1.085046887397766113e+00 4.377374947071075439e-01 -2.954117953777313232e-02 -1.460343122482299805e+00 -8.051770329475402832e-01 7.165626287460327148e-01 1.667016297578811646e-01 -5.368072390556335449e-01
4.506143033504486084e-01 -1.833552867174148560e-01 1.102323651313781738e+00 4.280686080455780029e-01 -1.192481815814971924e-02 -1.460959076881408691e+00 -7.931391000747680664e-01 7.050283551216125488e-01 1.542912274599075317e-01 -5.448226332664489746e-01
4.684545993804931641e-01 -2.066669017076492310e-01 1.087867140769958496e+00 4.455375075340270996e-01 -2.406531572341918945e-02 -1.466759681701660156e+00 -8.022323846817016602e-01 7.113153934478759766e-01 1.721682846546173096e-01 -5.424161553382873535e-01
2.915937304496765137e-01 2.282421290874481201e-02 8.101710081100463867e-01 4.867849349975585938e-01 -1.228933781385421753e-01 -1.773598670959472656e+00 -8.486247658729553223e-01 6.758388876914978027e-01 3.862401545047760010e-01 -8.136047720909118652e-01
2.981754541397094727e-01 2.166281640529632568e-02 8.031621575355529785e-01 4.906075298786163330e-01 -1.298914253711700439e-01 -1.771908998489379883e+00 -8.581292629241943359e-01 6.618548035621643066e-01 3.933770060539245605e-01 -8.067775964736938477e-01
2.952145040035247803e-01 2.616904675960540771e-02 8.182229995727539062e-01 4.916837215423583984e-01 -1.265182644128799438e-01 -1.763638138771057129e+00 -8.571281433105468750e-01 6.614539623260498047e-01 3.922284245491027832e-01 -8.118692636489868164e-01
2.933586835861206055e-01 2.278934419155120850e-02 8.069558739662170410e-01 5.007410049438476562e-01 -1.174094229936599731e-01 -1.773731470108032227e+00 -8.567968606948852539e-01 6.718456745147705078e-01 3.921703696250915527e-01 -8.144373297691345215e-01
2.962110638618469238e-01 2.864889800548553467e-02 8.084663748741149902e-01 4.900648295879364014e-01 -1.267881691455841064e-01 -1.772006392478942871e+00 -8.532235026359558105e-01 6.713975071907043457e-01 3.882479965686798096e-01 -8.119292855262756348e-01
2.940719723701477051e-01 2.392654120922088623e-02 8.140605092048645020e-01 5.031546354293823242e-01 -1.246482580900192261e-01 -1.774620532989501953e+00 -8.558741211891174316e-01 6.649174094200134277e-01 3.976219892501831055e-01 -8.184267878532409668e-01
3.194687962532043457e-01 5.354623496532440186e-02 8.065617680549621582e-01 5.277613401412963867e-01 -1.143486648797988892e-01 -1.800312399864196777e+00 -8.375665545463562012e-01 6.283906102180480957e-01 4.601854979991912842e-01 -8.406032323837280273e-01
2.748735249042510986e-01 2.221408933401107788e-01 7.956628799438476562e-01 6.515243053436279297e-01 -1.339992284774780273e-01 -1.693944334983825684e+00 -5.532503128051757812e-01 5.488334298133850098e-01 1.233739376068115234e+00 -8.134964108467102051e-01
1.572957783937454224e-01 3.242854773998260498e-02 1.180871367454528809e+00 5.235894918441772461e-01 -3.012661635875701904e-02 -1.682588100433349609e+00 2.898136973381042480e-01 4.012973308563232422e-01 9.330740571022033691e-01 -3.856308460235595703e-01
1.873478740453720093e-01 -1.493735611438751221e-02 1.287848114967346191e+00 5.272518396377563477e-01 -1.693321764469146729e-02 -1.692523717880249023e+00 2.941710352897644043e-01 3.576754331588745117e-01 7.544623017311096191e-01 -3.507814407348632812e-01
1.837445646524429321e-01 -2.617187798023223877e-02 1.237250208854675293e+00 5.507265329360961914e-01 -3.040464222431182861e-02 -1.725480318069458008e+00 2.548946142196655273e-01 3.882558643817901611e-01 7.574497461318969727e-01 -3.468750715255737305e-01
1.810319870710372925e-01 6.877313554286956787e-02 1.187568902969360352e+00 5.412532687187194824e-01 -5.226282775402069092e-02 -1.671322226524353027e+00 2.396259903907775879e-01 4.351147413253784180e-01 9.995352029800415039e-01 -3.967355489730834961e-01
1.086390465497970581e-01 -4.285349976271390915e-03 1.080812931060791016e+00 4.732587933540344238e-01 -1.719464361667633057e-02 -1.640591979026794434e+00 3.341308236122131348e-01 4.345209598541259766e-01 9.426988959312438965e-01 -3.485751748085021973e-01
6.499765813350677490e-02 -8.895464241504669189e-02 1.251664876937866211e+00 3.600977361202239990e-01 1.483860611915588379e-02 -1.503439784049987793e+00 3.969627022743225098e-01 4.010798037052154541e-01 6.776040196418762207e-01 -2.014203071594238281e-01
1.886491477489471436e-01 -2.029273062944412231e-01 1.239220976829528809e+00 4.068399667739868164e-01 -3.752744197845458984e-02 -1.654605627059936523e+00 3.794760107994079590e-01 4.692146778106689453e-01 5.736085772514343262e-01 -1.628369688987731934e-01
