8.485257029533386230e-01 4.499335885047912598e-01 -2.886788547039031982e-02 2.799752950668334961e-01 -1.162911951541900635e-01 -2.836061827838420868e-02 5.661830306053161621e-01 1.141945838928222656e+00 5.656099319458007812e-02 5.255853533744812012e-01
8.594696521759033203e-01 4.504259824752807617e-01 -3.565485775470733643e-02 2.863709330558776855e-01 -9.925453364849090576e-02 -3.586460649967193604e-02 5.435922741889953613e-01 1.150299310684204102e+00 4.479461908340454102e-02 5.059163570404052734e-01
8.500090241432189941e-01 4.467647075653076172e-01 -3.402914106845855713e-02 3.045948147773742676e-01 -8.983789384365081787e-02 -4.639126360416412354e-02 5.384689569473266602e-01 1.150220513343811035e+00 4.066352546215057373e-02 5.262838006019592285e-01
8.360796570777893066e-01 4.156965017318725586e-01 -2.264465391635894775e-02 2.821633219718933105e-01 -1.274821311235427856e-01 -4.184336960315704346e-02 6.130173206329345703e-01 1.142982363700866699e+00 7.005812227725982666e-02 5.467293858528137207e-01
7.865746021270751953e-01 3.237519860267639160e-01 -2.671779692173004150e-02 1.889932751655578613e-01 -1.831831187009811401e-01 -2.598114125430583954e-02 7.472276687622070312e-01 1.088996171951293945e+00 1.283414214849472046e-01 5.704669952392578125e-01
6.555638909339904785e-01 2.623998522758483887e-01 8.778080344200134277e-03 9.863689541816711426e-02 -2.483317404985427856e-01 4.427932202816009521e-02 9.305706620216369629e-01 1.052997589111328125e+00 1.779146939516067505e-01 6.044840216636657715e-01
4.278468191623687744e-01 4.635716080665588379e-01 1.139057427644729614e-01 1.661130636930465698e-01 -2.988496720790863037e-01 1.698382943868637085e-01 1.322363853454589844e+00 9.144060611724853516e-01 2.657368481159210205e-01 6.575708389282226562e-01
5.323061943054199219e-01 6.077476143836975098e-01 5.402757227420806885e-02 1.907496154308319092e-01 -4.707664251327514648e-01 3.329946100711822510e-02 1.325844049453735352e+00 9.576824903488159180e-01 3.827155232429504395e-01 5.103141665458679199e-01
7.001707553863525391e-01 7.670193910598754883e-01 5.878017842769622803e-02 2.578182816505432129e-01 -5.205999016761779785e-01 2.174304332584142685e-03 1.003272414207458496e+00 9.517776370048522949e-01 3.740759789943695068e-01 4.421278834342956543e-01
7.258365154266357422e-01 7.461700439453125000e-01 6.361089646816253662e-02 2.581752240657806396e-01 -5.114914178848266602e-01 -1.610846631228923798e-02 9.343150854110717773e-01 9.431039094924926758e-01 3.433715999126434326e-01 4.490481913089752197e-01
7.239357233047485352e-01 7.539710402488708496e-01 6.517879664897918701e-02 2.609642446041107178e-01 -5.281335711479187012e-01 -5.176200065761804581e-03 9.314102530479431152e-01 9.485706090927124023e-01 3.447066247463226318e-01 4.615109562873840332e-01
7.166516780853271484e-01 7.522085309028625488e-01 6.508620083332061768e-02 2.620710432529449463e-01 -5.152409672737121582e-01 -2.664221916347742081e-03 9.399948716163635254e-01 9.384251832962036133e-01 3.410499393939971924e-01 4.547640383243560791e-01
7.214555144309997559e-01 7.547230720520019531e-01 5.999691784381866455e-02 2.630911171436309814e-01 -5.129394531250000000e-01 -1.083303801715373993e-02 9.357278347015380859e-01 9.377585649490356445e-01 3.409099876880645752e-01 4.567411541938781738e-01
5.536000728607177734e-01 6.788786649703979492e-01 -8.045290596783161163e-04 1.981742978096008301e-01 -3.888408839702606201e-01 5.587662756443023682e-02 1.227730512619018555e+00 9.912956357002258301e-01 5.125249028205871582e-01 4.212204813957214355e-01
1.317264914512634277e+00 1.207715749740600586e+00 2.046142369508743286e-01 3.550102710723876953e-01 -1.111038923263549805e+00 -5.065375566482543945e-01 -2.850138545036315918e-01 1.132855415344238281e+00 7.238489985466003418e-01 -3.974312171339988708e-02
1.562540173530578613e+00 2.686559557914733887e-01 8.998099565505981445e-01 3.307516574859619141e-01 -3.179295957088470459e-01 -9.976133704185485840e-01 -8.237860798835754395e-01 9.893251061439514160e-01 2.364615052938461304e-01 -5.757030099630355835e-03
1.559321761131286621e+00 3.323070704936981201e-02 1.014787793159484863e+00 3.030531406402587891e-01 -5.195169150829315186e-02 -9.132617712020874023e-01 -8.303887248039245605e-01 1.077178120613098145e+00 2.405750602483749390e-01 1.075636744499206543e-01
1.566446304321289062e+00 3.587768971920013428e-02 1.016486048698425293e+00 3.157682716846466064e-01 -4.803815484046936035e-02 -9.163933396339416504e-01 -8.252643346786499023e-01 1.079852223396301270e+00 2.369917184114456177e-01 1.105337738990783691e-01
1.558236956596374512e+00 3.810499608516693115e-02 1.021835923194885254e+00 3.090075552463531494e-01 -4.148273169994354248e-02 -9.162073135375976562e-01 -8.258513808250427246e-01 1.071704506874084473e+00 2.362813800573348999e-01 1.077540516853332520e-01
1.560642123222351074e+00 3.638796508312225342e-02 1.013281226158142090e+00 3.163162767887115479e-01 -5.186375975608825684e-02 -9.154047966003417969e-01 -8.254310488700866699e-01 1.077112674713134766e+00 2.398752570152282715e-01 1.073178648948669434e-01
1.558389663696289062e+00 3.802816569805145264e-02 1.018012046813964844e+00 3.188223242759704590e-01 -4.523093998432159424e-02 -9.123371243476867676e-01 -8.284456133842468262e-01 1.073425054550170898e+00 2.360030561685562134e-01 1.084622740745544434e-01
1.556868314743041992e+00 3.835903108119964600e-02 1.015159010887145996e+00 3.098420798778533936e-01 -5.692714452743530273e-02 -9.232134222984313965e-01 -8.203795552253723145e-01 1.074163675308227539e+00 2.415657639503479004e-01 1.159264445304870605e-01
1.561647415161132812e+00 3.330533206462860107e-02 1.020686268806457520e+00 3.089750409126281738e-01 -4.807743430137634277e-02 -9.128770232200622559e-01 -8.251394629478454590e-01 1.077685594558715820e+00 2.364867627620697021e-01 1.170678734779357910e-01
1.442384600639343262e+00 3.538778424263000488e-01 7.871336340904235840e-01 3.040306866168975830e-01 -7.800345122814178467e-02 -1.091746568679809570e+00 -8.354398608207702637e-01 1.050448656082153320e+00 4.148910343647003174e-01 -1.030326485633850098e-01
1.437822222709655762e+00 3.659665584564208984e-01 8.044130802154541016e-01 3.043796122074127197e-01 -7.344342768192291260e-02 -1.086838126182556152e+00 -8.338705301284790039e-01 1.052870035171508789e+00 4.119327664375305176e-01 -1.062968373298645020e-01
1.448265910148620605e+00 3.551026582717895508e-01 7.945653200149536133e-01 2.968388497829437256e-01 -8.409970998764038086e-02 -1.092080712318420410e+00 -8.380419015884399414e-01 1.041233062744140625e+00 4.166430830955505371e-01 -9.967535734176635742e-02
1.436986327171325684e+00 3.542308807373046875e-01 7.967224121093750000e-01 2.903181016445159912e-01 -8.235386013984680176e-02 -1.083952188491821289e+00 -8.410001993179321289e-01 1.042147397994995117e+00 4.141876995563507080e-01 -1.048468947410583496e-01
1.442811250686645508e+00 3.618130683898925781e-01 7.909007072448730469e-01 2.997949421405792236e-01 -7.176579535007476807e-02 -1.095306634902954102e+00 -8.398726582527160645e-01 1.042607903480529785e+00 4.138844609260559082e-01 -1.047101616859436035e-01
1.436796307563781738e+00 3.626152276992797852e-01 7.985290884971618652e-01 2.968867719173431396e-01 -7.928982377052307129e-02 -1.089660048484802246e+00 -8.347880244255065918e-01 1.035507917404174805e+00 4.133733808994293213e-01 -1.067215800285339355e-01
1.453265190124511719e+00 4.148464202880859375e-01 7.791808247566223145e-01 3.346544206142425537e-01 -8.568529784679412842e-02 -1.123259663581848145e+00 -8.121027350425720215e-01 1.006957054138183594e+00 4.894161224365234375e-01 -1.396242976188659668e-01
1.286946415901184082e+00 6.119769811630249023e-01 7.029696106910705566e-01 3.382603824138641357e-01 -1.094675660133361816e-01 -1.004672765731811523e+00 -4.777331352233886719e-01 9.053848981857299805e-01 1.168929100036621094e+00 -1.085900068283081055e-01
1.075513720512390137e+00 3.738400340080261230e-01 1.079298377037048340e+00 2.915295362472534180e-01 -9.972654283046722412e-02 -1.057394146919250488e+00 4.310676455497741699e-01 7.292004227638244629e-01 9.290342330932617188e-01 2.950727343559265137e-01
1.121589541435241699e+00 2.392396777868270874e-01 1.167517066001892090e+00 3.278801739215850830e-01 -1.359902173280715942e-01 -1.059778213500976562e+00 4.029621481895446777e-01 7.586540579795837402e-01 8.147990107536315918e-01 3.281785249710083008e-01
1.135346055030822754e+00 2.564612030982971191e-01 1.115874409675598145e+00 3.219299614429473877e-01 -1.445935368537902832e-01 -1.078038692474365234e+00 3.625697493553161621e-01 7.557471394538879395e-01 8.284038901329040527e-01 3.231998085975646973e-01
1.114193797111511230e+00 3.660316467285156250e-01 1.054831385612487793e+00 2.915091812610626221e-01 -1.487685590982437134e-01 -1.061499953269958496e+00 3.467946052551269531e-01 7.771250605583190918e-01 1.033180832862854004e+00 2.543655037879943848e-01
9.946514368057250977e-01 2.675113081932067871e-01 9.696647524833679199e-01 2.678922116756439209e-01 -1.285450309514999390e-01 -1.062195777893066406e+00 4.585620760917663574e-01 7.599831819534301758e-01 1.030170083045959473e+00 2.795518040657043457e-01
8.769054412841796875e-01 1.124520152807235718e-01 1.136736989021301270e+00 1.985564082860946655e-01 -8.501592278480529785e-02 -9.111993312835693359e-01 5.562121272087097168e-01 7.624397277832031250e-01 7.721872329711914062e-01 4.233242273330688477e-01
1.021680831909179688e+00 -1.680745184421539307e-02 1.133912205696105957e+00 2.387535423040390015e-01 -1.134673506021499634e-01 -1.006005406379699707e+00 5.093716979026794434e-01 8.327304124832153320e-01 6.689930558204650879e-01 4.526243209838867188e-01
