5.259745121002197266e-01 -2.421142160892486572e-02 1.617080718278884888e-01 7.412886619567871094e-01 -4.372387230396270752e-01 -2.961428165435791016e-01 1.156085252761840820e+00 1.276575565338134766e+00 9.791918098926544189e-02 -1.068212866783142090e+00
5.223049521446228027e-01 -2.135945856571197510e-02 1.568001061677932739e-01 7.667928338050842285e-01 -4.241596758365631104e-01 -2.976073920726776123e-01 1.163053035736083984e+00 1.300787687301635742e+00 9.847114980220794678e-02 -1.067805528640747070e+00
4.255383014678955078e-01 -2.176714092493057251e-01 2.034869939088821411e-01 6.669907569885253906e-01 -6.357653737068176270e-01 -1.647473722696304321e-01 1.286653161048889160e+00 1.302083730697631836e+00 -3.100261092185974121e-02 -8.137122988700866699e-01
7.940511703491210938e-01 -6.843343377113342285e-01 2.219702452421188354e-01 5.226550698280334473e-01 -8.374294638633728027e-01 -1.426397711038589478e-01 1.582161903381347656e+00 1.239609003067016602e+00 -2.049134224653244019e-01 -5.517337918281555176e-01
8.210760951042175293e-01 -7.587106227874755859e-01 3.660883009433746338e-01 5.205121636390686035e-01 -7.460855841636657715e-01 -1.294270902872085571e-01 1.587403535842895508e+00 1.068105220794677734e+00 -3.068104088306427002e-01 -4.595495462417602539e-01
8.117651939392089844e-01 -7.550534009933471680e-01 3.452019393444061279e-01 5.686508417129516602e-01 -7.532623410224914551e-01 -1.597218662500381470e-01 1.600731015205383301e+00 1.080633997917175293e+00 -3.116293847560882568e-01 -4.541075229644775391e-01
8.134857416152954102e-01 -7.541576623916625977e-01 3.560095131397247314e-01 5.599297881126403809e-01 -7.553722858428955078e-01 -1.516951173543930054e-01 1.602892398834228516e+00 1.075238347053527832e+00 -3.091808259487152100e-01 -4.391452372074127197e-01
7.990784049034118652e-01 -7.461153268814086914e-01 3.630639314651489258e-01 5.563517212867736816e-01 -7.611586451530456543e-01 -1.394706517457962036e-01 1.591670036315917969e+00 1.063000082969665527e+00 -3.095121085643768311e-01 -4.464128613471984863e-01
8.072299361228942871e-01 -7.427977323532104492e-01 3.643538355827331543e-01 5.565637350082397461e-01 -7.493562102317810059e-01 -1.169507056474685669e-01 1.597915768623352051e+00 1.082296252250671387e+00 -3.178035318851470947e-01 -4.299694299697875977e-01
8.044277429580688477e-01 -7.523154020309448242e-01 3.687779307365417480e-01 5.397324562072753906e-01 -7.588358521461486816e-01 -1.276143938302993774e-01 1.601615667343139648e+00 1.068660497665405273e+00 -3.184293210506439209e-01 -4.315584003925323486e-01
8.065508604049682617e-01 -7.385864257812500000e-01 3.645720481872558594e-01 5.420570373535156250e-01 -7.574006319046020508e-01 -1.258857399225234985e-01 1.587614059448242188e+00 1.081423521041870117e+00 -3.108786046504974365e-01 -4.425131976604461670e-01
8.027611970901489258e-01 -7.550298571586608887e-01 3.539485335350036621e-01 5.556939840316772461e-01 -7.622632980346679688e-01 -1.387201994657516479e-01 1.600952267646789551e+00 1.064002394676208496e+00 -3.187810778617858887e-01 -4.450666010379791260e-01
8.045708537101745605e-01 -7.535912990570068359e-01 3.460921049118041992e-01 5.512536168098449707e-01 -7.665743231773376465e-01 -1.470784097909927368e-01 1.604922175407409668e+00 1.067472577095031738e+00 -3.069938123226165771e-01 -4.443728923797607422e-01
8.352929353713989258e-01 -7.582421898841857910e-01 3.650066554546356201e-01 5.810823440551757812e-01 -7.671140432357788086e-01 -1.264810711145401001e-01 1.613294243812561035e+00 1.081146001815795898e+00 -3.177586495876312256e-01 -4.509859085083007812e-01
5.998651981353759766e-01 -8.531622290611267090e-01 3.202688097953796387e-01 6.779186129570007324e-01 -5.566799640655517578e-01 4.015998542308807373e-02 1.930474042892456055e+00 1.077253699302673340e+00 -2.321536391973495483e-01 -3.274073898792266846e-01
7.687311172485351562e-01 -8.030905723571777344e-01 -4.664529114961624146e-06 5.773078203201293945e-01 5.861626565456390381e-02 1.187530606985092163e-01 1.519967079162597656e+00 1.312361717224121094e+00 -4.986407756805419922e-01 -8.613530993461608887e-01
1.107487082481384277e+00 -8.612772226333618164e-01 4.889960587024688721e-02 5.223813652992248535e-01 4.262685477733612061e-01 -1.072318106889724731e-01 1.119518995285034180e+00 1.489783167839050293e+00 -6.762009263038635254e-01 -8.734843730926513672e-01
1.108691334724426270e+00 -8.848341703414916992e-01 2.540080249309539795e-02 4.971860945224761963e-01 3.996934890747070312e-01 -1.101198941469192505e-01 1.103500008583068848e+00 1.490249991416931152e+00 -6.532424092292785645e-01 -8.918636441230773926e-01
1.092397809028625488e+00 -8.933320641517639160e-01 3.074081242084503174e-02 5.004110336303710938e-01 4.135228991508483887e-01 -1.146014481782913208e-01 1.101476550102233887e+00 1.488812685012817383e+00 -6.633173823356628418e-01 -8.728868365287780762e-01
1.098794579505920410e+00 -8.944228291511535645e-01 2.730269730091094971e-02 4.960294365882873535e-01 4.064219892024993896e-01 -1.203555017709732056e-01 1.097465753555297852e+00 1.490325212478637695e+00 -6.654161810874938965e-01 -8.644323348999023438e-01
1.104638457298278809e+00 -8.996109962463378906e-01 2.470575273036956787e-02 4.986306726932525635e-01 4.080133438110351562e-01 -1.175918728113174438e-01 1.097552299499511719e+00 1.498587250709533691e+00 -6.768974065780639648e-01 -8.670388460159301758e-01
1.090082049369812012e+00 -8.880560398101806641e-01 3.230063617229461670e-02 4.964848458766937256e-01 4.112749695777893066e-01 -1.156927496194839478e-01 1.082461476325988770e+00 1.482400655746459961e+00 -6.724875569343566895e-01 -8.619661927223205566e-01
1.104764819145202637e+00 -8.930569291114807129e-01 2.618695795536041260e-02 4.905224442481994629e-01 4.110454618930816650e-01 -1.175460964441299438e-01 1.100211143493652344e+00 1.492034792900085449e+00 -6.633940935134887695e-01 -8.683029413223266602e-01
5.142489075660705566e-01 -9.503958225250244141e-01 2.440313994884490967e-02 4.338282644748687744e-01 2.830741703510284424e-01 -7.096047699451446533e-02 1.002192616462707520e+00 1.168317198753356934e+00 -7.687818408012390137e-01 -6.569056510925292969e-01
4.675452113151550293e-01 -1.290017127990722656e+00 1.387023776769638062e-01 3.613610565662384033e-01 2.432107180356979370e-01 -2.012308984994888306e-01 1.396876335144042969e+00 1.309348583221435547e+00 -8.486573100090026855e-01 -1.365633606910705566e-01
4.662506878376007080e-01 -1.280925750732421875e+00 1.467121094465255737e-01 3.503211438655853271e-01 2.361089140176773071e-01 -1.989501267671585083e-01 1.393604159355163574e+00 1.314635276794433594e+00 -8.469106554985046387e-01 -1.351341605186462402e-01
4.714248478412628174e-01 -1.288404464721679688e+00 1.425022929906845093e-01 3.580696880817413330e-01 2.330750674009323120e-01 -2.025707811117172241e-01 1.393206000328063965e+00 1.319319009780883789e+00 -8.450571894645690918e-01 -1.372405290603637695e-01
4.668311476707458496e-01 -1.282733678817749023e+00 1.467623859643936157e-01 3.548416197299957275e-01 2.411236912012100220e-01 -1.955762654542922974e-01 1.392243146896362305e+00 1.309195637702941895e+00 -8.474279046058654785e-01 -1.408519148826599121e-01
4.664885997772216797e-01 -1.291220068931579590e+00 1.395109146833419800e-01 3.668799698352813721e-01 2.376675754785537720e-01 -1.993514448404312134e-01 1.408213138580322266e+00 1.310899019241333008e+00 -8.398268222808837891e-01 -1.324043869972229004e-01
4.797516167163848877e-01 -1.290175080299377441e+00 1.417772024869918823e-01 3.641352951526641846e-01 2.382474094629287720e-01 -1.927374750375747681e-01 1.406196832656860352e+00 1.312120318412780762e+00 -8.471372723579406738e-01 -1.242464780807495117e-01
8.087291121482849121e-01 -1.166442036628723145e+00 9.626330435276031494e-02 3.601852953433990479e-01 2.155509144067764282e-01 -2.111868709325790405e-01 1.197374463081359863e+00 1.260244727134704590e+00 -9.640179872512817383e-01 -6.562453508377075195e-02
1.042845368385314941e+00 -1.078007936477661133e+00 9.821131825447082520e-03 2.631916105747222900e-01 2.236493974924087524e-01 -2.048389166593551636e-01 9.913832545280456543e-01 1.220012903213500977e+00 -1.178313374519348145e+00 -1.282718777656555176e-01
1.045004367828369141e+00 -1.077348947525024414e+00 -3.503755200654268265e-03 2.742853462696075439e-01 2.275513261556625366e-01 -2.355202585458755493e-01 1.010738611221313477e+00 1.207629919052124023e+00 -1.162241935729980469e+00 -1.365021467208862305e-01
1.042747020721435547e+00 -1.077024698257446289e+00 8.190229535102844238e-03 2.655316889286041260e-01 2.278793305158615112e-01 -2.294819205999374390e-01 1.004635930061340332e+00 1.214238166809082031e+00 -1.166412949562072754e+00 -1.348217725753784180e-01
7.919627428054809570e-01 -6.371210217475891113e-01 2.542628347873687744e-02 3.466362059116363525e-01 5.874800682067871094e-01 -3.684351742267608643e-01 9.001588821411132812e-01 1.377144932746887207e+00 -8.941223621368408203e-01 -3.985620737075805664e-01
5.473381280899047852e-01 -4.936631321907043457e-01 9.541930258274078369e-02 4.600118696689605713e-01 7.466277480125427246e-01 -4.844962358474731445e-01 8.458833694458007812e-01 1.519779682159423828e+00 -8.271297812461853027e-01 -4.006540179252624512e-01
5.734649300575256348e-01 -5.560849308967590332e-01 1.108666807413101196e-01 3.232973217964172363e-01 7.450574636459350586e-01 -4.923890233039855957e-01 6.644782423973083496e-01 1.396415948867797852e+00 -9.769757390022277832e-01 -2.389863133430480957e-01
6.227699518203735352e-01 -5.620777606964111328e-01 9.352706372737884521e-02 3.138105273246765137e-01 7.675760388374328613e-01 -5.027364492416381836e-01 6.341145634651184082e-01 1.394377946853637695e+00 -1.008415579795837402e+00 -2.289161682128906250e-01
