9.289250373840332031e-01 3.352493047714233398e-01 -1.103366762399673462e-01 2.753808200359344482e-01 -1.456094235181808472e-01 -2.623440138995647430e-02 6.449358463287353516e-01 1.256796360015869141e+00 1.116345226764678955e-01 3.270605206489562988e-01
9.138190150260925293e-01 3.422306180000305176e-01 -1.070799380540847778e-01 2.830526232719421387e-01 -1.444461941719055176e-01 -2.700002305209636688e-02 6.610748767852783203e-01 1.256633758544921875e+00 1.155141890048980713e-01 3.274005651473999023e-01
8.020213842391967773e-01 1.362156718969345093e-01 -3.478471934795379639e-02 2.302154600620269775e-01 -2.657993137836456299e-01 1.003039330244064331e-01 7.303384542465209961e-01 1.250527143478393555e+00 2.352967858314514160e-02 4.175766110420227051e-01
1.168509602546691895e+00 -3.299165368080139160e-01 2.325417101383209229e-02 1.338238716125488281e-01 -4.266899228096008301e-01 2.296169251203536987e-01 9.935205578804016113e-01 1.266936302185058594e+00 -6.753385066986083984e-02 6.486303806304931641e-01
1.210281133651733398e+00 -4.818809628486633301e-01 1.769797503948211670e-02 1.658708453178405762e-01 -5.301843881607055664e-01 2.880848646163940430e-01 1.089751482009887695e+00 1.236578941345214844e+00 -1.192992925643920898e-01 6.829940676689147949e-01
1.203409075736999512e+00 -4.794083237648010254e-01 3.979013860225677490e-02 1.777661144733428955e-01 -5.600916743278503418e-01 3.473109602928161621e-01 1.089933514595031738e+00 1.216006278991699219e+00 -1.129721403121948242e-01 6.823010444641113281e-01
1.198788762092590332e+00 -4.792234301567077637e-01 3.135015070438385010e-02 1.801615953445434570e-01 -5.677019953727722168e-01 3.329241871833801270e-01 1.084574341773986816e+00 1.228652358055114746e+00 -1.087883189320564270e-01 6.667335629463195801e-01
1.197848916053771973e+00 -4.766958355903625488e-01 2.760757505893707275e-02 1.782447397708892822e-01 -5.787584185600280762e-01 3.432432413101196289e-01 1.081537842750549316e+00 1.230887889862060547e+00 -1.109629645943641663e-01 6.686232089996337891e-01
1.204034090042114258e+00 -4.776312112808227539e-01 4.495356976985931396e-02 1.914671659469604492e-01 -5.656164288520812988e-01 3.414902687072753906e-01 1.078903317451477051e+00 1.224158048629760742e+00 -1.051678061485290527e-01 6.747828722000122070e-01
1.249099373817443848e+00 -4.969004988670349121e-01 5.128158628940582275e-02 2.222770154476165771e-01 -5.720763206481933594e-01 3.591628670692443848e-01 1.104387164115905762e+00 1.238793611526489258e+00 -1.027255803346633911e-01 6.233425140380859375e-01
7.684171199798583984e-01 -7.162583470344543457e-01 2.181359082460403442e-01 3.894758224487304688e-01 -1.631173789501190186e-01 5.106950402259826660e-01 1.450933575630187988e+00 1.094995260238647461e+00 -2.003061771392822266e-02 5.389631390571594238e-01
1.013426661491394043e+00 -7.351634502410888672e-01 -3.236974477767944336e-01 3.936628401279449463e-01 4.968455731868743896e-01 6.452755331993103027e-01 1.109282374382019043e+00 1.355140447616577148e+00 -1.857567429542541504e-01 -1.852439045906066895e-01
1.252848029136657715e+00 -8.166065812110900879e-01 -3.830022811889648438e-01 3.015930354595184326e-01 6.640755534172058105e-01 4.943542480468750000e-01 8.297685980796813965e-01 1.372636914253234863e+00 -3.259883821010589600e-01 -2.761794328689575195e-01
1.263693690299987793e+00 -8.212597966194152832e-01 -3.952062129974365234e-01 3.259680569171905518e-01 6.681985259056091309e-01 4.877855181694030762e-01 8.238671422004699707e-01 1.388749122619628906e+00 -3.268976509571075439e-01 -2.872162461280822754e-01
1.260017752647399902e+00 -8.167731761932373047e-01 -3.880605101585388184e-01 3.164830803871154785e-01 6.626632213592529297e-01 4.961917996406555176e-01 8.170391917228698730e-01 1.390757322311401367e+00 -3.271382153034210205e-01 -2.861235737800598145e-01
1.262240052223205566e+00 -8.214430809020996094e-01 -3.873754143714904785e-01 3.107725977897644043e-01 6.702905297279357910e-01 4.885211586952209473e-01 8.163921833038330078e-01 1.380675673484802246e+00 -3.269430696964263916e-01 -2.813735604286193848e-01
5.423390865325927734e-01 -1.010520577430725098e+00 -3.414524495601654053e-01 2.572021186351776123e-01 4.163828492164611816e-01 4.648398756980895996e-01 1.240542531013488770e+00 1.285386562347412109e+00 -5.193219780921936035e-01 2.521619796752929688e-01
5.584859251976013184e-01 -9.607194662094116211e-01 -2.989808619022369385e-01 2.458212673664093018e-01 4.077666103839874268e-01 4.457643628120422363e-01 1.277171492576599121e+00 1.254445195198059082e+00 -4.692840278148651123e-01 3.784925937652587891e-01
5.681449770927429199e-01 -9.482038021087646484e-01 -2.904791235923767090e-01 2.428248226642608643e-01 4.052819907665252686e-01 4.472087025642395020e-01 1.284085631370544434e+00 1.262129187583923340e+00 -4.719729721546173096e-01 3.883498311042785645e-01
5.724397897720336914e-01 -9.516727328300476074e-01 -2.969676852226257324e-01 2.405045926570892334e-01 4.108537137508392334e-01 4.528778195381164551e-01 1.286921620368957520e+00 1.250871181488037109e+00 -4.730034768581390381e-01 3.906025290489196777e-01
5.889579057693481445e-01 -9.216510057449340820e-01 -2.865921258926391602e-01 2.550257146358489990e-01 3.929955661296844482e-01 4.474126100540161133e-01 1.296511173248291016e+00 1.280695199966430664e+00 -4.669452607631683350e-01 4.118391275405883789e-01
1.086508512496948242e+00 -8.867778182029724121e-01 -4.832042455673217773e-01 2.164994776248931885e-01 3.895736634731292725e-01 3.803928494453430176e-01 9.950014948844909668e-01 1.275738120079040527e+00 -6.857314705848693848e-01 4.106448888778686523e-01
1.228034138679504395e+00 -8.101361989974975586e-01 -5.027832984924316406e-01 4.694494605064392090e-02 3.445146381855010986e-01 3.818809986114501953e-01 8.955728411674499512e-01 1.254495739936828613e+00 -7.568399906158447266e-01 4.173905849456787109e-01
9.893153905868530273e-01 -5.471470952033996582e-01 -5.044313073158264160e-01 4.797533154487609863e-02 6.120046973228454590e-01 2.595266103744506836e-01 7.354043722152709961e-01 1.364691495895385742e+00 -6.338966488838195801e-01 3.859187960624694824e-01
6.126971840858459473e-01 -3.188179135322570801e-01 -4.536921083927154541e-01 1.729659140110015869e-01 9.563878178596496582e-01 4.216097295284271240e-02 6.664114594459533691e-01 1.465453863143920898e+00 -4.830019474029541016e-01 3.574088811874389648e-01
6.800656914710998535e-01 -3.313073515892028809e-01 -5.358469486236572266e-01 2.399215102195739746e-01 9.679314494132995605e-01 -1.390856653451919556e-01 6.613277196884155273e-01 1.518844366073608398e+00 -5.487049818038940430e-01 4.906143546104431152e-01
