8.299416899681091309e-01 4.175587892532348633e-01 -1.232016205787658691e+00 3.720616996288299561e-01 -4.656895399093627930e-01 -1.274360567331314087e-01 5.776512026786804199e-01 1.312608480453491211e+00 3.391115665435791016e-01 5.154866576194763184e-01
8.221464157104492188e-01 4.187226891517639160e-01 -1.219149112701416016e+00 3.637444972991943359e-01 -4.980408847332000732e-01 -1.394314318895339966e-01 6.222989559173583984e-01 1.329867362976074219e+00 3.452441692352294922e-01 5.322031378746032715e-01
6.620420217514038086e-01 4.480858147144317627e-01 -9.251288771629333496e-01 3.788152933120727539e-01 -5.993807911872863770e-01 -8.060194551944732666e-02 1.224674224853515625e+00 1.229857087135314941e+00 6.335905194282531738e-01 6.248903274536132812e-01
1.008564710617065430e+00 8.532146215438842773e-01 -1.119167327880859375e+00 3.993247449398040771e-01 -2.992902398109436035e-01 1.964760273694992065e-01 8.451610207557678223e-01 1.235730171203613281e+00 9.670293927192687988e-01 1.993969082832336426e-01
1.151449561119079590e+00 1.123201966285705566e+00 -1.095137596130371094e+00 4.406246542930603027e-01 -1.541891545057296753e-01 3.467479348182678223e-01 7.428985238075256348e-01 1.350998163223266602e+00 1.074430823326110840e+00 8.730468153953552246e-02
1.180515766143798828e+00 1.173598766326904297e+00 -1.081137776374816895e+00 3.848068416118621826e-01 -1.214647740125656128e-01 4.037061929702758789e-01 7.139135599136352539e-01 1.374301195144653320e+00 1.085574865341186523e+00 3.654218092560768127e-02
1.121219396591186523e+00 1.375967025756835938e+00 -1.063027501106262207e+00 4.038782119750976562e-01 -5.486895143985748291e-02 3.595887422561645508e-01 6.992743015289306641e-01 1.373551845550537109e+00 1.000004529953002930e+00 1.963948607444763184e-01
1.127823233604431152e+00 1.372734904289245605e+00 -1.068451046943664551e+00 4.025931358337402344e-01 -6.528337299823760986e-02 3.467751145362854004e-01 6.985657811164855957e-01 1.368494391441345215e+00 9.974387288093566895e-01 2.025732696056365967e-01
1.130184412002563477e+00 1.367487668991088867e+00 -1.079310297966003418e+00 4.050968289375305176e-01 -5.417375266551971436e-02 3.520776629447937012e-01 6.904065608978271484e-01 1.388278722763061523e+00 9.936609864234924316e-01 1.834544241428375244e-01
1.116932272911071777e+00 1.376074552536010742e+00 -1.076407194137573242e+00 4.080221056938171387e-01 -5.870056152343750000e-02 3.493297100067138672e-01 6.876043677330017090e-01 1.373213410377502441e+00 9.916827082633972168e-01 2.005372941493988037e-01
1.120142221450805664e+00 1.381822109222412109e+00 -1.066119194030761719e+00 4.196870028972625732e-01 -5.041085183620452881e-02 3.452681303024291992e-01 6.976992487907409668e-01 1.378321170806884766e+00 9.953473210334777832e-01 1.933469176292419434e-01
1.126076817512512207e+00 1.379179120063781738e+00 -1.073224782943725586e+00 4.046566784381866455e-01 -5.492405593395233154e-02 3.379283547401428223e-01 6.978644132614135742e-01 1.375660657882690430e+00 9.983941316604614258e-01 1.959091424942016602e-01
1.117915511131286621e+00 1.376143455505371094e+00 -1.053083300590515137e+00 4.056794345378875732e-01 -5.681411921977996826e-02 3.630408644676208496e-01 7.032707333564758301e-01 1.380945801734924316e+00 9.857729673385620117e-01 1.943569183349609375e-01
1.143778562545776367e+00 1.390007853507995605e+00 -1.065338134765625000e+00 3.638184368610382080e-01 4.316553473472595215e-02 4.967468976974487305e-01 6.349032521247863770e-01 1.373692989349365234e+00 9.949762821197509766e-01 1.222218573093414307e-01
1.013429284095764160e+00 9.588994979858398438e-01 -5.563598871231079102e-01 3.832581937313079834e-01 7.251743078231811523e-01 1.619300365447998047e+00 5.259130597114562988e-01 1.149222612380981445e+00 1.229412198066711426e+00 1.328393816947937012e-01
7.874513864517211914e-01 7.598928213119506836e-01 -1.085866689682006836e+00 3.502005338668823242e-01 1.377307653427124023e+00 2.272759526968002319e-01 -2.072184681892395020e-01 7.626466751098632812e-01 1.202041506767272949e+00 1.805842295289039612e-02
7.293619513511657715e-01 8.303121328353881836e-01 -9.624536037445068359e-01 3.811930119991302490e-01 1.474356293678283691e+00 1.070298403501510620e-01 -4.483724236488342285e-01 7.395910024642944336e-01 1.130888342857360840e+00 4.938459768891334534e-02
7.337774634361267090e-01 8.224986791610717773e-01 -9.626124501228332520e-01 3.829391896724700928e-01 1.477934360504150391e+00 1.074356883764266968e-01 -4.464559555053710938e-01 7.398877143859863281e-01 1.140113234519958496e+00 3.681397810578346252e-02
7.318499088287353516e-01 8.250283002853393555e-01 -9.608907103538513184e-01 3.795251250267028809e-01 1.473742485046386719e+00 1.098394244909286499e-01 -4.580445289611816406e-01 7.475926876068115234e-01 1.139158368110656738e+00 4.201829805970191956e-02
7.327731251716613770e-01 8.281142711639404297e-01 -9.612665176391601562e-01 3.867816627025604248e-01 1.489651679992675781e+00 1.087060421705245972e-01 -4.485216736793518066e-01 7.496251463890075684e-01 1.133825421333312988e+00 3.654796257615089417e-02
7.268092036247253418e-01 8.280299305915832520e-01 -9.469798803329467773e-01 3.967017829418182373e-01 1.482844233512878418e+00 1.031690984964370728e-01 -4.734808206558227539e-01 7.518135905265808105e-01 1.124414086341857910e+00 4.523474350571632385e-02
7.301095128059387207e-01 8.302035331726074219e-01 -9.462364912033081055e-01 3.831613957881927490e-01 1.470983743667602539e+00 1.038575619459152222e-01 -4.741394519805908203e-01 7.520784139633178711e-01 1.121349692344665527e+00 4.328096285462379456e-02
7.332971096038818359e-01 8.165678977966308594e-01 -9.502496719360351562e-01 3.860562443733215332e-01 1.479181408882141113e+00 9.614787995815277100e-02 -4.679550528526306152e-01 7.439672946929931641e-01 1.135459780693054199e+00 4.167759791016578674e-02
1.025880932807922363e+00 9.402954578399658203e-01 -3.432542085647583008e-01 4.469646513462066650e-01 1.363548517227172852e+00 6.448931097984313965e-01 -3.414151072502136230e-01 8.061359524726867676e-01 1.505518078804016113e+00 2.357207536697387695e-01
1.278917074203491211e+00 1.573432207107543945e+00 -2.816151976585388184e-01 2.566541731357574463e-01 1.289906859397888184e+00 1.010529756546020508e+00 -5.313217639923095703e-01 1.062898159027099609e+00 1.070352315902709961e+00 -1.935678347945213318e-02
1.287436127662658691e+00 1.585682988166809082e+00 -2.838304638862609863e-01 2.538973391056060791e-01 1.276832342147827148e+00 1.011807441711425781e+00 -5.306600332260131836e-01 1.060533285140991211e+00 1.067655682563781738e+00 -2.504068240523338318e-02
1.273699641227722168e+00 1.583876013755798340e+00 -2.808994352817535400e-01 2.672969400882720947e-01 1.287095546722412109e+00 1.020132064819335938e+00 -5.362092852592468262e-01 1.064510941505432129e+00 1.065227150917053223e+00 -1.976048573851585388e-02
1.284785151481628418e+00 1.585782289505004883e+00 -2.818698883056640625e-01 2.611412107944488525e-01 1.283924460411071777e+00 1.019645452499389648e+00 -5.394961237907409668e-01 1.066738009452819824e+00 1.062778830528259277e+00 -1.662087067961692810e-02
1.289950609207153320e+00 1.585194826126098633e+00 -2.766588032245635986e-01 2.663543522357940674e-01 1.290486574172973633e+00 1.013162970542907715e+00 -5.342295169830322266e-01 1.060373425483703613e+00 1.063827991485595703e+00 -2.374338731169700623e-02
1.183980464935302734e+00 1.411240577697753906e+00 -2.970993816852569580e-01 3.181041777133941650e-01 1.336051821708679199e+00 9.296090602874755859e-01 -4.884240031242370605e-01 9.872238039970397949e-01 1.210879921913146973e+00 5.104649439454078674e-02
1.499404549598693848e+00 1.613680958747863770e+00 -1.715169697999954224e-01 3.057807385921478271e-01 7.912326455116271973e-01 4.428204298019409180e-01 -4.695191979408264160e-01 1.124491453170776367e+00 1.039719939231872559e+00 -9.190636873245239258e-02
1.445906877517700195e+00 1.505232930183410645e+00 -1.911792904138565063e-01 4.290815889835357666e-01 6.316637396812438965e-01 1.036327332258224487e-01 -4.812495410442352295e-01 1.314958453178405762e+00 9.306985139846801758e-01 -1.049154624342918396e-02
1.438798189163208008e+00 1.509754657745361328e+00 -1.872964054346084595e-01 4.458892047405242920e-01 6.198118925094604492e-01 1.043974906206130981e-01 -4.853202402591705322e-01 1.317005157470703125e+00 9.291331171989440918e-01 -1.824479922652244568e-02
1.422067761421203613e+00 1.499112129211425781e+00 -2.108454555273056030e-01 4.353281855583190918e-01 6.284658312797546387e-01 6.899045407772064209e-02 -4.979174435138702393e-01 1.289377927780151367e+00 9.436244964599609375e-01 -2.412277087569236755e-02
1.066039919853210449e+00 9.279371500015258789e-01 -2.101609259843826294e-01 3.509743511676788330e-01 8.425363898277282715e-01 -1.680735200643539429e-01 -5.350753664970397949e-01 9.336660504341125488e-01 7.701104879379272461e-01 1.703084111213684082e-01
1.097967028617858887e+00 4.266552925109863281e-01 -9.207941591739654541e-02 8.996813558042049408e-03 9.683051109313964844e-01 -4.470200836658477783e-02 -1.004016041755676270e+00 6.550413966178894043e-01 5.793063044548034668e-01 2.435537576675415039e-01
1.229385614395141602e+00 6.459802389144897461e-01 -1.352064311504364014e-02 4.621194303035736084e-02 9.420196413993835449e-01 1.849477179348468781e-02 -1.183953404426574707e+00 7.538297772407531738e-01 4.729652702808380127e-01 2.381017804145812988e-01
1.255609393119812012e+00 6.442394256591796875e-01 -1.691745221614837646e-02 5.757582187652587891e-02 9.367209672927856445e-01 7.865293882787227631e-04 -1.181214690208435059e+00 7.737832665443420410e-01 4.797293841838836670e-01 2.207776904106140137e-01
