9.633268117904663086e-01 2.644305825233459473e-01 -1.770630329847335815e-01 2.693669497966766357e-01 -2.271663993597030640e-01 -5.070967972278594971e-02 7.023908495903015137e-01 1.139144778251647949e+00 2.222974449396133423e-01 3.057702183723449707e-01
9.281330108642578125e-01 2.515555620193481445e-01 -1.364460140466690063e-01 2.266601473093032837e-01 -2.214595526456832886e-01 -1.448304764926433563e-02 6.617175340652465820e-01 1.082569122314453125e+00 1.863190978765487671e-01 3.407180905342102051e-01
8.982675075531005859e-01 -8.243764936923980713e-02 -7.077448070049285889e-02 1.008024811744689941e-01 -3.816470503807067871e-01 4.993222653865814209e-02 8.228797316551208496e-01 1.027571320533752441e+00 7.002820074558258057e-02 5.185870528221130371e-01
1.271372199058532715e+00 -4.931608438491821289e-01 -1.668171584606170654e-02 7.950228452682495117e-02 -4.973951876163482666e-01 2.539778351783752441e-01 1.059535145759582520e+00 9.820312857627868652e-01 -1.114596426486968994e-02 6.236749291419982910e-01
1.208345770835876465e+00 -5.417504310607910156e-01 -1.665560901165008545e-02 1.031959950923919678e-01 -5.628868937492370605e-01 2.336994856595993042e-01 1.088245868682861328e+00 9.790388345718383789e-01 -7.109403610229492188e-03 6.564041972160339355e-01
1.193891763687133789e+00 -5.517837405204772949e-01 -2.503912150859832764e-02 1.015716791152954102e-01 -5.959519743919372559e-01 2.793172001838684082e-01 1.087780356407165527e+00 9.869184494018554688e-01 -6.471797823905944824e-03 6.337469220161437988e-01
1.186113715171813965e+00 -5.451661944389343262e-01 -3.117068111896514893e-02 1.052633821964263916e-01 -6.149409413337707520e-01 2.850751280784606934e-01 1.088744282722473145e+00 9.767685532569885254e-01 -2.948492765426635742e-03 6.328555941581726074e-01
1.195477604866027832e+00 -5.328224897384643555e-01 -5.835995543748140335e-03 8.571365475654602051e-02 -5.862793326377868652e-01 2.824624180793762207e-01 1.075424551963806152e+00 9.702833294868469238e-01 -1.668191701173782349e-02 6.508328318595886230e-01
1.189731717109680176e+00 -5.435669422149658203e-01 -3.073494136333465576e-02 1.033957302570343018e-01 -6.035326123237609863e-01 2.785563468933105469e-01 1.086407184600830078e+00 9.930805563926696777e-01 -5.408063530921936035e-03 6.373093724250793457e-01
1.196540951728820801e+00 -5.388960838317871094e-01 -1.948167383670806885e-02 9.789299964904785156e-02 -5.821328759193420410e-01 2.700793147087097168e-01 1.068812131881713867e+00 9.682815670967102051e-01 -1.654027402400970459e-02 6.571998000144958496e-01
1.197260975837707520e+00 -5.410310029983520508e-01 -2.041824162006378174e-02 1.006164252758026123e-01 -5.696347355842590332e-01 2.529102563858032227e-01 1.074641823768615723e+00 9.782550334930419922e-01 -8.205071091651916504e-03 6.512221693992614746e-01
1.201080441474914551e+00 -5.373215675354003906e-01 -2.084802091121673584e-02 1.080790162086486816e-01 -5.844418406486511230e-01 2.720631957054138184e-01 1.083245038986206055e+00 9.729775786399841309e-01 -1.345480233430862427e-02 6.501219868659973145e-01
1.192552924156188965e+00 -5.367106199264526367e-01 -1.869936287403106689e-02 1.020861864089965820e-01 -5.830383896827697754e-01 2.636714577674865723e-01 1.083117961883544922e+00 9.721651077270507812e-01 -1.752501726150512695e-02 6.468396782875061035e-01
1.231202363967895508e+00 -5.745392441749572754e-01 -3.967747557908296585e-03 1.430120766162872314e-01 -5.905218124389648438e-01 3.269056677818298340e-01 1.144921183586120605e+00 9.736703038215637207e-01 1.734685897827148438e-02 5.680163502693176270e-01
6.227752566337585449e-01 -7.932345271110534668e-01 1.372719854116439819e-01 2.793934047222137451e-01 -1.899707168340682983e-01 5.150530934333801270e-01 1.485973238945007324e+00 8.577629923820495605e-01 -2.186751365661621094e-02 4.687914252281188965e-01
1.111249566078186035e+00 -8.758522272109985352e-01 -4.937963485717773438e-01 2.579208016395568848e-01 5.962296128273010254e-01 5.313128232955932617e-01 8.332117795944213867e-01 1.171355009078979492e+00 -3.142594993114471436e-01 -3.528311252593994141e-01
9.663411378860473633e-01 -8.883103132247924805e-01 -5.082150697708129883e-01 3.114365637302398682e-01 6.884489059448242188e-01 3.601126074790954590e-01 5.736669898033142090e-01 1.203746318817138672e+00 -4.670239984989166260e-01 -4.649330377578735352e-01
9.822258949279785156e-01 -8.948335647583007812e-01 -5.186116695404052734e-01 3.163405358791351318e-01 6.853966116905212402e-01 3.683370351791381836e-01 5.632188320159912109e-01 1.206578016281127930e+00 -4.667629301548004150e-01 -4.735379815101623535e-01
9.762609004974365234e-01 -8.988479375839233398e-01 -5.172835588455200195e-01 3.033729195594787598e-01 6.834127902984619141e-01 3.623228669166564941e-01 5.631209611892700195e-01 1.203873872756958008e+00 -4.645340740680694580e-01 -4.743495285511016846e-01
9.820558428764343262e-01 -8.907090425491333008e-01 -5.128138065338134766e-01 3.138724267482757568e-01 6.893094182014465332e-01 3.727210164070129395e-01 5.730435252189636230e-01 1.205586910247802734e+00 -4.702135026454925537e-01 -4.592676758766174316e-01
9.767009615898132324e-01 -8.887013196945190430e-01 -5.028221607208251953e-01 3.104576766490936279e-01 6.798909306526184082e-01 3.603783845901489258e-01 5.681911110877990723e-01 1.204760432243347168e+00 -4.707556068897247314e-01 -4.684488177299499512e-01
9.729529619216918945e-01 -8.917431831359863281e-01 -5.071488022804260254e-01 3.020294010639190674e-01 6.830435991287231445e-01 3.603106141090393066e-01 5.645278692245483398e-01 1.201457023620605469e+00 -4.624884426593780518e-01 -4.544632732868194580e-01
9.694205522537231445e-01 -8.870435953140258789e-01 -5.112423896789550781e-01 3.033477663993835449e-01 6.874752640724182129e-01 3.673922419548034668e-01 5.682265758514404297e-01 1.199167132377624512e+00 -4.684704840183258057e-01 -4.685538113117218018e-01
4.249522089958190918e-01 -1.073428511619567871e+00 -4.884560704231262207e-01 2.187095582485198975e-01 6.342064738273620605e-01 4.020482301712036133e-01 8.091357946395874023e-01 1.144165277481079102e+00 -6.636558175086975098e-01 -2.525163292884826660e-01
3.861292302608489990e-01 -1.063633441925048828e+00 -3.881492018699645996e-01 2.511602342128753662e-01 4.870385825634002686e-01 3.061133027076721191e-01 9.639231562614440918e-01 1.040925741195678711e+00 -6.312496066093444824e-01 1.496931314468383789e-01
3.809914588928222656e-01 -1.060645103454589844e+00 -3.878935277462005615e-01 2.521174252033233643e-01 4.752921760082244873e-01 3.029158711433410645e-01 9.670137763023376465e-01 1.040949463844299316e+00 -6.278595328330993652e-01 1.466222405433654785e-01
3.746592998504638672e-01 -1.057315111160278320e+00 -3.837334215641021729e-01 2.649751603603363037e-01 4.799402058124542236e-01 3.015630841255187988e-01 9.762954711914062500e-01 1.042381882667541504e+00 -6.239748001098632812e-01 1.450293064117431641e-01
3.786128163337707520e-01 -1.059095859527587891e+00 -3.941220343112945557e-01 2.580064237117767334e-01 4.819914400577545166e-01 3.072245717048645020e-01 9.699950814247131348e-01 1.047154307365417480e+00 -6.270775794982910156e-01 1.463525295257568359e-01
3.801914155483245850e-01 -1.067113876342773438e+00 -3.909218907356262207e-01 2.608625590801239014e-01 4.770765006542205811e-01 3.014127612113952637e-01 9.675889611244201660e-01 1.043593645095825195e+00 -6.218315362930297852e-01 1.410124897956848145e-01
3.860960006713867188e-01 -1.034479856491088867e+00 -3.928836882114410400e-01 2.544963061809539795e-01 4.842748343944549561e-01 3.286712765693664551e-01 9.402338862419128418e-01 1.065310478210449219e+00 -6.010420918464660645e-01 1.400342583656311035e-01
8.722777962684631348e-01 -9.820771813392639160e-01 -6.324447393417358398e-01 2.345695197582244873e-01 4.483453929424285889e-01 2.411399334669113159e-01 6.873090267181396484e-01 1.041915178298950195e+00 -8.578045964241027832e-01 1.146425604820251465e-01
9.570537805557250977e-01 -9.345223903656005859e-01 -6.639841794967651367e-01 9.384319186210632324e-02 4.418133795261383057e-01 2.579513192176818848e-01 6.145352125167846680e-01 1.042540073394775391e+00 -8.605812191963195801e-01 7.875543832778930664e-02
9.506700634956359863e-01 -9.359527826309204102e-01 -6.592272520065307617e-01 7.933196425437927246e-02 4.435516893863677979e-01 2.687438130378723145e-01 6.211324334144592285e-01 1.027547478675842285e+00 -8.636885881423950195e-01 7.977300882339477539e-02
9.550489783287048340e-01 -9.189893007278442383e-01 -6.548517942428588867e-01 7.147309184074401855e-02 4.623156487941741943e-01 2.472537606954574585e-01 6.217547655105590820e-01 1.005373954772949219e+00 -8.745971918106079102e-01 9.111112356185913086e-02
5.291000604629516602e-01 -4.953500032424926758e-01 -6.171673536300659180e-01 1.755113601684570312e-01 7.904419302940368652e-01 1.475187987089157104e-01 4.442125558853149414e-01 1.114501953125000000e+00 -6.701274514198303223e-01 -5.318885669112205505e-02
3.417462110519409180e-01 -3.984789848327636719e-01 -5.498795509338378906e-01 2.765908837318420410e-01 9.326497316360473633e-01 5.602495372295379639e-02 3.394143581390380859e-01 1.098307847976684570e+00 -7.266756892204284668e-01 3.172225132584571838e-02
3.455103635787963867e-01 -4.000283777713775635e-01 -5.785723328590393066e-01 3.012024760246276855e-01 9.192619919776916504e-01 -6.491918861865997314e-02 3.100808858871459961e-01 1.136966228485107422e+00 -8.006262183189392090e-01 1.083164811134338379e-01
3.809714317321777344e-01 -4.138170182704925537e-01 -6.024491786956787109e-01 3.147080540657043457e-01 9.211663007736206055e-01 -1.051728278398513794e-01 3.207300305366516113e-01 1.162729263305664062e+00 -8.118104338645935059e-01 1.124437451362609863e-01
