4.603900909423828125e-01 6.269536912441253662e-02 4.964748024940490723e-01 5.506384968757629395e-01 -4.808766841888427734e-01 -1.058162003755569458e-01 9.280357956886291504e-01 1.195594191551208496e+00 1.299881935119628906e-02 -9.735279679298400879e-01
4.818130135536193848e-01 4.779468476772308350e-02 4.611717462539672852e-01 5.840481519699096680e-01 -4.990884959697723389e-01 -1.431917399168014526e-01 9.416617155075073242e-01 1.220776081085205078e+00 5.851790308952331543e-03 -9.875532984733581543e-01
4.265989661216735840e-01 -6.812110077589750290e-03 5.277266502380371094e-01 5.236170291900634766e-01 -5.226564407348632812e-01 -5.291722714900970459e-02 9.560764431953430176e-01 1.201069712638854980e+00 -4.717753827571868896e-02 -8.675625920295715332e-01
3.340517282485961914e-01 -3.683497011661529541e-02 4.892151653766632080e-01 5.161970257759094238e-01 -6.029058098793029785e-01 -3.055102936923503876e-02 9.684078097343444824e-01 1.211751461029052734e+00 -6.943143159151077271e-02 -8.285477161407470703e-01
2.885826230049133301e-01 -4.645958077162504196e-03 4.193341434001922607e-01 5.015323162078857422e-01 -6.448689699172973633e-01 4.118816461414098740e-03 9.861308336257934570e-01 1.233745336532592773e+00 -3.264769911766052246e-02 -8.879603147506713867e-01
3.485127687454223633e-01 -8.042182028293609619e-02 4.463563561439514160e-01 4.837790429592132568e-01 -7.317835092544555664e-01 -6.657980382442474365e-02 8.529646992683410645e-01 1.244311451911926270e+00 -1.222151964902877808e-01 -8.532161712646484375e-01
4.395436644554138184e-01 -1.709312349557876587e-01 5.592358112335205078e-01 5.621960163116455078e-01 -8.119835853576660156e-01 -1.166575998067855835e-01 8.378036618232727051e-01 1.207402706146240234e+00 -2.495350092649459839e-01 -7.602041363716125488e-01
5.501281023025512695e-01 -1.411940008401870728e-01 5.342240929603576660e-01 4.428114295005798340e-01 -7.255461812019348145e-01 -2.085578590631484985e-01 7.193115353584289551e-01 1.059946537017822266e+00 -2.369766980409622192e-01 -7.488846778869628906e-01
6.140910387039184570e-01 -1.612371951341629028e-01 5.349188446998596191e-01 3.774596452713012695e-01 -6.688043475151062012e-01 -2.667312026023864746e-01 6.762492060661315918e-01 1.067250013351440430e+00 -2.318857908248901367e-01 -7.812115550041198730e-01
1.001409411430358887e+00 -5.543348789215087891e-01 6.663714647293090820e-01 3.753414750099182129e-01 -7.129440903663635254e-01 -2.056454867124557495e-01 3.874649405479431152e-01 1.020080089569091797e+00 -6.308305859565734863e-01 -7.169759869575500488e-01
1.309730887413024902e+00 -6.451021432876586914e-01 5.778291225433349609e-01 3.741110861301422119e-01 -6.756063699722290039e-01 -3.509593009948730469e-01 -4.544932022690773010e-02 1.004109263420104980e+00 -7.857469916343688965e-01 -9.447422623634338379e-01
1.293118238449096680e+00 -6.380115747451782227e-01 5.909553766250610352e-01 3.690554499626159668e-01 -6.770887374877929688e-01 -3.492358028888702393e-01 -5.376333370804786682e-02 9.905614256858825684e-01 -7.819197773933410645e-01 -9.507505893707275391e-01
1.301237225532531738e+00 -6.401904225349426270e-01 5.871459245681762695e-01 3.756708204746246338e-01 -6.870357990264892578e-01 -3.443902134895324707e-01 -6.222588196396827698e-02 1.001046419143676758e+00 -7.904137969017028809e-01 -9.499731659889221191e-01
1.286677956581115723e+00 -6.394968032836914062e-01 5.964325070381164551e-01 3.790894448757171631e-01 -6.863831281661987305e-01 -3.462974429130554199e-01 -7.360869646072387695e-02 9.962626099586486816e-01 -7.845802903175354004e-01 -9.372450113296508789e-01
1.303449869155883789e+00 -6.371802687644958496e-01 5.901182889938354492e-01 3.754087388515472412e-01 -6.772917509078979492e-01 -3.353278636932373047e-01 -6.870824098587036133e-02 1.003905773162841797e+00 -7.796500325202941895e-01 -9.434960484504699707e-01
1.160944938659667969e+00 -6.539756655693054199e-01 2.831330001354217529e-01 3.777167499065399170e-01 -6.799429059028625488e-01 -7.523142099380493164e-01 -8.810971379280090332e-01 1.042359232902526855e+00 -1.197407126426696777e+00 -1.294964432716369629e+00
-1.275573819875717163e-01 -6.161299943923950195e-01 1.061232239007949829e-01 4.867532849311828613e-01 -9.876515269279479980e-01 -1.890815347433090210e-01 3.711038827896118164e-01 7.523805499076843262e-01 -1.261346101760864258e+00 -7.423732876777648926e-01
-1.296504884958267212e-01 -6.326856613159179688e-01 1.200828105211257935e-01 4.367961585521697998e-01 -1.007544755935668945e+00 -1.407891958951950073e-01 4.086864590644836426e-01 7.159534096717834473e-01 -1.287783026695251465e+00 -6.985825896263122559e-01
-1.234984546899795532e-01 -6.364606618881225586e-01 1.144366115331649780e-01 4.475103914737701416e-01 -1.007820725440979004e+00 -1.582935601472854614e-01 4.223681092262268066e-01 7.126448750495910645e-01 -1.293738365173339844e+00 -7.000061869621276855e-01
-1.168742179870605469e-01 -6.439268589019775391e-01 1.123720556497573853e-01 4.620104730129241943e-01 -1.014995813369750977e+00 -1.505406647920608521e-01 4.249563813209533691e-01 7.117933630943298340e-01 -1.288414239883422852e+00 -6.961494088172912598e-01
-2.131447643041610718e-01 -2.437591105699539185e-01 5.055786669254302979e-02 5.132615566253662109e-01 -8.283979892730712891e-01 3.416074812412261963e-02 8.069783449172973633e-01 8.080279827117919922e-01 -1.019485116004943848e+00 -8.318925499916076660e-01
-4.215356707572937012e-01 -1.219440251588821411e-01 1.434986740350723267e-01 4.086213707923889160e-01 -1.179918766021728516e+00 -2.480379790067672729e-01 4.476265311241149902e-01 7.786472439765930176e-01 -9.639483094215393066e-01 -9.409608840942382812e-01
-4.799749255180358887e-01 -3.615559637546539307e-02 9.600724279880523682e-02 3.803732097148895264e-01 -1.174588561058044434e+00 -3.715753853321075439e-01 3.454906940460205078e-01 7.259187102317810059e-01 -8.832518458366394043e-01 -1.043875694274902344e+00
-5.406396985054016113e-01 3.954641520977020264e-02 7.822878658771514893e-02 3.650372028350830078e-01 -1.128721237182617188e+00 -2.480370253324508667e-01 5.735504031181335449e-01 6.962025761604309082e-01 -8.230625987052917480e-01 -9.351404309272766113e-01
-6.936845183372497559e-01 2.291725724935531616e-01 4.130841791629791260e-02 4.203525483608245850e-01 -1.090907335281372070e+00 -1.493065059185028076e-01 6.669117808341979980e-01 7.312357425689697266e-01 -6.802021265029907227e-01 -1.101389050483703613e+00
-7.503255605697631836e-01 2.901708483695983887e-01 2.990950644016265869e-02 4.178635179996490479e-01 -1.091471076011657715e+00 -1.614695340394973755e-01 5.655883550643920898e-01 7.528354525566101074e-01 -6.166469454765319824e-01 -1.164931893348693848e+00
