9.030194282531738281e-01 2.966086268424987793e-01 -1.696567386388778687e-01 2.176109850406646729e-01 -1.436202228069305420e-02 -1.167337447404861450e-01 7.011631131172180176e-01 8.781737685203552246e-01 1.974381953477859497e-01 3.765006065368652344e-01
8.930025100708007812e-01 2.914232015609741211e-01 -1.627276092767715454e-01 2.248011827468872070e-01 -3.306661546230316162e-02 -1.326524764299392700e-01 7.427923083305358887e-01 8.948544859886169434e-01 2.013685405254364014e-01 3.902391195297241211e-01
7.233710289001464844e-01 3.150501847267150879e-01 -5.996565520763397217e-02 2.039395421743392944e-01 -1.590960472822189331e-01 -7.173438370227813721e-02 1.332833647727966309e+00 8.864124417304992676e-01 4.313713014125823975e-01 3.827682733535766602e-01
1.107110381126403809e+00 6.934704780578613281e-01 -2.278952449560165405e-01 2.733435332775115967e-01 7.309386134147644043e-02 1.768872588872909546e-01 9.656171798706054688e-01 9.346489310264587402e-01 7.087269425392150879e-01 5.273241177201271057e-02
1.232741951942443848e+00 9.464451074600219727e-01 -2.720218896865844727e-01 2.989107668399810791e-01 1.888981461524963379e-01 3.602185249328613281e-01 9.063940644264221191e-01 9.841194748878479004e-01 8.015968203544616699e-01 -2.654724940657615662e-02
1.266382336616516113e+00 1.018418669700622559e+00 -2.967050671577453613e-01 2.760168612003326416e-01 2.262393981218338013e-01 4.222658276557922363e-01 8.559139370918273926e-01 9.946752190589904785e-01 8.118016123771667480e-01 -5.599701032042503357e-02
1.276298403739929199e+00 9.916155934333801270e-01 -2.957339286804199219e-01 2.712806165218353271e-01 2.344821840524673462e-01 4.053948521614074707e-01 8.470368981361389160e-01 9.949666261672973633e-01 8.100674748420715332e-01 -5.641311034560203552e-02
1.266024470329284668e+00 9.998619556427001953e-01 -2.961524128913879395e-01 2.772583067417144775e-01 2.304383516311645508e-01 4.131863713264465332e-01 8.559809327125549316e-01 9.907008409500122070e-01 8.122738003730773926e-01 -5.528771504759788513e-02
1.285478353500366211e+00 1.005994558334350586e+00 -2.948234677314758301e-01 2.719157040119171143e-01 2.371657639741897583e-01 4.054440855979919434e-01 8.407076597213745117e-01 9.972850084304809570e-01 8.098263740539550781e-01 -6.397062540054321289e-02
1.271951794624328613e+00 1.007629990577697754e+00 -2.938860356807708740e-01 2.702179253101348877e-01 2.337937057018280029e-01 4.155650734901428223e-01 8.539467453956604004e-01 9.900315403938293457e-01 8.057936429977416992e-01 -5.823117122054100037e-02
1.268714904785156250e+00 1.005823612213134766e+00 -2.992130517959594727e-01 2.737380266189575195e-01 2.256933450698852539e-01 4.087598919868469238e-01 8.501475453376770020e-01 9.921072721481323242e-01 8.084145188331604004e-01 -5.516248568892478943e-02
1.266460061073303223e+00 9.995974302291870117e-01 -2.943406105041503906e-01 2.653102278709411621e-01 2.277959138154983521e-01 4.037027359008789062e-01 8.495577573776245117e-01 9.947763681411743164e-01 8.122755885124206543e-01 -5.655318126082420349e-02
1.269244313240051270e+00 1.014510273933410645e+00 -2.950693070888519287e-01 2.759756147861480713e-01 2.324492633342742920e-01 4.192396998405456543e-01 8.539993166923522949e-01 9.963661432266235352e-01 8.033922910690307617e-01 -5.241518840193748474e-02
1.258770823478698730e+00 1.029356241226196289e+00 -3.215005695819854736e-01 2.720904350280761719e-01 2.837709486484527588e-01 5.247687697410583496e-01 8.049611449241638184e-01 9.840511679649353027e-01 7.887255549430847168e-01 -1.090910434722900391e-01
1.002925157546997070e+00 1.017820358276367188e+00 -2.480904310941696167e-01 2.398859858512878418e-01 9.018679261207580566e-01 1.476602077484130859e+00 6.126926541328430176e-01 7.465569972991943359e-01 8.177600502967834473e-01 -8.887942880392074585e-03
6.759361624717712402e-01 6.705679297447204590e-01 -6.154608130455017090e-01 3.232626616954803467e-01 1.526313066482543945e+00 1.810867041349411011e-01 2.403042912483215332e-01 5.672122240066528320e-01 9.956826567649841309e-01 5.008173361420631409e-02
6.043267846107482910e-01 6.667957305908203125e-01 -5.603716373443603516e-01 3.146990835666656494e-01 1.635829925537109375e+00 4.600416123867034912e-02 2.779274806380271912e-02 5.447907447814941406e-01 9.453359246253967285e-01 3.600806370377540588e-02
6.138492226600646973e-01 6.557099223136901855e-01 -5.605707168579101562e-01 3.039259612560272217e-01 1.621739149093627930e+00 4.847221076488494873e-02 3.128188475966453552e-02 5.509718656539916992e-01 9.511291384696960449e-01 2.991235628724098206e-02
6.093803644180297852e-01 6.635527610778808594e-01 -5.609578490257263184e-01 2.993795573711395264e-01 1.626100420951843262e+00 4.958932101726531982e-02 2.680688723921775818e-02 5.520623326301574707e-01 9.454497098922729492e-01 2.761948481202125549e-02
6.094612479209899902e-01 6.651209592819213867e-01 -5.557961463928222656e-01 3.096590936183929443e-01 1.636567831039428711e+00 5.018340051174163818e-02 2.632575854659080505e-02 5.510966777801513672e-01 9.469709992408752441e-01 3.230005875229835510e-02
6.129464507102966309e-01 6.648609042167663574e-01 -5.610463619232177734e-01 3.094356954097747803e-01 1.642416954040527344e+00 4.406808316707611084e-02 2.927904948592185974e-02 5.471359491348266602e-01 9.455492496490478516e-01 2.502453699707984924e-02
6.131732463836669922e-01 6.641213297843933105e-01 -5.651881694793701172e-01 3.054106533527374268e-01 1.635833501815795898e+00 4.617772996425628662e-02 2.922755107283592224e-02 5.455213189125061035e-01 9.461362957954406738e-01 3.113949671387672424e-02
6.128869056701660156e-01 6.571293473243713379e-01 -5.573272705078125000e-01 3.008032441139221191e-01 1.634591817855834961e+00 4.046265780925750732e-02 2.331715449690818787e-02 5.463068485260009766e-01 9.462880492210388184e-01 3.312915936112403870e-02
8.712500929832458496e-01 6.525982618331909180e-01 -1.133584827184677124e-01 3.028765320777893066e-01 1.496277213096618652e+00 5.148861408233642578e-01 2.505385875701904297e-01 5.337954163551330566e-01 1.308235049247741699e+00 1.636262536048889160e-01
1.062507271766662598e+00 1.180625081062316895e+00 2.470047771930694580e-02 1.637702286243438721e-01 1.601379275321960449e+00 9.074290394783020020e-01 1.186355352401733398e-01 7.518989443778991699e-01 9.574261903762817383e-01 1.903358614072203636e-03
1.077791810035705566e+00 1.212263345718383789e+00 3.272140026092529297e-02 1.605833619832992554e-01 1.594235181808471680e+00 9.127814173698425293e-01 1.175205111503601074e-01 7.530934810638427734e-01 9.400084614753723145e-01 -1.274013146758079529e-02
1.078299760818481445e+00 1.196485757827758789e+00 3.313381969928741455e-02 1.486979722976684570e-01 1.589151501655578613e+00 9.105019569396972656e-01 1.082629561424255371e-01 7.592481970787048340e-01 9.338694214820861816e-01 -1.398032531142234802e-02
1.085398316383361816e+00 1.201525211334228516e+00 3.346674144268035889e-02 1.606836915016174316e-01 1.592830419540405273e+00 9.191752672195434570e-01 1.167629957199096680e-01 7.511476874351501465e-01 9.389982223510742188e-01 -1.433342322707176208e-02
1.074629306793212891e+00 1.205530881881713867e+00 3.110314905643463135e-02 1.609744727611541748e-01 1.586501121520996094e+00 9.184113740921020508e-01 1.182202696800231934e-01 7.532269954681396484e-01 9.315081238746643066e-01 -1.329093798995018005e-02
1.059378743171691895e+00 1.180406451225280762e+00 1.437278091907501221e-02 1.595934033393859863e-01 1.599870562553405762e+00 8.788024187088012695e-01 1.133581995964050293e-01 7.408990263938903809e-01 9.464687705039978027e-01 -1.219686353579163551e-03
1.386696100234985352e+00 1.304844856262207031e+00 1.232528835535049438e-01 1.323734968900680542e-01 1.070324063301086426e+00 5.190216898918151855e-01 1.981475949287414551e-01 6.946868896484375000e-01 8.865055441856384277e-01 -9.471088647842407227e-02
1.312252759933471680e+00 1.103234171867370605e+00 1.443930119276046753e-01 2.639644443988800049e-01 8.616890311241149902e-01 1.362628191709518433e-01 2.236880660057067871e-01 8.295653462409973145e-01 8.286812305450439453e-01 -3.782030427828431129e-03
1.309301733970642090e+00 1.103509306907653809e+00 1.528943926095962524e-01 2.657521367073059082e-01 8.515447974205017090e-01 1.323433071374893188e-01 2.251898646354675293e-01 8.289211392402648926e-01 8.305290937423706055e-01 -1.528292521834373474e-02
1.305604338645935059e+00 1.112142324447631836e+00 1.367973536252975464e-01 2.684783935546875000e-01 8.470399975776672363e-01 1.179498881101608276e-01 2.199463844299316406e-01 8.186404705047607422e-01 8.301286697387695312e-01 -6.753977388143539429e-03
8.567115664482116699e-01 5.483643412590026855e-01 1.087948530912399292e-01 2.244847118854522705e-01 9.419596195220947266e-01 -2.063359171152114868e-01 2.156976461410522461e-01 5.408677458763122559e-01 7.042559385299682617e-01 1.373836398124694824e-01
8.382259607315063477e-01 1.730223745107650757e-01 1.981769651174545288e-01 5.812275409698486328e-02 1.063289880752563477e+00 -1.818627566099166870e-01 5.506151542067527771e-02 4.513368308544158936e-01 5.666715502738952637e-01 2.002226710319519043e-01
1.049417614936828613e+00 2.899274230003356934e-01 2.913268208503723145e-01 -4.805973172187805176e-02 1.112694621086120605e+00 -5.692745745182037354e-02 -2.345027327537536621e-01 4.277752935886383057e-01 4.071815311908721924e-01 2.018569111824035645e-01
1.116639494895935059e+00 2.038792222738265991e-01 3.018180131912231445e-01 -3.929136693477630615e-02 1.073348045349121094e+00 1.100115664303302765e-02 -2.781732082366943359e-01 4.101693928241729736e-01 4.389082491397857666e-01 1.315591335296630859e-01
