8.947833776473999023e-01 2.643487453460693359e-01 -5.054031312465667725e-02 -8.899278938770294189e-02 -1.518940776586532593e-01 2.264937609434127808e-01 6.543703079223632812e-01 6.231260299682617188e-01 1.728940904140472412e-01 2.903037071228027344e-01
9.070805311203002930e-01 2.752925157546997070e-01 -6.607817113399505615e-02 -8.548659086227416992e-02 -1.569759696722030640e-01 2.210513800382614136e-01 6.271339058876037598e-01 6.272073984146118164e-01 1.606175154447555542e-01 2.725389003753662109e-01
9.136316776275634766e-01 2.819291949272155762e-01 -6.751699745655059814e-02 -6.752021610736846924e-02 -1.517872065305709839e-01 2.117456048727035522e-01 6.192433238029479980e-01 6.391764879226684570e-01 1.612754166126251221e-01 2.828997969627380371e-01
8.940784931182861328e-01 2.255070656538009644e-01 -5.776230990886688232e-02 -9.366486966609954834e-02 -1.806427091360092163e-01 2.040261477231979370e-01 7.100353837013244629e-01 6.251505613327026367e-01 1.814931631088256836e-01 2.950389981269836426e-01
8.229415416717529297e-01 1.637606471776962280e-01 -4.583482444286346436e-02 -1.395856738090515137e-01 -2.291774600744247437e-01 2.223560661077499390e-01 8.490334153175354004e-01 5.732524394989013672e-01 2.283016443252563477e-01 3.301156163215637207e-01
6.838745474815368652e-01 1.419304460287094116e-01 -1.294209063053131104e-02 -1.706729978322982788e-01 -2.692426443099975586e-01 2.890270352363586426e-01 1.024473309516906738e+00 5.691964030265808105e-01 2.562265694141387939e-01 3.824979066848754883e-01
5.158178210258483887e-01 2.893420457839965820e-01 7.304431498050689697e-02 -7.963752746582031250e-02 -3.143180906772613525e-01 2.820594906806945801e-01 1.415263175964355469e+00 4.667873978614807129e-01 3.576467037200927734e-01 4.126149415969848633e-01
5.644844174385070801e-01 4.434838294982910156e-01 3.905506432056427002e-02 -5.589406192302703857e-02 -5.043239593505859375e-01 2.242092341184616089e-01 1.426251411437988281e+00 4.584995806217193604e-01 4.793985784053802490e-01 3.041673898696899414e-01
7.350555062294006348e-01 5.282036662101745605e-01 2.973197400569915771e-02 -2.048899419605731964e-02 -5.483497977256774902e-01 2.082377523183822632e-01 1.044764995574951172e+00 4.754439294338226318e-01 4.595406651496887207e-01 2.295498251914978027e-01
6.345492601394653320e-01 6.070504784584045410e-01 -6.214402616024017334e-02 -3.296178579330444336e-02 -3.561002612113952637e-01 2.634811997413635254e-01 1.155324459075927734e+00 5.723362565040588379e-01 6.854429841041564941e-01 1.605139970779418945e-01
1.538316845893859863e+00 8.700386285781860352e-01 6.953098177909851074e-01 2.131071984767913818e-01 -1.040863990783691406e+00 -7.090658545494079590e-01 -8.171584010124206543e-01 7.257310748100280762e-01 4.967606663703918457e-01 -1.507440209388732910e-01
1.549642682075500488e+00 1.917539685964584351e-01 1.110909581184387207e+00 3.575943410396575928e-02 -1.621305197477340698e-01 -7.999880313873291016e-01 -8.553438782691955566e-01 7.114985585212707520e-01 1.841551661491394043e-01 1.210184693336486816e-01
1.515949845314025879e+00 1.202027052640914917e-01 1.132161498069763184e+00 4.235570132732391357e-02 -4.770804941654205322e-02 -8.109608292579650879e-01 -8.572896718978881836e-01 7.766510248184204102e-01 2.096983939409255981e-01 1.288012862205505371e-01
1.511379003524780273e+00 1.174681037664413452e-01 1.122612833976745605e+00 5.664840340614318848e-02 -4.383999109268188477e-02 -8.109309077262878418e-01 -8.534700870513916016e-01 7.772310376167297363e-01 2.131954580545425415e-01 1.312034726142883301e-01
1.510701417922973633e+00 1.127675026655197144e-01 1.123626589775085449e+00 3.655551373958587646e-02 -4.411262273788452148e-02 -8.112747073173522949e-01 -8.518301248550415039e-01 7.749424576759338379e-01 2.133460193872451782e-01 1.336418986320495605e-01
1.481752276420593262e+00 3.726793527603149414e-01 8.767813444137573242e-01 9.002119302749633789e-02 -1.367955356836318970e-01 -9.876541495323181152e-01 -9.241880774497985840e-01 7.796800136566162109e-01 4.427743554115295410e-01 -8.658879995346069336e-02
1.479464411735534668e+00 3.791317343711853027e-01 8.792604804039001465e-01 9.356191754341125488e-02 -1.337400823831558228e-01 -9.904676675796508789e-01 -9.249711632728576660e-01 7.733013629913330078e-01 4.403783679008483887e-01 -9.139806032180786133e-02
1.490743160247802734e+00 3.637391328811645508e-01 8.723086118698120117e-01 8.994238078594207764e-02 -1.394243091344833374e-01 -9.973332285881042480e-01 -9.090675115585327148e-01 7.796540856361389160e-01 4.441106319427490234e-01 -8.358031511306762695e-02
1.478124499320983887e+00 3.734364509582519531e-01 8.766549825668334961e-01 9.709870815277099609e-02 -1.343944519758224487e-01 -9.931749701499938965e-01 -9.246303439140319824e-01 7.770673036575317383e-01 4.412516951560974121e-01 -9.117633104324340820e-02
1.481723189353942871e+00 3.744523525238037109e-01 8.728505373001098633e-01 9.239542484283447266e-02 -1.355805844068527222e-01 -9.876757264137268066e-01 -9.240416884422302246e-01 7.683821320533752441e-01 4.460192620754241943e-01 -9.152811765670776367e-02
1.522183537483215332e+00 4.294351935386657715e-01 8.616125583648681641e-01 1.444647163152694702e-01 -1.090804487466812134e-01 -9.877857565879821777e-01 -8.306775093078613281e-01 6.958163976669311523e-01 5.621784925460815430e-01 -1.297780871391296387e-01
1.305871844291687012e+00 6.826903820037841797e-01 9.557448625564575195e-01 1.876022070646286011e-01 -1.592278927564620972e-01 -9.614169597625732422e-01 -1.279633045196533203e-01 4.831173419952392578e-01 1.524816393852233887e+00 -5.388080701231956482e-02
1.113505125045776367e+00 3.374010920524597168e-01 1.169999957084655762e+00 8.362933993339538574e-02 -1.767943054437637329e-01 -9.998098015785217285e-01 3.942754864692687988e-01 4.862529933452606201e-01 8.862066268920898438e-01 3.127161860466003418e-01
1.099922537803649902e+00 4.276061058044433594e-01 1.128366351127624512e+00 8.188246190547943115e-02 -1.790312975645065308e-01 -9.835981726646423340e-01 3.627309203147888184e-01 4.812385737895965576e-01 1.042151451110839844e+00 2.477115988731384277e-01
9.725691080093383789e-01 3.207398653030395508e-01 1.054488182067871094e+00 5.654908716678619385e-02 -1.580749899148941040e-01 -9.797496199607849121e-01 4.723424911499023438e-01 4.734016656875610352e-01 1.031398773193359375e+00 2.676748633384704590e-01
8.605215549468994141e-01 1.598732322454452515e-01 1.203490138053894043e+00 -1.731386967003345490e-02 -1.115394830703735352e-01 -8.706866502761840820e-01 5.781908631324768066e-01 4.825608432292938232e-01 7.450649738311767578e-01 4.341046214103698730e-01
