5.672702789306640625e-01 -2.456042319536209106e-01 3.660261929035186768e-01 6.439142823219299316e-01 -3.884093463420867920e-01 6.447480618953704834e-02 4.450908303260803223e-01 9.916034936904907227e-01 2.616939544677734375e-01 -5.368586182594299316e-01
5.416088104248046875e-01 -2.260139137506484985e-01 4.342880249023437500e-01 5.656909942626953125e-01 -4.211544096469879150e-01 1.685721129179000854e-01 4.136998653411865234e-01 9.421992897987365723e-01 2.431063205003738403e-01 -4.971127510070800781e-01
5.220115184783935547e-01 -2.166646867990493774e-01 3.820452392101287842e-01 6.510524153709411621e-01 -4.728872478008270264e-01 7.124261558055877686e-02 6.079361438751220703e-01 9.862832427024841309e-01 3.149949908256530762e-01 -4.674840271472930908e-01
4.522324502468109131e-01 -2.175351530313491821e-01 3.988436162471771240e-01 5.486288666725158691e-01 -5.591499805450439453e-01 1.323252171277999878e-01 8.085262179374694824e-01 9.568762779235839844e-01 3.673281967639923096e-01 -3.916966319084167480e-01
4.128073453903198242e-01 -1.852728873491287231e-01 3.776327967643737793e-01 5.289475321769714355e-01 -5.873147845268249512e-01 1.639796942472457886e-01 1.022593617439270020e+00 9.603890180587768555e-01 4.348942041397094727e-01 -3.643473386764526367e-01
3.412883877754211426e-01 -2.602435648441314697e-02 3.774361908435821533e-01 5.303065776824951172e-01 -6.322965025901794434e-01 2.979117035865783691e-01 9.429565668106079102e-01 8.608329892158508301e-01 5.253532528877258301e-01 -4.690053462982177734e-01
2.722376585006713867e-01 -7.433779537677764893e-02 2.020101994276046753e-01 5.132324695587158203e-01 -5.229369997978210449e-01 2.239704579114913940e-01 8.630866408348083496e-01 8.055153489112854004e-01 6.543957591056823730e-01 -5.039834976196289062e-01
4.050052762031555176e-01 2.859996259212493896e-02 2.908982336521148682e-01 6.132884025573730469e-01 -9.128822088241577148e-01 -6.452147662639617920e-02 4.662272334098815918e-01 7.979389429092407227e-01 6.424105763435363770e-01 -5.996531844139099121e-01
4.747900962829589844e-01 5.788771808147430420e-02 3.706942200660705566e-01 6.370073556900024414e-01 -9.774284362792968750e-01 -2.240712754428386688e-02 3.521265387535095215e-01 7.847858071327209473e-01 5.960857272148132324e-01 -6.543580293655395508e-01
4.680015444755554199e-01 5.418692529201507568e-02 3.767006099224090576e-01 6.506091952323913574e-01 -9.862180948257446289e-01 -3.020871989428997040e-02 3.495434522628784180e-01 7.890542149543762207e-01 5.935296416282653809e-01 -6.480748057365417480e-01
4.693950116634368896e-01 5.573342740535736084e-02 3.720482289791107178e-01 6.373517513275146484e-01 -9.947832822799682617e-01 -2.737186662852764130e-02 3.509303927421569824e-01 7.914439439773559570e-01 5.898867845535278320e-01 -6.502688527107238770e-01
4.709212183952331543e-01 5.586932599544525146e-02 3.745670616626739502e-01 6.457479596138000488e-01 -9.841489195823669434e-01 -2.862150780856609344e-02 3.543096184730529785e-01 7.887155413627624512e-01 5.903784632682800293e-01 -6.554178595542907715e-01
4.811260104179382324e-01 6.850431859493255615e-02 3.740623593330383301e-01 6.508437395095825195e-01 -9.749799966812133789e-01 -2.489386312663555145e-02 3.438131809234619141e-01 7.903814315795898438e-01 5.968458652496337891e-01 -6.790359616279602051e-01
5.170494318008422852e-01 1.127527803182601929e-01 2.569449841976165771e-01 4.406555593013763428e-01 -6.029188036918640137e-01 8.974315226078033447e-02 -1.745126843452453613e-01 7.959012389183044434e-01 7.104585766792297363e-01 -8.867813944816589355e-01
6.468404531478881836e-01 -2.068389952182769775e-02 2.713713347911834717e-01 3.849118649959564209e-01 -6.913333535194396973e-01 6.685106456279754639e-02 -8.177811503410339355e-01 7.156286239624023438e-01 2.696987390518188477e-01 -1.021187901496887207e+00
6.396439075469970703e-01 -4.085834324359893799e-02 2.651869058609008789e-01 3.907809257507324219e-01 -6.851962208747863770e-01 6.623376905918121338e-02 -8.214449286460876465e-01 7.135757207870483398e-01 2.830424010753631592e-01 -9.962639808654785156e-01
6.891897320747375488e-01 -8.653946220874786377e-02 2.751247584819793701e-01 3.852067887783050537e-01 -7.686950564384460449e-01 2.276735194027423859e-02 -9.086533784866333008e-01 7.311252951622009277e-01 2.468727380037307739e-01 -9.716079235076904297e-01
6.847676634788513184e-01 -8.373381197452545166e-02 2.863911986351013184e-01 3.903532922267913818e-01 -7.598661184310913086e-01 3.306068480014801025e-02 -9.124149680137634277e-01 7.264898419380187988e-01 2.479011416435241699e-01 -9.608637094497680664e-01
6.869774460792541504e-01 -8.764941990375518799e-02 2.817591428756713867e-01 3.840829432010650635e-01 -7.678381800651550293e-01 2.680315263569355011e-02 -9.086197018623352051e-01 7.272728681564331055e-01 2.480416595935821533e-01 -9.660764932632446289e-01
6.857471466064453125e-01 -9.076441824436187744e-02 2.780075669288635254e-01 3.866357207298278809e-01 -7.590087056159973145e-01 2.561660297214984894e-02 -9.095712304115295410e-01 7.263129949569702148e-01 2.466011196374893188e-01 -9.716286063194274902e-01
6.846927404403686523e-01 -9.077264368534088135e-02 2.794494032859802246e-01 3.841955959796905518e-01 -7.649673819541931152e-01 2.422480471432209015e-02 -9.114871621131896973e-01 7.340126037597656250e-01 2.496419101953506470e-01 -9.721647500991821289e-01
6.849951744079589844e-01 -8.706726133823394775e-02 2.773568034172058105e-01 3.812218606472015381e-01 -7.596814036369323730e-01 2.926920540630817413e-02 -9.148826003074645996e-01 7.248396277427673340e-01 2.409082800149917603e-01 -9.762800931930541992e-01
6.845996975898742676e-01 -8.681924641132354736e-02 2.788352966308593750e-01 3.842055797576904297e-01 -7.547622919082641602e-01 2.637838013470172882e-02 -9.099329113960266113e-01 7.232967019081115723e-01 2.445037066936492920e-01 -9.669755101203918457e-01
7.132129669189453125e-01 -2.934071421623229980e-01 5.171740055084228516e-01 5.766807794570922852e-01 -1.186512708663940430e+00 2.666493058204650879e-01 -7.747285366058349609e-01 9.432714581489562988e-01 9.354048371315002441e-01 -1.562262177467346191e-01
7.172082662582397461e-01 -2.196968346834182739e-01 5.856704711914062500e-01 5.510097742080688477e-01 -8.534313440322875977e-01 5.506281852722167969e-01 -7.974962592124938965e-01 8.994845747947692871e-01 1.302048206329345703e+00 -1.591162681579589844e-01
6.676286458969116211e-01 -2.065144330263137817e-01 5.629230737686157227e-01 5.308740139007568359e-01 -8.446886539459228516e-01 6.080433726310729980e-01 -7.400813698768615723e-01 8.577021360397338867e-01 1.327995419502258301e+00 -1.530833840370178223e-01
6.735001802444458008e-01 -2.113683372735977173e-01 5.585596561431884766e-01 5.268014669418334961e-01 -8.459578156471252441e-01 6.039884090423583984e-01 -7.546231150627136230e-01 8.614133000373840332e-01 1.329375147819519043e+00 -1.522247195243835449e-01
6.815919876098632812e-01 -2.121015936136245728e-01 5.657253265380859375e-01 5.244091749191284180e-01 -8.458804488182067871e-01 6.133294701576232910e-01 -7.460753917694091797e-01 8.589946031570434570e-01 1.336787104606628418e+00 -1.514089703559875488e-01
6.808719038963317871e-01 -2.080440670251846313e-01 5.520746111869812012e-01 5.236694216728210449e-01 -8.412261605262756348e-01 6.138520240783691406e-01 -7.389306426048278809e-01 8.576586246490478516e-01 1.329782843589782715e+00 -1.510413885116577148e-01
5.768045186996459961e-01 -1.395268589258193970e-01 4.929894804954528809e-01 4.517669677734375000e-01 -7.077414393424987793e-01 4.988428354263305664e-01 -4.589675068855285645e-01 7.080870270729064941e-01 1.559837460517883301e+00 -2.513843774795532227e-01
5.250102281570434570e-01 -6.208374630659818649e-03 5.262441635131835938e-01 2.453564852476119995e-01 -8.042317032814025879e-01 6.087490916252136230e-01 2.006116509437561035e-01 5.641748309135437012e-01 1.635199785232543945e+00 -3.009571433067321777e-01
6.926354169845581055e-01 -4.406507313251495361e-02 7.633327841758728027e-01 3.872383832931518555e-01 -1.107701778411865234e+00 5.937593579292297363e-01 4.326964616775512695e-01 5.238799452781677246e-01 1.563642859458923340e+00 -1.776881217956542969e-01
7.163451313972473145e-01 -4.757292568683624268e-02 7.776881456375122070e-01 3.984508216381072998e-01 -1.114551305770874023e+00 6.087153553962707520e-01 4.620369076728820801e-01 5.135737061500549316e-01 1.551280140876770020e+00 -1.657765507698059082e-01
7.375552058219909668e-01 -7.307901512831449509e-03 7.972255945205688477e-01 4.136288464069366455e-01 -1.111409664154052734e+00 6.126197576522827148e-01 4.385221004486083984e-01 5.370159745216369629e-01 1.573221564292907715e+00 -1.892774105072021484e-01
5.569111704826354980e-01 1.446817815303802490e-02 6.862749457359313965e-01 2.891389429569244385e-01 -9.703580141067504883e-01 5.358343720436096191e-01 5.523944497108459473e-01 4.836589992046356201e-01 1.761595249176025391e+00 -2.333270311355590820e-01
3.406284749507904053e-01 -1.244804412126541138e-01 6.206894516944885254e-01 2.669399380683898926e-01 -9.753649830818176270e-01 5.846230983734130859e-01 1.072342753410339355e+00 3.895980417728424072e-01 1.419534802436828613e+00 -6.472009420394897461e-02
5.006682872772216797e-01 -2.805022001266479492e-01 7.666945457458496094e-01 2.626802623271942139e-01 -9.482445716857910156e-01 6.505054235458374023e-01 9.797071218490600586e-01 4.762128293514251709e-01 1.352361559867858887e+00 6.073511019349098206e-02
6.091870069503784180e-01 -3.297799825668334961e-01 8.612613081932067871e-01 2.219571024179458618e-01 -9.075161814689636230e-01 7.052792310714721680e-01 8.323448300361633301e-01 5.388111472129821777e-01 1.279344081878662109e+00 8.471256494522094727e-02
