3.285821676254272461e-01 2.030888646841049194e-01 -1.137559294700622559e+00 5.464907884597778320e-01 -8.129675388336181641e-01 1.078876107931137085e-01 2.916802763938903809e-01 1.077142357826232910e+00 3.411757647991180420e-01 7.538974285125732422e-02
3.272489905357360840e-01 2.021617740392684937e-01 -1.145464777946472168e+00 5.457525253295898438e-01 -8.023163676261901855e-01 1.098785847425460815e-01 2.832728624343872070e-01 1.087538957595825195e+00 3.354959785938262939e-01 7.329139113426208496e-02
2.713571786880493164e-01 1.767943948507308960e-01 -9.466702938079833984e-01 4.725413620471954346e-01 -8.806828856468200684e-01 1.107229441404342651e-01 6.266559958457946777e-01 1.033115744590759277e+00 4.537701904773712158e-01 1.631493568420410156e-01
3.506937623023986816e-01 3.609713912010192871e-01 -9.406011700630187988e-01 5.565052032470703125e-01 -6.441640257835388184e-01 3.756075501441955566e-01 7.952601313591003418e-01 9.507712721824645996e-01 8.526763319969177246e-01 -4.091247543692588806e-02
4.372488856315612793e-01 7.415928840637207031e-01 -9.729355573654174805e-01 7.092972993850708008e-01 -4.441434144973754883e-01 4.502357840538024902e-01 5.219780802726745605e-01 9.608667492866516113e-01 1.019535660743713379e+00 -1.720494329929351807e-01
5.034720897674560547e-01 8.438286781311035156e-01 -9.496010541915893555e-01 7.002952098846435547e-01 -3.334720432758331299e-01 5.940697193145751953e-01 5.171527266502380371e-01 1.050595998764038086e+00 1.032724857330322266e+00 -2.678278386592864990e-01
5.170990228652954102e-01 8.551594614982604980e-01 -9.395831227302551270e-01 6.821514368057250977e-01 -3.150261342525482178e-01 6.468898057937622070e-01 5.257016420364379883e-01 1.058903932571411133e+00 1.049237608909606934e+00 -2.782512903213500977e-01
5.174779891967773438e-01 8.532569408416748047e-01 -9.390676021575927734e-01 6.696135997772216797e-01 -2.982746660709381104e-01 6.457706093788146973e-01 5.098565220832824707e-01 1.066093921661376953e+00 1.039082646369934082e+00 -2.845481932163238525e-01
5.113175511360168457e-01 8.534762263298034668e-01 -9.392861127853393555e-01 6.757175326347351074e-01 -3.052819073200225830e-01 6.348692178726196289e-01 5.176041722297668457e-01 1.054519534111022949e+00 1.040331840515136719e+00 -2.864691615104675293e-01
5.284740328788757324e-01 8.618127107620239258e-01 -9.512642025947570801e-01 6.851002573966979980e-01 -3.052431643009185791e-01 6.388294100761413574e-01 5.044614672660827637e-01 1.059326171875000000e+00 1.043542027473449707e+00 -2.797495126724243164e-01
5.148490071296691895e-01 8.433671593666076660e-01 -9.469921588897705078e-01 6.651922464370727539e-01 -3.089776039123535156e-01 6.336944103240966797e-01 5.154416561126708984e-01 1.046903610229492188e+00 1.042308211326599121e+00 -2.853016853332519531e-01
5.149773955345153809e-01 8.520425558090209961e-01 -9.380356669425964355e-01 6.756103038787841797e-01 -3.091848790645599365e-01 6.324674487113952637e-01 5.128797888755798340e-01 1.058420181274414062e+00 1.045331597328186035e+00 -2.861649394035339355e-01
5.209724903106689453e-01 8.513714075088500977e-01 -9.449882507324218750e-01 6.763572692871093750e-01 -3.027171194553375244e-01 6.305451393127441406e-01 5.151196718215942383e-01 1.059615850448608398e+00 1.047538161277770996e+00 -2.867853343486785889e-01
5.349134802818298340e-01 8.533470630645751953e-01 -9.528731107711791992e-01 7.164716720581054688e-01 -3.185462057590484619e-01 6.153924465179443359e-01 4.796468019485473633e-01 1.104326963424682617e+00 9.904162287712097168e-01 -2.822594344615936279e-01
5.611773729324340820e-01 9.889608621597290039e-01 -7.501762509346008301e-01 4.612650573253631592e-01 2.735338807106018066e-01 1.509619474411010742e+00 2.402694821357727051e-01 9.623476862907409668e-01 9.949066042900085449e-01 -4.244389235973358154e-01
4.868485927581787109e-01 3.283136487007141113e-01 -7.895699739456176758e-01 5.220873355865478516e-01 8.331688046455383301e-01 5.928585529327392578e-01 -5.020976439118385315e-02 6.297681927680969238e-01 1.389430284500122070e+00 -3.215675354003906250e-01
5.103793144226074219e-01 4.052467644214630127e-01 -6.533219814300537109e-01 7.457073330879211426e-01 1.148488998413085938e+00 2.819609045982360840e-01 -8.054136633872985840e-01 6.226568818092346191e-01 1.353519201278686523e+00 -4.634131789207458496e-01
5.000144243240356445e-01 3.936069011688232422e-01 -6.539605855941772461e-01 7.510371804237365723e-01 1.138391256332397461e+00 2.698872685432434082e-01 -8.119372725486755371e-01 6.248520016670227051e-01 1.347611784934997559e+00 -4.539725184440612793e-01
5.062792301177978516e-01 3.987359404563903809e-01 -6.523499488830566406e-01 7.465412616729736328e-01 1.142610549926757812e+00 2.772760987281799316e-01 -8.115296959877014160e-01 6.297414302825927734e-01 1.343829512596130371e+00 -4.591394066810607910e-01
5.085484385490417480e-01 3.946249186992645264e-01 -6.489954590797424316e-01 7.515026330947875977e-01 1.151721239089965820e+00 2.691609859466552734e-01 -8.123686313629150391e-01 6.305818557739257812e-01 1.349909901618957520e+00 -4.624781608581542969e-01
5.020400285720825195e-01 3.966307640075683594e-01 -6.547966003417968750e-01 7.570259571075439453e-01 1.143109440803527832e+00 2.737459540367126465e-01 -8.119559884071350098e-01 6.154184937477111816e-01 1.345412850379943848e+00 -4.487592577934265137e-01
5.020923614501953125e-01 3.930189609527587891e-01 -6.505030393600463867e-01 7.538768053054809570e-01 1.141972899436950684e+00 2.692222595214843750e-01 -8.106182813644409180e-01 6.310378909111022949e-01 1.343151450157165527e+00 -4.583297371864318848e-01
5.016790032386779785e-01 4.037394821643829346e-01 -6.532235145568847656e-01 7.542251348495483398e-01 1.140760779380798340e+00 2.741484045982360840e-01 -8.129284381866455078e-01 6.355302929878234863e-01 1.343464732170104980e+00 -4.665644764900207520e-01
5.147613883018493652e-01 2.168916910886764526e-01 -2.822831571102142334e-01 7.328076958656311035e-01 8.658334612846374512e-01 5.793410539627075195e-01 -5.863665938377380371e-01 6.374428868293762207e-01 1.558757901191711426e+00 -1.267216801643371582e-01
8.856394290924072266e-01 1.010845422744750977e+00 -7.082398235797882080e-02 6.145870089530944824e-01 9.540500640869140625e-01 1.459705471992492676e+00 -8.775011897087097168e-01 9.123766422271728516e-01 1.262493014335632324e+00 -5.034235119819641113e-01
8.969020247459411621e-01 1.016755819320678711e+00 -6.110276281833648682e-02 6.027010679244995117e-01 9.289848208427429199e-01 1.446598410606384277e+00 -8.886207342147827148e-01 9.229705333709716797e-01 1.222344994544982910e+00 -5.167658329010009766e-01
9.013097286224365234e-01 1.010554194450378418e+00 -5.714057385921478271e-02 5.975183248519897461e-01 9.269117712974548340e-01 1.445218324661254883e+00 -8.867212533950805664e-01 9.199726581573486328e-01 1.220814347267150879e+00 -5.147376060485839844e-01
9.038453102111816406e-01 1.010516524314880371e+00 -6.051968038082122803e-02 5.963477492332458496e-01 9.311392903327941895e-01 1.443490743637084961e+00 -8.856337666511535645e-01 9.306313991546630859e-01 1.223242640495300293e+00 -5.114237070083618164e-01
9.035825729370117188e-01 1.009912014007568359e+00 -5.853150784969329834e-02 5.956557989120483398e-01 9.366458654403686523e-01 1.446250915527343750e+00 -8.951896429061889648e-01 9.280938506126403809e-01 1.217764139175415039e+00 -5.149921774864196777e-01
9.020483493804931641e-01 1.002452850341796875e+00 -6.453336775302886963e-02 5.854915380477905273e-01 9.322828650474548340e-01 1.438301086425781250e+00 -9.003067016601562500e-01 9.264273643493652344e-01 1.217833280563354492e+00 -5.147777795791625977e-01
1.012404918670654297e+00 9.732040166854858398e-01 8.314654231071472168e-03 6.106868386268615723e-01 5.947093367576599121e-01 1.069856286048889160e+00 -8.675892353057861328e-01 8.528704643249511719e-01 1.156700968742370605e+00 -5.718049407005310059e-01
9.931586980819702148e-01 8.756047487258911133e-01 5.320803821086883545e-02 8.186232447624206543e-01 4.177567660808563232e-01 2.979897856712341309e-01 -7.570132613182067871e-01 1.030047416687011719e+00 1.144064426422119141e+00 -5.498388409614562988e-01
9.607127904891967773e-01 8.566152453422546387e-01 4.544679820537567139e-02 8.405547142028808594e-01 4.187470972537994385e-01 2.516674995422363281e-01 -7.696065902709960938e-01 1.042688369750976562e+00 1.131053566932678223e+00 -5.477955937385559082e-01
9.715338349342346191e-01 8.636059761047363281e-01 5.256311595439910889e-02 8.460741043090820312e-01 4.250107407569885254e-01 2.578526139259338379e-01 -7.606711983680725098e-01 1.041263341903686523e+00 1.136639952659606934e+00 -5.442085266113281250e-01
6.486493945121765137e-01 4.554381668567657471e-01 -1.000307500362396240e-02 7.506730556488037109e-01 5.617690086364746094e-01 -1.128531806170940399e-02 -7.992585301399230957e-01 7.630547881126403809e-01 1.020223498344421387e+00 -2.609909176826477051e-01
4.786795377731323242e-01 9.923289716243743896e-02 5.151524674147367477e-03 4.859668910503387451e-01 8.246862888336181641e-01 3.640072047710418701e-02 -1.097075939178466797e+00 5.689417719841003418e-01 6.347165107727050781e-01 2.344400063157081604e-02
7.268657684326171875e-01 1.129029244184494019e-01 1.273380666971206665e-01 4.419727921485900879e-01 6.755380034446716309e-01 1.081668585538864136e-01 -1.424299359321594238e+00 5.415244102478027344e-01 5.840448737144470215e-01 -8.728551864624023438e-02
7.150000333786010742e-01 1.862286776304244995e-01 1.796661168336868286e-01 4.475502371788024902e-01 6.692631840705871582e-01 1.453533023595809937e-01 -1.502392649650573730e+00 5.245184898376464844e-01 5.377122759819030762e-01 -1.152619123458862305e-01
