3.252881169319152832e-01 4.027072787284851074e-01 -3.566666841506958008e-01 2.182543091475963593e-02 -5.198779702186584473e-01 -8.594252169132232666e-02 1.079798817634582520e+00 9.633468389511108398e-01 -2.393403649330139160e-02 -3.884382545948028564e-01
3.071603178977966309e-01 3.886811733245849609e-01 -3.516751825809478760e-01 2.319848351180553436e-02 -5.330421328544616699e-01 -9.710235893726348877e-02 1.140126109123229980e+00 9.765473008155822754e-01 -1.268532872200012207e-02 -3.513571619987487793e-01
2.138347923755645752e-01 4.199549555778503418e-01 -1.911932080984115601e-01 3.033023886382579803e-02 -5.692446827888488770e-01 -2.373941056430339813e-02 1.678842663764953613e+00 9.715340733528137207e-01 2.706654071807861328e-01 -2.599866986274719238e-01
3.629679679870605469e-01 8.115853667259216309e-01 -2.574992179870605469e-01 1.279643177986145020e-01 -1.507693678140640259e-01 2.018359750509262085e-01 1.121210217475891113e+00 9.072316288948059082e-01 4.502323865890502930e-01 -5.541548132896423340e-01
4.176498651504516602e-01 1.003940224647521973e+00 -2.677930593490600586e-01 1.473149359226226807e-01 -3.172932565212249756e-02 3.721603751182556152e-01 9.981330037117004395e-01 9.442359209060668945e-01 5.539887547492980957e-01 -6.950360536575317383e-01
4.794753789901733398e-01 1.063497781753540039e+00 -2.838892340660095215e-01 1.385763287544250488e-01 3.546610474586486816e-02 4.218196272850036621e-01 9.299885034561157227e-01 9.824076294898986816e-01 5.684152245521545410e-01 -7.793303132057189941e-01
4.630043208599090576e-01 1.061840295791625977e+00 -2.836569845676422119e-01 1.364037990570068359e-01 2.611699700355529785e-02 4.192740321159362793e-01 9.142234325408935547e-01 9.867161512374877930e-01 5.610628128051757812e-01 -7.690554857254028320e-01
4.660045504570007324e-01 1.060724973678588867e+00 -2.792929112911224365e-01 1.439446359872817993e-01 2.712389826774597168e-02 4.274157285690307617e-01 9.253832697868347168e-01 9.715791344642639160e-01 5.666161179542541504e-01 -7.670766711235046387e-01
4.781487584114074707e-01 1.055292606353759766e+00 -2.826322615146636963e-01 1.388338059186935425e-01 3.203330934047698975e-02 4.220225214958190918e-01 9.226465821266174316e-01 9.773573875427246094e-01 5.690297484397888184e-01 -7.749749422073364258e-01
4.701703190803527832e-01 1.063216209411621094e+00 -2.813888192176818848e-01 1.347518861293792725e-01 3.154237568378448486e-02 4.235300421714782715e-01 9.143205285072326660e-01 9.770255684852600098e-01 5.673435330390930176e-01 -7.761233448982238770e-01
4.542428553104400635e-01 1.064554929733276367e+00 -2.794914543628692627e-01 1.403146088123321533e-01 3.650104999542236328e-02 4.296404719352722168e-01 9.124570488929748535e-01 9.739522933959960938e-01 5.629599690437316895e-01 -7.743154168128967285e-01
4.589823186397552490e-01 1.074235796928405762e+00 -2.806460559368133545e-01 1.592794954776763916e-01 3.238643705844879150e-02 4.325519800186157227e-01 9.125564694404602051e-01 9.767811298370361328e-01 5.590111613273620605e-01 -7.731764912605285645e-01
4.674579799175262451e-01 1.068010568618774414e+00 -2.810017764568328857e-01 1.425485908985137939e-01 3.340394794940948486e-02 4.345239400863647461e-01 9.116106033325195312e-01 9.830650091171264648e-01 5.541524291038513184e-01 -7.806898951530456543e-01
4.769268035888671875e-01 1.101188778877258301e+00 -3.205870985984802246e-01 1.711922585964202881e-01 1.354611665010452271e-01 5.532270669937133789e-01 8.562648892402648926e-01 9.514092803001403809e-01 5.519871115684509277e-01 -8.596636652946472168e-01
3.879624605178833008e-01 8.981860876083374023e-01 -2.580300569534301758e-01 1.757878661155700684e-01 7.566986083984375000e-01 1.461974143981933594e+00 5.937740802764892578e-01 7.129610776901245117e-01 7.756483554840087891e-01 -5.868681073188781738e-01
3.088629841804504395e-01 5.426263809204101562e-01 -4.609093368053436279e-01 2.938877642154693604e-01 1.356990337371826172e+00 2.468772381544113159e-01 5.967515334486961365e-02 6.232150197029113770e-01 9.221581816673278809e-01 -5.439631342887878418e-01
3.015909194946289062e-01 5.142661333084106445e-01 -3.540736436843872070e-01 2.904321551322937012e-01 1.424829006195068359e+00 1.064318269491195679e-01 -1.867471337318420410e-01 6.364749073982238770e-01 9.259759783744812012e-01 -6.041119098663330078e-01
3.004228472709655762e-01 5.130578875541687012e-01 -3.556522727012634277e-01 2.881108820438385010e-01 1.430306673049926758e+00 1.095645278692245483e-01 -1.836650967597961426e-01 6.316359043121337891e-01 9.290669560432434082e-01 -6.125434041023254395e-01
3.062419295310974121e-01 5.118007659912109375e-01 -3.592662513256072998e-01 2.918210625648498535e-01 1.429928541183471680e+00 1.104666441679000854e-01 -1.946609616279602051e-01 6.238312721252441406e-01 9.394028186798095703e-01 -6.048991680145263672e-01
3.051669597625732422e-01 5.120506286621093750e-01 -3.580304384231567383e-01 2.935320734977722168e-01 1.427942037582397461e+00 1.097627729177474976e-01 -1.849392056465148926e-01 6.273756027221679688e-01 9.332124590873718262e-01 -5.981767773628234863e-01
3.016284108161926270e-01 5.101543664932250977e-01 -3.570531606674194336e-01 2.927739322185516357e-01 1.427113771438598633e+00 1.095924824476242065e-01 -1.933265328407287598e-01 6.243358850479125977e-01 9.303465485572814941e-01 -6.033135056495666504e-01
2.981503009796142578e-01 5.084438323974609375e-01 -3.488301038742065430e-01 2.928005754947662354e-01 1.423873901367187500e+00 1.065089553594589233e-01 -1.887785792350769043e-01 6.286219358444213867e-01 9.261869788169860840e-01 -6.030377149581909180e-01
3.031537532806396484e-01 5.109544396400451660e-01 -3.529764711856842041e-01 2.877637743949890137e-01 1.429188370704650879e+00 1.084320396184921265e-01 -1.877948641777038574e-01 6.291548609733581543e-01 9.305744171142578125e-01 -6.016343832015991211e-01
4.909700155258178711e-01 7.816346287727355957e-01 7.039494812488555908e-02 4.022972285747528076e-01 1.478847265243530273e+00 6.140893697738647461e-01 2.781468257308006287e-02 5.380941033363342285e-01 1.264410495758056641e+00 -4.944358766078948975e-01
5.880170464515686035e-01 1.195626020431518555e+00 1.540656834840774536e-01 2.098890990018844604e-01 1.534609913825988770e+00 9.028717279434204102e-01 -9.875601530075073242e-02 7.501083612442016602e-01 9.000506997108459473e-01 -7.524662613868713379e-01
5.758219957351684570e-01 1.189057588577270508e+00 1.494178920984268188e-01 2.032195180654525757e-01 1.524221301078796387e+00 8.965213298797607422e-01 -9.911829233169555664e-02 7.496958374977111816e-01 8.933104872703552246e-01 -7.626610398292541504e-01
5.911991596221923828e-01 1.198947668075561523e+00 1.499518901109695435e-01 2.104617804288864136e-01 1.539255619049072266e+00 9.035452008247375488e-01 -9.551948308944702148e-02 7.480033636093139648e-01 8.935476541519165039e-01 -7.594239711761474609e-01
5.908006429672241211e-01 1.179314732551574707e+00 1.476274281740188599e-01 2.034412920475006104e-01 1.530363321304321289e+00 8.984069228172302246e-01 -1.002017855644226074e-01 7.555015087127685547e-01 8.978003859519958496e-01 -7.513393759727478027e-01
5.801569819450378418e-01 1.183131933212280273e+00 1.551602929830551147e-01 2.003387808799743652e-01 1.524028062820434570e+00 8.839762806892395020e-01 -1.055486798286437988e-01 7.541814446449279785e-01 8.913626074790954590e-01 -7.580453753471374512e-01
5.357550382614135742e-01 1.086816668510437012e+00 1.337244659662246704e-01 2.614427804946899414e-01 1.513405442237854004e+00 8.121567964553833008e-01 -7.289677858352661133e-02 7.041613459587097168e-01 9.936302900314331055e-01 -6.983945965766906738e-01
7.865866422653198242e-01 1.255979180335998535e+00 2.705537676811218262e-01 2.211536616086959839e-01 9.742171168327331543e-01 4.662131071090698242e-01 1.823601312935352325e-03 6.842337846755981445e-01 8.453578352928161621e-01 -9.099701046943664551e-01
7.129200100898742676e-01 1.114441752433776855e+00 3.174653649330139160e-01 2.899056077003479004e-01 7.538841962814331055e-01 1.248856633901596069e-01 -1.733148470520973206e-02 8.613712787628173828e-01 7.586527466773986816e-01 -7.975976467132568359e-01
7.067417502403259277e-01 1.104526996612548828e+00 3.188995420932769775e-01 2.974245548248291016e-01 7.535974383354187012e-01 1.219071596860885620e-01 -1.895565167069435120e-02 8.520748615264892578e-01 7.554910778999328613e-01 -8.050546050071716309e-01
6.918435096740722656e-01 1.106237411499023438e+00 3.001475334167480469e-01 2.938771247863769531e-01 7.423781752586364746e-01 8.468832075595855713e-02 -2.182913199067115784e-02 8.243889212608337402e-01 7.661371827125549316e-01 -8.075751066207885742e-01
3.581227064132690430e-01 5.688396692276000977e-01 2.491225153207778931e-01 1.775666773319244385e-01 8.824731707572937012e-01 -1.675684005022048950e-01 -5.227798596024513245e-02 6.250374317169189453e-01 5.785797834396362305e-01 -5.174053311347961426e-01
4.073352813720703125e-01 2.226909250020980835e-01 3.228651881217956543e-01 -5.091163516044616699e-02 1.033990859985351562e+00 -8.616252243518829346e-02 -3.164392113685607910e-01 3.911623060703277588e-01 3.875582516193389893e-01 -3.507025837898254395e-01
4.977815747261047363e-01 3.654529452323913574e-01 4.257303774356842041e-01 -2.592072077095508575e-02 1.134321689605712891e+00 -6.253959238529205322e-02 -4.712040424346923828e-01 4.798692166805267334e-01 2.662759125232696533e-01 -4.628194570541381836e-01
5.336982011795043945e-01 3.764775395393371582e-01 4.223120808601379395e-01 4.445601080078631639e-04 1.129632472991943359e+00 -7.802166044712066650e-02 -4.674806594848632812e-01 5.187857747077941895e-01 2.726114392280578613e-01 -4.783696532249450684e-01
