3.534278273582458496e-01 4.382845759391784668e-01 -3.967340588569641113e-01 2.554026842117309570e-01 -4.273760616779327393e-01 -2.200780361890792847e-01 1.144372105598449707e+00 9.634621739387512207e-01 -1.381672918796539307e-02 -3.615373671054840088e-01
3.195323944091796875e-01 4.040704369544982910e-01 -3.832199573516845703e-01 2.371816933155059814e-01 -4.384122788906097412e-01 -2.062437683343887329e-01 1.154255628585815430e+00 9.352310299873352051e-01 -4.061750322580337524e-02 -3.464578986167907715e-01
3.053508102893829346e-01 6.533841788768768311e-02 -3.662209808826446533e-01 1.590504944324493408e-01 -5.219317078590393066e-01 -2.032851725816726685e-01 1.423142790794372559e+00 9.609333872795104980e-01 -1.916321814060211182e-01 -1.023460626602172852e-01
6.447978615760803223e-01 -3.277609944343566895e-01 -3.177103102207183838e-01 9.145477414131164551e-02 -6.601480841636657715e-01 -1.471282355487346649e-02 1.801515460014343262e+00 9.507061243057250977e-01 -2.806394398212432861e-01 5.814355984330177307e-02
6.084456443786621094e-01 -3.878799676895141602e-01 -3.252549767494201660e-01 1.023697555065155029e-01 -6.968372464179992676e-01 -4.849506914615631104e-02 1.811034321784973145e+00 9.311820268630981445e-01 -2.667835056781768799e-01 8.878892660140991211e-02
5.992670655250549316e-01 -3.710013031959533691e-01 -3.002596795558929443e-01 9.460064768791198730e-02 -7.137700915336608887e-01 2.079408057034015656e-02 1.786089777946472168e+00 9.343360066413879395e-01 -2.849608063697814941e-01 9.648948907852172852e-02
6.010222434997558594e-01 -3.700286149978637695e-01 -2.972760200500488281e-01 8.740982413291931152e-02 -7.105069756507873535e-01 1.504443772137165070e-02 1.789290070533752441e+00 9.456933736801147461e-01 -2.710929214954376221e-01 9.805983304977416992e-02
5.895487666130065918e-01 -3.652245402336120605e-01 -3.138808906078338623e-01 9.628388285636901855e-02 -7.146618366241455078e-01 4.048095550388097763e-03 1.787884235382080078e+00 9.458158612251281738e-01 -2.781299650669097900e-01 8.678138256072998047e-02
6.050887703895568848e-01 -3.753430247306823730e-01 -3.073141574859619141e-01 9.449985623359680176e-02 -6.997566819190979004e-01 -6.208731327205896378e-03 1.797977566719055176e+00 9.420968890190124512e-01 -2.692162990570068359e-01 9.786200523376464844e-02
5.673927068710327148e-01 -3.962522149085998535e-01 -2.926062345504760742e-01 2.435817420482635498e-01 -5.505381822586059570e-01 7.499943673610687256e-02 1.900059342384338379e+00 9.739177227020263672e-01 -1.814367473125457764e-01 -5.891835317015647888e-02
2.845985889434814453e-01 -4.914255738258361816e-01 -2.492396384477615356e-01 2.086773216724395752e-01 -2.045906931161880493e-01 3.724057078361511230e-01 1.960055470466613770e+00 9.366703629493713379e-01 -1.989562362432479858e-01 -4.219837784767150879e-01
9.047840833663940430e-01 -6.072087883949279785e-01 -4.419569373130798340e-01 3.433963954448699951e-01 3.082403242588043213e-01 1.977869123220443726e-01 1.493257522583007812e+00 1.329179286956787109e+00 -5.748382806777954102e-01 -8.275069594383239746e-01
9.100589752197265625e-01 -6.342515349388122559e-01 -4.246570467948913574e-01 3.459831178188323975e-01 3.420709073543548584e-01 1.650504320859909058e-01 1.441388368606567383e+00 1.341225504875183105e+00 -5.959839820861816406e-01 -8.183335661888122559e-01
9.082478880882263184e-01 -6.232746839523315430e-01 -4.084602296352386475e-01 3.398701846599578857e-01 3.499928116798400879e-01 1.581355780363082886e-01 1.428578734397888184e+00 1.312222242355346680e+00 -6.092313528060913086e-01 -8.055519461631774902e-01
9.249826669692993164e-01 -6.379790902137756348e-01 -4.226093888282775879e-01 3.397795557975769043e-01 3.344464600086212158e-01 1.581131666898727417e-01 1.443474054336547852e+00 1.343400955200195312e+00 -5.953457355499267578e-01 -8.158318996429443359e-01
3.220185637474060059e-01 -6.450873613357543945e-01 -4.241034984588623047e-01 2.256517112255096436e-01 2.379372864961624146e-01 2.156154364347457886e-01 1.312884449958801270e+00 1.070551872253417969e+00 -6.814973950386047363e-01 -6.231808662414550781e-01
2.965169548988342285e-01 -8.600250482559204102e-01 -3.354000449180603027e-01 1.872380673885345459e-01 8.854715526103973389e-02 1.036760658025741577e-01 1.727484822273254395e+00 1.155864715576171875e+00 -7.733950018882751465e-01 -9.773582220077514648e-02
2.973667085170745850e-01 -8.749755620956420898e-01 -3.509438633918762207e-01 1.931430399417877197e-01 8.119733631610870361e-02 1.045194119215011597e-01 1.730475068092346191e+00 1.161584734916687012e+00 -7.566154599189758301e-01 -9.876513481140136719e-02
2.980880141258239746e-01 -8.598578572273254395e-01 -3.395634293556213379e-01 1.745249927043914795e-01 8.548785746097564697e-02 1.073174327611923218e-01 1.723875641822814941e+00 1.147803187370300293e+00 -7.713932991027832031e-01 -8.844500780105590820e-02
2.985272407531738281e-01 -8.725552558898925781e-01 -3.389763832092285156e-01 1.869629323482513428e-01 7.853113114833831787e-02 1.121053546667098999e-01 1.726033091545104980e+00 1.166033744812011719e+00 -7.553818225860595703e-01 -1.012254357337951660e-01
3.217121958732604980e-01 -8.076013326644897461e-01 -3.568985164165496826e-01 1.516059935092926025e-01 4.677487909793853760e-02 1.119778007268905640e-01 1.725182652473449707e+00 1.127653717994689941e+00 -7.358415722846984863e-01 -1.611169660463929176e-03
7.324202060699462891e-01 -7.555891275405883789e-01 -5.966473817825317383e-01 5.169519782066345215e-02 -9.885534644126892090e-03 2.766750939190387726e-02 1.317429780960083008e+00 1.055730223655700684e+00 -1.082039475440979004e+00 -7.473415136337280273e-02
7.713689804077148438e-01 -7.437115311622619629e-01 -6.118839979171752930e-01 2.342501096427440643e-02 1.827321946620941162e-02 1.238052733242511749e-02 1.289386272430419922e+00 1.024181842803955078e+00 -1.087317585945129395e+00 -9.611070156097412109e-02
4.829910397529602051e-01 -3.513628840446472168e-01 -5.898883342742919922e-01 1.088183224201202393e-01 2.978958189487457275e-01 -7.131226360797882080e-02 1.143627643585205078e+00 1.145802497863769531e+00 -8.567486405372619629e-01 -2.761723995208740234e-01
2.957992851734161377e-01 -2.260165363550186157e-01 -5.165143609046936035e-01 2.955124378204345703e-01 4.389377832412719727e-01 -2.585814893245697021e-01 9.695054888725280762e-01 1.318764328956604004e+00 -8.292858600616455078e-01 -2.119965553283691406e-01
3.595874309539794922e-01 -2.825364470481872559e-01 -5.399119853973388672e-01 1.698178648948669434e-01 5.120205283164978027e-01 -3.134062588214874268e-01 9.029428362846374512e-01 1.165243387222290039e+00 -8.746096491813659668e-01 -1.008588075637817383e-01
