9.204002022743225098e-01 3.371436595916748047e-01 -1.198106646537780762e+00 4.003810882568359375e-01 -3.693728744983673096e-01 -1.024514585733413696e-01 6.632305979728698730e-01 1.288903474807739258e+00 3.615896403789520264e-01 3.300921022891998291e-01
9.376144409179687500e-01 3.492857813835144043e-01 -1.209522008895874023e+00 4.239712357521057129e-01 -3.616625070571899414e-01 -1.095406562089920044e-01 6.539329886436462402e-01 1.296837210655212402e+00 3.526301681995391846e-01 3.282911181449890137e-01
9.260640144348144531e-01 3.440622687339782715e-01 -1.215688109397888184e+00 4.295935928821563721e-01 -3.614951074123382568e-01 -1.309220343828201294e-01 6.480539441108703613e-01 1.300617456436157227e+00 3.468740880489349365e-01 3.293343484401702881e-01
9.143369793891906738e-01 2.989978194236755371e-01 -1.174032807350158691e+00 4.018254876136779785e-01 -3.890652060508728027e-01 -1.349414736032485962e-01 7.217785716056823730e-01 1.291215896606445312e+00 3.860764801502227783e-01 3.544195592403411865e-01
8.612942695617675781e-01 2.343757599592208862e-01 -1.088351130485534668e+00 3.056579530239105225e-01 -4.221229851245880127e-01 -1.175416260957717896e-01 8.386676907539367676e-01 1.227689146995544434e+00 4.459346234798431396e-01 3.966403305530548096e-01
7.470130920410156250e-01 2.056459039449691772e-01 -9.733296036720275879e-01 2.527295947074890137e-01 -4.811393022537231445e-01 -9.765060245990753174e-02 1.022815108299255371e+00 1.186682939529418945e+00 4.983095228672027588e-01 4.896540641784667969e-01
5.150194764137268066e-01 4.052555561065673828e-01 -8.087992072105407715e-01 3.422237336635589600e-01 -5.215485692024230957e-01 9.246425330638885498e-02 1.325637578964233398e+00 1.005656242370605469e+00 5.798647999763488770e-01 5.882638096809387207e-01
5.880085229873657227e-01 5.502358078956604004e-01 -8.440554141998291016e-01 3.995715677738189697e-01 -7.374060750007629395e-01 -1.070880442857742310e-01 1.372282266616821289e+00 1.002849459648132324e+00 7.299163937568664551e-01 4.739821553230285645e-01
7.457581162452697754e-01 6.259548664093017578e-01 -9.413267374038696289e-01 4.603571593761444092e-01 -7.763473391532897949e-01 -1.355165988206863403e-01 1.039249300956726074e+00 1.013378143310546875e+00 7.156073451042175293e-01 3.961049020290374756e-01
6.272833943367004395e-01 7.352184057235717773e-01 -9.691481590270996094e-01 4.319389760494232178e-01 -5.049688816070556641e-01 -8.344228565692901611e-02 1.049053311347961426e+00 1.050341367721557617e+00 9.472497105598449707e-01 2.680634856224060059e-01
1.337292313575744629e+00 1.380006790161132812e+00 7.316066324710845947e-02 7.336685657501220703e-01 -1.392259716987609863e+00 -1.293425321578979492e+00 -9.274178743362426758e-01 1.379345417022705078e+00 6.468924283981323242e-01 3.073328733444213867e-01
1.329183697700500488e+00 5.440037846565246582e-01 4.907766580581665039e-01 4.951409697532653809e-01 -1.529584079980850220e-01 -1.389530420303344727e+00 -7.809118628501892090e-01 1.243884205818176270e+00 2.208599299192428589e-01 7.219366431236267090e-01
1.315583705902099609e+00 4.866403043270111084e-01 4.902424216270446777e-01 4.633636772632598877e-01 -5.777135491371154785e-02 -1.377438902854919434e+00 -7.486167550086975098e-01 1.288350820541381836e+00 2.365026772022247314e-01 7.359825968742370605e-01
1.314655303955078125e+00 4.857349991798400879e-01 4.839945435523986816e-01 4.695983827114105225e-01 -6.599929928779602051e-02 -1.397761702537536621e+00 -7.518708109855651855e-01 1.286226034164428711e+00 2.405453622341156006e-01 7.348359227180480957e-01
1.310183405876159668e+00 4.880535602569580078e-01 4.912815093994140625e-01 4.652540087699890137e-01 -6.264232099056243896e-02 -1.387617588043212891e+00 -7.477673292160034180e-01 1.286688566207885742e+00 2.364940941333770752e-01 7.364616990089416504e-01
1.133592486381530762e+00 8.231832981109619141e-01 2.580406069755554199e-01 4.926724135875701904e-01 -1.619194000959396362e-01 -1.798020124435424805e+00 -8.778951764106750488e-01 1.236487150192260742e+00 5.022822618484497070e-01 5.113642215728759766e-01
1.132401823997497559e+00 8.143631815910339355e-01 2.706432342529296875e-01 4.934317767620086670e-01 -1.577307432889938354e-01 -1.796159744262695312e+00 -8.725793957710266113e-01 1.229090332984924316e+00 4.874401092529296875e-01 4.952718615531921387e-01
1.131861567497253418e+00 8.156628608703613281e-01 2.729314565658569336e-01 4.976585805416107178e-01 -1.601551324129104614e-01 -1.787284970283508301e+00 -8.722552657127380371e-01 1.233032941818237305e+00 4.914933741092681885e-01 4.995756149291992188e-01
1.138002276420593262e+00 8.169413805007934570e-01 2.644243836402893066e-01 4.982641637325286865e-01 -1.539333909749984741e-01 -1.795417547225952148e+00 -8.789619803428649902e-01 1.235282659530639648e+00 4.952102303504943848e-01 4.993503093719482422e-01
1.139356732368469238e+00 8.235272169113159180e-01 2.745342850685119629e-01 5.015393495559692383e-01 -1.551720350980758667e-01 -1.792180061340332031e+00 -8.732814192771911621e-01 1.227304697036743164e+00 4.901625514030456543e-01 4.964938759803771973e-01
1.169010043144226074e+00 9.003604054450988770e-01 2.763043642044067383e-01 5.045305490493774414e-01 -1.767774373292922974e-01 -1.802624344825744629e+00 -8.116368651390075684e-01 1.156694173812866211e+00 6.565349698066711426e-01 5.079427361488342285e-01
9.629681110382080078e-01 1.248850822448730469e+00 4.090848565101623535e-01 6.768423914909362793e-01 -1.273177415132522583e-01 -1.671486854553222656e+00 -1.729673743247985840e-01 9.210641980171203613e-01 1.544142961502075195e+00 5.793477296829223633e-01
9.669362306594848633e-01 8.178625702857971191e-01 6.029386520385742188e-01 5.505273342132568359e-01 -1.763263046741485596e-01 -1.637562394142150879e+00 4.171822667121887207e-01 8.977010846138000488e-01 8.929689526557922363e-01 1.042537331581115723e+00
9.450999498367309570e-01 9.479789733886718750e-01 5.980498194694519043e-01 5.396422147750854492e-01 -1.859664767980575562e-01 -1.632784128189086914e+00 3.656468391418457031e-01 8.913738131523132324e-01 1.056157112121582031e+00 9.536316394805908203e-01
8.130090236663818359e-01 7.783815860748291016e-01 5.231330394744873047e-01 4.842256605625152588e-01 -1.823585480451583862e-01 -1.613152265548706055e+00 4.770234227180480957e-01 8.504527807235717773e-01 1.052410960197448730e+00 9.695374369621276855e-01
7.217236757278442383e-01 5.505558252334594727e-01 6.983733773231506348e-01 4.221499264240264893e-01 -1.317158043384552002e-01 -1.336173772811889648e+00 6.099087595939636230e-01 8.658331632614135742e-01 7.345792055130004883e-01 1.152783632278442383e+00
