1.060409784317016602e+00 2.451124638319015503e-01 -1.359301954507827759e-01 1.806087940931320190e-01 -3.348276913166046143e-01 8.930264413356781006e-02 6.976334452629089355e-01 1.196014881134033203e+00 1.885573416948318481e-01 1.774305105209350586e-01
1.087373375892639160e+00 2.682543396949768066e-01 -1.559909433126449585e-01 1.934285461902618408e-01 -3.184438049793243408e-01 6.295196712017059326e-02 6.969198584556579590e-01 1.200933098793029785e+00 2.087382227182388306e-01 1.794891357421875000e-01
1.089027047157287598e+00 2.760183811187744141e-01 -1.404719203710556030e-01 1.522985696792602539e-01 -3.438663780689239502e-01 6.770263612270355225e-02 6.761669516563415527e-01 1.176674723625183105e+00 2.004619091749191284e-01 1.976303458213806152e-01
1.038116693496704102e+00 2.849334478378295898e-01 -1.561309248208999634e-01 1.759785413742065430e-01 -3.536063432693481445e-01 8.372800052165985107e-02 6.908670663833618164e-01 1.191442847251892090e+00 1.959109008312225342e-01 2.026112675666809082e-01
8.821357488632202148e-01 4.019747972488403320e-01 -1.126147359609603882e-01 1.858853250741958618e-01 -2.429933696985244751e-01 4.144863784313201904e-02 6.319792866706848145e-01 1.133762359619140625e+00 1.215485781431198120e-01 3.245955109596252441e-01
8.608057498931884766e-01 4.113878607749938965e-01 -1.163451522588729858e-01 1.868789792060852051e-01 -2.456204146146774292e-01 9.770129621028900146e-02 6.285158991813659668e-01 1.144478082656860352e+00 1.507046222686767578e-01 2.820975184440612793e-01
8.499084711074829102e-01 4.159507155418395996e-01 -7.929210364818572998e-02 1.988990455865859985e-01 -2.598786652088165283e-01 1.423758715391159058e-01 5.721020102500915527e-01 1.168746829032897949e+00 1.446197777986526489e-01 2.414411902427673340e-01
1.011727571487426758e+00 3.626574873924255371e-01 -9.754844009876251221e-02 1.930682212114334106e-01 -2.588157057762145996e-01 7.923464477062225342e-02 5.667109489440917969e-01 1.135224223136901855e+00 9.690035879611968994e-02 2.791291475296020508e-01
1.051270127296447754e+00 3.148819804191589355e-01 -1.104222983121871948e-01 1.324811279773712158e-01 -2.452142685651779175e-01 -2.174736373126506805e-02 5.147864222526550293e-01 1.089674234390258789e+00 8.447840809822082520e-02 3.220672011375427246e-01
9.627705812454223633e-01 2.681937813758850098e-01 -8.641432225704193115e-02 1.630691289901733398e-01 -3.055669367313385010e-01 2.751855738461017609e-02 5.037732124328613281e-01 1.154295682907104492e+00 4.728391766548156738e-03 3.770467638969421387e-01
8.789472579956054688e-01 -4.989060163497924805e-01 1.696480065584182739e-01 9.908586740493774414e-02 -1.268185973167419434e+00 -1.732322126626968384e-01 1.335113644599914551e-01 4.149005115032196045e-01 -2.158339470624923706e-01 8.898288607597351074e-01
6.394091844558715820e-01 -7.576640248298645020e-01 -1.325758546590805054e-01 -1.342875659465789795e-01 -5.762410759925842285e-01 -6.285979151725769043e-01 -6.504743695259094238e-01 6.604846715927124023e-01 -1.195830702781677246e+00 1.011608242988586426e+00
6.634659171104431152e-01 -7.653232216835021973e-01 -1.965829581022262573e-01 -9.078881144523620605e-02 -4.171369075775146484e-01 -7.736274600028991699e-01 -7.848274707794189453e-01 6.180114150047302246e-01 -1.231564998626708984e+00 9.552230834960937500e-01
6.666833758354187012e-01 -7.658632397651672363e-01 -2.053449898958206177e-01 -8.479416370391845703e-02 -4.128735661506652832e-01 -7.708287835121154785e-01 -7.870658040046691895e-01 6.265786290168762207e-01 -1.241184353828430176e+00 9.535729289054870605e-01
6.614164710044860840e-01 -7.638889551162719727e-01 -2.008077651262283325e-01 -8.991652727127075195e-02 -4.127482771873474121e-01 -7.685349583625793457e-01 -7.822604775428771973e-01 6.228189468383789062e-01 -1.232463955879211426e+00 9.586686491966247559e-01
6.325158476829528809e-01 -6.746640205383300781e-01 -8.245955407619476318e-02 -6.197366118431091309e-02 -6.391410827636718750e-01 -7.569398283958435059e-01 -6.494720578193664551e-01 6.250724196434020996e-01 -1.032781481742858887e+00 1.085674881935119629e+00
5.965089201927185059e-01 -6.123246550559997559e-01 -2.728556096553802490e-02 -7.571017742156982422e-02 -7.740175724029541016e-01 -7.423870563507080078e-01 -5.640660524368286133e-01 5.941257476806640625e-01 -9.082455039024353027e-01 1.133187055587768555e+00
5.909748673439025879e-01 -5.887304544448852539e-01 -2.463655173778533936e-02 -6.837704777717590332e-02 -8.162370324134826660e-01 -7.443077564239501953e-01 -5.394112467765808105e-01 5.879031419754028320e-01 -8.772671818733215332e-01 1.152177214622497559e+00
5.845008492469787598e-01 -5.836771726608276367e-01 -2.609972655773162842e-02 -7.111620903015136719e-02 -8.120346665382385254e-01 -7.388874888420104980e-01 -5.405606627464294434e-01 5.916159749031066895e-01 -8.760152459144592285e-01 1.158317804336547852e+00
5.973892807960510254e-01 -5.939282178878784180e-01 -3.355632722377777100e-02 -6.247583031654357910e-02 -8.054560422897338867e-01 -7.410840392112731934e-01 -5.411995053291320801e-01 6.000201106071472168e-01 -8.813695907592773438e-01 1.154426097869873047e+00
4.881440401077270508e-01 -4.351260662078857422e-01 -7.075755298137664795e-02 -1.200348138809204102e-01 -8.634714484214782715e-01 -7.395159602165222168e-01 -4.814588427543640137e-01 5.534870028495788574e-01 -7.932465672492980957e-01 1.187325477600097656e+00
3.011746406555175781e-01 2.330288756638765335e-03 -1.766273230314254761e-01 -1.232318282127380371e-01 -8.283079862594604492e-01 -6.431519389152526855e-01 -3.489249348640441895e-01 5.142306685447692871e-01 -7.625135183334350586e-01 1.456549763679504395e+00
4.192058369517326355e-02 2.334878295660018921e-01 -4.374699592590332031e-01 -2.197260558605194092e-01 -6.480382084846496582e-01 -7.321562170982360840e-01 -6.100119948387145996e-01 5.129870772361755371e-01 -1.120664477348327637e+00 1.042016267776489258e+00
4.664446040987968445e-02 2.651530504226684570e-01 -4.454425573348999023e-01 -2.076835185289382935e-01 -6.612290143966674805e-01 -7.327354550361633301e-01 -5.838271975517272949e-01 5.040474534034729004e-01 -1.097893953323364258e+00 1.050577759742736816e+00
4.678032919764518738e-02 2.649002075195312500e-01 -4.129654169082641602e-01 -2.204629927873611450e-01 -6.608872413635253906e-01 -7.213196754455566406e-01 -5.403880476951599121e-01 5.192845463752746582e-01 -1.099363923072814941e+00 1.117225766181945801e+00
-1.819591596722602844e-02 4.532835483551025391e-01 -4.201152324676513672e-01 -1.987289041280746460e-01 -6.894345879554748535e-01 -7.288512587547302246e-01 -5.063191056251525879e-01 5.009562969207763672e-01 -9.867135286331176758e-01 1.177242636680603027e+00
