4.155689477920532227e-01 1.013484448194503784e-01 6.284173130989074707e-01 4.967315495014190674e-01 -2.708831131458282471e-01 -3.733779489994049072e-02 8.774847388267517090e-01 1.082677721977233887e+00 -8.359575271606445312e-02 -8.867062330245971680e-01
4.053669571876525879e-01 1.189235299825668335e-01 6.558378934860229492e-01 4.768239855766296387e-01 -2.685682177543640137e-01 2.816669829189777374e-02 8.259456157684326172e-01 1.060784578323364258e+00 -9.805559366941452026e-02 -8.722364306449890137e-01
3.808553814888000488e-01 1.108425110578536987e-01 6.306632757186889648e-01 5.251064896583557129e-01 -3.232642710208892822e-01 -6.355865299701690674e-02 1.037075400352478027e+00 1.097554087638854980e+00 -2.046089619398117065e-02 -8.327876925468444824e-01
3.189201354980468750e-01 9.017173945903778076e-02 6.335988640785217285e-01 4.556545615196228027e-01 -4.031436741352081299e-01 -1.966188661754131317e-02 1.269183874130249023e+00 1.054363250732421875e+00 6.140749901533126831e-02 -7.001354694366455078e-01
2.794529795646667480e-01 1.053041070699691772e-01 6.280506849288940430e-01 4.597190320491790771e-01 -4.209201335906982422e-01 2.229707129299640656e-02 1.518592238426208496e+00 1.072488069534301758e+00 1.404896527528762817e-01 -6.396570801734924316e-01
1.894828975200653076e-01 2.767318487167358398e-01 6.617425084114074707e-01 4.764433801174163818e-01 -4.466509819030761719e-01 1.727784126996994019e-01 1.517185926437377930e+00 1.001638054847717285e+00 2.048138380050659180e-01 -6.761302351951599121e-01
1.253516972064971924e-01 2.443095892667770386e-01 3.632928729057312012e-01 3.973869383335113525e-01 -2.222128510475158691e-01 1.481909602880477905e-01 1.345958113670349121e+00 8.844091892242431641e-01 3.643660843372344971e-01 -9.126359224319458008e-01
2.182117253541946411e-01 4.849777817726135254e-01 5.004733800888061523e-01 5.533165931701660156e-01 -6.877227425575256348e-01 -1.952425092458724976e-01 8.786219954490661621e-01 9.079774022102355957e-01 3.436199724674224854e-01 -9.850889444351196289e-01
2.997666001319885254e-01 5.708069801330566406e-01 5.979712605476379395e-01 5.881916880607604980e-01 -7.415259480476379395e-01 -1.889658868312835693e-01 6.678623557090759277e-01 9.152367711067199707e-01 2.944976389408111572e-01 -1.129721164703369141e+00
2.895380854606628418e-01 5.242332220077514648e-01 4.105757772922515869e-01 3.781884312629699707e-01 -3.597063422203063965e-01 -6.362570822238922119e-02 -1.142138242721557617e-01 9.913209676742553711e-01 2.928726077079772949e-01 -1.494661211967468262e+00
3.809842169284820557e-01 4.104061722755432129e-01 4.528830051422119141e-01 3.172405660152435303e-01 -4.814948737621307373e-01 -1.154887825250625610e-01 -4.667938947677612305e-01 8.833283185958862305e-01 4.976381361484527588e-02 -1.539941191673278809e+00
3.998051285743713379e-01 3.770997524261474609e-01 4.552663266658782959e-01 3.039574325084686279e-01 -5.148574709892272949e-01 -1.287562698125839233e-01 -5.413978695869445801e-01 8.738328814506530762e-01 2.132953703403472900e-02 -1.524167418479919434e+00
3.922054171562194824e-01 3.845750689506530762e-01 4.578537344932556152e-01 3.171240389347076416e-01 -5.126473903656005859e-01 -1.256836205720901489e-01 -5.459566712379455566e-01 8.709176182746887207e-01 2.033133804798126221e-02 -1.520623445510864258e+00
3.917024433612823486e-01 3.708652257919311523e-01 4.537058472633361816e-01 3.093831241130828857e-01 -5.221125483512878418e-01 -1.357198506593704224e-01 -5.388455986976623535e-01 8.664801716804504395e-01 1.929274201393127441e-02 -1.527229785919189453e+00
4.005173146724700928e-01 3.754073381423950195e-01 4.502222537994384766e-01 3.189341425895690918e-01 -5.206942558288574219e-01 -1.357007771730422974e-01 -5.335099697113037109e-01 8.842063546180725098e-01 2.144612371921539307e-02 -1.514772295951843262e+00
4.963098168373107910e-01 -1.288808882236480713e-02 7.398259639739990234e-01 3.204574286937713623e-01 -8.832953572273254395e-01 -8.049155771732330322e-02 -5.920068621635437012e-01 8.999063968658447266e-01 2.826316058635711670e-01 -5.289756655693054199e-01
5.527969002723693848e-01 2.864526212215423584e-02 6.304230690002441406e-01 6.672984361648559570e-01 -8.371472954750061035e-01 7.510895133018493652e-01 -6.101830601692199707e-01 1.188457727432250977e+00 1.204326748847961426e+00 -1.236587166786193848e-01
6.140247583389282227e-01 -4.309787880629301071e-03 6.103675961494445801e-01 7.252851724624633789e-01 -8.494936227798461914e-01 7.332231998443603516e-01 -6.665700078010559082e-01 1.262118220329284668e+00 1.244430541992187500e+00 -1.349242925643920898e-01
5.990938544273376465e-01 -4.949345719069242477e-03 6.157490611076354980e-01 7.290526628494262695e-01 -8.472000956535339355e-01 7.313333749771118164e-01 -6.713451147079467773e-01 1.252620220184326172e+00 1.240358114242553711e+00 -1.270601153373718262e-01
6.015130281448364258e-01 -3.562166821211576462e-03 6.145488023757934570e-01 7.303212881088256836e-01 -8.487189412117004395e-01 7.304049730300903320e-01 -6.656527519226074219e-01 1.259960174560546875e+00 1.249599218368530273e+00 -1.340215802192687988e-01
5.075104236602783203e-01 5.242477357387542725e-02 5.671802163124084473e-01 6.275860071182250977e-01 -7.299454808235168457e-01 6.565537452697753906e-01 -4.157622456550598145e-01 1.122846603393554688e+00 1.416706442832946777e+00 -2.343297004699707031e-01
3.961443901062011719e-01 2.806128263473510742e-01 6.531263589859008789e-01 3.670568168163299561e-01 -8.148097991943359375e-01 7.954660654067993164e-01 3.331160545349121094e-01 9.756709933280944824e-01 1.367240548133850098e+00 -3.074150681495666504e-01
5.491896867752075195e-01 2.833642363548278809e-01 9.261090159416198730e-01 5.337368249893188477e-01 -1.160550355911254883e+00 8.285787701606750488e-01 6.760665178298950195e-01 8.843707442283630371e-01 1.368884205818176270e+00 -1.610785722732543945e-01
4.868063926696777344e-01 3.234688043594360352e-01 8.376997709274291992e-01 4.970825016498565674e-01 -1.028058886528015137e+00 7.213755249977111816e-01 6.722477078437805176e-01 8.985787034034729004e-01 1.529368281364440918e+00 -2.455112934112548828e-01
2.525710463523864746e-01 1.473687738180160522e-01 7.084802389144897461e-01 3.827007710933685303e-01 -1.055152058601379395e+00 6.000128388404846191e-01 1.293494582176208496e+00 7.867112755775451660e-01 1.350441455841064453e+00 -5.439447984099388123e-02
2.637567520141601562e-01 5.083636939525604248e-02 8.880107402801513672e-01 3.630875051021575928e-01 -9.891483187675476074e-01 7.500615119934082031e-01 1.378391146659851074e+00 7.279393672943115234e-01 1.200302839279174805e+00 8.883339166641235352e-02
