2.031713277101516724e-01 3.122878670692443848e-01 -1.264854550361633301e+00 5.941413044929504395e-01 -3.318068087100982666e-01 8.099709451198577881e-02 3.283245563507080078e-01 9.763733744621276855e-01 1.696954518556594849e-01 1.684725880622863770e-01
2.026718407869338989e-01 3.385607600212097168e-01 -1.275800704956054688e+00 6.090042591094970703e-01 -3.339266479015350342e-01 7.775269448757171631e-02 3.391000628471374512e-01 9.832491874694824219e-01 1.857604831457138062e-01 1.674647778272628784e-01
2.117321342229843140e-01 3.387354612350463867e-01 -1.314393401145935059e+00 5.804570317268371582e-01 -3.323930203914642334e-01 4.157899320125579834e-02 2.904669046401977539e-01 9.761769175529479980e-01 1.739120185375213623e-01 1.830893903970718384e-01
1.653289347887039185e-01 3.488909006118774414e-01 -1.290119171142578125e+00 5.948644876480102539e-01 -3.531982302665710449e-01 7.767461240291595459e-02 3.232464194297790527e-01 9.831637740135192871e-01 1.804280281066894531e-01 1.923810839653015137e-01
1.105729192495346069e-01 3.798976540565490723e-01 -1.269816994667053223e+00 5.652242302894592285e-01 -3.826131224632263184e-01 1.318560689687728882e-01 3.240219354629516602e-01 9.687715172767639160e-01 1.958947479724884033e-01 1.798184514045715332e-01
1.063990294933319092e-01 3.836525082588195801e-01 -1.244770288467407227e+00 5.692024230957031250e-01 -3.695075511932373047e-01 1.741489022970199585e-01 3.393857777118682861e-01 9.947119355201721191e-01 2.234909832477569580e-01 1.402870416641235352e-01
1.229511648416519165e-01 3.970733284950256348e-01 -1.231959342956542969e+00 6.377037763595581055e-01 -4.030317962169647217e-01 1.954029649496078491e-01 3.069267272949218750e-01 1.068422079086303711e+00 2.148434966802597046e-01 7.391485571861267090e-02
2.266309410333633423e-01 3.319609165191650391e-01 -1.291426420211791992e+00 6.284099817276000977e-01 -4.021321237087249756e-01 1.437452882528305054e-01 2.830106616020202637e-01 9.938343763351440430e-01 1.598208993673324585e-01 1.319647133350372314e-01
2.457267791032791138e-01 2.681540250778198242e-01 -1.322964072227478027e+00 5.351611971855163574e-01 -3.836445808410644531e-01 5.810700356960296631e-02 2.361600995063781738e-01 9.655496478080749512e-01 1.449210792779922485e-01 1.808268129825592041e-01
2.206933349370956421e-01 2.233868688344955444e-01 -1.288791775703430176e+00 5.907874107360839844e-01 -4.657456576824188232e-01 1.316107362508773804e-01 2.763617038726806641e-01 1.012770175933837891e+00 9.062220156192779541e-02 2.109814882278442383e-01
1.599172800779342651e-01 -5.732170343399047852e-01 -6.031345129013061523e-01 4.609643816947937012e-01 -1.976590633392333984e+00 -9.981645643711090088e-02 1.300702691078186035e-01 1.997603327035903931e-01 1.727117598056793213e-02 9.047926068305969238e-01
2.966731786727905273e-01 -1.171047568321228027e+00 -1.054858326911926270e+00 2.954492270946502686e-01 -9.341852664947509766e-01 -4.171206355094909668e-01 -1.727476716041564941e-01 4.384410083293914795e-01 -4.898059070110321045e-01 1.254999041557312012e+00
3.520845174789428711e-01 -1.197326779365539551e+00 -1.438487887382507324e+00 4.980877935886383057e-01 -4.976741075515747070e-01 -6.443986892700195312e-01 -3.178601861000061035e-01 4.106850326061248779e-01 -6.436829566955566406e-01 1.122564196586608887e+00
3.501654267311096191e-01 -1.192198514938354492e+00 -1.445740103721618652e+00 4.888050556182861328e-01 -4.984044730663299561e-01 -6.444870829582214355e-01 -3.184999227523803711e-01 4.162632524967193604e-01 -6.406511068344116211e-01 1.121892809867858887e+00
3.472921252250671387e-01 -1.191864013671875000e+00 -1.437663316726684570e+00 4.902304708957672119e-01 -4.985813200473785400e-01 -6.438694596290588379e-01 -3.152592182159423828e-01 4.125774800777435303e-01 -6.361426711082458496e-01 1.120192646980285645e+00
3.388699889183044434e-01 -1.091211557388305664e+00 -1.167559862136840820e+00 6.810431480407714844e-01 -7.288329005241394043e-01 -6.158682703971862793e-01 -1.481195092201232910e-01 3.357271254062652588e-01 -4.541943669319152832e-01 1.268224716186523438e+00
2.772562503814697266e-01 -9.658852219581604004e-01 -1.046599030494689941e+00 7.477952241897583008e-01 -8.861584067344665527e-01 -6.023621559143066406e-01 -6.638556718826293945e-02 2.931784689426422119e-01 -3.204754889011383057e-01 1.293628454208374023e+00
2.786449790000915527e-01 -9.610663652420043945e-01 -1.025743484497070312e+00 7.634254693984985352e-01 -9.011911153793334961e-01 -5.961914658546447754e-01 -5.135286226868629456e-02 2.820875346660614014e-01 -3.171001672744750977e-01 1.303102850914001465e+00
2.739458084106445312e-01 -9.490001797676086426e-01 -1.026174664497375488e+00 7.602244615554809570e-01 -9.100491404533386230e-01 -6.004417538642883301e-01 -4.731279984116554260e-02 2.799539268016815186e-01 -3.098933100700378418e-01 1.301286578178405762e+00
2.733851671218872070e-01 -9.529879689216613770e-01 -1.035039067268371582e+00 7.605932354927062988e-01 -8.977198004722595215e-01 -5.992588400840759277e-01 -5.846971645951271057e-02 2.792437970638275146e-01 -3.183961510658264160e-01 1.295155763626098633e+00
2.042386680841445923e-01 -7.793938517570495605e-01 -1.022308707237243652e+00 7.524004578590393066e-01 -9.077875614166259766e-01 -6.036314368247985840e-01 -1.408201735466718674e-02 2.670002281665802002e-01 -2.960672080516815186e-01 1.293768525123596191e+00
-7.913399487733840942e-03 -2.226776033639907837e-01 -1.114008069038391113e+00 7.866195440292358398e-01 -8.134250640869140625e-01 -4.713087677955627441e-01 1.166405081748962402e-01 2.387218028306961060e-01 -2.430980950593948364e-01 1.500514149665832520e+00
-2.889297306537628174e-01 6.007026135921478271e-02 -1.564205169677734375e+00 5.105955600738525391e-01 -7.246381640434265137e-01 -5.301132798194885254e-01 -1.215870380401611328e-01 3.824108541011810303e-01 -6.887500882148742676e-01 1.030770659446716309e+00
-2.884959578514099121e-01 8.828364312648773193e-02 -1.581682801246643066e+00 5.040124058723449707e-01 -7.028275728225708008e-01 -5.175930261611938477e-01 -1.025368571281433105e-01 3.850531280040740967e-01 -6.849351525306701660e-01 1.043834924697875977e+00
-2.756167650222778320e-01 6.586788594722747803e-02 -1.549295663833618164e+00 4.860476255416870117e-01 -7.151152491569519043e-01 -5.130805373191833496e-01 -6.312876939773559570e-02 3.818247020244598389e-01 -6.452844142913818359e-01 1.099721670150756836e+00
-3.897759318351745605e-01 2.612565755844116211e-01 -1.527865290641784668e+00 5.435887575149536133e-01 -7.833662629127502441e-01 -5.005539059638977051e-01 -2.546817436814308167e-02 3.142405450344085693e-01 -5.631879568099975586e-01 1.163115143775939941e+00
