3.367913961410522461e-01 1.511941403150558472e-01 -1.188145756721496582e+00 5.215784311294555664e-01 -5.459244251251220703e-01 7.050941884517669678e-02 4.442508518695831299e-01 9.168871045112609863e-01 3.409639000892639160e-01 -3.328373655676841736e-02
3.422531485557556152e-01 1.392522305250167847e-01 -1.185660958290100098e+00 5.194240212440490723e-01 -5.535363554954528809e-01 4.606835544109344482e-02 4.869495928287506104e-01 9.268535971641540527e-01 3.475352227687835693e-01 -1.940431818366050720e-02
2.347446829080581665e-01 1.672004312276840210e-01 -9.020334482192993164e-01 5.155061483383178711e-01 -6.906174421310424805e-01 4.513601958751678467e-02 1.017103552818298340e+00 8.792730569839477539e-01 5.760816335678100586e-01 1.036090850830078125e-01
4.155070781707763672e-01 5.653798580169677734e-01 -1.088479638099670410e+00 6.768215894699096680e-01 -3.160258829593658447e-01 3.051536083221435547e-01 6.736654639244079590e-01 8.267009854316711426e-01 8.871688246726989746e-01 -1.406349837779998779e-01
4.831259250640869141e-01 8.599306344985961914e-01 -1.044743776321411133e+00 7.089347839355468750e-01 -1.671901196241378784e-01 4.822485446929931641e-01 5.491786599159240723e-01 8.899965286254882812e-01 9.858362078666687012e-01 -2.472362518310546875e-01
5.207551121711730957e-01 8.918327689170837402e-01 -1.042119860649108887e+00 6.757347583770751953e-01 -9.309412539005279541e-02 5.422870516777038574e-01 5.398887395858764648e-01 8.843246102333068848e-01 1.030957102775573730e+00 -2.973079681396484375e-01
4.950150251388549805e-01 8.860722184181213379e-01 -1.035952806472778320e+00 6.741364598274230957e-01 -1.016634851694107056e-01 5.479794740676879883e-01 5.395550727844238281e-01 8.800799846649169922e-01 1.027096271514892578e+00 -2.921037971973419189e-01
5.126682519912719727e-01 9.021840691566467285e-01 -1.035826325416564941e+00 6.777579784393310547e-01 -1.042946428060531616e-01 5.553157925605773926e-01 5.338934659957885742e-01 8.894569277763366699e-01 1.022908806800842285e+00 -2.944302558898925781e-01
5.206001400947570801e-01 9.041364192962646484e-01 -1.032195925712585449e+00 6.971226930618286133e-01 -1.082656830549240112e-01 5.734897255897521973e-01 5.487095117568969727e-01 9.085255861282348633e-01 9.992476701736450195e-01 -2.968616187572479248e-01
6.122323274612426758e-01 8.961374759674072266e-01 -8.230195045471191406e-01 5.687649250030517578e-01 2.142848223447799683e-01 9.775209426879882812e-01 3.784799575805664062e-01 8.341663479804992676e-01 1.076805472373962402e+00 -4.404291510581970215e-01
4.545528292655944824e-01 3.330889344215393066e-01 -5.985590219497680664e-01 5.724388360977172852e-01 6.241306662559509277e-01 1.047924399375915527e+00 3.991080522537231445e-01 5.542400479316711426e-01 1.444137930870056152e+00 1.356971636414527893e-02
4.841930866241455078e-01 4.459658861160278320e-01 -6.980202198028564453e-01 7.318120002746582031e-01 1.220439434051513672e+00 2.347043007612228394e-01 -7.258681058883666992e-01 5.984917283058166504e-01 1.245087265968322754e+00 -4.145749211311340332e-01
4.840938448905944824e-01 3.922021985054016113e-01 -6.416561603546142578e-01 7.720202207565307617e-01 1.173280239105224609e+00 1.978713124990463257e-01 -8.114587664604187012e-01 5.937792658805847168e-01 1.231576323509216309e+00 -3.957472443580627441e-01
4.856976866722106934e-01 3.977474570274353027e-01 -6.470845937728881836e-01 7.704077363014221191e-01 1.176738023757934570e+00 1.989826411008834839e-01 -8.116981387138366699e-01 5.953712463378906250e-01 1.241248846054077148e+00 -4.031194448471069336e-01
4.817275404930114746e-01 3.872853517532348633e-01 -6.408486366271972656e-01 7.614910006523132324e-01 1.166666984558105469e+00 2.021174281835556030e-01 -8.160997629165649414e-01 6.021692156791687012e-01 1.238639235496520996e+00 -4.026457965373992920e-01
5.827499628067016602e-01 3.071519732475280762e-01 -4.612272679805755615e-01 8.253886699676513672e-01 1.058956146240234375e+00 4.624401330947875977e-01 -5.906117558479309082e-01 6.103932857513427734e-01 1.498211979866027832e+00 -2.671472728252410889e-01
8.579813838005065918e-01 1.004711985588073730e+00 -8.719639480113983154e-02 7.036321163177490234e-01 1.091379165649414062e+00 1.433233976364135742e+00 -7.510189414024353027e-01 8.462153077125549316e-01 1.363365530967712402e+00 -4.476562440395355225e-01
8.785294294357299805e-01 1.027828693389892578e+00 -7.837043702602386475e-02 6.737622022628784180e-01 1.054574847221374512e+00 1.459327816963195801e+00 -7.769625782966613770e-01 8.633028268814086914e-01 1.315591812133789062e+00 -4.780091643333435059e-01
8.708282113075256348e-01 1.032571911811828613e+00 -8.552323281764984131e-02 6.725545525550842285e-01 1.056827068328857422e+00 1.454624772071838379e+00 -7.820907831192016602e-01 8.701639771461486816e-01 1.306472182273864746e+00 -4.815708994865417480e-01
8.718541264533996582e-01 1.033690333366394043e+00 -7.747478783130645752e-02 6.718456149101257324e-01 1.059837818145751953e+00 1.471232891082763672e+00 -7.790829539299011230e-01 8.696576952934265137e-01 1.298761725425720215e+00 -4.779271483421325684e-01
8.384163975715637207e-01 9.386433362960815430e-01 -1.083677858114242554e-01 6.755970120429992676e-01 9.880681037902832031e-01 1.321451425552368164e+00 -7.613615393638610840e-01 8.312345743179321289e-01 1.334448456764221191e+00 -4.697072803974151611e-01
1.048183798789978027e+00 9.833003878593444824e-01 3.647699486464262009e-03 8.526490330696105957e-01 5.004134178161621094e-01 4.503270983695983887e-01 -6.928437352180480957e-01 9.036127328872680664e-01 1.171160459518432617e+00 -5.944181084632873535e-01
9.958083629608154297e-01 9.151399135589599609e-01 9.278669953346252441e-03 8.605086207389831543e-01 4.410026967525482178e-01 2.399873584508895874e-01 -7.021946310997009277e-01 1.005501508712768555e+00 1.148889303207397461e+00 -5.441977381706237793e-01
6.350077390670776367e-01 3.807289004325866699e-01 -3.762869536876678467e-02 7.939208745956420898e-01 6.651957631111145020e-01 -5.532754957675933838e-02 -7.699728608131408691e-01 7.855570912361145020e-01 8.966330289840698242e-01 -2.146783471107482910e-01
5.608025193214416504e-01 1.374581903219223022e-01 2.647848427295684814e-02 5.090510249137878418e-01 7.918138504028320312e-01 -1.037974469363689423e-02 -1.107241511344909668e+00 6.164343953132629395e-01 5.990965366363525391e-01 -2.481263503432273865e-02
7.506945133209228516e-01 1.647219508886337280e-01 1.259177774190902710e-01 5.753121972084045410e-01 7.026513218879699707e-01 1.059143394231796265e-01 -1.393845319747924805e+00 6.729959249496459961e-01 5.567381381988525391e-01 -1.449083685874938965e-01
