4.788655638694763184e-01 -1.364733278751373291e-02 2.081244736909866333e-01 3.065920472145080566e-01 -6.376285552978515625e-01 3.461848199367523193e-02 1.029566287994384766e+00 1.132856845855712891e+00 1.046806499361991882e-01 -1.091184854507446289e+00
4.764876961708068848e-01 -9.558811783790588379e-03 2.065382748842239380e-01 2.815306484699249268e-01 -6.428641676902770996e-01 4.491709172725677490e-02 9.973760247230529785e-01 1.139436244964599609e+00 9.402551501989364624e-02 -1.102140069007873535e+00
4.951485395431518555e-01 -3.874077927321195602e-03 2.044518738985061646e-01 3.243441879749298096e-01 -6.191096901893615723e-01 2.226548083126544952e-02 1.002565503120422363e+00 1.131372928619384766e+00 9.711845964193344116e-02 -1.107882142066955566e+00
4.927780032157897949e-01 -1.931793987751007080e-02 2.037800699472427368e-01 3.196847438812255859e-01 -6.210703849792480469e-01 2.067341096699237823e-02 1.037789344787597656e+00 1.147588968276977539e+00 1.009375080466270447e-01 -1.087028145790100098e+00
4.674782156944274902e-01 -6.243802607059478760e-02 1.983676701784133911e-01 2.792605161666870117e-01 -6.559522747993469238e-01 6.106035318225622177e-03 1.149961829185485840e+00 1.107499837875366211e+00 1.348451822996139526e-01 -1.015542864799499512e+00
3.828574120998382568e-01 -9.735895693302154541e-02 1.946676224470138550e-01 1.837655007839202881e-01 -7.281242609024047852e-01 7.348482310771942139e-02 1.286786198616027832e+00 1.060258150100708008e+00 1.947009414434432983e-01 -8.810254335403442383e-01
2.381626963615417480e-01 1.497374475002288818e-02 3.957141637802124023e-01 1.911355853080749512e-01 -6.470311880111694336e-01 6.367458403110504150e-02 1.557925820350646973e+00 9.456694126129150391e-01 2.393513172864913940e-01 -6.386042237281799316e-01
1.277963817119598389e-01 1.850260943174362183e-01 4.470047950744628906e-01 2.548678219318389893e-01 -6.633723974227905273e-01 1.827606707811355591e-01 1.691781163215637207e+00 8.625024557113647461e-01 3.099499642848968506e-01 -6.757298111915588379e-01
2.586516141891479492e-01 2.356551736593246460e-01 3.904757201671600342e-01 3.184661269187927246e-01 -8.005023002624511719e-01 1.355262286961078644e-02 1.431815743446350098e+00 8.559485077857971191e-01 4.099624454975128174e-01 -8.025109767913818359e-01
2.383995354175567627e-01 1.815255731344223022e-01 3.461849987506866455e-01 3.128719627857208252e-01 -7.158550024032592773e-01 1.118998415768146515e-02 1.451403021812438965e+00 8.758040666580200195e-01 4.582476913928985596e-01 -7.653129696846008301e-01
3.652326762676239014e-01 5.712991952896118164e-01 2.915425896644592285e-01 4.580913186073303223e-01 -8.222666382789611816e-01 -1.523859053850173950e-01 5.829548463225364685e-02 9.578052163124084473e-01 5.785363316535949707e-01 -1.481991291046142578e+00
3.179160952568054199e-01 7.931475341320037842e-02 1.038779616355895996e+00 6.816841959953308105e-01 -4.499599635601043701e-01 -1.492840528488159180e+00 -9.879260659217834473e-01 6.450800299644470215e-01 1.522759497165679932e-01 -7.907341718673706055e-01
4.146523177623748779e-01 -1.600785404443740845e-01 1.233025431632995605e+00 5.326319932937622070e-01 1.136763393878936768e-02 -1.427180171012878418e+00 -9.347000718116760254e-01 8.001602292060852051e-01 1.244134604930877686e-01 -5.742433667182922363e-01
4.120391011238098145e-01 -1.405567675828933716e-01 1.242313981056213379e+00 5.106188058853149414e-01 1.941733062267303467e-02 -1.429483413696289062e+00 -9.119778871536254883e-01 7.942684292793273926e-01 1.064163595438003540e-01 -5.720412135124206543e-01
4.055802226066589355e-01 -1.437878161668777466e-01 1.254167675971984863e+00 5.264216661453247070e-01 2.768856287002563477e-02 -1.425857067108154297e+00 -9.268901348114013672e-01 7.889423966407775879e-01 1.122379750013351440e-01 -5.758914351463317871e-01
4.063109159469604492e-01 -1.421862989664077759e-01 1.250450491905212402e+00 5.183183550834655762e-01 2.594555914402008057e-02 -1.418446302413940430e+00 -9.109714627265930176e-01 7.918897271156311035e-01 1.148637086153030396e-01 -5.598931908607482910e-01
2.520246803760528564e-01 9.154097735881805420e-02 9.370083808898925781e-01 6.021959781646728516e-01 -1.070062965154647827e-01 -1.754232764244079590e+00 -9.684149026870727539e-01 7.565792798995971680e-01 3.719419538974761963e-01 -8.574066758155822754e-01
2.473753988742828369e-01 9.833841025829315186e-02 9.352992773056030273e-01 6.137233972549438477e-01 -1.114194840192794800e-01 -1.752025246620178223e+00 -9.746028184890747070e-01 7.547841668128967285e-01 3.787905871868133545e-01 -8.622261881828308105e-01
2.474929541349411011e-01 9.379039704799652100e-02 9.419706463813781738e-01 6.079759597778320312e-01 -1.133257597684860229e-01 -1.753131508827209473e+00 -9.754187464714050293e-01 7.545977234840393066e-01 3.738765120506286621e-01 -8.630411028861999512e-01
2.470447421073913574e-01 9.030418097972869873e-02 9.364004135131835938e-01 6.112613677978515625e-01 -1.127357482910156250e-01 -1.748643875122070312e+00 -9.798392057418823242e-01 7.585858106613159180e-01 3.725868761539459229e-01 -8.645969033241271973e-01
2.451693117618560791e-01 1.040344685316085815e-01 9.378728270530700684e-01 6.010501384735107422e-01 -1.230431944131851196e-01 -1.761639714241027832e+00 -9.753530621528625488e-01 7.469429373741149902e-01 3.954994380474090576e-01 -8.646500110626220703e-01
2.657876312732696533e-01 2.553886175155639648e-01 8.005764484405517578e-01 7.450975179672241211e-01 -1.111326813697814941e-01 -1.678414344787597656e+00 -6.952063441276550293e-01 6.134973168373107910e-01 1.059264302253723145e+00 -8.638169169425964355e-01
1.370466798543930054e-01 9.006266295909881592e-02 1.282545328140258789e+00 5.738974809646606445e-01 3.275707829743623734e-03 -1.657257556915283203e+00 2.206098437309265137e-01 4.297844767570495605e-01 9.565563797950744629e-01 -3.998869657516479492e-01
1.172412484884262085e-01 2.730856835842132568e-02 1.308753848075866699e+00 5.493491291999816895e-01 -4.688679706305265427e-03 -1.701590299606323242e+00 2.818114161491394043e-01 4.169003963470458984e-01 7.864986658096313477e-01 -3.410469293594360352e-01
1.625522524118423462e-01 1.098007410764694214e-01 1.308436512947082520e+00 5.765770673751831055e-01 -1.901626586914062500e-02 -1.649757981300354004e+00 1.681033372879028320e-01 4.726663231849670410e-01 9.799137711524963379e-01 -4.040786921977996826e-01
2.340161427855491638e-02 -6.113364826887845993e-03 1.242387652397155762e+00 5.090819597244262695e-01 5.937293637543916702e-03 -1.555361509323120117e+00 3.734599947929382324e-01 4.438801407814025879e-01 7.535886168479919434e-01 -2.356498837471008301e-01
