5.560747385025024414e-01 -2.635712623596191406e-01 2.465884834527969360e-01 4.545838832855224609e-01 -3.531492054462432861e-01 2.373818606138229370e-01 4.365967512130737305e-01 8.375100493431091309e-01 3.072586357593536377e-01 -5.846103429794311523e-01
5.689269304275512695e-01 -2.506039142608642578e-01 2.412256747484207153e-01 5.039899945259094238e-01 -3.301987648010253906e-01 2.450079172849655151e-01 4.029989242553710938e-01 8.463395237922668457e-01 2.929541766643524170e-01 -6.034206151962280273e-01
5.722375512123107910e-01 -2.626978754997253418e-01 2.420973926782608032e-01 4.910358488559722900e-01 -3.417140543460845947e-01 2.307364195585250854e-01 4.103808403015136719e-01 8.267160058021545410e-01 3.002098500728607178e-01 -5.915646553039550781e-01
5.579497814178466797e-01 -2.823623418807983398e-01 2.399928122758865356e-01 4.451704323291778564e-01 -3.662420809268951416e-01 2.260107249021530151e-01 4.742469787597656250e-01 8.241695761680603027e-01 3.199812471866607666e-01 -5.640546679496765137e-01
4.984160959720611572e-01 -3.162071704864501953e-01 2.188719660043716431e-01 3.626894056797027588e-01 -4.393064081668853760e-01 2.227373570203781128e-01 6.206126213073730469e-01 7.985337376594543457e-01 3.601211011409759521e-01 -4.904935359954833984e-01
3.781632483005523682e-01 -3.216922283172607422e-01 2.323362082242965698e-01 2.795179188251495361e-01 -5.353346467018127441e-01 2.617644667625427246e-01 7.772563099861145020e-01 7.986831665039062500e-01 3.865770399570465088e-01 -3.675205707550048828e-01
2.283588200807571411e-01 -1.897370964288711548e-01 3.410357534885406494e-01 3.358533680438995361e-01 -5.858919024467468262e-01 2.915498018264770508e-01 1.094213962554931641e+00 6.836908459663391113e-01 4.901161193847656250e-01 -2.986189126968383789e-01
2.875424027442932129e-01 -1.000829488039016724e-01 2.573649287223815918e-01 4.371948838233947754e-01 -7.800713181495666504e-01 1.587209552526473999e-01 1.063317060470581055e+00 7.097668051719665527e-01 6.355281472206115723e-01 -3.995531797409057617e-01
3.914296627044677734e-01 -1.051094681024551392e-01 2.861889600753784180e-01 4.925624728202819824e-01 -7.813560962677001953e-01 1.796682327985763550e-01 7.814435362815856934e-01 6.971915364265441895e-01 5.845085978507995605e-01 -4.768909513950347900e-01
3.523105382919311523e-01 2.524237334728240967e-02 6.140215694904327393e-02 4.710443019866943359e-01 -5.428812503814697266e-01 2.324294298887252808e-01 6.877248883247375488e-01 8.428991436958312988e-01 8.850261569023132324e-01 -6.364181637763977051e-01
7.799881696701049805e-01 -2.810992300510406494e-02 6.683399081230163574e-01 1.030013680458068848e+00 -1.527078986167907715e+00 -8.251574635505676270e-01 -1.256474971771240234e+00 8.670287132263183594e-01 6.900808811187744141e-01 -9.342702627182006836e-01
9.166941642761230469e-01 -4.810724258422851562e-01 1.253014683723449707e+00 6.571460962295532227e-01 -3.342421352863311768e-01 -9.347870349884033203e-01 -1.147191524505615234e+00 8.742125630378723145e-01 4.037840068340301514e-01 -3.466036319732666016e-01
9.128880500793457031e-01 -4.882284402847290039e-01 1.247748732566833496e+00 6.577463150024414062e-01 -3.196443319320678711e-01 -9.385084509849548340e-01 -1.148590207099914551e+00 8.887199759483337402e-01 4.172889590263366699e-01 -3.360963463783264160e-01
9.253931641578674316e-01 -4.893657863140106201e-01 1.242947936058044434e+00 6.514100432395935059e-01 -3.061679303646087646e-01 -9.408598542213439941e-01 -1.155900001525878906e+00 8.872650265693664551e-01 4.119706451892852783e-01 -3.537651300430297852e-01
9.288388490676879883e-01 -4.849324822425842285e-01 1.258365392684936523e+00 6.564658880233764648e-01 -3.166706264019012451e-01 -9.327846169471740723e-01 -1.149488449096679688e+00 8.858973383903503418e-01 4.078245460987091064e-01 -3.388628363609313965e-01
8.049986362457275391e-01 -1.479680091142654419e-01 9.962843656539916992e-01 6.163631081581115723e-01 -3.084783852100372314e-01 -1.078603029251098633e+00 -1.124812960624694824e+00 8.630336523056030273e-01 6.328437924385070801e-01 -6.347745060920715332e-01
8.245892524719238281e-01 -1.511863023042678833e-01 9.971377253532409668e-01 6.039891242980957031e-01 -3.025217354297637939e-01 -1.070867061614990234e+00 -1.111270666122436523e+00 8.715746998786926270e-01 6.470043659210205078e-01 -6.327369213104248047e-01
8.191215991973876953e-01 -1.553703099489212036e-01 9.895116090774536133e-01 6.137619018554687500e-01 -3.146100342273712158e-01 -1.079971313476562500e+00 -1.123037576675415039e+00 8.667740225791931152e-01 6.438342928886413574e-01 -6.376876831054687500e-01
8.116226196289062500e-01 -1.520503908395767212e-01 9.974620342254638672e-01 6.094251275062561035e-01 -3.069348633289337158e-01 -1.075662374496459961e+00 -1.127903342247009277e+00 8.616208434104919434e-01 6.478436589241027832e-01 -6.487914323806762695e-01
8.194234967231750488e-01 -1.503043323755264282e-01 9.966444373130798340e-01 6.110041141510009766e-01 -3.126404583454132080e-01 -1.078448772430419922e+00 -1.119885563850402832e+00 8.540716171264648438e-01 6.517598628997802734e-01 -6.421332955360412598e-01
8.406779170036315918e-01 -9.150399267673492432e-02 9.407673478126525879e-01 7.036770582199096680e-01 -2.758848965167999268e-01 -1.017574787139892578e+00 -9.929507374763488770e-01 7.657094597816467285e-01 8.426187038421630859e-01 -6.915899515151977539e-01
6.443932056427001953e-01 5.850909650325775146e-02 1.311361789703369141e+00 6.905476450920104980e-01 -2.520671784877777100e-01 -9.841797947883605957e-01 -1.303893923759460449e-01 6.178796887397766113e-01 1.847924232482910156e+00 -5.038605332374572754e-01
5.491020083427429199e-01 -2.086863666772842407e-01 1.536193490028381348e+00 6.196452379226684570e-01 -2.815263569355010986e-01 -1.041850566864013672e+00 1.646059751510620117e-01 5.570706725120544434e-01 1.137028336524963379e+00 -1.382470726966857910e-01
5.698431134223937988e-01 -1.021931916475296021e-01 1.519833683967590332e+00 6.390209197998046875e-01 -2.647597491741180420e-01 -9.919291138648986816e-01 1.716608405113220215e-01 6.008636951446533203e-01 1.352017283439636230e+00 -1.987972259521484375e-01
4.409969449043273926e-01 -2.085001617670059204e-01 1.348393082618713379e+00 5.467387437820434570e-01 -2.290200293064117432e-01 -1.021541833877563477e+00 3.121904134750366211e-01 5.862855911254882812e-01 1.242599368095397949e+00 -1.381425261497497559e-01
4.264608025550842285e-01 -3.365852832794189453e-01 1.476675868034362793e+00 4.211443960666656494e-01 -2.042479217052459717e-01 -9.391415715217590332e-01 3.537370562553405762e-01 5.624799132347106934e-01 9.497005939483642578e-01 1.128739491105079651e-02
