3.327045440673828125e-01 8.280895650386810303e-02 -1.047308206558227539e+00 1.973178684711456299e-01 -5.448981523513793945e-01 2.034541815519332886e-01 4.733504056930541992e-01 3.291351497173309326e-01 4.103994369506835938e-01 -5.286824330687522888e-02
3.460597991943359375e-01 8.803032338619232178e-02 -1.061295151710510254e+00 2.118890881538391113e-01 -5.254703164100646973e-01 2.010913342237472534e-01 4.448046684265136719e-01 3.199440538883209229e-01 4.043456017971038818e-01 -5.523439869284629822e-02
3.466824293136596680e-01 1.038324087858200073e-01 -1.075825691223144531e+00 2.160178571939468384e-01 -5.469803214073181152e-01 1.984102576971054077e-01 4.432333409786224365e-01 3.139936625957489014e-01 4.061369001865386963e-01 -5.478393658995628357e-02
3.407745361328125000e-01 7.168690860271453857e-02 -1.056155443191528320e+00 2.084708809852600098e-01 -5.375711321830749512e-01 1.770390123128890991e-01 4.965161085128784180e-01 3.213928639888763428e-01 4.136018455028533936e-01 -4.373529180884361267e-02
3.148542344570159912e-01 3.065143525600433350e-02 -9.995222091674804688e-01 1.462036371231079102e-01 -5.721400976181030273e-01 1.749805659055709839e-01 6.187086105346679688e-01 2.996136844158172607e-01 4.649924337863922119e-01 -5.046483129262924194e-03
2.339447587728500366e-01 1.392446458339691162e-02 -8.956661224365234375e-01 8.357653021812438965e-02 -5.791474580764770508e-01 1.865649074316024780e-01 7.531504034996032715e-01 3.338464200496673584e-01 5.029495954513549805e-01 7.386299967765808105e-02
1.307605803012847900e-01 1.064928621053695679e-01 -7.578756809234619141e-01 1.748155355453491211e-01 -6.408014297485351562e-01 1.883264034986495972e-01 9.708914160728454590e-01 3.171478211879730225e-01 5.837829709053039551e-01 1.253324747085571289e-01
1.227008178830146790e-01 1.863050311803817749e-01 -7.042337656021118164e-01 2.205612361431121826e-01 -7.574452757835388184e-01 1.361703127622604370e-01 1.055311322212219238e+00 3.233058750629425049e-01 7.135626673698425293e-01 1.011677682399749756e-01
2.239349037408828735e-01 3.122429847717285156e-01 -7.520906925201416016e-01 2.749282121658325195e-01 -9.169017672538757324e-01 1.196746677160263062e-01 8.644765019416809082e-01 2.765184640884399414e-01 7.556446790695190430e-01 1.340532675385475159e-02
2.341286092996597290e-01 3.003495931625366211e-01 -7.694821357727050781e-01 2.875007987022399902e-01 -9.458119869232177734e-01 1.251905411481857300e-01 8.013339638710021973e-01 2.547640502452850342e-01 7.233214378356933594e-01 1.159197464585304260e-02
2.403090149164199829e-01 2.967243790626525879e-01 -7.704435586929321289e-01 2.859148979187011719e-01 -9.326586723327636719e-01 1.167790144681930542e-01 8.020538687705993652e-01 2.504948675632476807e-01 7.141478657722473145e-01 2.054590359330177307e-02
2.449430376291275024e-01 3.007892370223999023e-01 -7.757892608642578125e-01 2.907678782939910889e-01 -9.481809735298156738e-01 1.163940876722335815e-01 8.024874329566955566e-01 2.548479139804840088e-01 7.114015817642211914e-01 2.085397019982337952e-02
2.326247245073318481e-01 3.006352782249450684e-01 -7.717815041542053223e-01 2.899108529090881348e-01 -9.452631473541259766e-01 1.187804192304611206e-01 8.017588853836059570e-01 2.534798681735992432e-01 7.102462649345397949e-01 2.097449079155921936e-02
1.712346225976943970e-01 2.480786889791488647e-01 -7.677828073501586914e-01 2.917759716510772705e-01 -8.713140487670898438e-01 8.532635867595672607e-02 9.069477319717407227e-01 2.784738242626190186e-01 7.575437426567077637e-01 5.510777607560157776e-02
4.275173544883728027e-01 5.021306276321411133e-01 -6.842942833900451660e-01 5.134308338165283203e-01 -8.782489895820617676e-01 1.568592637777328491e-01 -4.805034771561622620e-02 5.027816891670227051e-01 1.110801219940185547e+00 -1.708044409751892090e-01
4.337652623653411865e-01 2.432287782430648804e-01 2.880946397781372070e-01 3.798409700393676758e-01 -5.829704403877258301e-01 -1.144725322723388672e+00 -1.089304566383361816e+00 5.311427712440490723e-01 4.642737209796905518e-01 5.355140566825866699e-01
4.822897017002105713e-01 7.906042039394378662e-02 3.712275624275207520e-01 3.135792016983032227e-01 -2.021392583847045898e-01 -1.044469237327575684e+00 -9.532985091209411621e-01 6.192370057106018066e-01 4.471491575241088867e-01 6.495751738548278809e-01
4.793902635574340820e-01 7.689933478832244873e-02 3.684174418449401855e-01 3.216771185398101807e-01 -1.968060880899429321e-01 -1.044307589530944824e+00 -9.701054692268371582e-01 6.146599650382995605e-01 4.417946338653564453e-01 6.458718776702880859e-01
4.810417890548706055e-01 7.604937255382537842e-02 3.646793961524963379e-01 3.269600570201873779e-01 -1.958957463502883911e-01 -1.050644636154174805e+00 -9.620504975318908691e-01 6.212517619132995605e-01 4.449054300785064697e-01 6.446477770805358887e-01
4.779213070869445801e-01 8.194248378276824951e-02 3.686522245407104492e-01 3.213158249855041504e-01 -1.898163110017776489e-01 -1.045478105545043945e+00 -9.613886475563049316e-01 6.160297989845275879e-01 4.372310638427734375e-01 6.418465971946716309e-01
4.837325215339660645e-01 7.114474475383758545e-02 3.624157905578613281e-01 3.217085599899291992e-01 -1.962732821702957153e-01 -1.051118850708007812e+00 -9.637588858604431152e-01 6.175897717475891113e-01 4.458849132061004639e-01 6.479691863059997559e-01
4.857036769390106201e-01 7.616005837917327881e-02 3.648243546485900879e-01 3.233525753021240234e-01 -1.932499706745147705e-01 -1.049512743949890137e+00 -9.558781981468200684e-01 6.126665472984313965e-01 4.485547542572021484e-01 6.479597687721252441e-01
4.849136471748352051e-01 6.697069108486175537e-02 3.653604388236999512e-01 3.225708305835723877e-01 -2.010759115219116211e-01 -1.046043753623962402e+00 -9.650171399116516113e-01 6.187794804573059082e-01 4.484029114246368408e-01 6.484979987144470215e-01
3.329014182090759277e-01 3.087549805641174316e-01 1.863882690668106079e-01 3.103937804698944092e-01 -2.963252067565917969e-01 -1.398634552955627441e+00 -1.050209641456604004e+00 5.579075217247009277e-01 6.134582161903381348e-01 4.105081558227539062e-01
3.326078653335571289e-01 3.282070159912109375e-01 1.911956220865249634e-01 2.957704067230224609e-01 -2.784505188465118408e-01 -1.395605444908142090e+00 -1.026885986328125000e+00 5.562582612037658691e-01 6.076080203056335449e-01 4.040904641151428223e-01
3.294876217842102051e-01 3.319994807243347168e-01 1.904332190752029419e-01 2.970446646213531494e-01 -2.715715467929840088e-01 -1.388902425765991211e+00 -1.028180718421936035e+00 5.552900433540344238e-01 6.101052165031433105e-01 3.993816375732421875e-01
3.287790715694427490e-01 3.343098163604736328e-01 1.939063817262649536e-01 3.016903400421142578e-01 -2.757312953472137451e-01 -1.383070468902587891e+00 -1.027877926826477051e+00 5.552005171775817871e-01 6.128699183464050293e-01 4.080964326858520508e-01
3.305554389953613281e-01 3.255492448806762695e-01 1.927153617143630981e-01 2.889696955680847168e-01 -2.773170769214630127e-01 -1.391755223274230957e+00 -1.029412508010864258e+00 5.549753904342651367e-01 6.103046536445617676e-01 4.021244645118713379e-01
3.343015909194946289e-01 3.237850666046142578e-01 1.941958218812942505e-01 2.956367731094360352e-01 -2.768338024616241455e-01 -1.385074615478515625e+00 -1.024698495864868164e+00 5.655413269996643066e-01 6.181563735008239746e-01 4.058040380477905273e-01
3.316385149955749512e-01 3.423839211463928223e-01 1.903745085000991821e-01 3.011039793491363525e-01 -2.841664552688598633e-01 -1.394576072692871094e+00 -1.030343413352966309e+00 5.593116879463195801e-01 6.165300011634826660e-01 4.022062420845031738e-01
3.303543329238891602e-01 5.016623735427856445e-01 1.689572483301162720e-01 4.186985790729522705e-01 -2.689182460308074951e-01 -1.336119413375854492e+00 -8.329814076423645020e-01 4.777394235134124756e-01 1.155392885208129883e+00 3.717354536056518555e-01
2.375084310770034790e-01 4.371942281723022461e-01 4.325396418571472168e-01 3.900124132633209229e-01 -2.470944672822952271e-01 -1.215729594230651855e+00 1.414616703987121582e-01 3.645983338356018066e-01 1.314485549926757812e+00 6.825120449066162109e-01
2.871696352958679199e-01 3.702207207679748535e-01 5.056086182594299316e-01 4.180047512054443359e-01 -2.459095120429992676e-01 -1.217331528663635254e+00 1.787434220314025879e-01 3.470519781112670898e-01 1.016777157783508301e+00 7.950115799903869629e-01
3.036629557609558105e-01 3.448846340179443359e-01 5.317129492759704590e-01 4.151568412780761719e-01 -2.459228187799453735e-01 -1.214817762374877930e+00 1.804361343383789062e-01 3.309933841228485107e-01 9.499751329421997070e-01 8.277841210365295410e-01
2.620874643325805664e-01 4.161617755889892578e-01 4.760745763778686523e-01 3.848075568675994873e-01 -2.830836176872253418e-01 -1.244971632957458496e+00 1.880851387977600098e-01 3.745932281017303467e-01 1.148125529289245605e+00 7.697599530220031738e-01
2.454392164945602417e-01 4.339570999145507812e-01 4.603211879730224609e-01 3.860866427421569824e-01 -2.534801661968231201e-01 -1.211723446846008301e+00 1.360073685646057129e-01 3.984826803207397461e-01 1.228628635406494141e+00 7.028578519821166992e-01
8.893755078315734863e-02 2.441287487745285034e-01 5.656527876853942871e-01 3.260107040405273438e-01 -2.363358289003372192e-01 -9.164472222328186035e-01 2.737190127372741699e-01 3.053680956363677979e-01 9.992583394050598145e-01 8.533214330673217773e-01
2.687373161315917969e-01 8.869634568691253662e-02 5.105485916137695312e-01 3.398569524288177490e-01 -2.563069760799407959e-01 -1.092628836631774902e+00 2.812373638153076172e-01 3.791472017765045166e-01 8.363351225852966309e-01 9.698846340179443359e-01
