9.213272333145141602e-01 3.591884374618530273e-01 -5.944357812404632568e-02 2.114329934120178223e-01 -1.617253273725509644e-01 -6.657178699970245361e-02 5.883667469024658203e-01 9.929533004760742188e-01 1.180708706378936768e-01 4.267138242721557617e-01
9.328927397727966309e-01 3.453104496002197266e-01 -7.246063649654388428e-02 1.976194381713867188e-01 -1.593082398176193237e-01 -7.602955400943756104e-02 5.880420804023742676e-01 1.005407094955444336e+00 1.133067309856414795e-01 4.175611734390258789e-01
9.199973344802856445e-01 3.796398043632507324e-01 -6.822369992733001709e-02 2.362260371446609497e-01 -1.938789933919906616e-01 -7.656003534793853760e-02 6.538929939270019531e-01 1.002269983291625977e+00 1.485213488340377808e-01 4.334757328033447266e-01
8.391184806823730469e-01 3.357124328613281250e-01 -1.345144212245941162e-02 1.808257550001144409e-01 -2.548649311065673828e-01 -3.912134468555450439e-02 8.472632765769958496e-01 9.758474230766296387e-01 1.995633244514465332e-01 4.597758054733276367e-01
7.812001705169677734e-01 3.302509784698486328e-01 9.709790349006652832e-03 1.803254932165145874e-01 -3.212022483348846436e-01 -6.195320282131433487e-03 1.119190096855163574e+00 9.904676675796508789e-01 2.757851779460906982e-01 4.685276150703430176e-01
7.563226222991943359e-01 3.938837051391601562e-01 -6.211743224412202835e-03 1.793197095394134521e-01 -3.594997525215148926e-01 2.034370787441730499e-02 1.219990253448486328e+00 9.677491784095764160e-01 3.430204391479492188e-01 4.299818873405456543e-01
7.042477726936340332e-01 4.698043465614318848e-01 -7.386265695095062256e-02 1.363583207130432129e-01 -1.690280288457870483e-01 8.172695338726043701e-02 9.849520325660705566e-01 9.154475331306457520e-01 4.982440769672393799e-01 2.665598392486572266e-01
8.653229475021362305e-01 7.729736566543579102e-01 -8.047394454479217529e-02 2.522400319576263428e-01 -4.548547565937042236e-01 -2.354602068662643433e-01 8.284060955047607422e-01 9.088069796562194824e-01 5.080676674842834473e-01 2.387443780899047852e-01
1.036284208297729492e+00 9.250705242156982422e-01 -5.383059848099946976e-03 2.824223935604095459e-01 -6.907217502593994141e-01 -2.470236867666244507e-01 5.322144627571105957e-01 9.270655512809753418e-01 4.505828320980072021e-01 2.529953718185424805e-01
1.065882682800292969e+00 9.413902163505554199e-01 -9.529694914817810059e-03 2.677620649337768555e-01 -6.814141273498535156e-01 -2.327509075403213501e-01 4.881780147552490234e-01 9.177122712135314941e-01 4.361096024513244629e-01 2.278538346290588379e-01
1.057489395141601562e+00 9.386745691299438477e-01 -1.370643079280853271e-02 2.766633033752441406e-01 -6.804905533790588379e-01 -2.403374016284942627e-01 4.970352947711944580e-01 9.186902642250061035e-01 4.402295351028442383e-01 2.207964062690734863e-01
1.060222387313842773e+00 9.438201785087585449e-01 -4.766569007188081741e-03 2.791324555873870850e-01 -6.681908369064331055e-01 -2.193264216184616089e-01 4.889273643493652344e-01 9.239195585250854492e-01 4.318731427192687988e-01 2.212801575660705566e-01
1.069427132606506348e+00 9.374996423721313477e-01 -1.305060088634490967e-02 2.548260390758514404e-01 -6.728249788284301758e-01 -2.422990947961807251e-01 4.910898804664611816e-01 9.073583483695983887e-01 4.351037144660949707e-01 2.185348868370056152e-01
1.102363586425781250e+00 9.950483441352844238e-01 -1.805065572261810303e-02 2.822223603725433350e-01 -6.641002297401428223e-01 -2.242844402790069580e-01 4.561579227447509766e-01 9.248126745223999023e-01 4.412027299404144287e-01 1.912037134170532227e-01
1.400538563728332520e+00 6.317540407180786133e-01 -1.681835949420928955e-02 1.630830168724060059e-01 -5.546646714210510254e-01 -2.164631634950637817e-01 -6.248424649238586426e-01 9.718043208122253418e-01 1.674779206514358521e-01 3.558153286576271057e-02
1.367946028709411621e+00 6.575201749801635742e-01 -2.126444876194000244e-02 8.985294401645660400e-02 -5.478320121765136719e-01 -1.687969714403152466e-01 -6.152870059013366699e-01 8.353627324104309082e-01 1.756431460380554199e-01 5.481976643204689026e-02
1.400144696235656738e+00 5.576006174087524414e-01 -5.452190525829792023e-04 8.616533875465393066e-02 -5.858750939369201660e-01 -1.827536076307296753e-01 -6.658514142036437988e-01 8.501337766647338867e-01 1.661977618932723999e-01 9.142786264419555664e-02
1.396685481071472168e+00 5.604091286659240723e-01 -9.812220931053161621e-03 7.991299778223037720e-02 -5.808891057968139648e-01 -1.894535571336746216e-01 -6.650366187095642090e-01 8.442539572715759277e-01 1.655224710702896118e-01 9.639477729797363281e-02
1.395871996879577637e+00 5.575507879257202148e-01 -8.777007460594177246e-03 7.901901006698608398e-02 -5.813109874725341797e-01 -1.940807849168777466e-01 -6.535130739212036133e-01 8.451936841011047363e-01 1.708517372608184814e-01 7.946813106536865234e-02
1.402158141136169434e+00 5.584611296653747559e-01 -5.609974730759859085e-03 8.195771276950836182e-02 -5.674259662628173828e-01 -1.828395873308181763e-01 -6.649537682533264160e-01 8.451577425003051758e-01 1.692083328962326050e-01 9.466415643692016602e-02
1.401080250740051270e+00 5.593518614768981934e-01 -1.174746453762054443e-02 6.991363316774368286e-02 -5.684592127799987793e-01 -1.826433390378952026e-01 -6.781706809997558594e-01 8.433096408843994141e-01 1.658015847206115723e-01 1.026168465614318848e-01
1.401709675788879395e+00 5.649143457412719727e-01 -9.252056479454040527e-03 7.989037781953811646e-02 -5.806587338447570801e-01 -1.893296986818313599e-01 -6.671008467674255371e-01 8.439012169837951660e-01 1.637090444564819336e-01 8.101654052734375000e-02
1.403220176696777344e+00 5.598118305206298828e-01 -8.482530713081359863e-03 7.066393643617630005e-02 -5.746627449989318848e-01 -1.804943233728408813e-01 -6.654866337776184082e-01 8.440127968788146973e-01 1.686582118272781372e-01 8.741194009780883789e-02
1.262914061546325684e+00 2.800152301788330078e-01 1.482991129159927368e-01 1.056977808475494385e-01 -6.733996868133544922e-01 -1.239835172891616821e-01 -5.805820822715759277e-01 9.198437333106994629e-01 3.695682585239410400e-01 3.538464903831481934e-01
1.334110379219055176e+00 3.516959547996520996e-01 4.309616684913635254e-01 8.229915797710418701e-02 -6.550083756446838379e-01 1.919795721769332886e-01 -4.859338402748107910e-01 9.448889493942260742e-01 7.247846722602844238e-01 6.384599804878234863e-01
1.317500591278076172e+00 4.613655805587768555e-01 3.228980898857116699e-01 1.721006780862808228e-01 -6.603996753692626953e-01 4.372596442699432373e-01 -5.027467012405395508e-01 1.043936729431152344e+00 9.032194018363952637e-01 6.531714200973510742e-01
1.332775115966796875e+00 4.537677764892578125e-01 3.223537206649780273e-01 1.674532741308212280e-01 -6.462901234626770020e-01 4.340280294418334961e-01 -4.986224770545959473e-01 1.050288438796997070e+00 9.061759114265441895e-01 6.394153833389282227e-01
1.325118660926818848e+00 4.483896493911743164e-01 3.247922658920288086e-01 1.628129035234451294e-01 -6.552260518074035645e-01 4.350803196430206299e-01 -5.033903717994689941e-01 1.049618363380432129e+00 9.097318053245544434e-01 6.373935341835021973e-01
1.322283864021301270e+00 4.492648243904113770e-01 3.218335509300231934e-01 1.686822175979614258e-01 -6.586157679557800293e-01 4.321791231632232666e-01 -5.023950338363647461e-01 1.041814088821411133e+00 9.071987271308898926e-01 6.451959013938903809e-01
1.325477719306945801e+00 4.548699855804443359e-01 3.227820992469787598e-01 1.622844487428665161e-01 -6.580477952957153320e-01 4.378230869770050049e-01 -5.055625438690185547e-01 1.049990534782409668e+00 9.026146531105041504e-01 6.440520882606506348e-01
1.283378720283508301e+00 6.304239034652709961e-01 2.884481549263000488e-01 7.412894070148468018e-02 -6.049028635025024414e-01 4.366735816001892090e-01 -2.071390748023986816e-01 8.883309960365295410e-01 1.023990511894226074e+00 5.002191662788391113e-01
1.163760066032409668e+00 7.962578535079956055e-01 3.573719263076782227e-01 1.107821464538574219e-01 -8.250002264976501465e-01 3.908161520957946777e-01 4.671743512153625488e-01 8.950243592262268066e-01 1.047662377357482910e+00 6.265726089477539062e-01
1.236642241477966309e+00 7.740559577941894531e-01 4.426471590995788574e-01 1.233963370323181152e-01 -9.393935799598693848e-01 4.171525835990905762e-01 6.258598566055297852e-01 8.042669892311096191e-01 1.043146252632141113e+00 6.995100378990173340e-01
1.230024456977844238e+00 7.730656266212463379e-01 4.390076994895935059e-01 1.220893859863281250e-01 -9.339286088943481445e-01 4.147435426712036133e-01 6.155573725700378418e-01 8.046788573265075684e-01 1.034940838813781738e+00 7.112200856208801270e-01
1.332383871078491211e+00 9.437283873558044434e-01 4.213321208953857422e-01 1.533761918544769287e-01 -8.300395011901855469e-01 4.915357828140258789e-01 3.589366078376770020e-01 9.063566327095031738e-01 1.115277528762817383e+00 6.352567076683044434e-01
8.672174215316772461e-01 6.670721769332885742e-01 3.279709815979003906e-01 3.300377726554870605e-02 -8.622727990150451660e-01 3.300336599349975586e-01 1.039560675621032715e+00 7.087336778640747070e-01 1.096423745155334473e+00 6.551246643066406250e-01
6.448801159858703613e-01 4.381732940673828125e-01 4.075809121131896973e-01 2.342568151652812958e-02 -8.007128238677978516e-01 4.868845939636230469e-01 1.282406210899353027e+00 6.278023719787597656e-01 9.282992482185363770e-01 8.847649693489074707e-01
8.724883794784545898e-01 2.577187418937683105e-01 5.085629224777221680e-01 8.152298629283905029e-02 -7.828161716461181641e-01 4.339476227760314941e-01 1.134036421775817871e+00 7.597716450691223145e-01 9.097400307655334473e-01 9.824549555778503418e-01
9.627014994621276855e-01 2.774641513824462891e-01 5.678746104240417480e-01 5.016432702541351318e-02 -7.739893794059753418e-01 4.855768084526062012e-01 9.619417786598205566e-01 7.855508923530578613e-01 8.169394135475158691e-01 1.034487009048461914e+00
