9.905299544334411621e-01 2.762542963027954102e-01 -1.380281001329421997e-01 7.565468549728393555e-02 -2.318332344293594360e-01 -3.842951357364654541e-02 7.021002769470214844e-01 8.161509633064270020e-01 1.908529996871948242e-01 3.349603414535522461e-01
1.005385160446166992e+00 3.131553530693054199e-01 -1.438054889440536499e-01 9.976254403591156006e-02 -2.231117933988571167e-01 -4.436226189136505127e-02 7.107028365135192871e-01 8.264189362525939941e-01 1.967039555311203003e-01 3.090261816978454590e-01
1.037052631378173828e+00 3.193442821502685547e-01 -1.563905030488967896e-01 7.299330830574035645e-02 -2.297086268663406372e-01 -5.989582836627960205e-02 6.764711737632751465e-01 8.227041363716125488e-01 1.898701637983322144e-01 3.318875432014465332e-01
9.603484869003295898e-01 3.326874971389770508e-01 -1.619728058576583862e-01 8.357289433479309082e-02 -2.390887290239334106e-01 -4.145486652851104736e-02 6.968418955802917480e-01 8.144797682762145996e-01 1.941986531019210815e-01 3.336971998214721680e-01
8.722139596939086914e-01 3.764667510986328125e-01 -1.755982786417007446e-01 1.007921099662780762e-01 -2.381891459226608276e-01 -2.219749800860881805e-02 7.030988931655883789e-01 8.256562352180480957e-01 1.900217086076736450e-01 3.480606079101562500e-01
8.691592216491699219e-01 3.629394173622131348e-01 -1.867163926362991333e-01 1.122742444276809692e-01 -2.647792994976043701e-01 5.749242007732391357e-02 7.143128514289855957e-01 8.655717968940734863e-01 2.200659960508346558e-01 2.859268188476562500e-01
8.879640698432922363e-01 3.472041487693786621e-01 -1.562373489141464233e-01 1.188319772481918335e-01 -3.045245707035064697e-01 1.077099889516830444e-01 6.611885428428649902e-01 8.816621899604797363e-01 2.220578938722610474e-01 2.218766808509826660e-01
1.019127964973449707e+00 3.137524127960205078e-01 -1.716889590024948120e-01 1.235349923372268677e-01 -2.749269306659698486e-01 1.948581822216510773e-02 6.359099745750427246e-01 8.455949425697326660e-01 1.708378493785858154e-01 2.989851832389831543e-01
1.046818614006042480e+00 2.690805792808532715e-01 -1.794762760400772095e-01 6.621950864791870117e-02 -2.580747306346893311e-01 -8.597321808338165283e-02 6.078463196754455566e-01 8.206374645233154297e-01 1.661097556352615356e-01 3.217120766639709473e-01
1.050024390220642090e+00 2.654764056205749512e-01 -1.848756223917007446e-01 4.922944307327270508e-02 -2.493495196104049683e-01 -1.168400794267654419e-01 5.908201336860656738e-01 8.130837678909301758e-01 1.662067174911499023e-01 3.183220028877258301e-01
1.056124210357666016e+00 2.697566151618957520e-01 -1.793822199106216431e-01 3.870946168899536133e-02 -2.653475403785705566e-01 -1.048591881990432739e-01 5.881082415580749512e-01 7.991521954536437988e-01 1.685880571603775024e-01 3.170648217201232910e-01
1.055676102638244629e+00 2.623205780982971191e-01 -1.825644522905349731e-01 4.029540717601776123e-02 -2.674499452114105225e-01 -1.052672415971755981e-01 5.950337052345275879e-01 8.001629710197448730e-01 1.634389311075210571e-01 3.165608644485473633e-01
1.044044256210327148e+00 2.874237298965454102e-01 -1.641973108053207397e-01 4.298889636993408203e-02 -2.447234541177749634e-01 -1.108627468347549438e-01 5.703718066215515137e-01 8.037340044975280762e-01 1.482385247945785522e-01 3.453016281127929688e-01
1.086753726005554199e+00 2.605583667755126953e-01 -1.897626668214797974e-01 1.649805717170238495e-02 -2.495791465044021606e-01 -9.140129387378692627e-02 5.553613901138305664e-01 7.730063796043395996e-01 1.708197295665740967e-01 2.986437082290649414e-01
9.314348101615905762e-01 -1.559276729822158813e-01 -6.487400829792022705e-02 5.224018357694149017e-03 -6.760129928588867188e-01 -1.321871429681777954e-01 4.436519145965576172e-01 7.535464167594909668e-01 -8.248421549797058105e-02 6.178320646286010742e-01
5.908235311508178711e-01 -8.167713284492492676e-01 5.722112953662872314e-02 -1.750579178333282471e-01 -9.801399707794189453e-01 -4.411863684654235840e-01 -2.127056121826171875e-01 4.600598514080047607e-01 -6.173048019409179688e-01 8.929819464683532715e-01
7.051879763603210449e-01 -6.809378266334533691e-01 -2.464457005262374878e-01 -1.478358209133148193e-01 -2.676295340061187744e-01 -8.962742686271667480e-01 -8.170949220657348633e-01 4.329709708690643311e-01 -1.205782771110534668e+00 8.277572393417358398e-01
7.113626003265380859e-01 -6.793307065963745117e-01 -2.591210007667541504e-01 -1.508613824844360352e-01 -2.634294927120208740e-01 -9.074607491493225098e-01 -7.990948557853698730e-01 4.308938980102539062e-01 -1.210925221443176270e+00 8.259507417678833008e-01
7.126008272171020508e-01 -6.705546379089355469e-01 -2.638061642646789551e-01 -1.479019522666931152e-01 -2.626041173934936523e-01 -9.128094315528869629e-01 -8.154746294021606445e-01 4.305872023105621338e-01 -1.203756928443908691e+00 8.250088095664978027e-01
7.133341431617736816e-01 -6.755344867706298828e-01 -2.555919885635375977e-01 -1.528660953044891357e-01 -2.628888487815856934e-01 -9.136883020401000977e-01 -8.136608004570007324e-01 4.294489622116088867e-01 -1.207935214042663574e+00 8.230221867561340332e-01
7.157929539680480957e-01 -6.792162656784057617e-01 -2.515374124050140381e-01 -1.404746174812316895e-01 -2.536802291870117188e-01 -9.073892235755920410e-01 -8.222565650939941406e-01 4.346120059490203857e-01 -1.212387681007385254e+00 8.226541876792907715e-01
7.111623287200927734e-01 -6.790881156921386719e-01 -2.617356479167938232e-01 -1.510609388351440430e-01 -2.547873854637145996e-01 -9.099922776222229004e-01 -8.087984919548034668e-01 4.303433597087860107e-01 -1.197614669799804688e+00 8.290553689002990723e-01
7.191785573959350586e-01 -6.766846776008605957e-01 -2.575546503067016602e-01 -1.324031651020050049e-01 -2.592326700687408447e-01 -9.158419370651245117e-01 -8.159774541854858398e-01 4.339626133441925049e-01 -1.210821866989135742e+00 8.252515196800231934e-01
6.366375684738159180e-01 -5.389617681503295898e-01 -9.958039224147796631e-02 -1.137036383152008057e-01 -6.464536786079406738e-01 -8.879808783531188965e-01 -5.512437224388122559e-01 4.192554652690887451e-01 -8.652494549751281738e-01 1.020553469657897949e+00
6.257680058479309082e-01 -5.342462062835693359e-01 -9.421868622303009033e-02 -1.138641834259033203e-01 -6.561092734336853027e-01 -8.850092291831970215e-01 -5.352105498313903809e-01 4.195818006992340088e-01 -8.538771271705627441e-01 1.029298186302185059e+00
6.098473668098449707e-01 -5.076053142547607422e-01 -8.910034596920013428e-02 -1.162425279617309570e-01 -6.991127133369445801e-01 -8.743101954460144043e-01 -5.216487646102905273e-01 4.138280451297760010e-01 -8.281319737434387207e-01 1.042246580123901367e+00
6.029447913169860840e-01 -5.065204501152038574e-01 -8.355431258678436279e-02 -1.186030805110931396e-01 -6.987365484237670898e-01 -8.768562674522399902e-01 -5.164903402328491211e-01 4.123454988002777100e-01 -8.237339258193969727e-01 1.041572451591491699e+00
6.009085178375244141e-01 -5.098838806152343750e-01 -7.677929103374481201e-02 -1.127458214759826660e-01 -7.011615633964538574e-01 -8.703960180282592773e-01 -5.241001248359680176e-01 4.051412343978881836e-01 -8.240296244621276855e-01 1.040336847305297852e+00
5.998371243476867676e-01 -5.037643313407897949e-01 -8.159138262271881104e-02 -1.223667860031127930e-01 -6.980876922607421875e-01 -8.745881319046020508e-01 -5.149255394935607910e-01 4.025844931602478027e-01 -8.230130076408386230e-01 1.043345451354980469e+00
6.064269542694091797e-01 -5.035005807876586914e-01 -8.747152984142303467e-02 -1.152197122573852539e-01 -7.029252648353576660e-01 -8.771021962165832520e-01 -5.081127882003784180e-01 4.023012518882751465e-01 -8.151934146881103516e-01 1.041301727294921875e+00
5.364042520523071289e-01 -1.787524372339248657e-01 -2.121902555227279663e-01 -1.585455536842346191e-01 -6.421485543251037598e-01 -8.043471574783325195e-01 -3.200399279594421387e-01 3.410553634166717529e-01 -7.872508764266967773e-01 1.338199257850646973e+00
8.086074888706207275e-02 3.648701906204223633e-01 -4.465784430503845215e-01 -2.518198788166046143e-01 -5.076158642768859863e-01 -7.578948140144348145e-01 -4.728840589523315430e-01 3.569510877132415771e-01 -1.009498476982116699e+00 1.144905447959899902e+00
7.791949808597564697e-02 2.409463971853256226e-01 -4.963885545730590820e-01 -2.879135310649871826e-01 -5.074009895324707031e-01 -8.618071079254150391e-01 -5.720625519752502441e-01 3.560604453086853027e-01 -1.076422452926635742e+00 9.277583956718444824e-01
7.716168463230133057e-02 2.332647889852523804e-01 -4.964545369148254395e-01 -2.895536720752716064e-01 -5.155423283576965332e-01 -8.588638901710510254e-01 -5.761513113975524902e-01 3.644719123840332031e-01 -1.070353388786315918e+00 9.286116957664489746e-01
7.177306711673736572e-02 2.929908037185668945e-01 -4.876982569694519043e-01 -2.545807063579559326e-01 -5.044991970062255859e-01 -7.926058173179626465e-01 -5.644270777702331543e-01 3.424179553985595703e-01 -1.099306106567382812e+00 9.901450872421264648e-01
7.716043293476104736e-02 2.726831436157226562e-01 -4.791293144226074219e-01 -2.506870925426483154e-01 -5.316311717033386230e-01 -7.967559099197387695e-01 -5.264176130294799805e-01 3.653930723667144775e-01 -1.062649607658386230e+00 1.002652287483215332e+00
5.106579512357711792e-03 4.666558504104614258e-01 -4.646478891372680664e-01 -2.677259147167205811e-01 -5.040183663368225098e-01 -7.734830975532531738e-01 -4.996228814125061035e-01 2.800334990024566650e-01 -9.690721631050109863e-01 1.108057498931884766e+00
-8.733199536800384521e-02 4.656541347503662109e-01 -4.288089871406555176e-01 -2.476688325405120850e-01 -6.220450997352600098e-01 -8.032750487327575684e-01 -5.020034909248352051e-01 3.019455969333648682e-01 -8.259671330451965332e-01 9.476083517074584961e-01
