1.380908638238906860e-01 3.539712429046630859e-01 -1.213244795799255371e+00 2.980920374393463135e-01 -3.691713213920593262e-01 1.951420754194259644e-01 2.308966517448425293e-01 7.172347903251647949e-01 1.529818028211593628e-01 2.498394846916198730e-01
1.723529845476150513e-01 3.557716608047485352e-01 -1.271448850631713867e+00 3.520308136940002441e-01 -3.618303537368774414e-01 1.253537386655807495e-01 2.487085461616516113e-01 7.637538313865661621e-01 1.441199481487274170e-01 2.069050371646881104e-01
1.593312770128250122e-01 2.662392258644104004e-01 -1.141182780265808105e+00 2.688744962215423584e-01 -3.869132399559020996e-01 2.570841312408447266e-01 2.752201557159423828e-01 7.196717262268066406e-01 1.296759098768234253e-01 2.904267907142639160e-01
1.106582731008529663e-01 2.473331540822982788e-01 -1.131969809532165527e+00 2.634166479110717773e-01 -4.683461487293243408e-01 2.642936110496520996e-01 3.131335377693176270e-01 7.267097234725952148e-01 1.198470145463943481e-01 2.891657948493957520e-01
3.735749050974845886e-02 2.937707304954528809e-01 -1.148746848106384277e+00 2.284671664237976074e-01 -4.932974576950073242e-01 3.105386495590209961e-01 3.116455674171447754e-01 7.179071903228759766e-01 1.371581107378005981e-01 2.760783433914184570e-01
9.429933130741119385e-02 2.370837777853012085e-01 -1.152460217475891113e+00 2.410921752452850342e-01 -5.051966905593872070e-01 2.766565680503845215e-01 1.930618882179260254e-01 7.519602179527282715e-01 7.919459044933319092e-02 2.945557236671447754e-01
1.706094890832901001e-01 1.213793009519577026e-01 -1.155810952186584473e+00 3.022826611995697021e-01 -5.649005770683288574e-01 2.275193184614181519e-01 2.267895340919494629e-01 7.518293261528015137e-01 3.320530056953430176e-03 3.704953193664550781e-01
1.962649375200271606e-01 1.217686980962753296e-01 -1.210885643959045410e+00 2.447512447834014893e-01 -5.038913488388061523e-01 1.479958742856979370e-01 1.630308032035827637e-01 7.377828359603881836e-01 -5.990564823150634766e-03 3.702986538410186768e-01
2.298356443643569946e-01 1.406699866056442261e-01 -1.233325123786926270e+00 1.885445863008499146e-01 -4.733162224292755127e-01 1.346332281827926636e-01 1.052257418632507324e-01 7.415567636489868164e-01 1.609554886817932129e-02 3.275237381458282471e-01
6.717085242271423340e-01 -2.281999737024307251e-01 -1.217365384101867676e+00 2.320038378238677979e-01 -3.911067545413970947e-01 1.453672498464584351e-01 -6.668460369110107422e-02 7.175858616828918457e-01 -1.606356054544448853e-01 3.687823116779327393e-01
8.858012557029724121e-01 -2.814675569534301758e-01 -1.248784303665161133e+00 2.080654799938201904e-01 -4.409756660461425781e-01 5.817709863185882568e-02 -3.981978893280029297e-01 7.094538807868957520e-01 -2.444420307874679565e-01 2.201079726219177246e-01
8.904624581336975098e-01 -2.781803011894226074e-01 -1.243843913078308105e+00 2.000977098941802979e-01 -4.319615364074707031e-01 8.017067611217498779e-02 -4.270876049995422363e-01 7.124712467193603516e-01 -2.477681487798690796e-01 2.205439507961273193e-01
8.950333595275878906e-01 -2.763128280639648438e-01 -1.251225471496582031e+00 1.926760077476501465e-01 -4.366598427295684814e-01 7.520590722560882568e-02 -4.227847456932067871e-01 7.095347046852111816e-01 -2.531046867370605469e-01 2.181004881858825684e-01
9.052370786666870117e-01 -2.767091393470764160e-01 -1.253466725349426270e+00 1.965249478816986084e-01 -4.257601797580718994e-01 8.186720311641693115e-02 -4.212908744812011719e-01 7.206587195396423340e-01 -2.549137473106384277e-01 2.164120078086853027e-01
9.008042216300964355e-01 -2.852340936660766602e-01 -1.250935912132263184e+00 2.020115256309509277e-01 -4.309517145156860352e-01 7.433544099330902100e-02 -4.133306741714477539e-01 7.032611966133117676e-01 -2.515973746776580811e-01 2.165966629981994629e-01
9.143077135086059570e-01 -4.311455488204956055e-01 -1.428303956985473633e+00 2.589461803436279297e-01 -5.180504322052001953e-01 -2.581638693809509277e-01 -1.410869479179382324e+00 8.072845339775085449e-01 -5.328594446182250977e-01 -6.644946336746215820e-02
-6.318007409572601318e-02 -8.188298344612121582e-01 -1.467792391777038574e+00 3.743128478527069092e-01 -9.050888419151306152e-01 3.554435968399047852e-01 -1.186352968215942383e-01 4.399216473102569580e-01 -6.703900098800659180e-01 -4.459688663482666016e-01
-1.123037189245223999e-01 -8.551922440528869629e-01 -1.403280258178710938e+00 3.600197136402130127e-01 -8.053430318832397461e-01 3.822416067123413086e-01 -2.052620649337768555e-01 4.587935507297515869e-01 -6.742300391197204590e-01 -5.008930563926696777e-01
-1.099434047937393188e-01 -8.453448414802551270e-01 -1.433894753456115723e+00 4.124024808406829834e-01 -8.167881369590759277e-01 3.514351248741149902e-01 -1.686935424804687500e-01 4.709154069423675537e-01 -6.682290434837341309e-01 -5.131959319114685059e-01
-1.105539649724960327e-01 -8.523888587951660156e-01 -1.424172759056091309e+00 3.904129564762115479e-01 -8.078599572181701660e-01 3.531819581985473633e-01 -1.640232205390930176e-01 4.631763994693756104e-01 -6.608870625495910645e-01 -5.070469975471496582e-01
-2.181438058614730835e-01 -3.212640285491943359e-01 -1.532446980476379395e+00 4.482638239860534668e-01 -5.336244702339172363e-01 4.726343154907226562e-01 2.081646919250488281e-01 5.871882438659667969e-01 -4.753886461257934570e-01 -5.903937816619873047e-01
-4.927129745483398438e-01 -1.417287737131118774e-01 -1.587108969688415527e+00 3.098381459712982178e-01 -7.668519020080566406e-01 3.225990533828735352e-01 -2.234286442399024963e-02 5.412887334823608398e-01 -3.810798227787017822e-01 -7.466534972190856934e-01
-5.368570089340209961e-01 -6.037171185016632080e-02 -1.620257258415222168e+00 2.965441942214965820e-01 -7.804311513900756836e-01 2.421414107084274292e-01 -9.789156913757324219e-02 5.388394594192504883e-01 -3.686359822750091553e-01 -8.271812796592712402e-01
-6.054413318634033203e-01 -2.814843785017728806e-03 -1.644747376441955566e+00 3.350884020328521729e-01 -7.446727752685546875e-01 3.478477597236633301e-01 1.064046025276184082e-01 5.039665102958679199e-01 -3.234710693359375000e-01 -7.182729840278625488e-01
-7.242817878723144531e-01 1.826861351728439331e-01 -1.645094394683837891e+00 3.770610690116882324e-01 -6.804100871086120605e-01 5.212015509605407715e-01 1.672286391258239746e-01 5.168966054916381836e-01 -2.913120985031127930e-01 -8.184018731117248535e-01
-7.561734914779663086e-01 2.330255359411239624e-01 -1.590603709220886230e+00 3.543008863925933838e-01 -7.037703394889831543e-01 5.165753960609436035e-01 8.828395605087280273e-02 5.287338495254516602e-01 -2.609786391258239746e-01 -8.601049184799194336e-01
