3.100778460502624512e-01 4.271059632301330566e-01 -2.220546156167984009e-01 -7.940340042114257812e-02 -6.940361857414245605e-01 2.471223324537277222e-01 9.368907213211059570e-01 8.676318526268005371e-01 -5.819358676671981812e-02 -3.394826352596282959e-01
3.196995854377746582e-01 4.342278838157653809e-01 -2.348056286573410034e-01 -7.907480001449584961e-02 -6.800661683082580566e-01 2.337096780538558960e-01 9.061873555183410645e-01 8.673325181007385254e-01 -6.638389080762863159e-02 -3.661318421363830566e-01
3.304793536663055420e-01 4.378912448883056641e-01 -2.282430082559585571e-01 -7.042163610458374023e-02 -6.869922876358032227e-01 2.321811169385910034e-01 9.141553044319152832e-01 8.700503110885620117e-01 -6.758173555135726929e-02 -3.564043045043945312e-01
3.175638318061828613e-01 3.915516734123229980e-01 -2.325891703367233276e-01 -9.505763649940490723e-02 -7.028253674507141113e-01 2.280416935682296753e-01 9.844856858253479004e-01 8.582911491394042969e-01 -4.680810123682022095e-02 -3.317874073982238770e-01
2.757679522037506104e-01 3.379603624343872070e-01 -2.107702344655990601e-01 -1.212551593780517578e-01 -7.336550354957580566e-01 2.499445527791976929e-01 1.135896921157836914e+00 8.182069659233093262e-01 1.057397574186325073e-02 -2.688809931278228760e-01
1.302274316549301147e-01 3.652698993682861328e-01 -1.041377633810043335e-01 -1.735664308071136475e-01 -6.411985754966735840e-01 2.466922253370285034e-01 1.245043158531188965e+00 7.531175613403320312e-01 5.175232887268066406e-03 -8.525741100311279297e-02
1.558974757790565491e-02 4.762387275695800781e-01 2.999950945377349854e-02 -1.324422061443328857e-01 -6.366124153137207031e-01 2.673748135566711426e-01 1.559849381446838379e+00 6.493352651596069336e-01 1.446423083543777466e-01 -2.677172049880027771e-02
5.112398043274879456e-02 6.078314185142517090e-01 4.287923872470855713e-02 -9.324169158935546875e-02 -8.098770976066589355e-01 2.308049649000167847e-01 1.508244156837463379e+00 6.712841391563415527e-01 2.593820691108703613e-01 -9.700077772140502930e-02
1.532897204160690308e-01 7.034972906112670898e-01 8.080680668354034424e-02 -7.179170846939086914e-02 -9.449838995933532715e-01 1.887796968221664429e-01 1.229587674140930176e+00 6.599115133285522461e-01 2.404518872499465942e-01 -1.704502701759338379e-01
1.552667915821075439e-01 6.999907493591308594e-01 7.626704871654510498e-02 -6.487265229225158691e-02 -9.489032626152038574e-01 1.678726524114608765e-01 1.188845276832580566e+00 6.528822779655456543e-01 2.011501640081405640e-01 -1.681026816368103027e-01
1.533855050802230835e-01 7.008355855941772461e-01 7.532228529453277588e-02 -6.680193543434143066e-02 -9.427776932716369629e-01 1.773564070463180542e-01 1.181591153144836426e+00 6.528868079185485840e-01 2.026564180850982666e-01 -1.691824197769165039e-01
1.569105684757232666e-01 7.056681513786315918e-01 7.292018830776214600e-02 -6.286412477493286133e-02 -9.436578750610351562e-01 1.776987761259078979e-01 1.191691756248474121e+00 6.557220816612243652e-01 2.061080187559127808e-01 -1.648092865943908691e-01
1.560118943452835083e-01 7.037913203239440918e-01 7.484556734561920166e-02 -6.804409623146057129e-02 -9.456167817115783691e-01 1.843883842229843140e-01 1.190806508064270020e+00 6.553386449813842773e-01 2.040772885084152222e-01 -1.634213328361511230e-01
4.446984454989433289e-02 6.813927292823791504e-01 3.674979507923126221e-02 -9.228911995887756348e-02 -6.534127593040466309e-01 2.513431906700134277e-01 1.328780651092529297e+00 7.173585891723632812e-01 3.774854838848114014e-01 -1.697040200233459473e-01
3.259888887405395508e-01 1.076650857925415039e+00 2.577607035636901855e-01 2.352860718965530396e-01 -1.647273302078247070e+00 -5.569390654563903809e-01 -4.154426455497741699e-01 6.648237109184265137e-01 6.729503870010375977e-01 -5.295063853263854980e-01
1.943050175905227661e-01 3.845206499099731445e-01 7.082935571670532227e-01 1.824792921543121338e-01 -2.965273559093475342e-01 -1.375872373580932617e+00 -9.315524101257324219e-01 5.128080248832702637e-01 1.098843216896057129e-01 -2.113818526268005371e-01
3.239166140556335449e-01 1.122104972600936890e-01 8.540625572204589844e-01 4.426695406436920166e-02 7.774770259857177734e-02 -1.226635694503784180e+00 -9.040418267250061035e-01 6.658997535705566406e-01 1.302620619535446167e-01 -4.319333657622337341e-02
3.232559263706207275e-01 1.236334890127182007e-01 8.602899312973022461e-01 5.879959464073181152e-02 8.166205883026123047e-02 -1.226746439933776855e+00 -9.014212489128112793e-01 6.787659525871276855e-01 1.228520125150680542e-01 -5.004500970244407654e-02
3.156780302524566650e-01 1.124974936246871948e-01 8.625131249427795410e-01 5.471059679985046387e-02 7.475857436656951904e-02 -1.219666242599487305e+00 -9.041875600814819336e-01 6.713072061538696289e-01 1.277428269386291504e-01 -4.207425937056541443e-02
3.244981169700622559e-01 1.138191074132919312e-01 8.638921380043029785e-01 6.005926430225372314e-02 7.783998548984527588e-02 -1.227191925048828125e+00 -9.037231206893920898e-01 6.825596690177917480e-01 1.236798912286758423e-01 -4.484915360808372498e-02
3.218301534652709961e-01 1.153301447629928589e-01 8.653274774551391602e-01 6.571306288242340088e-02 8.239804208278656006e-02 -1.226186275482177734e+00 -9.059238433837890625e-01 6.812061071395874023e-01 1.278624385595321655e-01 -4.339456185698509216e-02
3.267634510993957520e-01 1.188908070325851440e-01 8.659341335296630859e-01 5.048683285713195801e-02 7.635478675365447998e-02 -1.228458166122436523e+00 -9.025437235832214355e-01 6.722703576087951660e-01 1.257788091897964478e-01 -4.526960477232933044e-02
3.176749646663665771e-01 1.209670752286911011e-01 8.611920475959777832e-01 5.702336132526397705e-02 8.205452561378479004e-02 -1.223678827285766602e+00 -9.073396325111389160e-01 6.747292280197143555e-01 1.272597759962081909e-01 -4.629116877913475037e-02
1.899753659963607788e-01 3.415715694427490234e-01 6.454753875732421875e-01 1.306056678295135498e-01 -6.956987082958221436e-02 -1.578083992004394531e+00 -9.768540859222412109e-01 6.398949623107910156e-01 3.125002086162567139e-01 -2.624994516372680664e-01
1.858827620744705200e-01 3.335478901863098145e-01 6.320214271545410156e-01 1.390405446290969849e-01 -6.898291409015655518e-02 -1.587899446487426758e+00 -9.688146710395812988e-01 6.338363289833068848e-01 3.210469186305999756e-01 -2.618513703346252441e-01
1.908455938100814819e-01 3.399537205696105957e-01 6.306728124618530273e-01 1.421915590763092041e-01 -6.809996068477630615e-02 -1.588280558586120605e+00 -9.727297425270080566e-01 6.325042247772216797e-01 3.200053274631500244e-01 -2.623460292816162109e-01
1.923386007547378540e-01 3.357358574867248535e-01 6.394364833831787109e-01 1.418252289295196533e-01 -6.548224389553070068e-02 -1.580898046493530273e+00 -9.734715223312377930e-01 6.421421170234680176e-01 3.180953264236450195e-01 -2.643077969551086426e-01
1.940456479787826538e-01 3.351901769638061523e-01 6.402226090431213379e-01 1.388564109802246094e-01 -6.532467901706695557e-02 -1.579692125320434570e+00 -9.729758501052856445e-01 6.417509317398071289e-01 3.211770951747894287e-01 -2.589775323867797852e-01
1.995574682950973511e-01 3.378602266311645508e-01 6.397399902343750000e-01 1.364051401615142822e-01 -7.029078900814056396e-02 -1.587548017501831055e+00 -9.788772463798522949e-01 6.418338418006896973e-01 3.202776908874511719e-01 -2.644665837287902832e-01
2.135277241468429565e-01 3.969854712486267090e-01 6.088871955871582031e-01 1.911041885614395142e-01 -4.095284640789031982e-02 -1.649898529052734375e+00 -9.326319694519042969e-01 6.048658490180969238e-01 4.457485675811767578e-01 -2.941130995750427246e-01
2.184363454580307007e-01 5.294481515884399414e-01 6.266994476318359375e-01 2.458961308002471924e-01 -6.417399644851684570e-02 -1.525534629821777344e+00 -5.572460889816284180e-01 5.124071836471557617e-01 1.133512973785400391e+00 -2.850330471992492676e-01
9.379069507122039795e-02 2.819051146507263184e-01 8.661901950836181641e-01 1.514122188091278076e-01 2.012374997138977051e-02 -1.440528154373168945e+00 2.274289727210998535e-01 3.721903860569000244e-01 8.111821413040161133e-01 2.642923966050148010e-02
1.285447031259536743e-01 2.345026582479476929e-01 9.545284509658813477e-01 1.519960165023803711e-01 3.073996305465698242e-02 -1.426304101943969727e+00 2.023198008537292480e-01 3.513950407505035400e-01 6.515040993690490723e-01 6.694090366363525391e-02
1.321187764406204224e-01 2.419835776090621948e-01 9.107779860496520996e-01 1.605896949768066406e-01 2.687767148017883301e-02 -1.444713354110717773e+00 1.651995182037353516e-01 3.557123541831970215e-01 6.452355980873107910e-01 7.464641332626342773e-02
1.251058876514434814e-01 3.302150964736938477e-01 8.766319751739501953e-01 1.415567100048065186e-01 -1.305266749113798141e-03 -1.444546937942504883e+00 1.716742515563964844e-01 4.058426916599273682e-01 8.708352446556091309e-01 1.297408714890480042e-02
5.197852477431297302e-02 2.446023076772689819e-01 7.955844402313232422e-01 1.013894081115722656e-01 2.382427453994750977e-02 -1.406227827072143555e+00 2.932317852973937988e-01 3.833337724208831787e-01 8.249428272247314453e-01 3.962809219956398010e-02
1.237640902400016785e-02 1.489916294813156128e-01 8.959598541259765625e-01 2.838206104934215546e-02 5.358541011810302734e-02 -1.308098793029785156e+00 3.381941914558410645e-01 3.255735635757446289e-01 6.186472773551940918e-01 1.732339859008789062e-01
1.210270375013351440e-01 6.111811101436614990e-02 9.487220048904418945e-01 8.051843941211700439e-02 1.533427834510803223e-02 -1.348219275474548340e+00 2.727749943733215332e-01 3.940069973468780518e-01 5.133495926856994629e-01 2.298343777656555176e-01
