8.312840461730957031e-01 3.217195272445678711e-01 -1.230786681175231934e+00 3.928231596946716309e-01 -2.940329015254974365e-01 -1.123624593019485474e-01 7.132579684257507324e-01 1.313750624656677246e+00 3.280544877052307129e-01 4.655360281467437744e-01
8.531718254089355469e-01 3.363611996173858643e-01 -1.279653668403625488e+00 4.277096092700958252e-01 -2.766737341880798340e-01 -2.094109803438186646e-01 7.325166463851928711e-01 1.331727862358093262e+00 3.403127193450927734e-01 4.362309277057647705e-01
8.320149779319763184e-01 2.349299043416976929e-01 -1.172476530075073242e+00 3.080027997493743896e-01 -3.465041816234588623e-01 -4.288639128208160400e-02 7.175988554954528809e-01 1.252485871315002441e+00 3.045056760311126709e-01 5.230953097343444824e-01
7.562404870986938477e-01 1.860138624906539917e-01 -1.146484375000000000e+00 2.968837022781372070e-01 -3.818384110927581787e-01 -2.888734452426433563e-02 7.282893061637878418e-01 1.242747068405151367e+00 2.992166578769683838e-01 5.152851939201354980e-01
6.670516729354858398e-01 2.319273203611373901e-01 -1.164612174034118652e+00 2.816853821277618408e-01 -3.953638970851898193e-01 -2.131976000964641571e-02 7.283083796501159668e-01 1.226096630096435547e+00 3.254143595695495605e-01 4.609339535236358643e-01
7.386133670806884766e-01 1.735971421003341675e-01 -1.194754481315612793e+00 2.670210301876068115e-01 -4.804686903953552246e-01 -6.538231670856475830e-02 5.804392099380493164e-01 1.253904342651367188e+00 2.595863044261932373e-01 5.136639475822448730e-01
8.237912654876708984e-01 6.454102694988250732e-02 -1.176349878311157227e+00 2.986667156219482422e-01 -5.506677031517028809e-01 -8.681161701679229736e-02 6.022867560386657715e-01 1.230443716049194336e+00 2.028374820947647095e-01 5.867937207221984863e-01
8.964397907257080078e-01 7.485751807689666748e-02 -1.183044672012329102e+00 1.807802319526672363e-01 -5.094796419143676758e-01 -1.364781409502029419e-01 5.465185046195983887e-01 1.173809766769409180e+00 1.886380314826965332e-01 6.041350960731506348e-01
9.403339624404907227e-01 1.325884312391281128e-01 -1.223749160766601562e+00 1.699987351894378662e-01 -4.592330753803253174e-01 -1.824723631143569946e-01 5.231369733810424805e-01 1.189389109611511230e+00 2.239083200693130493e-01 5.724981427192687988e-01
9.386266469955444336e-01 1.879976242780685425e-01 -1.244151115417480469e+00 1.834219098091125488e-01 -4.190209805965423584e-01 -1.939792782068252563e-01 5.212432742118835449e-01 1.195650577545166016e+00 2.109839469194412231e-01 5.855035185813903809e-01
9.491051435470581055e-01 1.486915796995162964e-01 -1.228690505027770996e+00 1.735480725765228271e-01 -4.448077380657196045e-01 -1.964064389467239380e-01 5.422502756118774414e-01 1.191209554672241211e+00 2.373870313167572021e-01 5.634502172470092773e-01
9.495044350624084473e-01 1.653211563825607300e-01 -1.240645527839660645e+00 1.731054782867431641e-01 -4.361112117767333984e-01 -1.859783083200454712e-01 5.275021791458129883e-01 1.198066949844360352e+00 2.292434722185134888e-01 5.610705614089965820e-01
9.553786516189575195e-01 1.623099893331527710e-01 -1.230942606925964355e+00 1.852709352970123291e-01 -4.431916773319244385e-01 -1.867379099130630493e-01 5.346323847770690918e-01 1.194718837738037109e+00 2.265131175518035889e-01 5.709757208824157715e-01
1.180655598640441895e+00 -1.466940194368362427e-01 -1.087184548377990723e+00 2.663349211215972900e-01 -3.909116089344024658e-01 -4.645366966724395752e-02 5.726528763771057129e-01 1.218155384063720703e+00 1.336020678281784058e-01 7.243064045906066895e-01
1.767012119293212891e+00 -2.938417792320251465e-01 -1.201560378074645996e+00 1.346214711666107178e-01 -3.803559541702270508e-01 -2.480913549661636353e-01 -1.164260506629943848e-01 1.167572617530822754e+00 -8.611306548118591309e-03 4.134925603866577148e-01
1.778255581855773926e+00 -2.873722016811370850e-01 -1.203098058700561523e+00 1.489285528659820557e-01 -3.625456392765045166e-01 -2.607586979866027832e-01 -1.067062020301818848e-01 1.183324933052062988e+00 -7.344111800193786621e-03 3.912996649742126465e-01
1.785544276237487793e+00 -2.942720651626586914e-01 -1.212970018386840820e+00 1.471295654773712158e-01 -3.625153601169586182e-01 -2.539755702018737793e-01 -1.356580853462219238e-01 1.169050335884094238e+00 -9.186163544654846191e-03 3.941455483436584473e-01
1.773752570152282715e+00 -2.884674370288848877e-01 -1.206791639328002930e+00 1.411796212196350098e-01 -3.748285472393035889e-01 -2.556928396224975586e-01 -1.187455654144287109e-01 1.191192865371704102e+00 -1.203382015228271484e-02 3.880361318588256836e-01
1.780755281448364258e+00 -2.973728179931640625e-01 -1.210603356361389160e+00 1.619519889354705811e-01 -3.695263266563415527e-01 -2.585950493812561035e-01 -1.318975687026977539e-01 1.187502980232238770e+00 -8.081763982772827148e-03 3.881997466087341309e-01
1.788499116897583008e+00 -2.965712547302246094e-01 -1.211761951446533203e+00 1.554324626922607422e-01 -3.603067100048065186e-01 -2.532795667648315430e-01 -1.319944858551025391e-01 1.178751349449157715e+00 -1.480816304683685303e-02 3.842576146125793457e-01
1.785110592842102051e+00 -2.924376726150512695e-01 -1.207522153854370117e+00 1.538313329219818115e-01 -3.607703149318695068e-01 -2.662779688835144043e-01 -1.314616203308105469e-01 1.172219514846801758e+00 -7.491379976272583008e-03 3.860557675361633301e-01
1.777480006217956543e+00 -2.851743102073669434e-01 -1.208755373954772949e+00 1.511861085891723633e-01 -3.779353797435760498e-01 -2.572135925292968750e-01 -1.288468241691589355e-01 1.166707754135131836e+00 -1.014359295368194580e-02 3.966440558433532715e-01
1.803183317184448242e+00 -3.051550686359405518e-01 -1.216179251670837402e+00 1.429122388362884521e-01 -3.715739846229553223e-01 -2.614212036132812500e-01 -1.607286334037780762e-01 1.176447629928588867e+00 -1.494808495044708252e-02 3.674037158489227295e-01
6.481343507766723633e-01 -8.873528242111206055e-01 -1.494469046592712402e+00 2.594794929027557373e-01 -9.994822144508361816e-01 -3.882862925529479980e-01 -1.011090517044067383e+00 6.339444518089294434e-01 -3.973035812377929688e-01 -5.226647257804870605e-01
-1.099954396486282349e-01 -9.396468400955200195e-01 -1.603355169296264648e+00 4.396617412567138672e-01 -1.124341726303100586e+00 1.490481346845626831e-01 -2.288864254951477051e-01 5.459136366844177246e-01 -6.872351169586181641e-01 -8.755806684494018555e-01
-1.105757206678390503e-01 -9.395426511764526367e-01 -1.619058728218078613e+00 4.591397345066070557e-01 -1.140326142311096191e+00 1.461245268583297729e-01 -2.017481923103332520e-01 5.628423094749450684e-01 -6.655533909797668457e-01 -8.635863661766052246e-01
-1.156018823385238647e-01 -9.297974705696105957e-01 -1.621029257774353027e+00 4.694137275218963623e-01 -1.144603490829467773e+00 1.393509954214096069e-01 -1.869791150093078613e-01 5.730960369110107422e-01 -6.624904870986938477e-01 -8.692452311515808105e-01
-1.107109934091567993e-01 -9.389862418174743652e-01 -1.618692398071289062e+00 4.642214477062225342e-01 -1.139537334442138672e+00 1.296728700399398804e-01 -1.985250115394592285e-01 5.636065602302551270e-01 -6.656641364097595215e-01 -8.730532526969909668e-01
-1.167956739664077759e-01 -9.311438798904418945e-01 -1.625097632408142090e+00 4.600517451763153076e-01 -1.147281646728515625e+00 1.279389709234237671e-01 -1.976469159126281738e-01 5.597930550575256348e-01 -6.650241017341613770e-01 -8.760113120079040527e-01
-1.539989262819290161e-01 -5.996721982955932617e-01 -1.687050461769104004e+00 5.091766119003295898e-01 -9.779158234596252441e-01 2.744400501251220703e-01 1.006950139999389648e-01 5.816974043846130371e-01 -5.174902677536010742e-01 -8.833382725715637207e-01
-3.612406253814697266e-01 -1.955800205469131470e-01 -1.716704845428466797e+00 4.791062772274017334e-01 -1.140947699546813965e+00 3.297286629676818848e-01 8.669692277908325195e-02 6.785909533500671387e-01 -4.844223856925964355e-01 -9.936795234680175781e-01
-4.620400369167327881e-01 -7.034732401371002197e-02 -1.815720915794372559e+00 4.019638299942016602e-01 -1.247234463691711426e+00 4.164044559001922607e-02 -1.461196541786193848e-01 6.309630274772644043e-01 -5.001274347305297852e-01 -1.183099031448364258e+00
-4.781621098518371582e-01 -5.433906614780426025e-02 -1.811184048652648926e+00 3.752072751522064209e-01 -1.253077983856201172e+00 3.798137605190277100e-02 -1.324874758720397949e-01 6.064004898071289062e-01 -4.654288589954376221e-01 -1.190853238105773926e+00
-4.747326374053955078e-01 -6.406916677951812744e-02 -1.820702314376831055e+00 3.805614411830902100e-01 -1.253209352493286133e+00 4.461018741130828857e-02 -1.368463635444641113e-01 6.088888049125671387e-01 -4.737941920757293701e-01 -1.186611056327819824e+00
-5.309045314788818359e-01 -2.350862324237823486e-02 -1.793231129646301270e+00 4.384230971336364746e-01 -1.217180728912353516e+00 1.524119824171066284e-01 5.815622396767139435e-03 6.318565011024475098e-01 -4.833381474018096924e-01 -1.071573615074157715e+00
-6.561814546585083008e-01 1.700647324323654175e-01 -1.816282153129577637e+00 4.514680802822113037e-01 -1.178431272506713867e+00 2.840982675552368164e-01 1.073377728462219238e-01 5.421490669250488281e-01 -4.128106832504272461e-01 -1.221584796905517578e+00
-6.858355402946472168e-01 2.102022022008895874e-01 -1.779743552207946777e+00 4.396878480911254883e-01 -1.174849987030029297e+00 2.607391476631164551e-01 4.777258262038230896e-02 5.847696661949157715e-01 -3.839225471019744873e-01 -1.226140141487121582e+00
-6.706584692001342773e-01 1.700442284345626831e-01 -1.791712164878845215e+00 4.564794301986694336e-01 -1.139669537544250488e+00 2.028224915266036987e-01 1.042515635490417480e-01 5.847918987274169922e-01 -3.683290779590606689e-01 -1.208260416984558105e+00
