1.001432538032531738e+00 2.459477633237838745e-01 -1.971705406904220581e-01 2.027287930250167847e-01 -2.839393317699432373e-01 -5.809797439724206924e-03 4.325819015502929688e-01 9.489174485206604004e-01 1.885025799274444580e-01 3.294581174850463867e-01
1.048719286918640137e+00 2.539635300636291504e-01 -2.586492598056793213e-01 2.470052838325500488e-01 -2.796709835529327393e-01 -1.078868657350540161e-01 4.460250735282897949e-01 9.749067425727844238e-01 2.012477666139602661e-01 3.169994950294494629e-01
1.005519270896911621e+00 1.554966419935226440e-01 -2.008234113454818726e-01 1.409934461116790771e-01 -3.134972155094146729e-01 2.431450970470905304e-02 4.523432850837707520e-01 9.243930578231811523e-01 1.638069003820419312e-01 3.731771707534790039e-01
9.018998742103576660e-01 1.420811861753463745e-01 -2.133882492780685425e-01 1.676752120256423950e-01 -3.969163596630096436e-01 6.633900105953216553e-02 4.667035937309265137e-01 9.390252828598022461e-01 1.532245278358459473e-01 3.791686892509460449e-01
7.992010116577148438e-01 1.816575378179550171e-01 -2.332172244787216187e-01 1.429986208677291870e-01 -4.116208851337432861e-01 1.015162318944931030e-01 4.942375421524047852e-01 9.183647036552429199e-01 1.655067056417465210e-01 3.553115129470825195e-01
8.847250342369079590e-01 1.106080263853073120e-01 -2.159641236066818237e-01 1.388862431049346924e-01 -4.569576382637023926e-01 4.053239524364471436e-02 3.479314446449279785e-01 9.416930079460144043e-01 1.049951016902923584e-01 3.834775686264038086e-01
9.642415046691894531e-01 1.464752852916717529e-02 -1.741690486669540405e-01 1.709964275360107422e-01 -5.362009406089782715e-01 -1.995427720248699188e-02 3.475870490074157715e-01 9.352356791496276855e-01 2.568304538726806641e-02 4.520671367645263672e-01
1.056173682212829590e+00 3.964518010616302490e-02 -2.141225188970565796e-01 9.016034007072448730e-02 -4.700800478458404541e-01 -1.082245856523513794e-01 2.627839446067810059e-01 8.460875153541564941e-01 3.139473497867584229e-02 4.600353837013244629e-01
1.105552315711975098e+00 7.392422854900360107e-02 -2.242969423532485962e-01 3.466185927391052246e-02 -4.380524456501007080e-01 -1.191888004541397095e-01 2.330445647239685059e-01 8.305818438529968262e-01 6.999823451042175293e-02 4.076436758041381836e-01
1.128342509269714355e+00 8.809696137905120850e-02 -2.219366580247879028e-01 3.224417567253112793e-02 -4.219168722629547119e-01 -1.398871690034866333e-01 2.350434064865112305e-01 8.388165831565856934e-01 7.653328776359558105e-02 4.076321721076965332e-01
1.123822808265686035e+00 9.046016633510589600e-02 -2.271028906106948853e-01 3.670728206634521484e-02 -4.298337996006011963e-01 -1.332501322031021118e-01 2.347069978713989258e-01 8.284800052642822266e-01 7.669141888618469238e-02 4.106903076171875000e-01
1.120266556739807129e+00 8.385448157787322998e-02 -2.207418829202651978e-01 2.649664692580699921e-02 -4.217825829982757568e-01 -1.394421607255935669e-01 2.385289669036865234e-01 8.279960155487060547e-01 8.514736592769622803e-02 4.035825729370117188e-01
1.120685696601867676e+00 8.487890660762786865e-02 -2.213519662618637085e-01 2.457770518958568573e-02 -4.168780148029327393e-01 -1.418777257204055786e-01 2.394394874572753906e-01 8.202412724494934082e-01 8.264824748039245605e-02 4.067369103431701660e-01
1.202722668647766113e+00 -1.453380137681961060e-01 -2.099310904741287231e-01 1.793078482151031494e-01 -3.653114140033721924e-01 -2.446694485843181610e-02 3.983971476554870605e-01 8.260461688041687012e-01 1.377068459987640381e-02 5.665758848190307617e-01
1.863691210746765137e+00 -3.611946702003479004e-01 -2.491865009069442749e-01 -7.056058384478092194e-03 -3.019789755344390869e-01 -2.266720682382583618e-01 -3.690857291221618652e-01 8.840023875236511230e-01 -1.869633048772811890e-01 2.799854874610900879e-01
1.876307487487792969e+00 -3.583162426948547363e-01 -2.493221610784530640e-01 3.340928582474589348e-03 -3.084414005279541016e-01 -2.248808890581130981e-01 -3.751274943351745605e-01 8.936434984207153320e-01 -1.905970871448516846e-01 2.647151947021484375e-01
1.867614984512329102e+00 -3.585938215255737305e-01 -2.589158415794372559e-01 -3.413569356780499220e-04 -3.100867867469787598e-01 -2.381494194269180298e-01 -3.659711480140686035e-01 8.868080377578735352e-01 -1.864778846502304077e-01 2.675322890281677246e-01
1.875095367431640625e+00 -3.550108671188354492e-01 -2.537073194980621338e-01 2.780913142487406731e-03 -3.113467395305633545e-01 -2.373808771371841431e-01 -3.739508390426635742e-01 8.889841437339782715e-01 -1.941710561513900757e-01 2.650035023689270020e-01
1.878548979759216309e+00 -3.641791939735412598e-01 -2.676486372947692871e-01 3.747819690033793449e-03 -3.085555434226989746e-01 -2.310538440942764282e-01 -3.717882633209228516e-01 8.908556103706359863e-01 -1.915967762470245361e-01 2.717426419258117676e-01
1.884583115577697754e+00 -3.590854406356811523e-01 -2.628269195556640625e-01 4.924087785184383392e-03 -3.117493093013763428e-01 -2.328613549470901489e-01 -3.835750222206115723e-01 8.951599597930908203e-01 -1.949208974838256836e-01 2.582403421401977539e-01
1.877399682998657227e+00 -3.577203154563903809e-01 -2.581636607646942139e-01 1.645236043259501457e-03 -3.120146393775939941e-01 -2.345277220010757446e-01 -3.640972971916198730e-01 8.861464858055114746e-01 -1.942200809717178345e-01 2.667419314384460449e-01
1.880608677864074707e+00 -3.542243838310241699e-01 -2.656345963478088379e-01 1.233637239784002304e-02 -3.055507242679595947e-01 -2.337940484285354614e-01 -3.618630170822143555e-01 8.948197960853576660e-01 -1.922408938407897949e-01 2.664566040039062500e-01
1.889113783836364746e+00 -3.586087226867675781e-01 -2.659735977649688721e-01 1.062786485999822617e-02 -3.040506839752197266e-01 -2.314057499170303345e-01 -3.792424798011779785e-01 8.943396210670471191e-01 -1.878369897603988647e-01 2.640442252159118652e-01
5.987854003906250000e-01 -8.224983811378479004e-01 -5.056483745574951172e-01 2.732610404491424561e-01 -7.906009554862976074e-01 -2.197806984186172485e-01 -1.028643727302551270e+00 4.976086318492889404e-01 -8.750512003898620605e-01 -5.586730837821960449e-01
-1.818947345018386841e-01 -8.053535223007202148e-01 -5.263446569442749023e-01 5.264306068420410156e-01 -9.177832007408142090e-01 2.146314233541488647e-01 -2.460902333259582520e-01 4.422620832920074463e-01 -1.078356266021728516e+00 -8.987893462181091309e-01
-1.819723993539810181e-01 -8.259708285331726074e-01 -5.534980297088623047e-01 5.647292137145996094e-01 -9.563106894493103027e-01 2.019859403371810913e-01 -2.044115662574768066e-01 4.664859473705291748e-01 -1.011541247367858887e+00 -8.857360482215881348e-01
-1.841248422861099243e-01 -8.240691423416137695e-01 -5.653017163276672363e-01 5.673772692680358887e-01 -9.593480229377746582e-01 1.900928467512130737e-01 -1.973485946655273438e-01 4.699012935161590576e-01 -1.009107470512390137e+00 -8.954623341560363770e-01
-1.854066699743270874e-01 -8.267697095870971680e-01 -5.557036995887756348e-01 5.609469413757324219e-01 -9.649094939231872559e-01 1.924067586660385132e-01 -2.121043801307678223e-01 4.659208357334136963e-01 -1.010772466659545898e+00 -8.922672867774963379e-01
-1.854454129934310913e-01 -8.256939649581909180e-01 -5.579845905303955078e-01 5.629211068153381348e-01 -9.629955887794494629e-01 1.968453377485275269e-01 -1.982327103614807129e-01 4.645822942256927490e-01 -1.007179260253906250e+00 -8.943199515342712402e-01
-2.351401001214981079e-01 -4.778087735176086426e-01 -6.233959794044494629e-01 6.499541997909545898e-01 -8.385171294212341309e-01 3.826650977134704590e-01 1.191017031669616699e-01 4.905594289302825928e-01 -8.566210269927978516e-01 -9.441033005714416504e-01
-4.926393926143646240e-01 -1.385805159807205200e-01 -6.698108315467834473e-01 6.074542999267578125e-01 -9.329282641410827637e-01 3.707394003868103027e-01 5.997258052229881287e-02 5.654142498970031738e-01 -8.711779117584228516e-01 -1.132107973098754883e+00
-5.983852744102478027e-01 -3.943140804767608643e-02 -7.145407199859619141e-01 4.993663132190704346e-01 -1.012955188751220703e+00 1.227180808782577515e-01 -1.916422247886657715e-01 5.256634354591369629e-01 -8.355079293251037598e-01 -1.270524382591247559e+00
-6.098532676696777344e-01 -1.128728687763214111e-02 -7.307939529418945312e-01 4.796148836612701416e-01 -9.966718554496765137e-01 1.193277090787887573e-01 -1.895129680633544922e-01 5.082652568817138672e-01 -8.294672369956970215e-01 -1.295860767364501953e+00
-6.045491695404052734e-01 -2.085848152637481689e-02 -7.270842194557189941e-01 4.844093620777130127e-01 -1.006417036056518555e+00 1.213111728429794312e-01 -1.872268319129943848e-01 5.028106570243835449e-01 -8.203650116920471191e-01 -1.279084920883178711e+00
-6.661359667778015137e-01 6.558255851268768311e-02 -7.175759077072143555e-01 5.184740424156188965e-01 -9.636474251747131348e-01 2.384381145238876343e-01 1.352470833808183670e-02 4.857802093029022217e-01 -8.067805171012878418e-01 -1.199408411979675293e+00
-7.965414524078369141e-01 2.714295387268066406e-01 -7.510358691215515137e-01 6.229222416877746582e-01 -8.855155706405639648e-01 3.040468096733093262e-01 7.495766878128051758e-02 5.165777802467346191e-01 -7.310253977775573730e-01 -1.319920182228088379e+00
-8.356243968009948730e-01 2.889463305473327637e-01 -7.120828628540039062e-01 5.601218938827514648e-01 -9.143948554992675781e-01 3.175361752510070801e-01 -1.144397538155317307e-02 5.306766629219055176e-01 -6.923109889030456543e-01 -1.323715806007385254e+00
-8.302991390228271484e-01 2.500260472297668457e-01 -7.452008724212646484e-01 5.428273677825927734e-01 -8.877065777778625488e-01 2.937950491905212402e-01 3.916328772902488708e-02 5.042249560356140137e-01 -6.789141893386840820e-01 -1.307219862937927246e+00
