9.224511384963989258e-01 2.518544197082519531e-01 -1.196185350418090820e+00 4.070653319358825684e-01 -3.212778270244598389e-01 -4.901929199695587158e-02 6.873633861541748047e-01 1.298491954803466797e+00 4.085114002227783203e-01 2.650730311870574951e-01
9.412313699722290039e-01 2.324845641851425171e-01 -1.195668101310729980e+00 3.875705897808074951e-01 -3.376600444316864014e-01 -6.931276619434356689e-02 6.999619603157043457e-01 1.282949686050415039e+00 4.004902243614196777e-01 2.847917377948760986e-01
8.773757219314575195e-01 1.766140908002853394e-01 -1.135377049446105957e+00 3.445135354995727539e-01 -3.541359603404998779e-01 1.299415715038776398e-02 6.951598525047302246e-01 1.242607712745666504e+00 3.595799505710601807e-01 3.547934591770172119e-01
7.248188257217407227e-01 2.696321010589599609e-01 -1.155829668045043945e+00 3.576554059982299805e-01 -2.940672934055328369e-01 -4.669799003750085831e-03 6.475933790206909180e-01 1.216291069984436035e+00 2.425679862499237061e-01 5.361140370368957520e-01
6.606126427650451660e-01 3.165106773376464844e-01 -1.197807669639587402e+00 3.647579848766326904e-01 -2.933849990367889404e-01 -7.109893951565027237e-03 6.453674435615539551e-01 1.227515220642089844e+00 2.632806599140167236e-01 4.691046774387359619e-01
7.429709434509277344e-01 2.229592055082321167e-01 -1.199539661407470703e+00 3.294232785701751709e-01 -3.856672346591949463e-01 -4.813213646411895752e-02 5.147905945777893066e-01 1.233005762100219727e+00 1.863629817962646484e-01 5.160009264945983887e-01
8.373402953147888184e-01 1.342564672231674194e-01 -1.181664228439331055e+00 3.321029245853424072e-01 -4.526162147521972656e-01 -5.438758432865142822e-02 5.120247006416320801e-01 1.196609854698181152e+00 1.303389370441436768e-01 5.962365269660949707e-01
9.082442522048950195e-01 1.621357649564743042e-01 -1.220464706420898438e+00 2.039582729339599609e-01 -4.220618903636932373e-01 -1.148742586374282837e-01 4.513576030731201172e-01 1.062633514404296875e+00 1.447817087173461914e-01 5.888489484786987305e-01
9.872977137565612793e-01 1.323784440755844116e-01 -1.218550920486450195e+00 1.633252501487731934e-01 -3.884084522724151611e-01 -1.630136519670486450e-01 4.364200830459594727e-01 1.076340556144714355e+00 1.455605477094650269e-01 6.110997796058654785e-01
1.530421614646911621e+00 -2.497030645608901978e-01 -1.139711022377014160e+00 1.771219074726104736e-01 -3.170399963855743408e-01 -1.352788358926773071e-01 1.004594285041093826e-02 1.039260983467102051e+00 -4.172463715076446533e-02 5.594280362129211426e-01
1.778228402137756348e+00 -2.624980211257934570e-01 -1.191276311874389648e+00 1.613155603408813477e-01 -3.336618244647979736e-01 -2.109698206186294556e-01 -3.141343593597412109e-01 1.040123224258422852e+00 -1.093673110008239746e-01 4.007896482944488525e-01
1.783245921134948730e+00 -2.600691914558410645e-01 -1.182850241661071777e+00 1.391710638999938965e-01 -3.393898904323577881e-01 -2.069835811853408813e-01 -3.045800328254699707e-01 1.041009068489074707e+00 -1.060704290866851807e-01 4.014029800891876221e-01
1.770956158638000488e+00 -2.628612518310546875e-01 -1.191183686256408691e+00 1.589314043521881104e-01 -3.394446372985839844e-01 -1.977090388536453247e-01 -3.016912937164306641e-01 1.034528255462646484e+00 -1.080414950847625732e-01 3.962289094924926758e-01
1.780583381652832031e+00 -2.663058638572692871e-01 -1.192461609840393066e+00 1.574785411357879639e-01 -3.371112644672393799e-01 -2.044459134340286255e-01 -3.160163760185241699e-01 1.040961623191833496e+00 -1.060887724161148071e-01 4.006441831588745117e-01
1.776386141777038574e+00 -2.550297975540161133e-01 -1.184988617897033691e+00 1.649459302425384521e-01 -3.345170319080352783e-01 -2.047639638185501099e-01 -2.993053197860717773e-01 1.034730315208435059e+00 -9.991420805454254150e-02 4.073412716388702393e-01
1.204845905303955078e+00 -4.077854454517364502e-01 -1.327893018722534180e+00 3.645973503589630127e-01 -5.002318620681762695e-01 -4.285693168640136719e-01 -1.108348488807678223e+00 9.754094481468200684e-01 -3.047562539577484131e-01 -6.673252582550048828e-02
-1.336337178945541382e-01 -8.987635374069213867e-01 -1.594127535820007324e+00 5.643819570541381836e-01 -8.573601841926574707e-01 1.376784294843673706e-01 -2.304875254631042480e-01 5.969898700714111328e-01 -6.135333776473999023e-01 -9.578744173049926758e-01
-1.787185817956924438e-01 -9.182624816894531250e-01 -1.408503055572509766e+00 6.118255853652954102e-01 -6.851649880409240723e-01 1.212717145681381226e-01 -2.691907882690429688e-01 5.829113721847534180e-01 -5.190037488937377930e-01 -9.009174704551696777e-01
-1.747880727052688599e-01 -9.145785570144653320e-01 -1.424720168113708496e+00 6.371914148330688477e-01 -6.900688409805297852e-01 1.197165697813034058e-01 -2.565163969993591309e-01 5.993283390998840332e-01 -5.154344439506530762e-01 -8.948240876197814941e-01
-1.752024739980697632e-01 -9.184693694114685059e-01 -1.411262273788452148e+00 6.326781511306762695e-01 -6.944354772567749023e-01 1.168333739042282104e-01 -2.652284502983093262e-01 5.981029868125915527e-01 -5.227305293083190918e-01 -9.025669097900390625e-01
-3.275121152400970459e-01 -4.181159436702728271e-01 -1.565126657485961914e+00 6.320618987083435059e-01 -4.873602986335754395e-01 2.846584916114807129e-01 1.373485922813415527e-01 7.242476940155029297e-01 -3.811182379722595215e-01 -9.541599750518798828e-01
-6.476727724075317383e-01 -1.179734617471694946e-01 -1.593387961387634277e+00 6.187041997909545898e-01 -6.245369911193847656e-01 1.410167664289474487e-01 -6.387117318809032440e-03 6.888135671615600586e-01 -4.496307969093322754e-01 -1.121772050857543945e+00
-6.917318701744079590e-01 -6.000931560993194580e-02 -1.629415154457092285e+00 5.912619829177856445e-01 -6.468395590782165527e-01 7.717733085155487061e-02 -6.902265548706054688e-02 6.716348528861999512e-01 -4.260720908641815186e-01 -1.214772939682006836e+00
-7.518895268440246582e-01 -6.021501123905181885e-02 -1.634331583976745605e+00 5.349316596984863281e-01 -6.090208888053894043e-01 2.170603126287460327e-01 1.145689487457275391e-01 5.608620047569274902e-01 -4.046145975589752197e-01 -1.051935076713562012e+00
-8.594541549682617188e-01 1.401641815900802612e-01 -1.693781614303588867e+00 5.853353738784790039e-01 -5.191814303398132324e-01 3.043546080589294434e-01 1.771581172943115234e-01 5.656383633613586426e-01 -4.003863036632537842e-01 -1.199581027030944824e+00
-8.860793113708496094e-01 1.633096784353256226e-01 -1.645665764808654785e+00 5.631872415542602539e-01 -5.429229736328125000e-01 2.863706350326538086e-01 1.089974045753479004e-01 5.745449066162109375e-01 -3.484682142734527588e-01 -1.242737174034118652e+00
