4.799001812934875488e-01 8.537575602531433105e-03 2.585782408714294434e-01 4.376662075519561768e-01 -6.446884870529174805e-01 5.727915465831756592e-02 1.034590721130371094e+00 1.307308435440063477e+00 9.369529038667678833e-02 -1.052016019821166992e+00
5.126058459281921387e-01 3.336726129055023193e-02 2.690259814262390137e-01 4.441530704498291016e-01 -6.255416274070739746e-01 6.147061288356781006e-02 1.029466032981872559e+00 1.298323154449462891e+00 9.639216959476470947e-02 -1.069133520126342773e+00
5.140064954757690430e-01 2.301774919033050537e-02 2.639475464820861816e-01 4.321877062320709229e-01 -6.261376142501831055e-01 2.104290015995502472e-02 9.995993971824645996e-01 1.269136905670166016e+00 9.865948557853698730e-02 -1.070635795593261719e+00
4.418391287326812744e-01 4.788623750209808350e-02 2.628732919692993164e-01 4.478092491626739502e-01 -6.485907435417175293e-01 8.602796494960784912e-02 1.030058741569519043e+00 1.260841608047485352e+00 1.217427030205726624e-01 -1.029724478721618652e+00
3.710540533065795898e-01 5.497895181179046631e-02 2.153628617525100708e-01 4.297833740711212158e-01 -6.702359318733215332e-01 1.441526263952255249e-01 1.038546204566955566e+00 1.289608716964721680e+00 1.461593508720397949e-01 -1.036838412284851074e+00
3.454862833023071289e-01 8.307699859142303467e-02 2.011008709669113159e-01 4.147214591503143311e-01 -6.548595428466796875e-01 1.885878294706344604e-01 9.680983424186706543e-01 1.300658226013183594e+00 1.451837867498397827e-01 -1.105361104011535645e+00
4.145394563674926758e-01 7.670132815837860107e-02 1.984989792108535767e-01 5.215126276016235352e-01 -6.966022253036499023e-01 1.778196543455123901e-01 1.002866983413696289e+00 1.386665582656860352e+00 1.143781989812850952e-01 -1.183784127235412598e+00
5.310037732124328613e-01 2.563223708420991898e-03 2.309060841798782349e-01 4.729625880718231201e-01 -7.191066741943359375e-01 8.220045268535614014e-02 9.615328311920166016e-01 1.311006903648376465e+00 5.358308553695678711e-02 -1.086448311805725098e+00
5.717744827270507812e-01 -7.504477631300687790e-03 2.079442292451858521e-01 4.122209548950195312e-01 -6.834573149681091309e-01 -4.095597658306360245e-03 9.349573850631713867e-01 1.268494844436645508e+00 5.942799896001815796e-02 -1.049340605735778809e+00
4.478857517242431641e-01 -1.185415536165237427e-01 2.996274232864379883e-01 2.735831141471862793e-01 -1.091742515563964844e+00 1.143490225076675415e-01 7.870137095451354980e-01 1.077995061874389648e+00 -6.710262596607208252e-02 -9.675458073616027832e-01
4.451264441013336182e-01 -1.009507894515991211e+00 9.525018930435180664e-01 1.382695138454437256e-01 -1.518695235252380371e+00 -6.324393153190612793e-01 6.473507285118103027e-01 4.840851128101348877e-01 -1.003723025321960449e+00 6.826208829879760742e-01
5.217843651771545410e-01 -7.156075239181518555e-01 2.834274172782897949e-01 -1.035650074481964111e-01 -2.279409617185592651e-01 -1.181662797927856445e+00 6.874936819076538086e-02 5.421434044837951660e-01 -1.824011683464050293e+00 1.011584162712097168e+00
5.250820517539978027e-01 -6.961241960525512695e-01 2.681743204593658447e-01 -1.056842505931854248e-01 -2.006239145994186401e-01 -1.201652884483337402e+00 4.774844273924827576e-02 5.351602435111999512e-01 -1.850884556770324707e+00 9.964302182197570801e-01
5.273481607437133789e-01 -6.938679814338684082e-01 2.609819173812866211e-01 -1.060568690299987793e-01 -2.028037160634994507e-01 -1.200869917869567871e+00 4.304015263915061951e-02 5.338492989540100098e-01 -1.850654125213623047e+00 1.004808068275451660e+00
5.273800492286682129e-01 -6.938796639442443848e-01 2.675214111804962158e-01 -1.023331880569458008e-01 -2.017378062009811401e-01 -1.198811173439025879e+00 4.008686169981956482e-02 5.364819169044494629e-01 -1.846454262733459473e+00 1.006052732467651367e+00
5.008389353752136230e-01 -5.834468007087707520e-01 4.460587203502655029e-01 -2.730611152946949005e-02 -4.909036159515380859e-01 -1.157654404640197754e+00 2.370489239692687988e-01 5.104135870933532715e-01 -1.484601378440856934e+00 1.118892073631286621e+00
4.775592684745788574e-01 -5.468354225158691406e-01 4.596301913261413574e-01 -1.757872290909290314e-02 -5.556880235671997070e-01 -1.146979212760925293e+00 2.766575217247009277e-01 5.088532567024230957e-01 -1.390871644020080566e+00 1.127756953239440918e+00
4.729771614074707031e-01 -5.357490777969360352e-01 4.585342705249786377e-01 -2.349743433296680450e-02 -5.463448166847229004e-01 -1.132562756538391113e+00 2.632803320884704590e-01 5.001735091209411621e-01 -1.414880633354187012e+00 1.139358520507812500e+00
4.721704721450805664e-01 -5.359871387481689453e-01 4.597061276435852051e-01 -2.279508300125598907e-02 -5.420650839805603027e-01 -1.124480009078979492e+00 2.686428427696228027e-01 5.073649287223815918e-01 -1.417383074760437012e+00 1.135939121246337891e+00
4.772475957870483398e-01 -5.397530794143676758e-01 4.591085612773895264e-01 -1.416114065796136856e-02 -5.409267544746398926e-01 -1.128775358200073242e+00 2.713415026664733887e-01 5.113646388053894043e-01 -1.423395991325378418e+00 1.136350750923156738e+00
3.733886480331420898e-01 -3.212305307388305664e-01 4.088140130043029785e-01 -8.359357714653015137e-02 -5.438088178634643555e-01 -1.109967350959777832e+00 3.188327550888061523e-01 5.005201697349548340e-01 -1.341975927352905273e+00 1.221815586090087891e+00
2.487133070826530457e-02 2.027453035116195679e-01 1.757622510194778442e-01 -1.731986254453659058e-01 -4.699896872043609619e-01 -9.549658894538879395e-01 4.510132074356079102e-01 5.122356414794921875e-01 -1.246229767799377441e+00 1.381944656372070312e+00
-1.290066093206405640e-01 2.336693853139877319e-01 -3.288976848125457764e-02 -1.874104440212249756e-01 -3.916174471378326416e-01 -1.103024005889892578e+00 1.014165878295898438e-01 5.040825009346008301e-01 -1.519598841667175293e+00 9.678906202316284180e-01
-1.303912252187728882e-01 2.787292003631591797e-01 3.876104485243558884e-03 -2.128710746765136719e-01 -3.767746388912200928e-01 -1.039154410362243652e+00 1.589875221252441406e-01 4.818395972251892090e-01 -1.532903075218200684e+00 1.020204067230224609e+00
-1.371794193983078003e-01 3.229516744613647461e-01 3.266967833042144775e-02 -2.354560494422912598e-01 -3.774867355823516846e-01 -1.012789964675903320e+00 1.797516345977783203e-01 4.606288969516754150e-01 -1.497888684272766113e+00 1.078933358192443848e+00
-2.616292238235473633e-01 4.947528839111328125e-01 3.804130852222442627e-02 -1.952996551990509033e-01 -4.735403358936309814e-01 -1.026165604591369629e+00 1.965984702110290527e-01 4.619396626949310303e-01 -1.345157265663146973e+00 1.057036280632019043e+00
