-5.607257398549999605e-01 -3.202639068829999935e-01 -1.781267518430000108e-03 3.319592277080000153e-01 -3.231546087469999717e-02 -5.589928037820000029e-01 3.171900311210000267e-01 4.691030836099999678e-03 -3.399991739120000189e-01 4.640857876969999712e-02
-5.507230054930000174e-01 -3.217599217580000004e-01 1.282543706350000035e-01 2.392922717659999865e-01 3.794719682179999998e-01 -5.589928037820000029e-01 3.171900311210000267e-01 4.691030836099999678e-03 -3.399991739120000189e-01 4.640857876969999712e-02
-4.459884443489999795e-01 -3.217599217580000004e-01 1.870939952869999923e-01 2.327893629530000119e-01 6.418855557060000327e-01 -5.589928037820000029e-01 3.171900311210000267e-01 4.102640076600000060e-03 -3.399991739120000189e-01 4.640857876969999712e-02
-2.700579154289999839e-01 -3.172718771320000020e-01 1.876823860459999882e-01 2.246602215819999970e-01 6.539969906639999664e-01 -5.589928037820000029e-01 3.171900311210000267e-01 4.691030836099999678e-03 -3.399991739120000189e-01 4.640857876969999712e-02
-8.177104338309999776e-02 -3.112878176309999967e-01 1.876823860459999882e-01 2.214087671749999930e-01 6.553426882299999701e-01 -5.589928037820000029e-01 3.171900311210000267e-01 4.102640076600000060e-03 -3.399991739120000189e-01 4.640857876969999712e-02
1.106346554290000006e-01 -2.843590848420000095e-01 1.876823860459999882e-01 2.197830399719999939e-01 6.553426882299999701e-01 -5.589928037820000029e-01 3.171900311210000267e-01 4.102640076600000060e-03 -3.399991739120000189e-01 4.640857876969999712e-02
2.742088412249999996e-01 -2.529425399440000111e-01 1.876823860459999882e-01 2.084029495489999884e-01 6.560155370129999719e-01 -5.589928037820000029e-01 3.186860459959999781e-01 4.102640076600000060e-03 -3.399991739120000189e-01 4.573572998670000223e-02
3.712943224959999733e-01 -2.574305845700000095e-01 2.012154649650000071e-01 2.181573127689999947e-01 6.553426882299999701e-01 -5.589928037820000029e-01 3.171900311210000267e-01 4.102640076600000060e-03 -3.399991739120000189e-01 4.640857876969999712e-02
4.124820414620000153e-01 -2.858553322340000036e-01 2.129834630549999885e-01 2.311636357500000127e-01 6.560155370129999719e-01 -5.589928037820000029e-01 3.171900311210000267e-01 4.102640076600000060e-03 -3.399991739120000189e-01 4.573572998670000223e-02
4.201311213350000240e-01 -2.933354066109999936e-01 2.129834630549999885e-01 2.344150901569999890e-01 6.553426882299999701e-01 -5.589928037820000029e-01 3.171900311210000267e-01 4.102640076600000060e-03 -3.399991739120000189e-01 4.640857876969999712e-02
4.201311213350000240e-01 -2.948314214860000004e-01 2.135718538149999901e-01 2.344150901569999890e-01 6.553426882299999701e-01 -5.589928037820000029e-01 3.171900311210000267e-01 4.691030836099999678e-03 -3.399991739120000189e-01 4.640857876969999712e-02
4.201311213350000240e-01 -2.933354066109999936e-01 2.135718538149999901e-01 2.344150901569999890e-01 6.553426882299999701e-01 -5.589928037820000029e-01 3.171900311210000267e-01 4.691030836099999678e-03 -3.399991739120000189e-01 4.640857876969999712e-02
4.201311213350000240e-01 -2.933354066109999936e-01 2.259281512150000115e-01 2.344150901569999890e-01 5.981499665060000526e-01 -5.589928037820000029e-01 3.171900311210000267e-01 4.102640076600000060e-03 -3.399991739120000189e-01 4.640857876969999712e-02
4.413133715779999910e-01 -5.397070139500000086e-02 3.694968682870000132e-01 2.327893629530000119e-01 2.058753089839999995e-01 -5.589928037820000029e-01 3.171900311210000267e-01 4.102640076600000060e-03 -3.399991739120000189e-01 4.640857876969999712e-02
4.419017623370000147e-01 3.230287674489999983e-01 3.947979452959999858e-01 2.344150901569999890e-01 1.883811360509999866e-01 -5.589928037820000029e-01 3.171900311210000267e-01 4.102640076600000060e-03 -3.399991739120000189e-01 4.640857876969999712e-02
4.419017623370000147e-01 4.457031498069999875e-01 3.912676007390000210e-01 2.441694533759999897e-01 1.883811360509999866e-01 -5.589928037820000029e-01 3.171900311210000267e-01 4.102640076600000060e-03 -3.399991739120000189e-01 4.640857876969999712e-02
4.424903359969999950e-01 4.591675162020000256e-01 3.912676007390000210e-01 2.441694533759999897e-01 1.883811360509999866e-01 -5.589928037820000029e-01 3.171900311210000267e-01 4.102640076600000060e-03 -3.399991739120000189e-01 4.640857876969999712e-02
4.424903359969999950e-01 4.591675162020000256e-01 3.912676007390000210e-01 2.425437261729999905e-01 1.877081826910000084e-01 -5.589928037820000029e-01 3.171900311210000267e-01 4.102640076600000060e-03 -3.399991739120000189e-01 4.640857876969999712e-02
4.424903359969999950e-01 4.591675162020000256e-01 3.912676007390000210e-01 2.425437261729999905e-01 1.883811360509999866e-01 -5.589928037820000029e-01 3.171900311210000267e-01 4.691030836099999678e-03 -3.399991739120000189e-01 4.640857876969999712e-02
4.424903359969999950e-01 4.591675162020000256e-01 3.912676007390000210e-01 2.441694533759999897e-01 1.877081826910000084e-01 -5.589928037820000029e-01 3.171900311210000267e-01 4.102640076600000060e-03 -3.399991739120000189e-01 4.573572998670000223e-02
4.424903359969999950e-01 4.591675162020000256e-01 3.912676007390000210e-01 2.425437261729999905e-01 1.883811360509999866e-01 -5.589928037820000029e-01 3.171900311210000267e-01 4.102640076600000060e-03 -3.399991739120000189e-01 4.640857876969999712e-02
4.424903359969999950e-01 4.591675162020000256e-01 3.912676007390000210e-01 2.441694533759999897e-01 1.877081826910000084e-01 -5.589928037820000029e-01 3.171900311210000267e-01 4.102640076600000060e-03 -3.399991739120000189e-01 4.640857876969999712e-02
4.424903359969999950e-01 4.591675162020000256e-01 3.912676007390000210e-01 2.441694533759999897e-01 1.877081826910000084e-01 -5.589928037820000029e-01 3.171900311210000267e-01 4.102640076600000060e-03 -3.399991739120000189e-01 4.640857876969999712e-02
4.424903359969999950e-01 4.097983277660000034e-01 3.859719924539999902e-01 2.474209077829999937e-01 1.870353339080000066e-01 -5.589928037820000029e-01 3.171900311210000267e-01 4.102640076600000060e-03 -3.399991739120000189e-01 4.640857876969999712e-02
4.424903359969999950e-01 4.097983277660000034e-01 3.859719924539999902e-01 2.474209077829999937e-01 1.870353339080000066e-01 -5.589928037820000029e-01 3.171900311210000267e-01 4.102640076600000060e-03 -3.399991739120000189e-01 4.573572998670000223e-02
4.424903359969999950e-01 4.097983277660000034e-01 3.859719924539999902e-01 2.474209077829999937e-01 1.870353339080000066e-01 -5.589928037820000029e-01 3.171900311210000267e-01 4.102640076600000060e-03 -3.399991739120000189e-01 4.640857876969999712e-02
4.424903359969999950e-01 4.097983277660000034e-01 3.859719924539999902e-01 2.474209077829999937e-01 1.877081826910000084e-01 -5.589928037820000029e-01 3.171900311210000267e-01 4.102640076600000060e-03 -3.399991739120000189e-01 4.573572998670000223e-02
4.419017623370000147e-01 4.097983277660000034e-01 3.859719924539999902e-01 2.474209077829999937e-01 1.870353339080000066e-01 -5.589928037820000029e-01 3.171900311210000267e-01 4.691030836099999678e-03 -3.399991739120000189e-01 4.640857876969999712e-02
4.424903359969999950e-01 4.097983277660000034e-01 3.859719924539999902e-01 2.474209077829999937e-01 1.870353339080000066e-01 -5.589928037820000029e-01 3.171900311210000267e-01 4.102640076600000060e-03 -3.399991739120000189e-01 4.640857876969999712e-02
4.401365900590000213e-01 3.439732082199999930e-01 3.453726642470000274e-01 2.522980893919999912e-01 3.653420391989999905e-01 -5.589928037820000029e-01 3.171900311210000267e-01 4.102640076600000060e-03 -3.399991739120000189e-01 4.640857876969999712e-02
4.095400876640000187e-01 3.130307656419999834e-02 2.347541040580000127e-01 3.254563188949999852e-01 6.425584044890000346e-01 -5.589928037820000029e-01 3.171900311210000267e-01 4.102640076600000060e-03 -3.416249011160000237e-01 4.573572998670000223e-02
4.130704322209999835e-01 -2.559345696940000248e-01 2.206325429290000029e-01 2.945675020319999948e-01 6.533240895930000347e-01 -5.589928037820000029e-01 3.171900311210000267e-01 4.102640076600000060e-03 -3.399991739120000189e-01 4.640857876969999712e-02
4.201311213350000240e-01 -2.888473619849999952e-01 2.176905891320000119e-01 2.701810886279999990e-01 6.533240895930000347e-01 -5.589928037820000029e-01 3.171900311210000267e-01 4.691030836099999678e-03 -3.399991739120000189e-01 4.640857876969999712e-02
4.183659490569999750e-01 -3.187678920070000088e-01 1.776796516839999895e-01 3.238305916909999804e-01 5.059687943370000385e-01 -5.589928037820000029e-01 3.171900311210000267e-01 4.691030836099999678e-03 -3.399991739120000189e-01 4.640857876969999712e-02
3.418744187189999839e-01 -3.217599217580000004e-01 4.764401353099999986e-02 3.417140962820000016e-01 3.227864975070000170e-02 -5.589928037820000029e-01 3.171900311210000267e-01 4.691030836099999678e-03 -3.399991739120000189e-01 4.573572998670000223e-02
2.636177161039999772e-01 -3.217599217580000004e-01 3.514249317100000009e-03 3.417140962820000016e-01 -2.760551939400000127e-02 -5.589928037820000029e-01 3.171900311210000267e-01 4.102640076600000060e-03 -3.399991739120000189e-01 4.573572998670000223e-02
9.474792202220000403e-02 -3.082957878800000051e-01 -5.900094285180000099e-03 3.400883690789999747e-01 -2.962406574289999997e-02 -5.589928037820000029e-01 3.171900311210000267e-01 4.102640076600000060e-03 -3.399991739120000189e-01 4.640857876969999712e-02
-9.824607609940000374e-02 -3.082957878800000051e-01 -5.900094285180000099e-03 3.417140962820000016e-01 -3.096976330880000031e-02 -5.589928037820000029e-01 3.171900311210000267e-01 4.102640076600000060e-03 -3.399991739120000189e-01 4.640857876969999712e-02
