-5.595489583360000463e-01 -3.202639068829999935e-01 -2.958049037439999807e-03 3.465912778920000048e-01 -3.029691452579999847e-02 -5.572276315030000315e-01 3.156940162460000199e-01 4.691030836099999678e-03 -3.465023354030000169e-01 4.304433485499999795e-02
-5.154192398469999992e-01 -1.287721427100000093e-01 -7.415406253919999691e-02 8.159521698419999747e-02 3.613049465009999794e-01 -5.572276315030000315e-01 3.156940162460000199e-01 4.691030836099999678e-03 -3.465023354030000169e-01 4.237148607200000305e-02
-3.359583206449999748e-01 2.586994302599999740e-01 -2.430238566210000117e-01 -2.370505996639999946e-01 6.048785066240000008e-01 -5.572276315030000315e-01 3.156940162460000199e-01 4.691030836099999678e-03 -3.465023354030000169e-01 4.304433485499999795e-02
-1.529669654349999908e-01 4.531832241839999775e-01 -4.077749153860000253e-01 -2.565595787809999972e-01 6.068971052610000472e-01 -5.572276315030000315e-01 3.156940162460000199e-01 4.691030836099999678e-03 -3.465023354030000169e-01 4.304433485499999795e-02
-6.764948225450000130e-02 4.726316500789999875e-01 -4.566117142250000205e-01 -2.598110331869999956e-01 6.068971052610000472e-01 -5.572276315030000315e-01 3.156940162460000199e-01 4.691030836099999678e-03 -3.465023354030000169e-01 4.304433485499999795e-02
-6.764948225450000130e-02 4.726316500789999875e-01 -4.572001049850000221e-01 -2.598110331869999956e-01 6.068971052610000472e-01 -5.572276315030000315e-01 3.156940162460000199e-01 4.691030836099999678e-03 -3.465023354030000169e-01 4.304433485499999795e-02
-6.764948225450000130e-02 4.726316500789999875e-01 -4.572001049850000221e-01 -2.598110331869999956e-01 6.068971052610000472e-01 -5.572276315030000315e-01 3.156940162460000199e-01 4.691030836099999678e-03 -3.465023354030000169e-01 4.304433485499999795e-02
-6.764948225450000130e-02 4.726316500789999875e-01 -4.572001049850000221e-01 -2.598110331869999956e-01 6.068971052610000472e-01 -5.572276315030000315e-01 3.156940162460000199e-01 4.691030836099999678e-03 -3.465023354030000169e-01 4.304433485499999795e-02
-6.764948225450000130e-02 4.726316500789999875e-01 -4.572001049850000221e-01 -2.598110331869999956e-01 6.068971052610000472e-01 -5.572276315030000315e-01 3.156940162460000199e-01 4.691030836099999678e-03 -3.465023354030000169e-01 4.304433485499999795e-02
-6.764948225450000130e-02 4.726316500789999875e-01 -4.572001049850000221e-01 -2.598110331869999956e-01 6.068971052610000472e-01 -5.572276315030000315e-01 3.156940162460000199e-01 4.691030836099999678e-03 -3.465023354030000169e-01 4.371718363790000339e-02
-6.764948225450000130e-02 4.726316500789999875e-01 -4.572001049850000221e-01 -2.598110331869999956e-01 6.068971052610000472e-01 -5.572276315030000315e-01 3.156940162460000199e-01 4.691030836099999678e-03 -3.465023354030000169e-01 4.304433485499999795e-02
-6.764948225450000130e-02 4.726316500789999875e-01 -4.572001049850000221e-01 -2.598110331869999956e-01 6.068971052610000472e-01 -5.572276315030000315e-01 3.156940162460000199e-01 4.691030836099999678e-03 -3.465023354030000169e-01 4.304433485499999795e-02
-6.823787301400000005e-02 4.726316500789999875e-01 -4.572001049850000221e-01 -2.598110331869999956e-01 6.439041543429999681e-01 -5.572276315030000315e-01 3.156940162460000199e-01 4.691030836099999678e-03 -3.465023354030000169e-01 4.304433485499999795e-02
-8.706656021860000039e-02 4.726316500789999875e-01 -4.572001049850000221e-01 5.233162197030000184e-02 6.499598456780000255e-01 -5.572276315030000315e-01 3.156940162460000199e-01 4.691030836099999678e-03 -3.465023354030000169e-01 4.304433485499999795e-02
-8.706656021860000039e-02 4.726316500789999875e-01 -4.577884957439999902e-01 4.847791008799999801e-01 6.506326944610000274e-01 -5.572276315030000315e-01 3.156940162460000199e-01 4.691030836099999678e-03 -3.465023354030000169e-01 4.304433485499999795e-02
-9.353895002339999987e-02 4.741276649550000277e-01 -4.583768865039999918e-01 7.465237073810000457e-01 6.506326944610000274e-01 -5.572276315030000315e-01 3.156940162460000199e-01 4.691030836099999678e-03 -3.465023354030000169e-01 4.304433485499999795e-02
-9.353895002339999987e-02 4.726316500789999875e-01 -4.583768865039999918e-01 7.465237073810000457e-01 6.506326944610000274e-01 -5.572276315030000315e-01 3.156940162460000199e-01 4.691030836099999678e-03 -3.465023354030000169e-01 4.304433485499999795e-02
-9.412734078289999862e-02 4.726316500789999875e-01 -4.583768865039999918e-01 7.465237073810000457e-01 6.506326944610000274e-01 -5.572276315030000315e-01 3.156940162460000199e-01 4.691030836099999678e-03 -3.465023354030000169e-01 4.304433485499999795e-02
-9.353895002339999987e-02 4.726316500789999875e-01 -4.583768865039999918e-01 7.448979801780000187e-01 6.506326944610000274e-01 -5.572276315030000315e-01 3.156940162460000199e-01 4.691030836099999678e-03 -3.465023354030000169e-01 4.304433485499999795e-02
-9.412734078289999862e-02 4.726316500789999875e-01 -4.589652772630000155e-01 7.448979801780000187e-01 6.506326944610000274e-01 -5.572276315030000315e-01 3.156940162460000199e-01 4.691030836099999678e-03 -3.465023354030000169e-01 4.304433485499999795e-02
-9.353895002339999987e-02 4.726316500789999875e-01 -4.583768865039999918e-01 7.448979801780000187e-01 6.506326944610000274e-01 -5.572276315030000315e-01 3.156940162460000199e-01 4.691030836099999678e-03 -3.465023354030000169e-01 4.304433485499999795e-02
-9.353895002339999987e-02 4.726316500789999875e-01 -4.583768865039999918e-01 7.448979801780000187e-01 6.506326944610000274e-01 -5.572276315030000315e-01 3.156940162460000199e-01 4.691030836099999678e-03 -3.465023354030000169e-01 4.304433485499999795e-02
-9.353895002339999987e-02 4.726316500789999875e-01 -4.583768865039999918e-01 6.473538426270000201e-01 6.513055432440000292e-01 -5.572276315030000315e-01 3.156940162460000199e-01 4.691030836099999678e-03 -3.465023354030000169e-01 4.304433485499999795e-02
-9.412734078289999862e-02 4.726316500789999875e-01 -4.583768865039999918e-01 3.709771859409999872e-01 6.513055432440000292e-01 -5.572276315030000315e-01 3.156940162460000199e-01 4.691030836099999678e-03 -3.465023354030000169e-01 4.304433485499999795e-02
-9.412734078289999862e-02 4.726316500789999875e-01 -4.583768865039999918e-01 3.661000043309999841e-01 6.506326944610000274e-01 -5.572276315030000315e-01 3.156940162460000199e-01 4.691030836099999678e-03 -3.465023354030000169e-01 4.304433485499999795e-02
-9.412734078289999862e-02 4.726316500789999875e-01 -4.583768865039999918e-01 3.612228227209999809e-01 6.506326944610000274e-01 -5.572276315030000315e-01 3.156940162460000199e-01 4.691030836099999678e-03 -3.465023354030000169e-01 4.304433485499999795e-02
-9.412734078289999862e-02 4.726316500789999875e-01 -4.583768865039999918e-01 3.612228227209999809e-01 6.506326944610000274e-01 -5.572276315030000315e-01 3.156940162460000199e-01 4.691030836099999678e-03 -3.465023354030000169e-01 4.304433485499999795e-02
-9.353895002339999987e-02 4.726316500789999875e-01 -4.583768865039999918e-01 3.628485499249999857e-01 6.506326944610000274e-01 -5.572276315030000315e-01 3.156940162460000199e-01 4.691030836099999678e-03 -3.465023354030000169e-01 4.304433485499999795e-02
-9.412734078289999862e-02 4.726316500789999875e-01 -4.583768865039999918e-01 3.628485499249999857e-01 6.506326944610000274e-01 -5.572276315030000315e-01 3.156940162460000199e-01 4.691030836099999678e-03 -3.465023354030000169e-01 4.304433485499999795e-02
-6.764948225450000130e-02 4.741276649550000277e-01 -4.589652772630000155e-01 2.490466349859999928e-01 6.243913304839999734e-01 -5.572276315030000315e-01 3.156940162460000199e-01 4.691030836099999678e-03 -3.465023354030000169e-01 4.304433485499999795e-02
-6.764948225450000130e-02 4.741276649550000277e-01 -4.583768865039999918e-01 -1.281258663350000049e-01 6.243913304839999734e-01 -5.572276315030000315e-01 3.156940162460000199e-01 4.691030836099999678e-03 -3.465023354030000169e-01 4.371718363790000339e-02
-6.764948225450000130e-02 4.741276649550000277e-01 -4.589652772630000155e-01 -2.598110331869999956e-01 6.237184817009999716e-01 -5.572276315030000315e-01 3.156940162460000199e-01 4.691030836099999678e-03 -3.465023354030000169e-01 4.371718363790000339e-02
-6.764948225450000130e-02 4.741276649550000277e-01 -4.583768865039999918e-01 -2.598110331869999956e-01 6.243913304839999734e-01 -5.572276315030000315e-01 3.156940162460000199e-01 4.691030836099999678e-03 -3.465023354030000169e-01 4.371718363790000339e-02
-7.000304529259999964e-02 4.591675162020000256e-01 -4.336642917040000045e-01 -2.045358029209999873e-01 4.279176034759999969e-01 -5.572276315030000315e-01 3.141980013699999796e-01 4.691030836099999678e-03 -3.465023354030000169e-01 4.371718363790000339e-02
-1.935663850909999928e-01 1.285449735260000004e-01 -3.000983089939999737e-01 1.888942231100000091e-01 1.142012832520000049e-02 -5.572276315030000315e-01 3.156940162460000199e-01 4.691030836099999678e-03 -3.465023354030000169e-01 4.371718363790000339e-02
-4.071542426959999794e-01 -2.903433768600000020e-01 -1.029854841049999969e-01 3.270820460980000122e-01 -3.164261209170000227e-02 -5.572276315030000315e-01 3.171900311210000267e-01 4.691030836099999678e-03 -3.448763555220000221e-01 4.439003242080000189e-02
-5.371898808489999899e-01 -3.067995404880000110e-01 -1.001882960170000052e-02 3.433398234860000064e-01 -3.231546087469999717e-02 -5.572276315030000315e-01 3.127019864949999728e-01 4.691030836099999678e-03 -3.432506283189999952e-01 4.439003242080000189e-02
-5.601373490959999923e-01 -3.008154809870000057e-01 -2.958049037439999807e-03 3.465912778920000048e-01 -3.231546087469999717e-02 -5.572276315030000315e-01 3.141980013699999796e-01 4.691030836099999678e-03 -3.416249011160000237e-01 4.439003242080000189e-02
