-5.583721768170000210e-01 -3.217599217580000004e-01 -2.958049037439999807e-03 3.482170050949999762e-01 -3.298830965760000261e-02 -5.607579760599999963e-01 3.216780757470000252e-01 4.102640076600000060e-03 -3.416249011160000237e-01 4.708142755260000256e-02
-5.583721768170000210e-01 -3.202639068829999935e-01 7.235669978080000453e-02 2.441694533759999897e-01 1.991467165780000104e-01 -5.607579760599999963e-01 3.216780757470000252e-01 4.691030836099999678e-03 -3.399991739120000189e-01 4.708142755260000256e-02
-4.665823038320000005e-01 -3.217599217580000004e-01 1.859172137679999948e-01 2.327893629530000119e-01 6.358298643709999753e-01 -5.613463668200000534e-01 3.216780757470000252e-01 4.691030836099999678e-03 -3.416249011160000237e-01 4.708142755260000256e-02
-3.206599779970000230e-01 -3.187678920070000088e-01 1.876823860459999882e-01 2.279116759879999954e-01 6.526512408100000329e-01 -5.613463668200000534e-01 3.216780757470000252e-01 4.691030836099999678e-03 -3.399991739120000189e-01 4.775427633559999746e-02
-1.423758403129999905e-01 -3.157758622569999951e-01 1.882707768059999898e-01 2.116544039559999923e-01 6.553426882299999701e-01 -5.607579760599999963e-01 3.216780757470000252e-01 4.691030836099999678e-03 -3.416249011160000237e-01 4.708142755260000256e-02
6.356293741790000618e-02 -3.038075107379999973e-01 1.882707768059999898e-01 2.132801311589999915e-01 6.553426882299999701e-01 -5.607579760599999963e-01 3.216780757470000252e-01 4.691030836099999678e-03 -3.416249011160000237e-01 4.775427633559999746e-02
2.400819028229999874e-01 -2.529425399440000111e-01 1.876823860459999882e-01 2.132801311589999915e-01 6.560155370129999719e-01 -5.607579760599999963e-01 3.216780757470000252e-01 4.691030836099999678e-03 -3.416249011160000237e-01 4.775427633559999746e-02
3.518772445319999775e-01 -2.529425399440000111e-01 1.953315573699999919e-01 2.132801311589999915e-01 6.560155370129999719e-01 -5.607579760599999963e-01 3.201820608720000183e-01 4.691030836099999678e-03 -3.416249011160000237e-01 4.775427633559999746e-02
4.113052599429999900e-01 -2.843590848420000095e-01 2.200441521700000069e-01 2.311636357500000127e-01 6.270827256150000029e-01 -5.607579760599999963e-01 3.216780757470000252e-01 4.691030836099999678e-03 -3.399991739120000189e-01 4.708142755260000256e-02
4.395481992990000197e-01 -8.837927604350000188e-02 3.447842734870000259e-01 2.311636357500000127e-01 2.300980743250000127e-01 -5.607579760599999963e-01 3.216780757470000252e-01 4.691030836099999678e-03 -3.416249011160000237e-01 4.775427633559999746e-02
4.413133715779999910e-01 2.706677817800000052e-01 3.947979452959999858e-01 2.311636357500000127e-01 1.890539848339999884e-01 -5.613463668200000534e-01 3.216780757470000252e-01 4.691030836099999678e-03 -3.416249011160000237e-01 4.708142755260000256e-02
4.413133715779999910e-01 4.860960164740000256e-01 3.859719924539999902e-01 2.425437261729999905e-01 1.890539848339999884e-01 -5.607579760599999963e-01 3.216780757470000252e-01 4.691030836099999678e-03 -3.416249011160000237e-01 4.775427633559999746e-02
4.413133715779999910e-01 4.860960164740000256e-01 3.865603832130000139e-01 2.425437261729999905e-01 1.890539848339999884e-01 -5.607579760599999963e-01 3.216780757470000252e-01 4.691030836099999678e-03 -3.416249011160000237e-01 4.775427633559999746e-02
4.413133715779999910e-01 4.860960164740000256e-01 3.865603832130000139e-01 2.425437261729999905e-01 1.890539848339999884e-01 -5.607579760599999963e-01 3.201820608720000183e-01 4.691030836099999678e-03 -3.399991739120000189e-01 4.708142755260000256e-02
4.413133715779999910e-01 4.860960164740000256e-01 3.865603832130000139e-01 2.425437261729999905e-01 1.890539848339999884e-01 -5.607579760599999963e-01 3.216780757470000252e-01 4.691030836099999678e-03 -3.416249011160000237e-01 4.708142755260000256e-02
4.413133715779999910e-01 4.247587090359999928e-01 3.865603832130000139e-01 2.441694533759999897e-01 1.890539848339999884e-01 -5.607579760599999963e-01 3.201820608720000183e-01 4.691030836099999678e-03 -3.399991739120000189e-01 4.708142755260000256e-02
4.413133715779999910e-01 4.142866049089999891e-01 3.865603832130000139e-01 2.457951805789999888e-01 1.883811360509999866e-01 -5.613463668200000534e-01 3.216780757470000252e-01 4.691030836099999678e-03 -3.399991739120000189e-01 4.775427633559999746e-02
4.413133715779999910e-01 4.097983277660000034e-01 3.865603832130000139e-01 2.457951805789999888e-01 1.883811360509999866e-01 -5.607579760599999963e-01 3.216780757470000252e-01 4.691030836099999678e-03 -3.416249011160000237e-01 4.708142755260000256e-02
4.413133715779999910e-01 4.083023128909999966e-01 3.865603832130000139e-01 2.474209077829999937e-01 1.883811360509999866e-01 -5.613463668200000534e-01 3.201820608720000183e-01 4.691030836099999678e-03 -3.399991739120000189e-01 4.775427633559999746e-02
4.413133715779999910e-01 4.083023128909999966e-01 3.865603832130000139e-01 2.457951805789999888e-01 1.883811360509999866e-01 -5.613463668200000534e-01 3.216780757470000252e-01 4.691030836099999678e-03 -3.399991739120000189e-01 4.775427633559999746e-02
4.413133715779999910e-01 3.694056936169999861e-01 3.642013514510000216e-01 2.474209077829999937e-01 2.913279410349999821e-01 -5.607579760599999963e-01 3.216780757470000252e-01 4.691030836099999678e-03 -3.399991739120000189e-01 4.775427633559999746e-02
4.083633061449999935e-01 4.925525506759999977e-02 2.371076670960000077e-01 3.222048644880000090e-01 6.412127069230000309e-01 -5.607579760599999963e-01 3.201820608720000183e-01 4.691030836099999678e-03 -3.416249011160000237e-01 4.708142755260000256e-02
4.136588229809999850e-01 -2.634148765880000020e-01 2.118065900860000017e-01 3.059475924549999726e-01 6.385213117910000236e-01 -5.607579760599999963e-01 3.216780757470000252e-01 4.102640076600000060e-03 -3.416249011160000237e-01 4.775427633559999746e-02
3.665870135190000267e-01 -3.202639068829999935e-01 8.942021470680000528e-02 3.449655506889999779e-01 1.735782536719999991e-01 -5.607579760599999963e-01 3.216780757470000252e-01 4.691030836099999678e-03 -3.399991739120000189e-01 4.775427633559999746e-02
3.077474803179999774e-01 -3.202639068829999935e-01 1.528224740759999943e-02 3.465912778920000048e-01 -1.683983428980000141e-02 -5.607579760599999963e-01 3.201820608720000183e-01 4.691030836099999678e-03 -3.416249011160000237e-01 4.640857876969999712e-02
1.682974985619999919e-01 -3.097918027559999898e-01 -6.488485044690000397e-03 3.449655506889999779e-01 -3.231546087469999717e-02 -5.607579760599999963e-01 3.186860459959999781e-01 4.691030836099999678e-03 -3.399991739120000189e-01 4.573572998670000223e-02
