-5.607257398549999605e-01 -3.187678920070000088e-01 -2.369658277940000189e-03 3.465912778920000048e-01 -3.298830965760000261e-02 -5.578160222629999776e-01 3.171900311210000267e-01 4.691030836099999678e-03 -3.432506283189999952e-01 4.304433485499999795e-02
-5.265987557279999676e-01 -1.512125983569999887e-01 -6.415132817740000493e-02 1.124840338460000033e-01 3.175693573009999993e-01 -5.578160222629999776e-01 3.171900311210000267e-01 4.691030836099999678e-03 -3.432506283189999952e-01 4.304433485499999795e-02
-3.359583206449999748e-01 2.586994302599999740e-01 -2.424354658610000102e-01 -2.370505996639999946e-01 6.035328090579999971e-01 -5.578160222629999776e-01 3.171900311210000267e-01 4.691030836099999678e-03 -3.432506283189999952e-01 4.304433485499999795e-02
-1.635580905560000131e-01 4.501911944329999860e-01 -3.977720895740000095e-01 -2.581853059840000242e-01 6.075699540440000490e-01 -5.578160222629999776e-01 3.171900311210000267e-01 4.691030836099999678e-03 -3.432506283189999952e-01 4.304433485499999795e-02
-6.882626377349999880e-02 4.726316500789999875e-01 -4.560233234659999968e-01 -2.598110331869999956e-01 6.075699540440000490e-01 -5.578160222629999776e-01 3.171900311210000267e-01 4.691030836099999678e-03 -3.432506283189999952e-01 4.304433485499999795e-02
-6.764948225450000130e-02 4.726316500789999875e-01 -4.572001049850000221e-01 -2.598110331869999956e-01 6.082428028270000508e-01 -5.578160222629999776e-01 3.171900311210000267e-01 4.691030836099999678e-03 -3.432506283189999952e-01 4.304433485499999795e-02
-6.764948225450000130e-02 4.726316500789999875e-01 -4.577884957439999902e-01 -2.598110331869999956e-01 6.075699540440000490e-01 -5.578160222629999776e-01 3.171900311210000267e-01 4.691030836099999678e-03 -3.432506283189999952e-01 4.304433485499999795e-02
-6.764948225450000130e-02 4.726316500789999875e-01 -4.572001049850000221e-01 -2.598110331869999956e-01 6.075699540440000490e-01 -5.578160222629999776e-01 3.171900311210000267e-01 4.691030836099999678e-03 -3.432506283189999952e-01 4.304433485499999795e-02
-6.823787301400000005e-02 4.726316500789999875e-01 -4.577884957439999902e-01 -2.598110331869999956e-01 6.452498519089999718e-01 -5.578160222629999776e-01 3.171900311210000267e-01 4.691030836099999678e-03 -3.432506283189999952e-01 4.304433485499999795e-02
-8.706656021860000039e-02 4.726316500789999875e-01 -4.577884957439999902e-01 5.558307637689999942e-02 6.499598456780000255e-01 -5.578160222629999776e-01 3.156940162460000199e-01 4.691030836099999678e-03 -3.432506283189999952e-01 4.304433485499999795e-02
-8.706656021860000039e-02 4.726316500789999875e-01 -4.583768865039999918e-01 4.880305552859999785e-01 6.499598456780000255e-01 -5.578160222629999776e-01 3.171900311210000267e-01 4.691030836099999678e-03 -3.432506283189999952e-01 4.304433485499999795e-02
-9.295055926390000112e-02 4.741276649550000277e-01 -4.589652772630000155e-01 7.335178897549999855e-01 6.499598456780000255e-01 -5.578160222629999776e-01 3.171900311210000267e-01 4.691030836099999678e-03 -3.432506283189999952e-01 4.304433485499999795e-02
-9.295055926390000112e-02 4.741276649550000277e-01 -4.589652772630000155e-01 7.448979801780000187e-01 6.499598456780000255e-01 -5.578160222629999776e-01 3.171900311210000267e-01 4.691030836099999678e-03 -3.432506283189999952e-01 4.304433485499999795e-02
-9.353895002339999987e-02 4.726316500789999875e-01 -4.589652772630000155e-01 7.448979801780000187e-01 6.499598456780000255e-01 -5.578160222629999776e-01 3.171900311210000267e-01 4.691030836099999678e-03 -3.432506283189999952e-01 4.304433485499999795e-02
-9.295055926390000112e-02 4.741276649550000277e-01 -4.589652772630000155e-01 7.448979801780000187e-01 6.499598456780000255e-01 -5.578160222629999776e-01 3.171900311210000267e-01 4.691030836099999678e-03 -3.432506283189999952e-01 4.304433485499999795e-02
-9.295055926390000112e-02 4.726316500789999875e-01 -4.589652772630000155e-01 5.920781070060000539e-01 6.506326944610000274e-01 -5.578160222629999776e-01 3.171900311210000267e-01 4.691030836099999678e-03 -3.432506283189999952e-01 4.304433485499999795e-02
-9.295055926390000112e-02 4.726316500789999875e-01 -4.589652772630000155e-01 3.677257315349999889e-01 6.506326944610000274e-01 -5.578160222629999776e-01 3.171900311210000267e-01 4.691030836099999678e-03 -3.432506283189999952e-01 4.304433485499999795e-02
-9.295055926390000112e-02 4.741276649550000277e-01 -4.589652772630000155e-01 3.661000043309999841e-01 6.506326944610000274e-01 -5.578160222629999776e-01 3.156940162460000199e-01 4.691030836099999678e-03 -3.432506283189999952e-01 4.304433485499999795e-02
-9.353895002339999987e-02 4.726316500789999875e-01 -4.589652772630000155e-01 3.661000043309999841e-01 6.499598456780000255e-01 -5.578160222629999776e-01 3.171900311210000267e-01 4.691030836099999678e-03 -3.432506283189999952e-01 4.304433485499999795e-02
-9.295055926390000112e-02 4.741276649550000277e-01 -4.583768865039999918e-01 3.661000043309999841e-01 6.499598456780000255e-01 -5.578160222629999776e-01 3.156940162460000199e-01 4.691030836099999678e-03 -3.432506283189999952e-01 4.304433485499999795e-02
-6.706109149500000255e-02 4.741276649550000277e-01 -4.589652772630000155e-01 2.506723621890000198e-01 6.237184817009999716e-01 -5.578160222629999776e-01 3.156940162460000199e-01 4.691030836099999678e-03 -3.432506283189999952e-01 4.304433485499999795e-02
-6.706109149500000255e-02 4.726316500789999875e-01 -4.589652772630000155e-01 -1.492605726550000067e-01 6.237184817009999716e-01 -5.578160222629999776e-01 3.171900311210000267e-01 4.691030836099999678e-03 -3.432506283189999952e-01 4.371718363790000339e-02
-6.706109149500000255e-02 4.741276649550000277e-01 -4.589652772630000155e-01 -2.581853059840000242e-01 6.021871114919999934e-01 -5.578160222629999776e-01 3.171900311210000267e-01 4.691030836099999678e-03 -3.432506283189999952e-01 4.304433485499999795e-02
-1.164863725440000025e-01 2.392510043649999918e-01 -3.718827132549999970e-01 1.493964361759999963e-02 1.439725934910000005e-01 -5.578160222629999776e-01 3.171900311210000267e-01 4.691030836099999678e-03 -3.432506283189999952e-01 4.371718363790000339e-02
-3.183064149589999725e-01 -1.407402617129999978e-01 -1.800654052020000118e-01 3.335849549109999868e-01 -3.231546087469999717e-02 -5.578160222629999776e-01 3.156940162460000199e-01 4.691030836099999678e-03 -3.432506283189999952e-01 4.506288120379999679e-02
-5.071816777640000273e-01 -2.843590848420000095e-01 -2.472878148970000106e-02 3.530941867049999794e-01 -3.366115844059999751e-02 -5.584044130219999458e-01 3.231740906219999765e-01 4.691030836099999678e-03 -3.351219923020000158e-01 4.439003242080000189e-02
