-5.595489583360000463e-01 -3.023114958620000126e-01 -3.546439796939999858e-03 3.482170050949999762e-01 -3.298830965760000261e-02 -5.589928037820000029e-01 3.186860459959999781e-01 4.102640076600000060e-03 -3.416249011160000237e-01 4.573572998670000223e-02
-5.601373490959999923e-01 -4.234898633449999950e-01 -3.546439796939999858e-03 3.953635993449999830e-01 1.352255593120000043e-01 -5.589928037820000029e-01 3.186860459959999781e-01 4.102640076600000060e-03 -3.399991739120000189e-01 4.573572998670000223e-02
-4.877645997999999761e-01 -4.728588192639999743e-01 -2.958049037439999807e-03 7.367693441620000172e-01 4.238804062009999818e-01 -5.589928037820000029e-01 3.156940162460000199e-01 4.102640076600000060e-03 -3.416249011160000237e-01 4.640857876969999712e-02
-3.277207585610000251e-01 -5.057716115539999668e-01 -3.546439796939999858e-03 7.432722529749999918e-01 4.312818473899999727e-01 -5.595811945409999710e-01 3.156940162460000199e-01 4.102640076600000060e-03 -3.416249011160000237e-01 4.573572998670000223e-02
-1.411990587939999930e-01 -5.027795818039999531e-01 -4.134830556449999722e-03 7.448979801780000187e-01 4.333003937389999782e-01 -5.589928037820000029e-01 3.156940162460000199e-01 4.102640076600000060e-03 -3.399991739120000189e-01 4.573572998670000223e-02
4.061542344659999776e-02 -4.982915371780000102e-01 -4.134830556449999722e-03 7.432722529749999918e-01 4.333003937389999782e-01 -5.595811945409999710e-01 3.156940162460000199e-01 4.102640076600000060e-03 -3.416249011160000237e-01 4.573572998670000223e-02
2.030129191739999950e-01 -4.459305515090000172e-01 -4.134830556449999722e-03 7.416465257709999870e-01 4.339732425219999801e-01 -5.589928037820000029e-01 3.156940162460000199e-01 4.691030836099999678e-03 -3.416249011160000237e-01 4.573572998670000223e-02
3.148081694320000179e-01 -4.459305515090000172e-01 9.398248362359999317e-03 7.416465257709999870e-01 4.339732425219999801e-01 -5.589928037820000029e-01 3.156940162460000199e-01 4.102640076600000060e-03 -3.416249011160000237e-01 4.573572998670000223e-02
3.495236814930000047e-01 -4.534106258849999738e-01 1.763581044559999964e-02 7.546528487529999829e-01 4.023490359920000037e-01 -5.595811945409999710e-01 3.156940162460000199e-01 4.691030836099999678e-03 -3.399991739120000189e-01 4.573572998670000223e-02
3.518772445319999775e-01 -2.125499057939999881e-01 2.705015404789999980e-02 7.644072119720000114e-01 3.606320977179999776e-01 -5.589928037820000029e-01 3.171900311210000267e-01 4.102640076600000060e-03 -3.399991739120000189e-01 4.573572998670000223e-02
3.518772445319999775e-01 -1.048356721890000010e-01 2.705015404789999980e-02 7.676586663790000431e-01 3.606320977179999776e-01 -5.595811945409999710e-01 3.156940162460000199e-01 4.102640076600000060e-03 -3.416249011160000237e-01 4.573572998670000223e-02
3.518772445319999775e-01 -1.048356721890000010e-01 2.763854480739999855e-02 7.676586663790000431e-01 3.606320977179999776e-01 -5.589928037820000029e-01 3.156940162460000199e-01 4.691030836099999678e-03 -3.416249011160000237e-01 4.573572998670000223e-02
3.518772445319999775e-01 -1.048356721890000010e-01 2.763854480739999855e-02 7.676586663790000431e-01 3.606320977179999776e-01 -5.589928037820000029e-01 3.156940162460000199e-01 4.102640076600000060e-03 -3.416249011160000237e-01 4.573572998670000223e-02
3.518772445319999775e-01 -1.048356721890000010e-01 2.705015404789999980e-02 7.676586663790000431e-01 3.606320977179999776e-01 -5.589928037820000029e-01 3.156940162460000199e-01 4.102640076600000060e-03 -3.416249011160000237e-01 4.573572998670000223e-02
3.524656352910000012e-01 -1.048356721890000010e-01 2.705015404789999980e-02 7.676586663790000431e-01 3.606320977179999776e-01 -5.589928037820000029e-01 3.156940162460000199e-01 4.691030836099999678e-03 -3.399991739120000189e-01 4.573572998670000223e-02
3.318717758079999802e-01 1.382314024490000027e-03 1.704741968610000089e-02 6.928742043179999532e-01 3.606320977179999776e-01 -5.589928037820000029e-01 3.156940162460000199e-01 4.102640076600000060e-03 -3.399991739120000189e-01 4.573572998670000223e-02
2.936259191889999953e-01 1.539774589229999935e-01 1.469385664810000068e-02 3.595970955180000095e-01 3.579405980099999995e-01 -5.589928037820000029e-01 3.171900311210000267e-01 4.102640076600000060e-03 -3.399991739120000189e-01 4.573572998670000223e-02
2.847999663460000219e-01 1.300409884010000072e-01 1.881259196460000060e-02 2.734325430349999753e-01 3.579405980099999995e-01 -5.595811945409999710e-01 3.156940162460000199e-01 4.102640076600000060e-03 -3.399991739120000189e-01 4.708142755260000256e-02
2.842115755869999982e-01 1.300409884010000072e-01 1.881259196460000060e-02 2.701810886279999990e-01 3.572677492269999977e-01 -5.589928037820000029e-01 3.156940162460000199e-01 4.102640076600000060e-03 -3.399991739120000189e-01 4.640857876969999712e-02
2.842115755869999982e-01 1.300409884010000072e-01 1.881259196460000060e-02 2.701810886279999990e-01 3.572677492269999977e-01 -5.589928037820000029e-01 3.156940162460000199e-01 4.102640076600000060e-03 -3.399991739120000189e-01 4.708142755260000256e-02
2.871535293840000169e-01 6.720766608799999542e-02 3.705288840970000219e-02 3.319592277080000153e-01 4.232075574179999800e-01 -5.589928037820000029e-01 3.156940162460000199e-01 4.102640076600000060e-03 -3.416249011160000237e-01 4.640857876969999712e-02
3.448163725169999805e-01 -2.978234512360000141e-01 3.293415309319999706e-02 7.237635265359999570e-01 4.333003937389999782e-01 -5.589928037820000029e-01 3.156940162460000199e-01 4.102640076600000060e-03 -3.399991739120000189e-01 4.640857876969999712e-02
3.565843706080000231e-01 -4.414425068830000187e-01 2.116615500259999907e-02 7.644072119720000114e-01 4.319546961729999746e-01 -5.595811945409999710e-01 3.156940162460000199e-01 4.102640076600000060e-03 -3.399991739120000189e-01 4.640857876969999712e-02
3.224573407549999882e-01 -3.232559366330000072e-01 2.351971804070000088e-02 4.652703744410000009e-01 3.698859123139999761e-02 -5.589928037820000029e-01 3.171900311210000267e-01 4.102640076600000060e-03 -3.399991739120000189e-01 4.640857876969999712e-02
2.365514668160000056e-01 -2.993194661119999989e-01 1.160686279079999961e-03 3.547199139080000063e-01 -2.962406574289999997e-02 -5.589928037820000029e-01 3.171900311210000267e-01 4.102640076600000060e-03 -3.416249011160000237e-01 4.708142755260000256e-02
8.533357841989999693e-02 -3.008154809870000057e-01 -6.488485044690000397e-03 3.465912778920000048e-01 -3.029691452579999847e-02 -5.595811945409999710e-01 3.156940162460000199e-01 4.102640076600000060e-03 -3.399991739120000189e-01 4.640857876969999712e-02
