-5.595489583360000463e-01 -3.217599217580000004e-01 -2.369658277940000189e-03 3.465912778920000048e-01 -3.096976330880000031e-02 -5.595811945409999710e-01 3.156940162460000199e-01 4.102640076600000060e-03 -3.432506283189999952e-01 4.304433485499999795e-02
-5.254219742090000533e-01 -1.467245537309999903e-01 -6.591650045590000118e-02 1.027296706270000026e-01 3.330449838860000122e-01 -5.595811945409999710e-01 3.156940162460000199e-01 4.691030836099999678e-03 -3.432506283189999952e-01 4.304433485499999795e-02
-3.341931483660000035e-01 2.616914600110000211e-01 -2.447890288990000052e-01 -2.386763268669999938e-01 6.048785066240000008e-01 -5.595811945409999710e-01 3.156940162460000199e-01 4.691030836099999678e-03 -3.432506283189999952e-01 4.304433485499999795e-02
-1.612045275179999904e-01 4.516872093079999928e-01 -3.989488710929999793e-01 -2.581853059840000242e-01 6.082428028270000508e-01 -5.595811945409999710e-01 3.156940162460000199e-01 4.691030836099999678e-03 -3.432506283189999952e-01 4.304433485499999795e-02
-7.059152750229999440e-02 4.726316500789999875e-01 -4.554349327059999952e-01 -2.598110331869999956e-01 6.082428028270000508e-01 -5.595811945409999710e-01 3.156940162460000199e-01 4.691030836099999678e-03 -3.432506283189999952e-01 4.304433485499999795e-02
-6.764948225450000130e-02 4.726316500789999875e-01 -4.572001049850000221e-01 -2.598110331869999956e-01 6.082428028270000508e-01 -5.595811945409999710e-01 3.171900311210000267e-01 4.691030836099999678e-03 -3.432506283189999952e-01 4.304433485499999795e-02
-6.764948225450000130e-02 4.726316500789999875e-01 -4.572001049850000221e-01 -2.598110331869999956e-01 6.082428028270000508e-01 -5.595811945409999710e-01 3.171900311210000267e-01 4.691030836099999678e-03 -3.432506283189999952e-01 4.371718363790000339e-02
-6.764948225450000130e-02 4.726316500789999875e-01 -4.572001049850000221e-01 -2.598110331869999956e-01 6.082428028270000508e-01 -5.595811945409999710e-01 3.156940162460000199e-01 4.691030836099999678e-03 -3.432506283189999952e-01 4.371718363790000339e-02
-6.764948225450000130e-02 4.726316500789999875e-01 -4.572001049850000221e-01 -2.598110331869999956e-01 6.082428028270000508e-01 -5.595811945409999710e-01 3.171900311210000267e-01 4.691030836099999678e-03 -3.432506283189999952e-01 4.304433485499999795e-02
-6.764948225450000130e-02 4.726316500789999875e-01 -4.572001049850000221e-01 -2.598110331869999956e-01 6.082428028270000508e-01 -5.595811945409999710e-01 3.171900311210000267e-01 4.691030836099999678e-03 -3.432506283189999952e-01 4.371718363790000339e-02
-6.764948225450000130e-02 4.726316500789999875e-01 -4.572001049850000221e-01 -2.598110331869999956e-01 6.082428028270000508e-01 -5.595811945409999710e-01 3.171900311210000267e-01 4.691030836099999678e-03 -3.432506283189999952e-01 4.304433485499999795e-02
-6.764948225450000130e-02 4.726316500789999875e-01 -4.572001049850000221e-01 -2.598110331869999956e-01 6.082428028270000508e-01 -5.595811945409999710e-01 3.156940162460000199e-01 4.102640076600000060e-03 -3.448763555220000221e-01 4.304433485499999795e-02
-6.764948225450000130e-02 4.726316500789999875e-01 -4.572001049850000221e-01 -2.598110331869999956e-01 6.338113180219999698e-01 -5.595811945409999710e-01 3.171900311210000267e-01 4.691030836099999678e-03 -3.432506283189999952e-01 4.304433485499999795e-02
-8.706656021860000039e-02 4.741276649550000277e-01 -4.577884957439999902e-01 -5.171592974889999833e-02 6.499598456780000255e-01 -5.595811945409999710e-01 3.156940162460000199e-01 4.691030836099999678e-03 -3.432506283189999952e-01 4.304433485499999795e-02
-8.765495097809999914e-02 4.726316500789999875e-01 -4.577884957439999902e-01 3.888606905320000084e-01 6.506326944610000274e-01 -5.595811945409999710e-01 3.171900311210000267e-01 4.691030836099999678e-03 -3.432506283189999952e-01 4.304433485499999795e-02
-8.824334173759999789e-02 4.726316500789999875e-01 -4.583768865039999918e-01 6.863712955049999787e-01 6.506326944610000274e-01 -5.595811945409999710e-01 3.171900311210000267e-01 4.691030836099999678e-03 -3.432506283189999952e-01 4.304433485499999795e-02
-9.295055926390000112e-02 4.741276649550000277e-01 -4.583768865039999918e-01 7.432722529749999918e-01 6.506326944610000274e-01 -5.595811945409999710e-01 3.156940162460000199e-01 4.691030836099999678e-03 -3.432506283189999952e-01 4.304433485499999795e-02
-9.295055926390000112e-02 4.741276649550000277e-01 -4.589652772630000155e-01 7.432722529749999918e-01 6.513055432440000292e-01 -5.595811945409999710e-01 3.171900311210000267e-01 4.691030836099999678e-03 -3.432506283189999952e-01 4.304433485499999795e-02
-9.295055926390000112e-02 4.741276649550000277e-01 -4.583768865039999918e-01 7.432722529749999918e-01 6.506326944610000274e-01 -5.595811945409999710e-01 3.171900311210000267e-01 4.691030836099999678e-03 -3.432506283189999952e-01 4.304433485499999795e-02
-9.236216850440000237e-02 4.741276649550000277e-01 -4.583768865039999918e-01 7.432722529749999918e-01 6.506326944610000274e-01 -5.595811945409999710e-01 3.156940162460000199e-01 4.691030836099999678e-03 -3.432506283189999952e-01 4.371718363790000339e-02
-9.236216850440000237e-02 4.741276649550000277e-01 -4.589652772630000155e-01 7.432722529749999918e-01 6.506326944610000274e-01 -5.595811945409999710e-01 3.156940162460000199e-01 4.691030836099999678e-03 -3.432506283189999952e-01 4.371718363790000339e-02
-9.236216850440000237e-02 4.741276649550000277e-01 -4.583768865039999918e-01 7.432722529749999918e-01 6.506326944610000274e-01 -5.595811945409999710e-01 3.171900311210000267e-01 4.102640076600000060e-03 -3.432506283189999952e-01 4.304433485499999795e-02
-9.295055926390000112e-02 4.741276649550000277e-01 -4.589652772630000155e-01 7.432722529749999918e-01 6.506326944610000274e-01 -5.595811945409999710e-01 3.171900311210000267e-01 4.102640076600000060e-03 -3.432506283189999952e-01 4.371718363790000339e-02
-9.295055926390000112e-02 4.741276649550000277e-01 -4.583768865039999918e-01 4.230009618009999972e-01 6.513055432440000292e-01 -5.595811945409999710e-01 3.156940162460000199e-01 4.102640076600000060e-03 -3.432506283189999952e-01 4.304433485499999795e-02
-9.236216850440000237e-02 4.741276649550000277e-01 -4.583768865039999918e-01 3.661000043309999841e-01 6.513055432440000292e-01 -5.595811945409999710e-01 3.171900311210000267e-01 4.691030836099999678e-03 -3.448763555220000221e-01 4.304433485499999795e-02
-9.236216850440000237e-02 4.741276649550000277e-01 -4.583768865039999918e-01 3.661000043309999841e-01 6.506326944610000274e-01 -5.595811945409999710e-01 3.156940162460000199e-01 4.102640076600000060e-03 -3.432506283189999952e-01 4.304433485499999795e-02
-9.236216850440000237e-02 4.741276649550000277e-01 -4.589652772630000155e-01 3.661000043309999841e-01 6.506326944610000274e-01 -5.595811945409999710e-01 3.171900311210000267e-01 4.691030836099999678e-03 -3.432506283189999952e-01 4.304433485499999795e-02
-9.236216850440000237e-02 4.741276649550000277e-01 -4.583768865039999918e-01 3.661000043309999841e-01 6.506326944610000274e-01 -5.595811945409999710e-01 3.156940162460000199e-01 4.691030836099999678e-03 -3.432506283189999952e-01 4.304433485499999795e-02
-9.236216850440000237e-02 4.741276649550000277e-01 -4.583768865039999918e-01 3.661000043309999841e-01 6.506326944610000274e-01 -5.595811945409999710e-01 3.171900311210000267e-01 4.691030836099999678e-03 -3.432506283189999952e-01 4.304433485499999795e-02
-7.471026281879999953e-02 4.741276649550000277e-01 -4.583768865039999918e-01 3.026961380489999742e-01 6.277556266870000234e-01 -5.595811945409999710e-01 3.171900311210000267e-01 4.691030836099999678e-03 -3.432506283189999952e-01 4.304433485499999795e-02
-6.647270073550000380e-02 4.741276649550000277e-01 -4.589652772630000155e-01 -1.053654328120000039e-01 6.237184817009999716e-01 -5.595811945409999710e-01 3.171900311210000267e-01 4.691030836099999678e-03 -3.432506283189999952e-01 4.304433485499999795e-02
-6.647270073550000380e-02 4.741276649550000277e-01 -4.589652772630000155e-01 -2.598110331869999956e-01 6.230456329179999697e-01 -5.595811945409999710e-01 3.171900311210000267e-01 4.691030836099999678e-03 -3.432506283189999952e-01 4.304433485499999795e-02
-6.647270073550000380e-02 4.741276649550000277e-01 -4.589652772630000155e-01 -2.598110331869999956e-01 6.230456329179999697e-01 -5.595811945409999710e-01 3.156940162460000199e-01 4.102640076600000060e-03 -3.432506283189999952e-01 4.304433485499999795e-02
-6.647270073550000380e-02 4.726316500789999875e-01 -4.519045881489999750e-01 -2.598110331869999956e-01 5.241358683419999887e-01 -5.595811945409999710e-01 3.171900311210000267e-01 4.691030836099999678e-03 -3.432506283189999952e-01 4.304433485499999795e-02
-1.659117450439999975e-01 1.853940038209999919e-01 -3.259877767630000034e-01 1.287418112339999976e-01 3.968009094020000238e-02 -5.595811945409999710e-01 3.156940162460000199e-01 4.102640076600000060e-03 -3.432506283189999952e-01 4.439003242080000189e-02
-3.612593062039999858e-01 -1.841251581299999940e-01 -1.406428585149999966e-01 3.465912778920000048e-01 -3.029691452579999847e-02 -5.595811945409999710e-01 3.171900311210000267e-01 4.691030836099999678e-03 -3.432506283189999952e-01 4.506288120379999679e-02
-5.254219742090000533e-01 -2.948314214860000004e-01 -1.472604712800000028e-02 3.530941867049999794e-01 -3.164261209170000227e-02 -5.595811945409999710e-01 3.156940162460000199e-01 4.691030836099999678e-03 -3.416249011160000237e-01 4.439003242080000189e-02
-5.595489583360000463e-01 -3.023114958620000126e-01 -2.958049037439999807e-03 3.400883690789999747e-01 -3.164261209170000227e-02 -5.595811945409999710e-01 3.156940162460000199e-01 4.691030836099999678e-03 -3.416249011160000237e-01 4.506288120379999679e-02
