-5.589605675769999671e-01 -3.217599217580000004e-01 -3.546439796939999858e-03 3.465912778920000048e-01 -3.366115844059999751e-02 -5.601695853010000281e-01 3.186860459959999781e-01 4.691030836099999678e-03 -3.416249011160000237e-01 4.573572998670000223e-02
-5.448390521729999936e-01 -4.504185961350000156e-01 -2.958049037439999807e-03 6.213417020200000529e-01 3.539035053119999885e-01 -5.601695853010000281e-01 3.186860459959999781e-01 4.691030836099999678e-03 -3.399991739120000189e-01 4.506288120379999679e-02
-4.183337585770000033e-01 -4.878189680169999765e-01 -2.958049037439999807e-03 7.448979801780000187e-01 4.319546961729999746e-01 -5.601695853010000281e-01 3.156940162460000199e-01 4.691030836099999678e-03 -3.399991739120000189e-01 4.573572998670000223e-02
-2.677042609399999940e-01 -4.997875520530000171e-01 -3.546439796939999858e-03 7.465237073810000457e-01 4.326275449559999764e-01 -5.601695853010000281e-01 3.156940162460000199e-01 4.691030836099999678e-03 -3.399991739120000189e-01 4.573572998670000223e-02
-4.764401353099999986e-02 -4.967955223020000255e-01 -4.134830556449999722e-03 7.465237073810000457e-01 4.333003937389999782e-01 -5.601695853010000281e-01 3.156940162460000199e-01 4.691030836099999678e-03 -3.399991739120000189e-01 4.573572998670000223e-02
1.241677343480000056e-01 -4.444345366329999769e-01 -4.134830556449999722e-03 7.448979801780000187e-01 4.326275449559999764e-01 -5.601695853010000281e-01 3.156940162460000199e-01 4.691030836099999678e-03 -3.399991739120000189e-01 4.573572998670000223e-02
2.583221078180000241e-01 -4.444345366329999769e-01 1.749077038590000042e-03 7.416465257709999870e-01 4.333003937389999782e-01 -5.601695853010000281e-01 3.156940162460000199e-01 4.102640076600000060e-03 -3.399991739120000189e-01 4.573572998670000223e-02
3.371672926429999939e-01 -4.534106258849999738e-01 1.410546588860000020e-02 7.514013943459999512e-01 4.353189400879999837e-01 -5.601695853010000281e-01 3.156940162460000199e-01 4.691030836099999678e-03 -3.399991739120000189e-01 4.573572998670000223e-02
3.518772445319999775e-01 -4.190018187199999744e-01 2.351971804070000088e-02 7.562785759560000098e-01 3.673605855479999960e-01 -5.601695853010000281e-01 3.156940162460000199e-01 4.691030836099999678e-03 -3.399991739120000189e-01 4.573572998670000223e-02
3.518772445319999775e-01 -1.542046281070000024e-01 2.705015404789999980e-02 7.660329391760000162e-01 3.646691904159999886e-01 -5.601695853010000281e-01 3.156940162460000199e-01 4.691030836099999678e-03 -3.399991739120000189e-01 4.573572998670000223e-02
3.518772445319999775e-01 -1.048356721890000010e-01 2.705015404789999980e-02 7.676586663790000431e-01 3.646691904159999886e-01 -5.601695853010000281e-01 3.156940162460000199e-01 4.691030836099999678e-03 -3.399991739120000189e-01 4.573572998670000223e-02
3.524656352910000012e-01 -1.048356721890000010e-01 2.763854480739999855e-02 7.692843935819999590e-01 3.646691904159999886e-01 -5.601695853010000281e-01 3.156940162460000199e-01 4.691030836099999678e-03 -3.399991739120000189e-01 4.573572998670000223e-02
3.524656352910000012e-01 -1.063316870639999939e-01 2.705015404789999980e-02 7.709101207849999859e-01 3.653420391989999905e-01 -5.601695853010000281e-01 3.156940162460000199e-01 4.691030836099999678e-03 -3.399991739120000189e-01 4.573572998670000223e-02
3.524656352910000012e-01 -1.063316870639999939e-01 2.763854480739999855e-02 7.709101207849999859e-01 3.653420391989999905e-01 -5.601695853010000281e-01 3.156940162460000199e-01 4.102640076600000060e-03 -3.399991739120000189e-01 4.573572998670000223e-02
3.518772445319999775e-01 -1.063316870639999939e-01 2.705015404789999980e-02 7.709101207849999859e-01 3.646691904159999886e-01 -5.601695853010000281e-01 3.156940162460000199e-01 4.691030836099999678e-03 -3.399991739120000189e-01 4.573572998670000223e-02
3.106894341149999961e-01 5.374353221050000295e-02 1.057502988139999954e-02 5.221713319099999806e-01 3.586134467920000235e-01 -5.601695853010000281e-01 3.171900311210000267e-01 4.691030836099999678e-03 -3.399991739120000189e-01 4.573572998670000223e-02
2.853883571060000235e-01 1.210646666319999953e-01 1.881259196460000060e-02 2.896903204230000251e-01 3.572677492269999977e-01 -5.601695853010000281e-01 3.141980013699999796e-01 4.691030836099999678e-03 -3.399991739120000189e-01 4.775427633559999746e-02
2.847999663460000219e-01 1.330330181519999988e-01 1.881259196460000060e-02 2.734325430349999753e-01 3.572677492269999977e-01 -5.601695853010000281e-01 3.156940162460000199e-01 4.691030836099999678e-03 -3.399991739120000189e-01 4.775427633559999746e-02
2.847999663460000219e-01 1.330330181519999988e-01 1.881259196460000060e-02 2.701810886279999990e-01 3.572677492269999977e-01 -5.601695853010000281e-01 3.141980013699999796e-01 4.691030836099999678e-03 -3.399991739120000189e-01 4.775427633559999746e-02
2.842115755869999982e-01 1.330330181519999988e-01 1.881259196460000060e-02 2.701810886279999990e-01 3.586134467920000235e-01 -5.601695853010000281e-01 3.156940162460000199e-01 4.691030836099999678e-03 -3.399991739120000189e-01 4.775427633559999746e-02
3.118662156340000213e-01 -6.593882039729999367e-02 3.940645144769999719e-02 5.189198775040000378e-01 4.319546961729999746e-01 -5.601695853010000281e-01 3.156940162460000199e-01 4.691030836099999678e-03 -3.399991739120000189e-01 4.775427633559999746e-02
3.530540260510000028e-01 -3.905770710550000024e-01 2.587337252889999883e-02 7.579043031590000368e-01 4.333003937389999782e-01 -5.601695853010000281e-01 3.141980013699999796e-01 4.691030836099999678e-03 -3.399991739120000189e-01 4.775427633559999746e-02
3.536424168100000265e-01 -4.204978335949999813e-01 2.175454576220000116e-02 6.944999315219999581e-01 2.926736386009999857e-01 -5.601695853010000281e-01 3.156940162460000199e-01 4.691030836099999678e-03 -3.399991739120000189e-01 4.775427633559999746e-02
3.042170443100000177e-01 -2.933354066109999936e-01 1.351698367890000023e-02 4.116208713780000195e-01 -1.549403214690000044e-02 -5.601695853010000281e-01 3.171900311210000267e-01 4.691030836099999678e-03 -3.383734467089999920e-01 4.842712511850000290e-02
2.000708739260000091e-01 -2.948314214860000004e-01 -3.546439796939999858e-03 3.352111874690000271e-01 -3.096976330880000031e-02 -5.595811945409999710e-01 3.141980013699999796e-01 4.691030836099999678e-03 -3.399991739120000189e-01 4.842712511850000290e-02
1.178400188020000024e-02 -2.963274363610000073e-01 -5.900094285180000099e-03 3.352111874690000271e-01 -3.164261209170000227e-02 -5.601695853010000281e-01 3.156940162460000199e-01 4.691030836099999678e-03 -3.399991739120000189e-01 4.842712511850000290e-02
