-5.595489583360000463e-01 -3.023114958620000126e-01 -3.546439796939999858e-03 3.482170050949999762e-01 -3.164261209170000227e-02 -5.584044130219999458e-01 3.156940162460000199e-01 4.691030836099999678e-03 -3.416249011160000237e-01 4.640857876969999712e-02
-5.507230054930000174e-01 -4.474265663840000240e-01 -2.958049037439999807e-03 5.725693805660000413e-01 3.343906814520000159e-01 -5.584044130219999458e-01 3.156940162460000199e-01 4.691030836099999678e-03 -3.416249011160000237e-01 4.640857876969999712e-02
-4.265713206599999752e-01 -4.848269382659999849e-01 -2.958049037439999807e-03 7.644072119720000114e-01 4.306089986070000264e-01 -5.584044130219999458e-01 3.141980013699999796e-01 4.691030836099999678e-03 -3.399991739120000189e-01 4.640857876969999712e-02
-2.500524467049999866e-01 -4.982915371780000102e-01 -4.134830556449999722e-03 7.644072119720000114e-01 4.326275449559999764e-01 -5.584044130219999458e-01 3.156940162460000199e-01 4.691030836099999678e-03 -3.416249011160000237e-01 4.640857876969999712e-02
-7.176830902130000578e-02 -4.967955223020000255e-01 -4.134830556449999722e-03 7.627814847689999844e-01 4.333003937389999782e-01 -5.584044130219999458e-01 3.127019864949999728e-01 4.691030836099999678e-03 -3.399991739120000189e-01 4.640857876969999712e-02
1.147533907459999947e-01 -4.459305515090000172e-01 -4.134830556449999722e-03 7.562785759560000098e-01 4.333003937389999782e-01 -5.584044130219999458e-01 3.141980013699999796e-01 4.691030836099999678e-03 -3.399991739120000189e-01 4.640857876969999712e-02
2.565569355389999973e-01 -4.429385217580000256e-01 1.160686279079999961e-03 7.253892537389999839e-01 4.333003937389999782e-01 -5.584044130219999458e-01 3.141980013699999796e-01 4.691030836099999678e-03 -3.416249011160000237e-01 4.640857876969999712e-02
3.324601665670000039e-01 -4.489225812589999753e-01 1.292859291939999974e-02 7.530271215489999781e-01 4.353189400879999837e-01 -5.584044130219999458e-01 3.141980013699999796e-01 4.691030836099999678e-03 -3.416249011160000237e-01 4.640857876969999712e-02
3.548191983289999962e-01 -4.578986705110000277e-01 1.763581044559999964e-02 7.546528487529999829e-01 4.353189400879999837e-01 -5.584044130219999458e-01 3.141980013699999796e-01 4.691030836099999678e-03 -3.399991739120000189e-01 4.640857876969999712e-02
3.548191983289999962e-01 -4.593946853859999790e-01 1.763581044559999964e-02 7.546528487529999829e-01 4.353189400879999837e-01 -5.584044130219999458e-01 3.141980013699999796e-01 4.691030836099999678e-03 -3.399991739120000189e-01 4.640857876969999712e-02
3.548191983289999962e-01 -4.578986705110000277e-01 1.763581044559999964e-02 7.546528487529999829e-01 4.353189400879999837e-01 -5.584044130219999458e-01 3.141980013699999796e-01 4.691030836099999678e-03 -3.399991739120000189e-01 4.640857876969999712e-02
3.548191983289999962e-01 -4.593946853859999790e-01 1.763581044559999964e-02 7.546528487529999829e-01 4.353189400879999837e-01 -5.584044130219999458e-01 3.141980013699999796e-01 4.691030836099999678e-03 -3.416249011160000237e-01 4.640857876969999712e-02
3.548191983289999962e-01 -4.578986705110000277e-01 1.763581044559999964e-02 7.562785759560000098e-01 3.855277118420000204e-01 -5.584044130219999458e-01 3.141980013699999796e-01 4.691030836099999678e-03 -3.416249011160000237e-01 4.640857876969999712e-02
3.542308075699999725e-01 -1.886132027559999924e-01 2.587337252889999883e-02 7.644072119720000114e-01 3.639963416329999868e-01 -5.584044130219999458e-01 3.141980013699999796e-01 4.691030836099999678e-03 -3.416249011160000237e-01 4.640857876969999712e-02
3.548191983289999962e-01 -1.153077763160000047e-01 2.587337252889999883e-02 7.644072119720000114e-01 3.639963416329999868e-01 -5.584044130219999458e-01 3.141980013699999796e-01 4.691030836099999678e-03 -3.399991739120000189e-01 4.640857876969999712e-02
3.548191983289999962e-01 -1.138117614400000061e-01 2.587337252889999883e-02 7.692843935819999590e-01 3.633234928499999850e-01 -5.584044130219999458e-01 3.141980013699999796e-01 4.691030836099999678e-03 -3.399991739120000189e-01 4.640857876969999712e-02
3.542308075699999725e-01 -1.123157465649999992e-01 2.587337252889999883e-02 7.709101207849999859e-01 3.639963416329999868e-01 -5.584044130219999458e-01 3.141980013699999796e-01 4.691030836099999678e-03 -3.416249011160000237e-01 4.640857876969999712e-02
3.548191983289999962e-01 -1.123157465649999992e-01 2.587337252889999883e-02 7.709101207849999859e-01 3.639963416329999868e-01 -5.578160222629999776e-01 3.141980013699999796e-01 4.691030836099999678e-03 -3.416249011160000237e-01 4.640857876969999712e-02
3.542308075699999725e-01 -1.138117614400000061e-01 2.587337252889999883e-02 7.709101207849999859e-01 3.633234928499999850e-01 -5.584044130219999458e-01 3.141980013699999796e-01 4.102640076600000060e-03 -3.399991739120000189e-01 4.640857876969999712e-02
3.548191983289999962e-01 -1.138117614400000061e-01 2.587337252889999883e-02 7.709101207849999859e-01 3.639963416329999868e-01 -5.584044130219999458e-01 3.141980013699999796e-01 4.691030836099999678e-03 -3.416249011160000237e-01 4.640857876969999712e-02
3.548191983289999962e-01 -1.138117614400000061e-01 2.587337252889999883e-02 7.709101207849999859e-01 3.639963416329999868e-01 -5.584044130219999458e-01 3.141980013699999796e-01 4.691030836099999678e-03 -3.416249011160000237e-01 4.640857876969999712e-02
3.548191983289999962e-01 -1.138117614400000061e-01 2.587337252889999883e-02 7.709101207849999859e-01 3.639963416329999868e-01 -5.584044130219999458e-01 3.141980013699999796e-01 4.691030836099999678e-03 -3.416249011160000237e-01 4.640857876969999712e-02
3.459931540360000057e-01 -7.042709754020000379e-02 2.293132728119999866e-02 7.335178897549999855e-01 3.633234928499999850e-01 -5.584044130219999458e-01 3.141980013699999796e-01 4.691030836099999678e-03 -3.416249011160000237e-01 4.640857876969999712e-02
2.989215274750000040e-01 1.524814440470000088e-01 1.410546588860000020e-02 4.620189200340000246e-01 3.559220516609999940e-01 -5.584044130219999458e-01 3.127019864949999728e-01 4.691030836099999678e-03 -3.399991739120000189e-01 4.708142755260000256e-02
2.847999663460000219e-01 1.375210627769999916e-01 1.822420120509999839e-02 2.750582702380000022e-01 3.552492028779999922e-01 -5.584044130219999458e-01 3.127019864949999728e-01 4.691030836099999678e-03 -3.416249011160000237e-01 4.708142755260000256e-02
2.847999663460000219e-01 1.360250479020000125e-01 1.822420120509999839e-02 2.718068158320000038e-01 3.552492028779999922e-01 -5.584044130219999458e-01 3.127019864949999728e-01 4.691030836099999678e-03 -3.416249011160000237e-01 4.708142755260000256e-02
2.847999663460000219e-01 1.360250479020000125e-01 1.822420120509999839e-02 2.701810886279999990e-01 3.559220516609999940e-01 -5.584044130219999458e-01 3.141980013699999796e-01 4.691030836099999678e-03 -3.399991739120000189e-01 4.708142755260000256e-02
2.847999663460000219e-01 1.360250479020000125e-01 1.881259196460000060e-02 2.701810886279999990e-01 3.559220516609999940e-01 -5.584044130219999458e-01 3.141980013699999796e-01 4.691030836099999678e-03 -3.399991739120000189e-01 4.708142755260000256e-02
2.847999663460000219e-01 1.345290330270000057e-01 1.822420120509999839e-02 2.701810886279999990e-01 3.559220516609999940e-01 -5.584044130219999458e-01 3.141980013699999796e-01 4.691030836099999678e-03 -3.399991739120000189e-01 4.708142755260000256e-02
2.900955746319999751e-01 5.224751733519999997e-02 3.881806068819999844e-02 3.563456411120000111e-01 4.265719059099999932e-01 -5.584044130219999458e-01 3.141980013699999796e-01 4.691030836099999678e-03 -3.399991739120000189e-01 4.708142755260000256e-02
3.412860279600000157e-01 -2.768790104650000194e-01 3.469932537170000025e-02 7.091319817060000030e-01 4.333003937389999782e-01 -5.584044130219999458e-01 3.141980013699999796e-01 4.691030836099999678e-03 -3.416249011160000237e-01 4.708142755260000256e-02
3.571727613669999912e-01 -4.489225812589999753e-01 2.057776424310000032e-02 7.627814847689999844e-01 4.333003937389999782e-01 -5.578160222629999776e-01 3.127019864949999728e-01 4.691030836099999678e-03 -3.416249011160000237e-01 4.708142755260000256e-02
3.571727613669999912e-01 -4.549066407599999806e-01 1.998937348360000157e-02 7.627814847689999844e-01 4.333003937389999782e-01 -5.584044130219999458e-01 3.127019864949999728e-01 4.691030836099999678e-03 -3.399991739120000189e-01 4.708142755260000256e-02
3.571727613669999912e-01 -4.593946853859999790e-01 1.998937348360000157e-02 7.562785759560000098e-01 3.599591443580000272e-01 -5.584044130219999458e-01 3.127019864949999728e-01 4.691030836099999678e-03 -3.399991739120000189e-01 4.708142755260000256e-02
3.071590895579999758e-01 -2.948314214860000004e-01 1.410546588860000020e-02 3.888606905320000084e-01 -1.347548579800000000e-02 -5.584044130219999458e-01 3.141980013699999796e-01 4.691030836099999678e-03 -3.399991739120000189e-01 4.775427633559999746e-02
1.988940924070000116e-01 -2.933354066109999936e-01 -2.958049037439999807e-03 3.254563188949999852e-01 -2.760551939400000127e-02 -5.584044130219999458e-01 3.141980013699999796e-01 4.691030836099999678e-03 -3.399991739120000189e-01 4.708142755260000256e-02
4.723221315950000207e-03 -2.963274363610000073e-01 -5.900094285180000099e-03 3.270820460980000122e-01 -3.096976330880000031e-02 -5.584044130219999458e-01 3.141980013699999796e-01 4.691030836099999678e-03 -3.399991739120000189e-01 4.842712511850000290e-02
-1.647349635250000000e-01 -3.038075107379999973e-01 -5.900094285180000099e-03 3.287077733009999836e-01 -3.231546087469999717e-02 -5.584044130219999458e-01 3.127019864949999728e-01 4.691030836099999678e-03 -3.399991739120000189e-01 4.842712511850000290e-02
