-5.607257398549999605e-01 -3.202639068829999935e-01 -2.369658277940000189e-03 3.482170050949999762e-01 -3.164261209170000227e-02 -5.601695853010000281e-01 3.216780757470000252e-01 4.102640076600000060e-03 -3.399991739120000189e-01 4.775427633559999746e-02
-5.566069588140000191e-01 -3.217599217580000004e-01 1.111908557090000027e-01 2.376665445629999873e-01 3.310264375370000067e-01 -5.601695853010000281e-01 3.216780757470000252e-01 4.102640076600000060e-03 -3.399991739120000189e-01 4.775427633559999746e-02
-4.483420073869999745e-01 -3.202639068829999935e-01 1.876823860459999882e-01 2.327893629530000119e-01 6.412127069230000309e-01 -5.601695853010000281e-01 3.216780757470000252e-01 4.102640076600000060e-03 -3.399991739120000189e-01 4.708142755260000256e-02
-2.906517749120000049e-01 -3.172718771320000020e-01 1.882707768059999898e-01 2.279116759879999954e-01 6.526512408100000329e-01 -5.601695853010000281e-01 3.216780757470000252e-01 4.102640076600000060e-03 -3.399991739120000189e-01 4.708142755260000256e-02
-9.589251306139999487e-02 -3.127838325060000035e-01 1.882707768059999898e-01 2.149058583619999907e-01 6.553426882299999701e-01 -5.601695853010000281e-01 3.216780757470000252e-01 4.102640076600000060e-03 -3.399991739120000189e-01 4.708142755260000256e-02
1.082810923910000056e-01 -2.948314214860000004e-01 1.876823860459999882e-01 2.116544039559999923e-01 6.560155370129999719e-01 -5.601695853010000281e-01 3.216780757470000252e-01 4.102640076600000060e-03 -3.399991739120000189e-01 4.708142755260000256e-02
2.659712791420000277e-01 -2.484544953180000126e-01 1.876823860459999882e-01 2.116544039559999923e-01 6.553426882299999701e-01 -5.601695853010000281e-01 3.216780757470000252e-01 4.102640076600000060e-03 -3.399991739120000189e-01 4.708142755260000256e-02
3.636450597220000081e-01 -2.484544953180000126e-01 1.976851204079999869e-01 2.132801311589999915e-01 6.553426882299999701e-01 -5.601695853010000281e-01 3.216780757470000252e-01 4.102640076600000060e-03 -3.416249011160000237e-01 4.708142755260000256e-02
4.183659490569999750e-01 -2.843590848420000095e-01 2.471104014570000007e-01 2.230344943789999979e-01 5.147159330920000331e-01 -5.601695853010000281e-01 3.216780757470000252e-01 4.102640076600000060e-03 -3.399991739120000189e-01 4.708142755260000256e-02
4.401365900590000213e-01 4.327119556649999810e-02 3.836184294159999952e-01 2.230344943789999979e-01 1.978010190120000067e-01 -5.601695853010000281e-01 3.216780757470000252e-01 4.691030836099999678e-03 -3.399991739120000189e-01 4.708142755260000256e-02
4.401365900590000213e-01 3.843658423690000103e-01 3.942095545370000176e-01 2.392922717659999865e-01 1.890539848339999884e-01 -5.601695853010000281e-01 3.216780757470000252e-01 4.102640076600000060e-03 -3.399991739120000189e-01 4.708142755260000256e-02
4.407249808179999895e-01 4.816079718480000271e-01 3.924443822579999908e-01 2.392922717659999865e-01 1.890539848339999884e-01 -5.601695853010000281e-01 3.216780757470000252e-01 4.102640076600000060e-03 -3.399991739120000189e-01 4.708142755260000256e-02
4.407249808179999895e-01 4.816079718480000271e-01 3.918559914990000226e-01 2.409179989699999913e-01 1.890539848339999884e-01 -5.601695853010000281e-01 3.216780757470000252e-01 4.102640076600000060e-03 -3.399991739120000189e-01 4.708142755260000256e-02
4.407249808179999895e-01 4.816079718480000271e-01 3.918559914990000226e-01 2.425437261729999905e-01 1.890539848339999884e-01 -5.601695853010000281e-01 3.216780757470000252e-01 4.102640076600000060e-03 -3.399991739120000189e-01 4.708142755260000256e-02
4.407249808179999895e-01 4.816079718480000271e-01 3.918559914990000226e-01 2.425437261729999905e-01 1.890539848339999884e-01 -5.601695853010000281e-01 3.216780757470000252e-01 4.102640076600000060e-03 -3.399991739120000189e-01 4.708142755260000256e-02
4.407249808179999895e-01 4.187746495349999876e-01 3.853836016939999887e-01 2.457951805789999888e-01 1.883811360509999866e-01 -5.601695853010000281e-01 3.216780757470000252e-01 4.102640076600000060e-03 -3.399991739120000189e-01 4.708142755260000256e-02
4.407249808179999895e-01 4.112945751589999754e-01 3.853836016939999887e-01 2.457951805789999888e-01 1.883811360509999866e-01 -5.601695853010000281e-01 3.216780757470000252e-01 4.102640076600000060e-03 -3.399991739120000189e-01 4.708142755260000256e-02
4.407249808179999895e-01 4.083023128909999966e-01 3.853836016939999887e-01 2.474209077829999937e-01 1.883811360509999866e-01 -5.601695853010000281e-01 3.216780757470000252e-01 4.102640076600000060e-03 -3.399991739120000189e-01 4.708142755260000256e-02
4.407249808179999895e-01 4.083023128909999966e-01 3.853836016939999887e-01 2.457951805789999888e-01 1.883811360509999866e-01 -5.601695853010000281e-01 3.216780757470000252e-01 4.102640076600000060e-03 -3.399991739120000189e-01 4.708142755260000256e-02
4.407249808179999895e-01 4.083023128909999966e-01 3.853836016939999887e-01 2.457951805789999888e-01 1.890539848339999884e-01 -5.601695853010000281e-01 3.216780757470000252e-01 4.102640076600000060e-03 -3.399991739120000189e-01 4.708142755260000256e-02
4.401365900590000213e-01 3.394851635939999945e-01 3.406654467210000203e-01 2.571752710019999943e-01 3.862005606250000223e-01 -5.601695853010000281e-01 3.216780757470000252e-01 4.102640076600000060e-03 -3.399991739120000189e-01 4.708142755260000256e-02
4.077749153860000253e-01 -1.137008507950000021e-04 2.329889317790000136e-01 3.205791372849999821e-01 6.459227006919999736e-01 -5.601695853010000281e-01 3.216780757470000252e-01 4.102640076600000060e-03 -3.399991739120000189e-01 4.708142755260000256e-02
4.130704322209999835e-01 -2.634148765880000020e-01 2.094530270480000067e-01 3.043218652520000012e-01 6.331384692389999680e-01 -5.601695853010000281e-01 3.216780757470000252e-01 4.691030836099999678e-03 -3.399991739120000189e-01 4.708142755260000256e-02
3.618798874429999812e-01 -3.217599217580000004e-01 8.177104338309999776e-02 3.449655506889999779e-01 1.385898032270000135e-01 -5.601695853010000281e-01 3.216780757470000252e-01 4.102640076600000060e-03 -3.399991739120000189e-01 4.640857876969999712e-02
2.959794822269999903e-01 -3.202639068829999935e-01 1.234020215989999926e-02 3.449655506889999779e-01 -2.760551939400000127e-02 -5.601695853010000281e-01 3.216780757470000252e-01 4.102640076600000060e-03 -3.399991739120000189e-01 4.640857876969999712e-02
1.735930153970000056e-01 -3.067995404880000110e-01 -7.076875804190000015e-03 3.433398234860000064e-01 -3.164261209170000227e-02 -5.601695853010000281e-01 3.216780757470000252e-01 4.691030836099999678e-03 -3.399991739120000189e-01 4.506288120379999679e-02
