-5.595489583360000463e-01 -3.202639068829999935e-01 -2.369658277940000189e-03 3.465912778920000048e-01 -3.231546087469999717e-02 -5.607579760599999963e-01 3.201820608720000183e-01 4.691030836099999678e-03 -3.416249011160000237e-01 4.304433485499999795e-02
-5.601373490959999923e-01 -3.202639068829999935e-01 -2.369658277940000189e-03 3.482170050949999762e-01 -3.231546087469999717e-02 -5.572276315030000315e-01 3.186860459959999781e-01 -1.094578739100000031e-01 -2.473319652930000001e-01 -3.102047272360000107e-01
-5.595489583360000463e-01 -3.202639068829999935e-01 -2.369658277940000189e-03 3.465912778920000048e-01 -3.231546087469999717e-02 -4.471974620729999850e-01 3.186860459959999781e-01 -1.859494042469999886e-01 -2.327001677870000063e-01 -6.412495703349999632e-01
-5.601373490959999923e-01 -3.202639068829999935e-01 -2.369658277940000189e-03 3.465912778920000048e-01 -3.231546087469999717e-02 -2.900955746319999751e-01 3.171900311210000267e-01 -1.865377950069999902e-01 -2.278229861770000031e-01 -6.526879996450000165e-01
-5.595489583360000463e-01 -3.202639068829999935e-01 -2.369658277940000189e-03 3.465912778920000048e-01 -3.231546087469999717e-02 -9.710148506019999903e-02 3.141980013699999796e-01 -1.865377950069999902e-01 -2.213200773640000008e-01 -6.567250923430000276e-01
-5.595489583360000463e-01 -3.202639068829999935e-01 -2.369658277940000189e-03 3.465912778920000048e-01 -3.231546087469999717e-02 1.070720289420000054e-01 2.872695010979999797e-01 -1.859494042469999886e-01 -2.083140070600000004e-01 -6.567250923430000276e-01
-5.595489583360000463e-01 -3.202639068829999935e-01 -2.369658277940000189e-03 3.465912778920000048e-01 -3.231546087469999717e-02 2.671158701810000258e-01 2.558527236829999940e-01 -1.859494042469999886e-01 -2.115654614670000044e-01 -6.560522435600000257e-01
-5.595489583360000463e-01 -3.187678920070000088e-01 -2.369658277940000189e-03 3.465912778920000048e-01 -3.231546087469999717e-02 3.671433052490000182e-01 2.588447534339999856e-01 -1.965405293689999888e-01 -2.196943501599999959e-01 -6.567250923430000276e-01
-5.595489583360000463e-01 -3.202639068829999935e-01 -2.369658277940000189e-03 3.465912778920000048e-01 -3.231546087469999717e-02 4.271597114199999767e-01 2.663250603269999850e-01 -2.677364514200000212e-01 -2.327001677870000063e-01 -4.414113902590000027e-01
-5.601373490959999923e-01 -3.202639068829999935e-01 -2.369658277940000189e-03 3.465912778920000048e-01 -3.231546087469999717e-02 4.395160545449999789e-01 -7.476958647560000282e-02 -3.836505284450000275e-01 -2.310744405830000014e-01 -1.931278886549999962e-01
-5.595489583360000463e-01 -3.202639068829999935e-01 -2.369658277940000189e-03 3.482170050949999762e-01 -3.231546087469999717e-02 4.395160545449999789e-01 -4.113764211700000062e-01 -3.907114004600000245e-01 -2.424547836840000026e-01 -1.877449938150000108e-01
-5.601373490959999923e-01 -3.202639068829999935e-01 -2.369658277940000189e-03 3.482170050949999762e-01 -3.231546087469999717e-02 4.401044910290000112e-01 -4.801935704670000082e-01 -3.907114004600000245e-01 -2.440805108870000018e-01 -1.870721450320000090e-01
-5.595489583360000463e-01 -3.202639068829999935e-01 -2.369658277940000189e-03 3.482170050949999762e-01 -3.231546087469999717e-02 4.401044910290000112e-01 -4.816898178590000024e-01 -3.907114004600000245e-01 -2.440805108870000018e-01 -1.877449938150000108e-01
-5.601373490959999923e-01 -3.202639068829999935e-01 -2.369658277940000189e-03 3.482170050949999762e-01 -3.231546087469999717e-02 4.401044910290000112e-01 -4.801935704670000082e-01 -3.907114004600000245e-01 -2.440805108870000018e-01 -1.890907959579999909e-01
-5.595489583360000463e-01 -3.187678920070000088e-01 -2.369658277940000189e-03 3.482170050949999762e-01 -3.231546087469999717e-02 4.401044910290000112e-01 -4.801935704670000082e-01 -3.907114004600000245e-01 -2.440805108870000018e-01 -1.890907959579999909e-01
-5.601373490959999923e-01 -3.187678920070000088e-01 -2.369658277940000189e-03 3.465912778920000048e-01 -3.231546087469999717e-02 4.401044910290000112e-01 -4.113764211700000062e-01 -3.907114004600000245e-01 -2.522091469030000033e-01 -1.877449938150000108e-01
-5.595489583360000463e-01 -3.202639068829999935e-01 -2.369658277940000189e-03 3.465912778920000048e-01 -3.231546087469999717e-02 4.401044910290000112e-01 -4.113764211700000062e-01 -3.907114004600000245e-01 -2.522091469030000033e-01 -1.877449938150000108e-01
-5.601373490959999923e-01 -3.202639068829999935e-01 -2.369658277940000189e-03 3.465912778920000048e-01 -3.231546087469999717e-02 4.401044910290000112e-01 -4.098801737769999787e-01 -3.907114004600000245e-01 -2.522091469030000033e-01 -1.877449938150000108e-01
-5.595489583360000463e-01 -3.202639068829999935e-01 -2.369658277940000189e-03 3.465912778920000048e-01 -3.231546087469999717e-02 4.401044910290000112e-01 -4.098801737769999787e-01 -3.907114004600000245e-01 -2.522091469030000033e-01 -1.890907959579999909e-01
-5.595489583360000463e-01 -3.202639068829999935e-01 -2.369658277940000189e-03 3.482170050949999762e-01 -3.231546087469999717e-02 4.401044910290000112e-01 -4.098801737769999787e-01 -3.907114004600000245e-01 -2.522091469030000033e-01 -1.890907959579999909e-01
-5.595489583360000463e-01 -3.187678920070000088e-01 -2.369658277940000189e-03 3.465912778920000048e-01 -3.231546087469999717e-02 4.377508365409999991e-01 -3.066542173149999773e-01 -3.224573407549999882e-01 -2.749695804269999821e-01 -4.400656926929999990e-01
-5.595489583360000463e-01 -3.202639068829999935e-01 -2.369658277940000189e-03 3.465912778920000048e-01 -3.231546087469999717e-02 4.118614602219999865e-01 5.837690000970000015e-02 -2.306674677710000010e-01 -3.204901947959999942e-01 -6.493237557309999852e-01
-5.595489583360000463e-01 -3.202639068829999935e-01 -2.369658277940000189e-03 3.465912778920000048e-01 -3.231546087469999717e-02 4.142150232599999815e-01 2.812852090799999871e-01 -2.047780914519999884e-01 -3.091101043730000164e-01 -6.230824440419999721e-01
-5.595489583360000463e-01 -3.202639068829999935e-01 -2.369658277940000189e-03 3.465912778920000048e-01 -3.298830965760000261e-02 3.453726642470000274e-01 3.201820608720000183e-01 -6.591650045590000118e-02 -3.497537898090000152e-01 -7.739674764050000211e-02
-5.601373490959999923e-01 -3.187678920070000088e-01 -2.369658277940000189e-03 3.482170050949999762e-01 -3.231546087469999717e-02 2.812374313089999744e-01 3.201820608720000183e-01 -1.060722036119999927e-02 -3.465023354030000169e-01 3.564289366549999727e-02
-5.595489583360000463e-01 -3.202639068829999935e-01 -2.369658277940000189e-03 3.482170050949999762e-01 -3.231546087469999717e-02 1.394338865159999996e-01 3.007336349759999750e-01 7.044685324340000353e-03 -3.351219923020000158e-01 3.833439337430000204e-02
