-5.595489583360000463e-01 -3.217599217580000004e-01 -2.958049037439999807e-03 3.465912778920000048e-01 -2.962406574289999997e-02 -5.601695853010000281e-01 3.007336349759999750e-01 4.102640076600000060e-03 -3.399991739120000189e-01 4.573572998670000223e-02
-5.589605675769999671e-01 -3.187678920070000088e-01 -2.958049037439999807e-03 3.482170050949999762e-01 -2.962406574289999997e-02 -5.595811945409999710e-01 4.667929137510000159e-01 4.102640076600000060e-03 -5.058249910500000057e-01 -2.180235027780000057e-01
-5.589605675769999671e-01 -3.202639068829999935e-01 -2.958049037439999807e-03 3.482170050949999762e-01 -2.962406574289999997e-02 -4.730868383919999975e-01 4.772652503950000069e-01 4.102640076600000060e-03 -7.594409615349999587e-01 -4.205530779869999791e-01
-5.595489583360000463e-01 -3.187678920070000088e-01 -2.958049037439999807e-03 3.482170050949999762e-01 -2.962406574289999997e-02 -2.953910914680000221e-01 4.802572801459999985e-01 4.102640076600000060e-03 -7.659438703480000443e-01 -4.286272633820000233e-01
-5.595489583360000463e-01 -3.187678920070000088e-01 -2.958049037439999807e-03 3.482170050949999762e-01 -2.962406574289999997e-02 -1.306401241529999979e-01 4.772652503950000069e-01 4.691030836099999678e-03 -7.659438703480000443e-01 -4.286272633820000233e-01
-5.589605675769999671e-01 -3.187678920070000088e-01 -2.958049037439999807e-03 3.482170050949999762e-01 -2.962406574289999997e-02 5.882352941180000322e-02 4.757690030030000128e-01 4.102640076600000060e-03 -7.643181431440000395e-01 -4.286272633820000233e-01
-5.595489583360000463e-01 -3.187678920070000088e-01 -2.958049037439999807e-03 3.482170050949999762e-01 -2.962406574289999997e-02 2.165138076120000088e-01 4.413604283550000007e-01 4.102640076600000060e-03 -7.594409615349999587e-01 -4.293001121650000251e-01
-5.595489583360000463e-01 -3.187678920070000088e-01 -2.958049037439999807e-03 3.482170050949999762e-01 -2.962406574289999997e-02 3.218367595159999928e-01 4.398644134790000160e-01 -7.076875804190000015e-03 -7.415577096209999830e-01 -4.293001121650000251e-01
-5.589605675769999671e-01 -3.187678920070000088e-01 -2.958049037439999807e-03 3.482170050949999762e-01 -2.962406574289999997e-02 3.553753986090000261e-01 4.533287798739999985e-01 -1.472604712800000028e-02 -7.578152343309999539e-01 -4.293001121650000251e-01
-5.595489583360000463e-01 -3.187678920070000088e-01 -2.958049037439999807e-03 3.482170050949999762e-01 -2.962406574289999997e-02 3.553753986090000261e-01 4.518327649989999917e-01 -1.472604712800000028e-02 -7.578152343309999539e-01 -4.286272633820000233e-01
-5.595489583360000463e-01 -3.187678920070000088e-01 -2.958049037439999807e-03 3.482170050949999762e-01 -2.962406574289999997e-02 3.553753986090000261e-01 4.533287798739999985e-01 -1.472604712800000028e-02 -7.578152343309999539e-01 -4.286272633820000233e-01
-5.595489583360000463e-01 -3.187678920070000088e-01 -2.958049037439999807e-03 3.482170050949999762e-01 -2.962406574289999997e-02 3.553753986090000261e-01 4.533287798739999985e-01 -1.472604712800000028e-02 -7.578152343309999539e-01 -4.286272633820000233e-01
-5.595489583360000463e-01 -3.187678920070000088e-01 -2.958049037439999807e-03 3.482170050949999762e-01 -2.962406574289999997e-02 3.553753986090000261e-01 4.533287798739999985e-01 -1.472604712800000028e-02 -7.578152343309999539e-01 -4.252630194679999920e-01
-5.589605675769999671e-01 -3.187678920070000088e-01 -2.958049037439999807e-03 3.482170050949999762e-01 -2.962406574289999997e-02 3.559637893679999943e-01 2.603410008259999797e-01 -2.296351776099999839e-02 -7.822012687189999758e-01 -3.694159430210000039e-01
-5.589605675769999671e-01 -3.172718771320000020e-01 -2.958049037439999807e-03 3.465912778920000048e-01 -2.962406574289999997e-02 3.536102263299999993e-01 1.197142074469999956e-01 -2.531717224919999981e-02 -7.659438703480000443e-01 -3.680702454550000002e-01
-5.595489583360000463e-01 -3.187678920070000088e-01 -2.958049037439999807e-03 3.465912778920000048e-01 -2.962406574289999997e-02 3.536102263299999993e-01 1.197142074469999956e-01 -2.472878148970000106e-02 -7.659438703480000443e-01 -3.680702454550000002e-01
-5.589605675769999671e-01 -3.187678920070000088e-01 -2.958049037439999807e-03 3.465912778920000048e-01 -2.962406574289999997e-02 3.536102263299999993e-01 1.197142074469999956e-01 -2.472878148970000106e-02 -7.675695975509999602e-01 -3.680702454550000002e-01
-5.589605675769999671e-01 -3.187678920070000088e-01 -2.958049037439999807e-03 3.465912778920000048e-01 -2.962406574289999997e-02 3.536102263299999993e-01 1.197142074469999956e-01 -2.531717224919999981e-02 -7.659438703480000443e-01 -3.687430942380000021e-01
-5.589605675769999671e-01 -3.187678920070000088e-01 -2.958049037439999807e-03 3.465912778920000048e-01 -2.962406574289999997e-02 3.536102263299999993e-01 1.197142074469999956e-01 -2.531717224919999981e-02 -7.675695975509999602e-01 -3.687430942380000021e-01
-5.589605675769999671e-01 -3.187678920070000088e-01 -2.958049037439999807e-03 3.465912778920000048e-01 -2.962406574289999997e-02 3.530218355709999756e-01 1.197142074469999956e-01 -2.472878148970000106e-02 -7.675695975509999602e-01 -3.687430942380000021e-01
-5.589605675769999671e-01 -3.187678920070000088e-01 -2.958049037439999807e-03 3.465912778920000048e-01 -2.962406574289999997e-02 3.536102263299999993e-01 1.197142074469999956e-01 -2.472878148970000106e-02 -7.675695975509999602e-01 -3.687430942380000021e-01
-5.595489583360000463e-01 -3.187678920070000088e-01 -2.958049037439999807e-03 3.465912778920000048e-01 -2.962406574289999997e-02 3.536102263299999993e-01 1.197142074469999956e-01 -2.472878148970000106e-02 -7.675695975509999602e-01 -3.687430942380000021e-01
-5.595489583360000463e-01 -3.187678920070000088e-01 -2.958049037439999807e-03 3.465912778920000048e-01 -2.962406574289999997e-02 3.536102263299999993e-01 1.197142074469999956e-01 -2.472878148970000106e-02 -7.675695975509999602e-01 -3.687430942380000021e-01
-5.589605675769999671e-01 -3.217599217580000004e-01 -2.958049037439999807e-03 3.465912778920000048e-01 -2.962406574289999997e-02 3.141875881919999891e-01 -2.988890770020000143e-02 -1.296078339919999947e-02 -5.611003476539999646e-01 -3.673973966719999984e-01
-5.589605675769999671e-01 -3.142798473819999883e-01 -2.958049037439999807e-03 3.482170050949999762e-01 -2.962406574289999997e-02 2.882982118740000099e-01 -1.136664382670000001e-01 -1.531443788750000076e-02 -3.074843771690000116e-01 -3.660516991059999947e-01
-5.589605675769999671e-01 -3.172718771320000020e-01 -2.958049037439999807e-03 3.482170050949999762e-01 -2.962406574289999997e-02 2.871213389039999897e-01 -1.346108790380000086e-01 -1.531443788750000076e-02 -2.684664189359999842e-01 -3.660516991059999947e-01
-5.595489583360000463e-01 -3.172718771320000020e-01 -2.958049037439999807e-03 3.482170050949999762e-01 -2.962406574289999997e-02 2.871213389039999897e-01 -1.331148641630000018e-01 -1.531443788750000076e-02 -2.684664189359999842e-01 -3.653788503229999929e-01
-5.595489583360000463e-01 -3.172718771320000020e-01 -2.958049037439999807e-03 3.482170050949999762e-01 -2.962406574289999997e-02 2.871213389039999897e-01 -1.346108790380000086e-01 -1.590282864699999951e-02 -2.684664189359999842e-01 -3.660516991059999947e-01
-5.589605675769999671e-01 -3.172718771320000020e-01 -2.958049037439999807e-03 3.482170050949999762e-01 -2.962406574289999997e-02 2.865329481450000215e-01 -1.331148641630000018e-01 -1.531443788750000076e-02 -2.684664189359999842e-01 -3.667245478889999966e-01
-5.589605675769999671e-01 -3.172718771320000020e-01 -2.958049037439999807e-03 3.482170050949999762e-01 -2.962406574289999997e-02 2.865329481450000215e-01 -1.346108790380000086e-01 -1.590282864699999951e-02 -2.684664189359999842e-01 -3.660516991059999947e-01
-5.589605675769999671e-01 -3.172718771320000020e-01 -2.958049037439999807e-03 3.482170050949999762e-01 -2.962406574289999997e-02 3.236019317950000196e-01 1.586108267219999979e-01 -3.767346964900000067e-02 -6.001180532100000020e-01 -4.252630194679999920e-01
-5.589605675769999671e-01 -3.172718771320000020e-01 -2.958049037439999807e-03 3.482170050949999762e-01 -2.962406574289999997e-02 3.559637893679999943e-01 4.219120024590000129e-01 -2.355190852050000061e-02 -7.626924159410000126e-01 -4.252630194679999920e-01
-5.589605675769999671e-01 -3.172718771320000020e-01 -2.958049037439999807e-03 3.482170050949999762e-01 -2.962406574289999997e-02 3.583173524059999893e-01 4.548247947490000054e-01 -2.296351776099999839e-02 -7.659438703480000443e-01 -4.259358682509999938e-01
-5.589605675769999671e-01 -3.172718771320000020e-01 -2.958049037439999807e-03 3.482170050949999762e-01 -2.962406574289999997e-02 3.583173524059999893e-01 4.563208096240000122e-01 -2.296351776099999839e-02 -7.659438703480000443e-01 -4.259358682509999938e-01
-5.595489583360000463e-01 -3.202639068829999935e-01 -2.958049037439999807e-03 3.465912778920000048e-01 -2.962406574289999997e-02 3.265439770419999999e-01 3.261661203730000236e-01 -2.296351776099999839e-02 -4.749359215100000253e-01 -4.913688960249999738e-02
-5.589605675769999671e-01 -3.172718771320000020e-01 -2.958049037439999807e-03 3.465912778920000048e-01 -2.962406574289999997e-02 2.500524467049999866e-01 2.917575457239999781e-01 -5.900094285180000099e-03 -3.367477195060000206e-01 3.631574244840000271e-02
-5.589605675769999671e-01 -3.172718771320000020e-01 -2.958049037439999807e-03 3.465912778920000048e-01 -2.962406574289999997e-02 8.942021470680000528e-02 2.947495754750000252e-01 6.456294564839999868e-03 -3.367477195060000206e-01 3.766154459139999661e-02
-5.595489583360000463e-01 -3.172718771320000020e-01 -2.958049037439999807e-03 3.465912778920000048e-01 -2.962406574289999997e-02 -9.886665733869999528e-02 2.977416052249999834e-01 6.456294564839999868e-03 -3.367477195060000206e-01 3.833439337430000204e-02
-5.589605675769999671e-01 -3.172718771320000020e-01 -2.958049037439999807e-03 3.465912778920000048e-01 -2.962406574289999997e-02 -2.730320597059999743e-01 3.037256647259999887e-01 6.456294564839999868e-03 -3.383734467089999920e-01 3.900724215729999694e-02
