-5.595489583360000463e-01 -3.202639068829999935e-01 -2.958049037439999807e-03 3.465912778920000048e-01 -2.895121695990000160e-02 -5.607579760599999963e-01 3.216780757470000252e-01 4.691030836099999678e-03 -3.432506283189999952e-01 4.573572998670000223e-02
-5.595489583360000463e-01 -3.202639068829999935e-01 -2.958049037439999807e-03 3.465912778920000048e-01 -2.895121695990000160e-02 -5.525203225270000074e-01 2.139640746579999919e-01 3.528771613119999900e-02 -2.034368254499999973e-01 -1.837079011169999998e-01
-5.601373490959999923e-01 -3.202639068829999935e-01 -2.958049037439999807e-03 3.465912778920000048e-01 -2.827836817699999963e-02 -4.013024341309999743e-01 -1.376029087890000002e-01 1.788564332029999870e-01 1.672325143800000025e-01 -5.820382499739999993e-01
-5.595489583360000463e-01 -3.217599217580000004e-01 -2.958049037439999807e-03 3.465912778920000048e-01 -2.895121695990000160e-02 -2.236067786569999882e-01 -4.278325847980000152e-01 3.436074005179999835e-01 2.680286116930000184e-01 -6.096252592290000161e-01
-5.595489583360000463e-01 -3.202639068829999935e-01 -2.958049037439999807e-03 3.465912778920000048e-01 -2.895121695990000160e-02 -8.709875069849999651e-02 -4.637374068389999993e-01 4.477536166280000063e-01 2.745315205059999930e-01 -6.102981080110000400e-01
-5.595489583360000463e-01 -3.202639068829999935e-01 -2.958049037439999807e-03 3.465912778920000048e-01 -2.827836817699999963e-02 -6.650489121539999993e-02 -4.652334217140000061e-01 4.536375699479999746e-01 2.777829749130000248e-01 -6.102981080110000400e-01
-5.595489583360000463e-01 -3.202639068829999935e-01 -2.958049037439999807e-03 3.449655506889999779e-01 -2.827836817699999963e-02 -6.650489121539999993e-02 -4.652334217140000061e-01 4.542259607069999983e-01 2.810346819969999910e-01 -6.102981080110000400e-01
-5.595489583360000463e-01 -3.202639068829999935e-01 -2.958049037439999807e-03 3.449655506889999779e-01 -2.895121695990000160e-02 -6.650489121539999993e-02 -4.652334217140000061e-01 4.542259607069999983e-01 2.810346819969999910e-01 -6.102981080110000400e-01
-5.601373490959999923e-01 -3.202639068829999935e-01 -2.958049037439999807e-03 3.449655506889999779e-01 -2.827836817699999963e-02 -7.003523577240000630e-02 -4.652334217140000061e-01 4.542259607069999983e-01 2.745315205059999930e-01 -6.452866630329999742e-01
-5.595489583360000463e-01 -3.202639068829999935e-01 -2.958049037439999807e-03 3.449655506889999779e-01 -2.827836817699999963e-02 -8.474518766039999818e-02 -4.697214663400000045e-01 4.542259607069999983e-01 3.067016591810000151e-02 -6.540336972110000202e-01
-5.601373490959999923e-01 -3.202639068829999935e-01 -2.958049037439999807e-03 3.449655506889999779e-01 -2.895121695990000160e-02 -8.533357841989999693e-02 -4.682254514649999977e-01 4.542259607069999983e-01 -4.082804744819999998e-01 -6.540336972110000202e-01
-5.595489583360000463e-01 -3.217599217580000004e-01 -2.958049037439999807e-03 3.449655506889999779e-01 -2.895121695990000160e-02 -8.886392297700000664e-02 -4.682254514649999977e-01 4.548143971920000084e-01 -6.846567521519999477e-01 -6.567250923430000276e-01
-5.595489583360000463e-01 -3.202639068829999935e-01 -2.958049037439999807e-03 3.465912778920000048e-01 -2.827836817699999963e-02 -9.886665733869999528e-02 -4.727134960900000182e-01 4.548143971920000084e-01 -7.366805280110000353e-01 -6.560522435600000257e-01
-5.595489583360000463e-01 -3.202639068829999935e-01 -2.958049037439999807e-03 3.465912778920000048e-01 -2.827836817699999963e-02 -9.945513954849999338e-02 -4.727134960900000182e-01 4.548143971920000084e-01 -7.366805280110000353e-01 -6.560522435600000257e-01
-5.595489583360000463e-01 -3.202639068829999935e-01 -2.958049037439999807e-03 3.465912778920000048e-01 -2.895121695990000160e-02 -9.886665733869999528e-02 -4.727134960900000182e-01 4.548143971920000084e-01 -7.366805280110000353e-01 -6.560522435600000257e-01
-5.595489583360000463e-01 -3.202639068829999935e-01 -2.958049037439999807e-03 3.449655506889999779e-01 -2.895121695990000160e-02 -9.886665733869999528e-02 -4.727134960900000182e-01 4.548143971920000084e-01 -6.960369689130000426e-01 -6.560522435600000257e-01
-5.595489583360000463e-01 -3.202639068829999935e-01 -2.958049037439999807e-03 3.465912778920000048e-01 -2.895121695990000160e-02 -9.945513954849999338e-02 -4.757055258410000098e-01 4.554027879520000099e-01 -3.725139706550000263e-01 -6.560522435600000257e-01
-5.595489583360000463e-01 -3.202639068829999935e-01 -2.958049037439999807e-03 3.449655506889999779e-01 -2.895121695990000160e-02 -9.886665733869999528e-02 -4.772015407160000167e-01 4.554027879520000099e-01 -3.546309714190000184e-01 -6.560522435600000257e-01
-5.601373490959999923e-01 -3.202639068829999935e-01 -2.958049037439999807e-03 3.465912778920000048e-01 -2.895121695990000160e-02 -9.886665733869999528e-02 -4.757055258410000098e-01 4.554027879520000099e-01 -3.546309714190000184e-01 -6.560522435600000257e-01
-5.601373490959999923e-01 -3.202639068829999935e-01 -2.958049037439999807e-03 3.465912778920000048e-01 -2.895121695990000160e-02 -9.886665733869999528e-02 -4.757055258410000098e-01 4.554027879520000099e-01 -3.546309714190000184e-01 -6.560522435600000257e-01
-5.595489583360000463e-01 -3.202639068829999935e-01 -2.958049037439999807e-03 3.449655506889999779e-01 -2.827836817699999963e-02 -7.062371798210000107e-02 -4.772015407160000167e-01 4.554027879520000099e-01 -3.009814683559999815e-01 -6.251009903899999998e-01
-5.595489583360000463e-01 -3.202639068829999935e-01 -2.958049037439999807e-03 3.465912778920000048e-01 -2.827836817699999963e-02 -6.768167273439999743e-02 -4.772015407160000167e-01 4.554027879520000099e-01 1.217116473340000005e-01 -6.190453513439999611e-01
-5.601373490959999923e-01 -3.202639068829999935e-01 -2.958049037439999807e-03 3.449655506889999779e-01 -2.895121695990000160e-02 -6.709328197489999868e-02 -4.772015407160000167e-01 4.554027879520000099e-01 2.680286116930000184e-01 -6.042424689650000014e-01
-5.595489583360000463e-01 -3.202639068829999935e-01 -2.958049037439999807e-03 3.465912778920000048e-01 -2.895121695990000160e-02 -1.394660769959999991e-01 -2.483091721450000067e-01 3.765576488510000153e-01 7.909732394829999472e-03 -1.554479385020000048e-01
-5.595489583360000463e-01 -3.187678920070000088e-01 -2.958049037439999807e-03 3.465912778920000048e-01 -2.827836817699999963e-02 -3.148081694320000179e-01 1.077458559279999978e-01 1.994502926860000080e-01 -3.399991739120000189e-01 3.698859123139999761e-02
-5.595489583360000463e-01 -3.262479663839999988e-01 -2.958049037439999807e-03 3.319592277080000153e-01 -2.895121695990000160e-02 -5.036835236869999788e-01 2.767971644539999887e-01 3.293415309319999706e-02 -3.465023354030000169e-01 4.506288120379999679e-02
