-5.595489583360000463e-01 -3.023114958620000126e-01 -2.958049037439999807e-03 3.400883690789999747e-01 -3.231546087469999717e-02 -5.601695853010000281e-01 3.186860459959999781e-01 4.691030836099999678e-03 -3.416249011160000237e-01 4.573572998670000223e-02
-5.595489583360000463e-01 -4.219938484699999881e-01 -2.958049037439999807e-03 3.969893265480000100e-01 1.224412232819999946e-01 -5.595811945409999710e-01 3.201820608720000183e-01 4.102640076600000060e-03 -3.399991739120000189e-01 4.573572998670000223e-02
-4.918833351169999979e-01 -4.713628043879999896e-01 -2.958049037439999807e-03 7.286407081450000378e-01 4.245532549839999836e-01 -5.595811945409999710e-01 3.141980013699999796e-01 4.691030836099999678e-03 -3.416249011160000237e-01 4.573572998670000223e-02
-3.241903225539999878e-01 -5.072676264290000292e-01 -3.546439796939999858e-03 7.432722529749999918e-01 4.319546961729999746e-01 -5.595811945409999710e-01 3.156940162460000199e-01 4.691030836099999678e-03 -3.416249011160000237e-01 4.573572998670000223e-02
-1.512017931559999917e-01 -5.057716115539999668e-01 -4.134830556449999722e-03 7.448979801780000187e-01 4.326275449559999764e-01 -5.595811945409999710e-01 3.171900311210000267e-01 4.691030836099999678e-03 -3.416249011160000237e-01 4.573572998670000223e-02
4.061542344659999776e-02 -4.967955223020000255e-01 -4.134830556449999722e-03 7.432722529749999918e-01 4.333003937389999782e-01 -5.601695853010000281e-01 3.156940162460000199e-01 4.691030836099999678e-03 -3.416249011160000237e-01 4.573572998670000223e-02
2.071316544900000112e-01 -4.459305515090000172e-01 -4.134830556449999722e-03 7.383950713650000441e-01 4.339732425219999801e-01 -5.595811945409999710e-01 3.156940162460000199e-01 4.691030836099999678e-03 -3.416249011160000237e-01 4.573572998670000223e-02
3.083358710770000011e-01 -4.459305515090000172e-01 7.633076083849999784e-03 7.416465257709999870e-01 4.353189400879999837e-01 -5.601695853010000281e-01 3.156940162460000199e-01 4.102640076600000060e-03 -3.416249011160000237e-01 4.573572998670000223e-02
3.518772445319999775e-01 -4.608907002620000193e-01 1.763581044559999964e-02 7.562785759560000098e-01 4.353189400879999837e-01 -5.595811945409999710e-01 3.156940162460000199e-01 4.691030836099999678e-03 -3.416249011160000237e-01 4.573572998670000223e-02
3.542308075699999725e-01 -4.608907002620000193e-01 1.763581044559999964e-02 7.562785759560000098e-01 4.346460913049999819e-01 -5.595811945409999710e-01 3.156940162460000199e-01 4.691030836099999678e-03 -3.416249011160000237e-01 4.640857876969999712e-02
3.542308075699999725e-01 -4.608907002620000193e-01 1.704741968610000089e-02 7.562785759560000098e-01 4.353189400879999837e-01 -5.595811945409999710e-01 3.156940162460000199e-01 4.691030836099999678e-03 -3.416249011160000237e-01 4.640857876969999712e-02
3.542308075699999725e-01 -4.608907002620000193e-01 1.763581044559999964e-02 7.562785759560000098e-01 4.353189400879999837e-01 -5.601695853010000281e-01 3.156940162460000199e-01 4.691030836099999678e-03 -3.416249011160000237e-01 4.573572998670000223e-02
3.542308075699999725e-01 -4.608907002620000193e-01 1.763581044559999964e-02 7.562785759560000098e-01 4.346460913049999819e-01 -5.595811945409999710e-01 3.156940162460000199e-01 4.691030836099999678e-03 -3.416249011160000237e-01 4.573572998670000223e-02
3.548191983289999962e-01 -2.888473619849999952e-01 2.528498176940000008e-02 7.627814847689999844e-01 3.633234928499999850e-01 -5.595811945409999710e-01 3.156940162460000199e-01 4.691030836099999678e-03 -3.416249011160000237e-01 4.573572998670000223e-02
3.542308075699999725e-01 -1.362522170869999993e-01 2.587337252889999883e-02 7.627814847689999844e-01 3.633234928499999850e-01 -5.595811945409999710e-01 3.156940162460000199e-01 4.691030836099999678e-03 -3.416249011160000237e-01 4.573572998670000223e-02
3.542308075699999725e-01 -1.108197316900000062e-01 2.587337252889999883e-02 7.692843935819999590e-01 3.633234928499999850e-01 -5.595811945409999710e-01 3.156940162460000199e-01 4.691030836099999678e-03 -3.416249011160000237e-01 4.573572998670000223e-02
3.542308075699999725e-01 -1.108197316900000062e-01 2.587337252889999883e-02 7.709101207849999859e-01 3.633234928499999850e-01 -5.595811945409999710e-01 3.156940162460000199e-01 4.691030836099999678e-03 -3.416249011160000237e-01 4.573572998670000223e-02
3.542308075699999725e-01 -1.108197316900000062e-01 2.587337252889999883e-02 7.709101207849999859e-01 3.633234928499999850e-01 -5.601695853010000281e-01 3.156940162460000199e-01 4.691030836099999678e-03 -3.416249011160000237e-01 4.573572998670000223e-02
3.542308075699999725e-01 -1.108197316900000062e-01 2.587337252889999883e-02 7.709101207849999859e-01 3.639963416329999868e-01 -5.595811945409999710e-01 3.156940162460000199e-01 4.691030836099999678e-03 -3.416249011160000237e-01 4.573572998670000223e-02
3.542308075699999725e-01 -1.108197316900000062e-01 2.587337252889999883e-02 7.709101207849999859e-01 3.633234928499999850e-01 -5.595811945409999710e-01 3.156940162460000199e-01 4.691030836099999678e-03 -3.416249011160000237e-01 4.573572998670000223e-02
3.542308075699999725e-01 -1.108197316900000062e-01 2.587337252889999883e-02 7.709101207849999859e-01 3.633234928499999850e-01 -5.595811945409999710e-01 3.156940162460000199e-01 4.691030836099999678e-03 -3.416249011160000237e-01 4.573572998670000223e-02
3.542308075699999725e-01 -1.108197316900000062e-01 2.587337252889999883e-02 7.709101207849999859e-01 3.633234928499999850e-01 -5.595811945409999710e-01 3.156940162460000199e-01 4.691030836099999678e-03 -3.416249011160000237e-01 4.573572998670000223e-02
3.542308075699999725e-01 -1.108197316900000062e-01 2.587337252889999883e-02 7.725358479889999908e-01 3.639963416329999868e-01 -5.595811945409999710e-01 3.156940162460000199e-01 4.691030836099999678e-03 -3.416249011160000237e-01 4.573572998670000223e-02
3.265761675220000271e-01 6.421563633750000666e-02 9.986639121859999801e-03 6.701140234729999756e-01 3.592862955750000253e-01 -5.595811945409999710e-01 3.156940162460000199e-01 4.102640076600000060e-03 -3.416249011160000237e-01 4.640857876969999712e-02
2.853883571060000235e-01 1.046085030040000002e-01 1.822420120509999839e-02 3.157019556749999789e-01 3.565949004439999959e-01 -5.595811945409999710e-01 3.141980013699999796e-01 4.691030836099999678e-03 -3.416249011160000237e-01 4.640857876969999712e-02
2.842115755869999982e-01 1.270489586499999879e-01 1.881259196460000060e-02 2.701810886279999990e-01 3.565949004439999959e-01 -5.595811945409999710e-01 3.156940162460000199e-01 4.691030836099999678e-03 -3.399991739120000189e-01 4.640857876969999712e-02
2.842115755869999982e-01 1.255529437750000088e-01 1.881259196460000060e-02 2.701810886279999990e-01 3.565949004439999959e-01 -5.595811945409999710e-01 3.156940162460000199e-01 4.102640076600000060e-03 -3.416249011160000237e-01 4.640857876969999712e-02
2.842115755869999982e-01 1.255529437750000088e-01 1.881259196460000060e-02 2.701810886279999990e-01 3.559220516609999940e-01 -5.601695853010000281e-01 3.156940162460000199e-01 4.691030836099999678e-03 -3.416249011160000237e-01 4.640857876969999712e-02
2.842115755869999982e-01 1.270489586499999879e-01 1.881259196460000060e-02 2.701810886279999990e-01 3.565949004439999959e-01 -5.595811945409999710e-01 3.156940162460000199e-01 4.691030836099999678e-03 -3.416249011160000237e-01 4.640857876969999712e-02
2.842115755869999982e-01 1.255529437750000088e-01 1.881259196460000060e-02 2.701810886279999990e-01 3.559220516609999940e-01 -5.595811945409999710e-01 3.156940162460000199e-01 4.691030836099999678e-03 -3.416249011160000237e-01 4.640857876969999712e-02
3.124546063940000229e-01 -6.893108266490000080e-02 3.940645144769999719e-02 5.221713319099999806e-01 4.312818473899999727e-01 -5.595811945409999710e-01 3.141980013699999796e-01 4.102640076600000060e-03 -3.416249011160000237e-01 4.640857876969999712e-02
3.559959798480000215e-01 -4.145137740939999760e-01 2.469659100990000133e-02 7.611557575659999575e-01 4.333003937389999782e-01 -5.595811945409999710e-01 3.141980013699999796e-01 4.691030836099999678e-03 -3.416249011160000237e-01 4.640857876969999712e-02
3.577611521269999928e-01 -4.534106258849999738e-01 1.998937348360000157e-02 7.627814847689999844e-01 4.333003937389999782e-01 -5.595811945409999710e-01 3.156940162460000199e-01 4.691030836099999678e-03 -3.416249011160000237e-01 4.640857876969999712e-02
3.571727613669999912e-01 -4.638827300119999775e-01 1.940098272409999935e-02 7.627814847689999844e-01 4.333003937389999782e-01 -5.595811945409999710e-01 3.156940162460000199e-01 4.691030836099999678e-03 -3.416249011160000237e-01 4.640857876969999712e-02
3.318717758079999802e-01 -3.367203030279999898e-01 2.469659100990000133e-02 5.286742407229999552e-01 7.332284381879999868e-02 -5.601695853010000281e-01 3.156940162460000199e-01 4.691030836099999678e-03 -3.416249011160000237e-01 4.708142755260000256e-02
2.606757623059999807e-01 -3.038075107379999973e-01 2.925858557590000145e-03 3.287077733009999836e-01 -2.827836817699999963e-02 -5.595811945409999710e-01 3.156940162460000199e-01 4.102640076600000060e-03 -3.416249011160000237e-01 4.775427633559999746e-02
1.065158286629999951e-01 -3.023114958620000126e-01 -7.076875804190000015e-03 3.303335005040000105e-01 -3.029691452579999847e-02 -5.595811945409999710e-01 3.156940162460000199e-01 4.691030836099999678e-03 -3.399991739120000189e-01 4.775427633559999746e-02
-8.706656021860000039e-02 -3.038075107379999973e-01 -7.076875804190000015e-03 3.303335005040000105e-01 -3.029691452579999847e-02 -5.595811945409999710e-01 3.156940162460000199e-01 4.102640076600000060e-03 -3.416249011160000237e-01 4.775427633559999746e-02
-2.700579154289999839e-01 -3.232559366330000072e-01 -5.900094285180000099e-03 3.368369146719999985e-01 -3.096976330880000031e-02 -5.601695853010000281e-01 3.156940162460000199e-01 4.102640076600000060e-03 -3.416249011160000237e-01 4.775427633559999746e-02
