-5.595489583360000463e-01 -3.217599217580000004e-01 -2.369658277940000189e-03 3.482170050949999762e-01 -2.962406574289999997e-02 -5.613463668200000534e-01 3.082139418689999744e-01 4.102640076600000060e-03 -3.383734467089999920e-01 4.506288120379999679e-02
-5.595489583360000463e-01 -3.262479663839999988e-01 -2.369658277940000189e-03 3.449655506889999779e-01 -3.029691452579999847e-02 -5.431060703750000274e-01 4.667929137510000159e-01 3.514249317100000009e-03 -6.196270323270000047e-01 -3.626874551909999855e-01
-5.595489583360000463e-01 -3.187678920070000088e-01 -1.781267518430000108e-03 3.465912778920000048e-01 -3.029691452579999847e-02 -3.612914966840000131e-01 4.787612652709999916e-01 3.514249317100000009e-03 -7.578152343309999539e-01 -4.272815658169999975e-01
-5.595489583360000463e-01 -3.187678920070000088e-01 -2.369658277940000189e-03 3.482170050949999762e-01 -3.029691452579999847e-02 -2.659712791420000277e-01 4.802572801459999985e-01 3.514249317100000009e-03 -7.578152343309999539e-01 -4.272815658169999975e-01
-5.595489583360000463e-01 -3.187678920070000088e-01 -2.369658277940000189e-03 3.482170050949999762e-01 -3.029691452579999847e-02 -2.237512700149999964e-02 4.787612652709999916e-01 4.102640076600000060e-03 -7.561893807889999986e-01 -4.272815658169999975e-01
-5.595489583360000463e-01 -3.187678920070000088e-01 -2.369658277940000189e-03 3.465912778920000048e-01 -3.029691452579999847e-02 1.282543706350000035e-01 4.428564432300000075e-01 4.102640076600000060e-03 -7.496864719760000240e-01 -4.279544145999999993e-01
-5.595489583360000463e-01 -3.172718771320000020e-01 -1.781267518430000108e-03 3.482170050949999762e-01 -3.029691452579999847e-02 2.759418230239999992e-01 4.413604283550000007e-01 -1.781267518430000108e-03 -7.399319824179999561e-01 -4.279544145999999993e-01
-5.595489583360000463e-01 -3.172718771320000020e-01 -2.369658277940000189e-03 3.465912778920000048e-01 -2.962406574289999997e-02 3.483146180439999906e-01 4.518327649989999917e-01 -1.354917415869999996e-02 -7.545636535859999716e-01 -4.279544145999999993e-01
-5.595489583360000463e-01 -3.172718771320000020e-01 -2.369658277940000189e-03 3.482170050949999762e-01 -3.029691452579999847e-02 3.553753986090000261e-01 4.368723837290000023e-01 -1.943317320399999895e-02 -7.578152343309999539e-01 -3.727802915119999838e-01
-5.595489583360000463e-01 -3.202639068829999935e-01 -1.781267518430000108e-03 3.465912778920000048e-01 -2.962406574289999997e-02 3.536102263299999993e-01 1.376663859510000032e-01 -2.531717224919999981e-02 -7.643181431440000395e-01 -3.694159430210000039e-01
-5.589605675769999671e-01 -3.187678920070000088e-01 -1.781267518430000108e-03 3.482170050949999762e-01 -2.962406574289999997e-02 3.536102263299999993e-01 1.167221776969999958e-01 -2.531717224919999981e-02 -7.675695975509999602e-01 -3.694159430210000039e-01
-5.595489583360000463e-01 -3.187678920070000088e-01 -2.369658277940000189e-03 3.482170050949999762e-01 -3.029691452579999847e-02 3.536102263299999993e-01 1.092418708030000046e-01 -2.531717224919999981e-02 -7.675695975509999602e-01 -3.694159430210000039e-01
-5.595489583360000463e-01 -3.187678920070000088e-01 -2.369658277940000189e-03 3.482170050949999762e-01 -3.029691452579999847e-02 3.536102263299999993e-01 1.092418708030000046e-01 -2.531717224919999981e-02 -7.675695975509999602e-01 -3.700887918040000057e-01
-5.595489583360000463e-01 -3.187678920070000088e-01 -2.369658277940000189e-03 3.482170050949999762e-01 -2.962406574289999997e-02 3.536102263299999993e-01 1.077458559279999978e-01 -2.531717224919999981e-02 -7.675695975509999602e-01 -3.700887918040000057e-01
-5.595489583360000463e-01 -3.187678920070000088e-01 -2.369658277940000189e-03 3.482170050949999762e-01 -3.029691452579999847e-02 3.536102263299999993e-01 1.077458559279999978e-01 -2.531717224919999981e-02 -7.675695975509999602e-01 -3.700887918040000057e-01
-5.595489583360000463e-01 -3.142798473819999883e-01 -1.781267518430000108e-03 3.498427322989999810e-01 -3.029691452579999847e-02 3.006545092740000036e-01 -1.016983192650000034e-01 -1.296078339919999947e-02 -4.960705014910000155e-01 -3.673973966719999984e-01
-5.595489583360000463e-01 -3.202639068829999935e-01 -2.369658277940000189e-03 3.482170050949999762e-01 -2.962406574289999997e-02 2.953589009879999949e-01 -1.510672751830000049e-01 -1.296078339919999947e-02 -3.757655514000000085e-01 -3.660516991059999947e-01
-5.595489583360000463e-01 -3.172718771320000020e-01 -2.369658277940000189e-03 3.482170050949999762e-01 -2.962406574289999997e-02 2.871213389039999897e-01 -1.256347897860000118e-01 -1.590282864699999951e-02 -2.603377829199999827e-01 -3.660516991059999947e-01
-5.595489583360000463e-01 -3.172718771320000020e-01 -2.369658277940000189e-03 3.482170050949999762e-01 -2.962406574289999997e-02 2.871213389039999897e-01 -1.241387749110000049e-01 -1.531443788750000076e-02 -2.603377829199999827e-01 -3.660516991059999947e-01
-5.595489583360000463e-01 -3.172718771320000020e-01 -2.369658277940000189e-03 3.482170050949999762e-01 -3.029691452579999847e-02 2.871213389039999897e-01 -1.256347897860000118e-01 -1.531443788750000076e-02 -2.603377829199999827e-01 -3.667245478889999966e-01
-5.595489583360000463e-01 -3.172718771320000020e-01 -2.369658277940000189e-03 3.482170050949999762e-01 -3.029691452579999847e-02 2.918285564309999747e-01 -4.484905645299999688e-02 -3.767346964900000067e-02 -3.692625162489999724e-01 -4.144972297860000099e-01
-5.595489583360000463e-01 -3.172718771320000020e-01 -2.369658277940000189e-03 3.482170050949999762e-01 -3.029691452579999847e-02 3.377234929230000238e-01 2.708131049529999834e-01 -3.590829737049999748e-02 -7.009141505229999902e-01 -4.293001121650000251e-01
-5.595489583360000463e-01 -3.172718771320000020e-01 -2.369658277940000189e-03 3.482170050949999762e-01 -3.029691452579999847e-02 3.565521801279999958e-01 4.368723837290000023e-01 -2.119834548249999867e-02 -7.659438703480000443e-01 -4.299729609480000270e-01
-5.595489583360000463e-01 -3.172718771320000020e-01 -1.781267518430000108e-03 3.465912778920000048e-01 -3.029691452579999847e-02 3.171296334400000028e-01 3.201820608720000183e-01 -2.296351776099999839e-02 -4.668071591549999844e-01 -1.145693944919999943e-02
-5.595489583360000463e-01 -3.172718771320000020e-01 -1.781267518430000108e-03 3.482170050949999762e-01 -2.962406574289999997e-02 2.094530270480000067e-01 2.902615308490000268e-01 2.337467798090000094e-03 -3.416249011160000237e-01 3.766154459139999661e-02
-5.595489583360000463e-01 -3.172718771320000020e-01 -1.781267518430000108e-03 3.482170050949999762e-01 -2.962406574289999997e-02 6.353074693799999617e-02 2.917575457239999781e-01 6.456294564839999868e-03 -3.416249011160000237e-01 3.766154459139999661e-02
