-5.601373490959999923e-01 -3.202639068829999935e-01 -1.781267518430000108e-03 3.287077733009999836e-01 -3.366115844059999751e-02 -5.601695853010000281e-01 3.171900311210000267e-01 4.691030836099999678e-03 -3.399991739120000189e-01 4.640857876969999712e-02
-5.560185680539999620e-01 -3.217599217580000004e-01 1.117792464679999986e-01 2.392922717659999865e-01 3.391007275099999774e-01 -5.601695853010000281e-01 3.171900311210000267e-01 4.102640076600000060e-03 -3.399991739120000189e-01 4.640857876969999712e-02
-4.454000535900000113e-01 -3.217599217580000004e-01 1.876823860459999882e-01 2.327893629530000119e-01 6.432313055599999663e-01 -5.601695853010000281e-01 3.186860459959999781e-01 4.102640076600000060e-03 -3.399991739120000189e-01 4.640857876969999712e-02
-2.706463061880000076e-01 -3.172718771320000020e-01 1.882707768059999898e-01 2.246602215819999970e-01 6.513055432440000292e-01 -5.601695853010000281e-01 3.186860459959999781e-01 4.691030836099999678e-03 -3.399991739120000189e-01 4.640857876969999712e-02
-8.059426186410000026e-02 -3.112878176309999967e-01 1.882707768059999898e-01 2.197830399719999939e-01 6.546698394469999682e-01 -5.601695853010000281e-01 3.186860459959999781e-01 4.102640076600000060e-03 -3.399991739120000189e-01 4.640857876969999712e-02
1.112230461890000022e-01 -2.873513471090000104e-01 1.876823860459999882e-01 2.132801311589999915e-01 6.553426882299999701e-01 -5.601695853010000281e-01 3.171900311210000267e-01 4.102640076600000060e-03 -3.399991739120000189e-01 4.640857876969999712e-02
2.753856227440000248e-01 -2.559345696940000248e-01 1.876823860459999882e-01 2.100286767519999875e-01 6.553426882299999701e-01 -5.601695853010000281e-01 3.171900311210000267e-01 4.102640076600000060e-03 -3.399991739120000189e-01 4.640857876969999712e-02
3.712943224959999733e-01 -2.574305845700000095e-01 2.012154649650000071e-01 2.165315855659999955e-01 6.553426882299999701e-01 -5.601695853010000281e-01 3.171900311210000267e-01 4.691030836099999678e-03 -3.399991739120000189e-01 4.640857876969999712e-02
4.136588229809999850e-01 -2.888473619849999952e-01 2.123950722959999926e-01 2.327893629530000119e-01 6.560155370129999719e-01 -5.601695853010000281e-01 3.171900311210000267e-01 4.102640076600000060e-03 -3.399991739120000189e-01 4.640857876969999712e-02
4.189543398159999987e-01 -2.903433768600000020e-01 2.135718538149999901e-01 2.344150901569999890e-01 6.553426882299999701e-01 -5.601695853010000281e-01 3.171900311210000267e-01 4.102640076600000060e-03 -3.399991739120000189e-01 4.640857876969999712e-02
4.213079028539999937e-01 -2.948314214860000004e-01 2.135718538149999901e-01 2.327893629530000119e-01 6.560155370129999719e-01 -5.601695853010000281e-01 3.171900311210000267e-01 4.691030836099999678e-03 -3.399991739120000189e-01 4.640857876969999712e-02
4.207195120950000256e-01 -2.948314214860000004e-01 2.135718538149999901e-01 2.327893629530000119e-01 6.560155370129999719e-01 -5.601695853010000281e-01 3.171900311210000267e-01 4.102640076600000060e-03 -3.399991739120000189e-01 4.640857876969999712e-02
4.218962936139999953e-01 -2.948314214860000004e-01 2.206325429290000029e-01 2.327893629530000119e-01 6.203541854970000546e-01 -5.601695853010000281e-01 3.171900311210000267e-01 4.691030836099999678e-03 -3.399991739120000189e-01 4.640857876969999712e-02
4.413133715779999910e-01 -7.042709754020000379e-02 3.624360877230000111e-01 2.311636357500000127e-01 2.126039013909999942e-01 -5.601695853010000281e-01 3.171900311210000267e-01 4.691030836099999678e-03 -3.399991739120000189e-01 4.640857876969999712e-02
4.419017623370000147e-01 3.080683861790000089e-01 3.953863360559999873e-01 2.344150901569999890e-01 1.883811360509999866e-01 -5.601695853010000281e-01 3.171900311210000267e-01 4.102640076600000060e-03 -3.399991739120000189e-01 4.640857876969999712e-02
4.424903359969999950e-01 4.696396203289999738e-01 3.930327730179999923e-01 2.392922717659999865e-01 1.883811360509999866e-01 -5.601695853010000281e-01 3.171900311210000267e-01 4.691030836099999678e-03 -3.399991739120000189e-01 4.640857876969999712e-02
4.424903359969999950e-01 4.696396203289999738e-01 3.918559914990000226e-01 2.392922717659999865e-01 1.890539848339999884e-01 -5.601695853010000281e-01 3.171900311210000267e-01 4.102640076600000060e-03 -3.399991739120000189e-01 4.640857876969999712e-02
4.424903359969999950e-01 4.696396203289999738e-01 3.918559914990000226e-01 2.409179989699999913e-01 1.883811360509999866e-01 -5.601695853010000281e-01 3.171900311210000267e-01 4.102640076600000060e-03 -3.399991739120000189e-01 4.640857876969999712e-02
4.424903359969999950e-01 4.696396203289999738e-01 3.918559914990000226e-01 2.409179989699999913e-01 1.883811360509999866e-01 -5.601695853010000281e-01 3.171900311210000267e-01 4.102640076600000060e-03 -3.399991739120000189e-01 4.640857876969999712e-02
4.424903359969999950e-01 4.696396203289999738e-01 3.918559914990000226e-01 2.409179989699999913e-01 1.883811360509999866e-01 -5.601695853010000281e-01 3.171900311210000267e-01 4.102640076600000060e-03 -3.399991739120000189e-01 4.640857876969999712e-02
4.424903359969999950e-01 4.696396203289999738e-01 3.918559914990000226e-01 2.425437261729999905e-01 1.883811360509999866e-01 -5.601695853010000281e-01 3.171900311210000267e-01 4.691030836099999678e-03 -3.399991739120000189e-01 4.640857876969999712e-02
4.419017623370000147e-01 4.696396203289999738e-01 3.918559914990000226e-01 2.409179989699999913e-01 1.890539848339999884e-01 -5.601695853010000281e-01 3.171900311210000267e-01 4.102640076600000060e-03 -3.399991739120000189e-01 4.640857876969999712e-02
4.424903359969999950e-01 4.696396203289999738e-01 3.912676007390000210e-01 2.425437261729999905e-01 1.883811360509999866e-01 -5.601695853010000281e-01 3.171900311210000267e-01 4.102640076600000060e-03 -3.399991739120000189e-01 4.640857876969999712e-02
4.424903359969999950e-01 4.127905900339999823e-01 3.859719924539999902e-01 2.474209077829999937e-01 1.877081826910000084e-01 -5.601695853010000281e-01 3.171900311210000267e-01 4.691030836099999678e-03 -3.399991739120000189e-01 4.640857876969999712e-02
4.424903359969999950e-01 4.083023128909999966e-01 3.859719924539999902e-01 2.474209077829999937e-01 1.870353339080000066e-01 -5.601695853010000281e-01 3.171900311210000267e-01 4.102640076600000060e-03 -3.399991739120000189e-01 4.640857876969999712e-02
4.424903359969999950e-01 4.083023128909999966e-01 3.859719924539999902e-01 2.474209077829999937e-01 1.877081826910000084e-01 -5.601695853010000281e-01 3.171900311210000267e-01 4.691030836099999678e-03 -3.399991739120000189e-01 4.640857876969999712e-02
4.424903359969999950e-01 4.083023128909999966e-01 3.859719924539999902e-01 2.474209077829999937e-01 1.870353339080000066e-01 -5.601695853010000281e-01 3.171900311210000267e-01 4.102640076600000060e-03 -3.399991739120000189e-01 4.640857876969999712e-02
4.424903359969999950e-01 4.083023128909999966e-01 3.859719924539999902e-01 2.474209077829999937e-01 1.877081826910000084e-01 -5.607579760599999963e-01 3.171900311210000267e-01 4.102640076600000060e-03 -3.399991739120000189e-01 4.640857876969999712e-02
4.424903359969999950e-01 4.083023128909999966e-01 3.859719924539999902e-01 2.474209077829999937e-01 1.870353339080000066e-01 -5.601695853010000281e-01 3.171900311210000267e-01 4.102640076600000060e-03 -3.399991739120000189e-01 4.640857876969999712e-02
4.401365900590000213e-01 3.349968864510000088e-01 3.377234929230000238e-01 2.571752710019999943e-01 3.909105021050000017e-01 -5.601695853010000281e-01 3.171900311210000267e-01 4.691030836099999678e-03 -3.399991739120000189e-01 4.640857876969999712e-02
4.065981338670000000e-01 2.831104681369999918e-02 2.347541040580000127e-01 3.222048644880000090e-01 6.445770031259999699e-01 -5.601695853010000281e-01 3.171900311210000267e-01 4.102640076600000060e-03 -3.399991739120000189e-01 4.640857876969999712e-02
4.142472137400000087e-01 -2.589265994450000163e-01 2.182789798910000079e-01 2.815616844059999901e-01 6.539969906639999664e-01 -5.601695853010000281e-01 3.171900311210000267e-01 4.691030836099999678e-03 -3.399991739120000189e-01 4.640857876969999712e-02
4.207195120950000256e-01 -2.918393917350000089e-01 2.171021983720000104e-01 2.701810886279999990e-01 6.539969906639999664e-01 -5.601695853010000281e-01 3.171900311210000267e-01 4.102640076600000060e-03 -3.399991739120000189e-01 4.640857876969999712e-02
4.171891675380000053e-01 -3.172718771320000020e-01 1.788564332029999870e-01 3.222048644880000090e-01 5.180801770070000423e-01 -5.601695853010000281e-01 3.171900311210000267e-01 4.691030836099999678e-03 -3.399991739120000189e-01 4.640857876969999712e-02
3.371672926429999939e-01 -3.172718771320000020e-01 4.705562277150000111e-02 3.384626418760000033e-01 2.555005734419999938e-02 -5.601695853010000281e-01 3.186860459959999781e-01 4.102640076600000060e-03 -3.399991739120000189e-01 4.640857876969999712e-02
2.536149817419999786e-01 -3.172718771320000020e-01 1.749077038590000042e-03 3.384626418760000033e-01 -2.693256603399999879e-02 -5.601695853010000281e-01 3.171900311210000267e-01 4.691030836099999678e-03 -3.399991739120000189e-01 4.708142755260000256e-02
8.768714145799999526e-02 -3.067995404880000110e-01 -7.076875804190000015e-03 3.400883690789999747e-01 -2.827836817699999963e-02 -5.601695853010000281e-01 3.171900311210000267e-01 4.102640076600000060e-03 -3.399991739120000189e-01 4.573572998670000223e-02
-8.765495097809999914e-02 -3.067995404880000110e-01 -5.900094285180000099e-03 3.400883690789999747e-01 -3.164261209170000227e-02 -5.601695853010000281e-01 3.171900311210000267e-01 4.102640076600000060e-03 -3.383734467089999920e-01 4.573572998670000223e-02
