-5.595489583360000463e-01 -3.202639068829999935e-01 -2.369658277940000189e-03 3.482170050949999762e-01 -3.231546087469999717e-02 -5.613463668200000534e-01 2.992376201010000236e-01 4.102640076600000060e-03 -3.399991739120000189e-01 4.506288120379999679e-02
-5.595489583360000463e-01 -3.217599217580000004e-01 -2.369658277940000189e-03 3.465912778920000048e-01 -3.231546087469999717e-02 -5.531087132859999755e-01 4.563208096240000122e-01 4.102640076600000060e-03 -6.066210883620000160e-01 -3.216432611230000127e-01
-5.595489583360000463e-01 -3.187678920070000088e-01 -2.369658277940000189e-03 3.482170050949999762e-01 -3.231546087469999717e-02 -4.242500395520000245e-01 4.787612652709999916e-01 3.514249317100000009e-03 -7.643181431440000395e-01 -4.286272633820000233e-01
-5.595489583360000463e-01 -3.172718771320000020e-01 -2.369658277940000189e-03 3.482170050949999762e-01 -3.231546087469999717e-02 -2.324327314990000115e-01 4.787612652709999916e-01 4.102640076600000060e-03 -7.626924159410000126e-01 -4.286272633820000233e-01
-5.601373490959999923e-01 -3.172718771320000020e-01 -2.958049037439999807e-03 3.482170050949999762e-01 -3.231546087469999717e-02 -6.473971893690000368e-02 4.787612652709999916e-01 4.102640076600000060e-03 -7.626924159410000126e-01 -4.286272633820000233e-01
-5.595489583360000463e-01 -3.172718771320000020e-01 -2.369658277940000189e-03 3.482170050949999762e-01 -3.231546087469999717e-02 1.211935900710000014e-01 4.383683986040000091e-01 4.102640076600000060e-03 -7.610666887379999856e-01 -4.286272633820000233e-01
-5.601373490959999923e-01 -3.172718771320000020e-01 -2.958049037439999807e-03 3.482170050949999762e-01 -3.298830965760000261e-02 2.488755737359999998e-01 4.413604283550000007e-01 3.514249317100000009e-03 -7.496864719760000240e-01 -4.286272633820000233e-01
-5.595489583360000463e-01 -3.172718771320000020e-01 -2.369658277940000189e-03 3.482170050949999762e-01 -3.231546087469999717e-02 3.394886652019999951e-01 4.518327649989999917e-01 -1.296078339919999947e-02 -7.513121991790000509e-01 -4.286272633820000233e-01
-5.595489583360000463e-01 -3.172718771320000020e-01 -2.369658277940000189e-03 3.482170050949999762e-01 -3.231546087469999717e-02 3.541986170900000008e-01 4.503365176060000197e-01 -1.884478244450000020e-02 -7.594409615349999587e-01 -3.747988378609999893e-01
-5.595489583360000463e-01 -3.172718771320000020e-01 -2.958049037439999807e-03 3.465912778920000048e-01 -3.231546087469999717e-02 3.518449626010000109e-01 1.002657815519999995e-01 -2.649395376830000065e-02 -7.887043038709999898e-01 -3.673973966719999984e-01
-5.595489583360000463e-01 -3.172718771320000020e-01 -2.958049037439999807e-03 3.465912778920000048e-01 -3.298830965760000261e-02 3.518449626010000109e-01 1.197142074469999956e-01 -2.649395376830000065e-02 -7.675695975509999602e-01 -3.673973966719999984e-01
-5.601373490959999923e-01 -3.172718771320000020e-01 -2.958049037439999807e-03 3.465912778920000048e-01 -3.231546087469999717e-02 3.518449626010000109e-01 1.182181925720000026e-01 -2.649395376830000065e-02 -7.675695975509999602e-01 -3.673973966719999984e-01
-5.595489583360000463e-01 -3.172718771320000020e-01 -2.369658277940000189e-03 3.465912778920000048e-01 -3.298830965760000261e-02 3.524333533610000124e-01 1.182181925720000026e-01 -2.649395376830000065e-02 -7.675695975509999602e-01 -3.680702454550000002e-01
-5.595489583360000463e-01 -3.172718771320000020e-01 -2.369658277940000189e-03 3.465912778920000048e-01 -3.298830965760000261e-02 3.518449626010000109e-01 1.182181925720000026e-01 -2.649395376830000065e-02 -7.675695975509999602e-01 -3.680702454550000002e-01
-5.595489583360000463e-01 -3.172718771320000020e-01 -2.958049037439999807e-03 3.465912778920000048e-01 -3.298830965760000261e-02 3.524333533610000124e-01 1.182181925720000026e-01 -2.649395376830000065e-02 -7.675695975509999602e-01 -3.680702454550000002e-01
-5.595489583360000463e-01 -3.187678920070000088e-01 -2.369658277940000189e-03 3.449655506889999779e-01 -3.231546087469999717e-02 3.106572436350000244e-01 -2.988890770020000143e-02 -1.237239263970000072e-02 -5.676032564670000502e-01 -3.660516991059999947e-01
-5.595489583360000463e-01 -3.142798473819999883e-01 -2.369658277940000189e-03 3.482170050949999762e-01 -3.231546087469999717e-02 2.882982118740000099e-01 -1.196504977680000054e-01 -1.590282864699999951e-02 -3.009814683559999815e-01 -3.647060015399999910e-01
-5.595489583360000463e-01 -3.172718771320000020e-01 -2.369658277940000189e-03 3.482170050949999762e-01 -3.298830965760000261e-02 2.871213389039999897e-01 -1.361068939129999877e-01 -1.590282864699999951e-02 -2.700923988169999790e-01 -3.647060015399999910e-01
-5.595489583360000463e-01 -3.172718771320000020e-01 -2.958049037439999807e-03 3.482170050949999762e-01 -3.231546087469999717e-02 2.871213389039999897e-01 -1.346108790380000086e-01 -1.531443788750000076e-02 -2.700923988169999790e-01 -3.647060015399999910e-01
-5.595489583360000463e-01 -3.172718771320000020e-01 -2.369658277940000189e-03 3.482170050949999762e-01 -3.231546087469999717e-02 2.871213389039999897e-01 -1.316188492879999949e-01 -1.590282864699999951e-02 -2.408288038030000078e-01 -3.653788503229999929e-01
-5.595489583360000463e-01 -3.172718771320000020e-01 -2.958049037439999807e-03 3.482170050949999762e-01 -3.231546087469999717e-02 2.971241647160000054e-01 -2.540063055719999838e-02 -3.826186040849999942e-02 -4.001517121270000144e-01 -4.158429273520000136e-01
-5.595489583360000463e-01 -3.172718771320000020e-01 -2.369658277940000189e-03 3.482170050949999762e-01 -3.231546087469999717e-02 3.530218355709999756e-01 3.770310911659999764e-01 -2.767073528730000162e-02 -7.545636535859999716e-01 -4.293001121650000251e-01
-5.595489583360000463e-01 -3.172718771320000020e-01 -2.369658277940000189e-03 3.482170050949999762e-01 -3.231546087469999717e-02 3.577289616470000211e-01 4.368723837290000023e-01 -2.119834548249999867e-02 -7.626924159410000126e-01 -4.023859516930000102e-01
-5.595489583360000463e-01 -3.172718771320000020e-01 -2.369658277940000189e-03 3.482170050949999762e-01 -3.231546087469999717e-02 3.024196815519999970e-01 2.887655159740000199e-01 -1.531443788750000076e-02 -4.082804744819999998e-01 1.949441829759999967e-02
-5.595489583360000463e-01 -3.157758622569999951e-01 -2.369658277940000189e-03 3.482170050949999762e-01 -3.231546087469999717e-02 2.112181993270000058e-01 2.902615308490000268e-01 1.749077038590000042e-03 -3.448763555220000221e-01 3.766154459139999661e-02
-5.595489583360000463e-01 -3.172718771320000020e-01 -2.958049037439999807e-03 3.482170050949999762e-01 -3.231546087469999717e-02 2.705015404789999980e-02 2.932535605989999850e-01 6.456294564839999868e-03 -3.416249011160000237e-01 3.833439337430000204e-02
