-5.583721768170000210e-01 -3.217599217580000004e-01 -2.369658277940000189e-03 3.482170050949999762e-01 -2.962406574289999997e-02 -5.619347575790000215e-01 3.201820608720000183e-01 4.102640076600000060e-03 -3.416249011160000237e-01 4.640857876969999712e-02
-5.542533957759999685e-01 -3.217599217580000004e-01 1.123676372280000002e-01 2.392922717659999865e-01 3.377549253670000251e-01 -5.619347575790000215e-01 3.201820608720000183e-01 4.102640076600000060e-03 -3.416249011160000237e-01 4.640857876969999712e-02
-4.465768351089999810e-01 -3.217599217580000004e-01 1.870939952869999923e-01 2.311636357500000127e-01 6.418855557060000327e-01 -5.619347575790000215e-01 3.201820608720000183e-01 4.691030836099999678e-03 -3.416249011160000237e-01 4.640857876969999712e-02
-2.894749933929999797e-01 -3.187678920070000088e-01 1.882707768059999898e-01 2.262859487849999962e-01 6.519783920270000310e-01 -5.619347575790000215e-01 3.201820608720000183e-01 4.102640076600000060e-03 -3.416249011160000237e-01 4.640857876969999712e-02
-9.177377774490000362e-02 -3.127838325060000035e-01 1.876823860459999882e-01 2.132801311589999915e-01 6.553426882299999701e-01 -5.619347575790000215e-01 3.186860459959999781e-01 4.102640076600000060e-03 -3.416249011160000237e-01 4.640857876969999712e-02
8.709875069849999651e-02 -2.948314214860000004e-01 1.882707768059999898e-01 2.132801311589999915e-01 6.560155370129999719e-01 -5.619347575790000215e-01 3.186860459959999781e-01 4.102640076600000060e-03 -3.416249011160000237e-01 4.573572998670000223e-02
2.747972319850000011e-01 -2.514465250690000042e-01 1.876823860459999882e-01 2.132801311589999915e-01 6.560155370129999719e-01 -5.619347575790000215e-01 3.186860459959999781e-01 4.102640076600000060e-03 -3.416249011160000237e-01 4.573572998670000223e-02
3.624682782029999828e-01 -2.514465250690000042e-01 1.982735111670000105e-01 2.132801311589999915e-01 6.560155370129999719e-01 -5.619347575790000215e-01 3.186860459959999781e-01 4.102640076600000060e-03 -3.416249011160000237e-01 4.573572998670000223e-02
4.213079028539999937e-01 -2.798710402160000110e-01 2.571131358190000271e-01 2.246602215819999970e-01 4.736717390240000047e-01 -5.625231483389999676e-01 3.186860459959999781e-01 4.102640076600000060e-03 -3.416249011160000237e-01 4.573572998670000223e-02
4.407249808179999895e-01 3.878315094060000301e-02 3.847952109350000205e-01 2.230344943789999979e-01 1.978010190120000067e-01 -5.619347575790000215e-01 3.186860459959999781e-01 4.102640076600000060e-03 -3.416249011160000237e-01 4.573572998670000223e-02
4.407249808179999895e-01 3.918461492629999876e-01 3.942095545370000176e-01 2.409179989699999913e-01 1.890539848339999884e-01 -5.619347575790000215e-01 3.186860459959999781e-01 4.102640076600000060e-03 -3.416249011160000237e-01 4.573572998670000223e-02
4.413133715779999910e-01 4.816079718480000271e-01 3.871487739730000155e-01 2.425437261729999905e-01 1.883811360509999866e-01 -5.619347575790000215e-01 3.186860459959999781e-01 4.102640076600000060e-03 -3.416249011160000237e-01 4.573572998670000223e-02
4.413133715779999910e-01 4.816079718480000271e-01 3.871487739730000155e-01 2.425437261729999905e-01 1.883811360509999866e-01 -5.619347575790000215e-01 3.186860459959999781e-01 4.102640076600000060e-03 -3.416249011160000237e-01 4.573572998670000223e-02
4.413133715779999910e-01 4.816079718480000271e-01 3.871487739730000155e-01 2.425437261729999905e-01 1.883811360509999866e-01 -5.619347575790000215e-01 3.186860459959999781e-01 4.102640076600000060e-03 -3.416249011160000237e-01 4.573572998670000223e-02
4.413133715779999910e-01 4.816079718480000271e-01 3.877371647319999837e-01 2.425437261729999905e-01 1.883811360509999866e-01 -5.619347575790000215e-01 3.186860459959999781e-01 4.102640076600000060e-03 -3.416249011160000237e-01 4.573572998670000223e-02
4.413133715779999910e-01 4.172786346599999807e-01 3.871487739730000155e-01 2.457951805789999888e-01 1.883811360509999866e-01 -5.619347575790000215e-01 3.186860459959999781e-01 4.102640076600000060e-03 -3.416249011160000237e-01 4.573572998670000223e-02
4.413133715779999910e-01 4.142866049089999891e-01 3.871487739730000155e-01 2.474209077829999937e-01 1.883811360509999866e-01 -5.619347575790000215e-01 3.186860459959999781e-01 4.102640076600000060e-03 -3.416249011160000237e-01 4.573572998670000223e-02
4.413133715779999910e-01 4.083023128909999966e-01 3.871487739730000155e-01 2.457951805789999888e-01 1.883811360509999866e-01 -5.625231483389999676e-01 3.186860459959999781e-01 4.102640076600000060e-03 -3.416249011160000237e-01 4.573572998670000223e-02
4.413133715779999910e-01 4.083023128909999966e-01 3.871487739730000155e-01 2.457951805789999888e-01 1.883811360509999866e-01 -5.625231483389999676e-01 3.186860459959999781e-01 4.102640076600000060e-03 -3.416249011160000237e-01 4.573572998670000223e-02
4.413133715779999910e-01 4.083023128909999966e-01 3.877371647319999837e-01 2.457951805789999888e-01 1.883811360509999866e-01 -5.619347575790000215e-01 3.186860459959999781e-01 4.102640076600000060e-03 -3.416249011160000237e-01 4.573572998670000223e-02
4.407249808179999895e-01 3.394851635939999945e-01 3.406654467210000203e-01 2.588009982059999992e-01 3.895648045389999981e-01 -5.619347575790000215e-01 3.186860459959999781e-01 4.102640076600000060e-03 -3.416249011160000237e-01 4.573572998670000223e-02
4.077749153860000253e-01 -3.751430524990000126e-02 2.318121502599999884e-01 3.222048644880000090e-01 6.479412470409999791e-01 -5.619347575790000215e-01 3.186860459959999781e-01 4.102640076600000060e-03 -3.416249011160000237e-01 4.573572998670000223e-02
4.130704322209999835e-01 -2.634148765880000020e-01 2.047459009719999889e-01 3.157019556749999789e-01 6.163170405110000027e-01 -5.619347575790000215e-01 3.186860459959999781e-01 4.102640076600000060e-03 -3.416249011160000237e-01 4.573572998670000223e-02
3.542308075699999725e-01 -3.187678920070000088e-01 7.117991826179999315e-02 3.482170050949999762e-01 1.036013527830000058e-01 -5.619347575790000215e-01 3.186860459959999781e-01 4.102640076600000060e-03 -3.416249011160000237e-01 4.506288120379999679e-02
2.859767478649999917e-01 -3.187678920070000088e-01 9.986639121859999801e-03 3.465912778920000048e-01 -2.625971725110000030e-02 -5.619347575790000215e-01 3.186860459959999781e-01 4.691030836099999678e-03 -3.416249011160000237e-01 4.506288120379999679e-02
1.471152483189999971e-01 -3.067995404880000110e-01 -7.076875804190000015e-03 3.433398234860000064e-01 -2.760551939400000127e-02 -5.619347575790000215e-01 3.186860459959999781e-01 4.102640076600000060e-03 -3.416249011160000237e-01 4.506288120379999679e-02
