-5.595489583360000463e-01 -3.202639068829999935e-01 -2.958049037439999807e-03 3.482170050949999762e-01 -3.231546087469999717e-02 -5.584044130219999458e-01 2.827812239549999940e-01 4.691030836099999678e-03 -3.416249011160000237e-01 4.573572998670000223e-02
-5.595489583360000463e-01 -3.217599217580000004e-01 -2.958049037439999807e-03 3.465912778920000048e-01 -3.298830965760000261e-02 -5.513435410079999821e-01 4.563208096240000122e-01 4.102640076600000060e-03 -6.375101579020000520e-01 -3.411560849829999853e-01
-5.595489583360000463e-01 -3.187678920070000088e-01 -2.958049037439999807e-03 3.482170050949999762e-01 -3.231546087469999717e-02 -4.260152118309999958e-01 4.817532950210000053e-01 4.102640076600000060e-03 -7.496864719760000240e-01 -4.272815658169999975e-01
-5.595489583360000463e-01 -3.187678920070000088e-01 -2.958049037439999807e-03 3.482170050949999762e-01 -3.298830965760000261e-02 -2.542033725010000023e-01 4.817532950210000053e-01 4.102640076600000060e-03 -7.496864719760000240e-01 -4.279544145999999993e-01
-5.595489583360000463e-01 -3.187678920070000088e-01 -2.958049037439999807e-03 3.482170050949999762e-01 -3.298830965760000261e-02 -6.120928292959999795e-02 4.802572801459999985e-01 4.691030836099999678e-03 -7.496864719760000240e-01 -4.279544145999999993e-01
-5.595489583360000463e-01 -3.187678920070000088e-01 -2.958049037439999807e-03 3.482170050949999762e-01 -3.298830965760000261e-02 1.070720289420000054e-01 4.428564432300000075e-01 4.691030836099999678e-03 -7.480607447729999970e-01 -4.279544145999999993e-01
-5.601373490959999923e-01 -3.187678920070000088e-01 -2.958049037439999807e-03 3.482170050949999762e-01 -3.231546087469999717e-02 2.559363543000000019e-01 4.413604283550000007e-01 2.337467798090000094e-03 -7.415577096209999830e-01 -4.279544145999999993e-01
-5.595489583360000463e-01 -3.187678920070000088e-01 -2.958049037439999807e-03 3.482170050949999762e-01 -3.231546087469999717e-02 3.336046661559999849e-01 4.458484729800000212e-01 -1.060722036119999927e-02 -7.513121991790000509e-01 -4.279544145999999993e-01
-5.595489583360000463e-01 -3.187678920070000088e-01 -2.958049037439999807e-03 3.482170050949999762e-01 -3.231546087469999717e-02 3.541986170900000008e-01 4.533287798739999985e-01 -1.531443788750000076e-02 -7.578152343309999539e-01 -4.279544145999999993e-01
-5.601373490959999923e-01 -3.187678920070000088e-01 -2.958049037439999807e-03 3.482170050949999762e-01 -3.231546087469999717e-02 3.547870078490000245e-01 4.533287798739999985e-01 -1.590282864699999951e-02 -7.578152343309999539e-01 -4.279544145999999993e-01
-5.595489583360000463e-01 -3.187678920070000088e-01 -2.958049037439999807e-03 3.482170050949999762e-01 -3.298830965760000261e-02 3.541986170900000008e-01 4.533287798739999985e-01 -1.531443788750000076e-02 -7.578152343309999539e-01 -4.279544145999999993e-01
-5.601373490959999923e-01 -3.187678920070000088e-01 -2.958049037439999807e-03 3.482170050949999762e-01 -3.231546087469999717e-02 3.541986170900000008e-01 4.533287798739999985e-01 -1.531443788750000076e-02 -7.578152343309999539e-01 -4.279544145999999993e-01
-5.601373490959999923e-01 -3.187678920070000088e-01 -2.958049037439999807e-03 3.482170050949999762e-01 -3.298830965760000261e-02 3.541986170900000008e-01 4.533287798739999985e-01 -1.531443788750000076e-02 -7.578152343309999539e-01 -3.848916741830000210e-01
-5.595489583360000463e-01 -3.217599217580000004e-01 -2.958049037439999807e-03 3.465912778920000048e-01 -3.298830965760000261e-02 3.541986170900000008e-01 2.393965600550000128e-01 -2.472878148970000106e-02 -7.626924159410000126e-01 -3.673973966719999984e-01
-5.601373490959999923e-01 -3.202639068829999935e-01 -2.958049037439999807e-03 3.465912778920000048e-01 -3.231546087469999717e-02 3.530218355709999756e-01 1.197142074469999956e-01 -2.531717224919999981e-02 -7.659438703480000443e-01 -3.673973966719999984e-01
-5.595489583360000463e-01 -3.187678920070000088e-01 -2.958049037439999807e-03 3.482170050949999762e-01 -3.231546087469999717e-02 3.530218355709999756e-01 1.197142074469999956e-01 -2.531717224919999981e-02 -7.659438703480000443e-01 -3.673973966719999984e-01
-5.595489583360000463e-01 -3.187678920070000088e-01 -2.958049037439999807e-03 3.465912778920000048e-01 -3.231546087469999717e-02 3.530218355709999756e-01 1.002657815519999995e-01 -2.531717224919999981e-02 -7.675695975509999602e-01 -3.673973966719999984e-01
-5.595489583360000463e-01 -3.187678920070000088e-01 -2.958049037439999807e-03 3.482170050949999762e-01 -3.298830965760000261e-02 3.530218355709999756e-01 1.002657815519999995e-01 -2.531717224919999981e-02 -7.675695975509999602e-01 -3.680702454550000002e-01
-5.595489583360000463e-01 -3.187678920070000088e-01 -2.958049037439999807e-03 3.465912778920000048e-01 -3.298830965760000261e-02 3.530218355709999756e-01 1.002657815519999995e-01 -2.531717224919999981e-02 -7.675695975509999602e-01 -3.680702454550000002e-01
-5.595489583360000463e-01 -3.187678920070000088e-01 -2.958049037439999807e-03 3.482170050949999762e-01 -3.231546087469999717e-02 3.530218355709999756e-01 1.002657815519999995e-01 -2.531717224919999981e-02 -7.675695975509999602e-01 -3.680702454550000002e-01
-5.601373490959999923e-01 -3.187678920070000088e-01 -2.958049037439999807e-03 3.465912778920000048e-01 -3.231546087469999717e-02 3.530218355709999756e-01 1.002657815519999995e-01 -2.531717224919999981e-02 -7.675695975509999602e-01 -3.680702454550000002e-01
-5.595489583360000463e-01 -3.187678920070000088e-01 -2.958049037439999807e-03 3.465912778920000048e-01 -3.231546087469999717e-02 3.530218355709999756e-01 1.002657815519999995e-01 -2.531717224919999981e-02 -7.675695975509999602e-01 -3.680702454550000002e-01
-5.601373490959999923e-01 -3.187678920070000088e-01 -2.958049037439999807e-03 3.482170050949999762e-01 -3.298830965760000261e-02 3.489030088039999922e-01 9.278547465820000117e-02 -2.355190852050000061e-02 -7.626924159410000126e-01 -3.673973966719999984e-01
-5.595489583360000463e-01 -3.172718771320000020e-01 -2.958049037439999807e-03 3.498427322989999810e-01 -3.298830965760000261e-02 2.965357739569999818e-01 -1.540593049339999965e-01 -1.237239263970000072e-02 -4.619299775449999812e-01 -3.653788503229999929e-01
-5.595489583360000463e-01 -3.187678920070000088e-01 -2.958049037439999807e-03 3.482170050949999762e-01 -3.231546087469999717e-02 2.865329481450000215e-01 -1.361068939129999877e-01 -1.590282864699999951e-02 -2.749695804269999821e-01 -3.647060015399999910e-01
-5.595489583360000463e-01 -3.187678920070000088e-01 -2.958049037439999807e-03 3.482170050949999762e-01 -3.298830965760000261e-02 2.865329481450000215e-01 -1.331148641630000018e-01 -1.590282864699999951e-02 -2.700923988169999790e-01 -3.647060015399999910e-01
-5.595489583360000463e-01 -3.172718771320000020e-01 -2.958049037439999807e-03 3.482170050949999762e-01 -3.231546087469999717e-02 2.865329481450000215e-01 -1.331148641630000018e-01 -1.590282864699999951e-02 -2.700923988169999790e-01 -3.647060015399999910e-01
-5.595489583360000463e-01 -3.187678920070000088e-01 -2.958049037439999807e-03 3.482170050949999762e-01 -3.231546087469999717e-02 2.865329481450000215e-01 -1.331148641630000018e-01 -1.649121940650000173e-02 -2.700923988169999790e-01 -3.653788503229999929e-01
-5.595489583360000463e-01 -3.187678920070000088e-01 -2.958049037439999807e-03 3.482170050949999762e-01 -3.298830965760000261e-02 2.865329481450000215e-01 -1.331148641630000018e-01 -1.649121940650000173e-02 -2.700923988169999790e-01 -3.653788503229999929e-01
-5.595489583360000463e-01 -3.187678920070000088e-01 -2.958049037439999807e-03 3.482170050949999762e-01 -3.298830965760000261e-02 2.882982118740000099e-01 -5.532139309700000174e-02 -3.649668813000000317e-02 -3.465023354030000169e-01 -4.151700785690000117e-01
-5.595489583360000463e-01 -3.187678920070000088e-01 -2.958049037439999807e-03 3.482170050949999762e-01 -3.231546087469999717e-02 3.441958827280000022e-01 2.962455903499999765e-01 -3.296634357299999679e-02 -7.171716752329999611e-01 -4.272815658169999975e-01
-5.595489583360000463e-01 -3.187678920070000088e-01 -2.958049037439999807e-03 3.482170050949999762e-01 -3.298830965760000261e-02 3.547870078490000245e-01 4.398644134790000160e-01 -2.355190852050000061e-02 -7.626924159410000126e-01 -4.266087170339999957e-01
-5.595489583360000463e-01 -3.187678920070000088e-01 -2.958049037439999807e-03 3.482170050949999762e-01 -3.298830965760000261e-02 3.553753986090000261e-01 4.563208096240000122e-01 -2.237512700149999964e-02 -7.626924159410000126e-01 -4.266087170339999957e-01
-5.595489583360000463e-01 -3.187678920070000088e-01 -2.958049037439999807e-03 3.482170050949999762e-01 -3.231546087469999717e-02 3.524333533610000124e-01 4.204159875840000060e-01 -2.237512700149999964e-02 -6.846567521519999477e-01 -2.954018448569999955e-01
-5.595489583360000463e-01 -3.187678920070000088e-01 -2.958049037439999807e-03 3.482170050949999762e-01 -3.231546087469999717e-02 2.912401656709999731e-01 2.887655159740000199e-01 -1.001882960170000052e-02 -3.757655514000000085e-01 2.824155705300000069e-02
-5.601373490959999923e-01 -3.187678920070000088e-01 -2.958049037439999807e-03 3.465912778920000048e-01 -3.298830965760000261e-02 1.735608249180000118e-01 2.947495754750000252e-01 5.867903805340000251e-03 -3.334962650989999888e-01 3.766154459139999661e-02
-5.595489583360000463e-01 -3.187678920070000088e-01 -2.958049037439999807e-03 3.465912778920000048e-01 -3.298830965760000261e-02 -1.060722036119999927e-02 2.977416052249999834e-01 6.456294564839999868e-03 -3.351219923020000158e-01 3.766154459139999661e-02
-5.601373490959999923e-01 -3.187678920070000088e-01 -2.958049037439999807e-03 3.465912778920000048e-01 -3.298830965760000261e-02 -2.012476554450000066e-01 2.992376201010000236e-01 6.456294564839999868e-03 -3.351219923020000158e-01 3.900724215729999694e-02
