-5.595489583360000463e-01 -3.202639068829999935e-01 -2.369658277940000189e-03 3.465912778920000048e-01 -2.962406574289999997e-02 -5.625231483389999676e-01 3.216780757470000252e-01 4.102640076600000060e-03 -3.416249011160000237e-01 4.640857876969999712e-02
-5.595489583360000463e-01 -3.202639068829999935e-01 -2.369658277940000189e-03 3.482170050949999762e-01 -2.895121695990000160e-02 -5.507551502480000361e-01 2.079797826399999994e-01 3.705288840970000219e-02 -1.969339166369999949e-01 -1.884179471749999890e-01
-5.595489583360000463e-01 -3.187678920070000088e-01 -2.369658277940000189e-03 3.482170050949999762e-01 -2.962406574289999997e-02 -3.624682782029999828e-01 -2.183884096050000001e-01 2.159254168530000129e-01 2.273851789340000096e-01 -5.988596787009999867e-01
-5.595489583360000463e-01 -3.202639068829999935e-01 -1.781267518430000108e-03 3.465912778920000048e-01 -2.962406574289999997e-02 -1.977173108879999863e-01 -4.442889809430000114e-01 3.671433052490000182e-01 2.680286116930000184e-01 -6.096252592290000161e-01
-5.595489583360000463e-01 -3.202639068829999935e-01 -2.369658277940000189e-03 3.482170050949999762e-01 -2.962406574289999997e-02 -8.003797013419999828e-02 -4.637374068389999993e-01 4.501072253910000098e-01 2.729057933030000216e-01 -6.102981080110000400e-01
-5.595489583360000463e-01 -3.202639068829999935e-01 -2.369658277940000189e-03 3.465912778920000048e-01 -2.962406574289999997e-02 -6.709328197489999868e-02 -4.652334217140000061e-01 4.536375699479999746e-01 2.794089547929999862e-01 -6.102981080110000400e-01
-5.595489583360000463e-01 -3.202639068829999935e-01 -2.369658277940000189e-03 3.465912778920000048e-01 -2.962406574289999997e-02 -6.709328197489999868e-02 -4.652334217140000061e-01 4.536375699479999746e-01 2.794089547929999862e-01 -6.102981080110000400e-01
-5.589605675769999671e-01 -3.202639068829999935e-01 -2.369658277940000189e-03 3.465912778920000048e-01 -2.962406574289999997e-02 -6.709328197489999868e-02 -4.652334217140000061e-01 4.542259607069999983e-01 2.794089547929999862e-01 -6.102981080110000400e-01
-5.595489583360000463e-01 -3.202639068829999935e-01 -2.369658277940000189e-03 3.465912778920000048e-01 -2.962406574289999997e-02 -6.709328197489999868e-02 -4.652334217140000061e-01 4.542259607069999983e-01 2.794089547929999862e-01 -6.365396288550000392e-01
-5.589605675769999671e-01 -3.202639068829999935e-01 -2.369658277940000189e-03 3.465912778920000048e-01 -2.895121695990000160e-02 -8.474518766039999818e-02 -4.697214663400000045e-01 4.542259607069999983e-01 6.155923545769999977e-02 -6.533608484280000184e-01
-5.595489583360000463e-01 -3.202639068829999935e-01 -1.781267518430000108e-03 3.465912778920000048e-01 -2.962406574289999997e-02 -8.474518766039999818e-02 -4.697214663400000045e-01 4.542259607069999983e-01 -3.708882434519999993e-01 -6.540336972110000202e-01
-5.589605675769999671e-01 -3.202639068829999935e-01 -2.369658277940000189e-03 3.465912778920000048e-01 -2.895121695990000160e-02 -9.592470354120000153e-02 -4.697214663400000045e-01 4.548143971920000084e-01 -7.334290736049999815e-01 -6.553793947770000239e-01
-5.595489583360000463e-01 -3.202639068829999935e-01 -2.369658277940000189e-03 3.465912778920000048e-01 -2.895121695990000160e-02 -9.710148506019999903e-02 -4.697214663400000045e-01 4.554027879520000099e-01 -7.415577096209999830e-01 -6.553793947770000239e-01
-5.595489583360000463e-01 -3.187678920070000088e-01 -2.369658277940000189e-03 3.465912778920000048e-01 -2.962406574289999997e-02 -9.710148506019999903e-02 -4.712174812150000114e-01 4.554027879520000099e-01 -7.415577096209999830e-01 -6.553793947770000239e-01
-5.595489583360000463e-01 -3.202639068829999935e-01 -2.369658277940000189e-03 3.482170050949999762e-01 -2.962406574289999997e-02 -9.768987581969999778e-02 -4.697214663400000045e-01 4.554027879520000099e-01 -7.415577096209999830e-01 -6.553793947770000239e-01
-5.595489583360000463e-01 -3.202639068829999935e-01 -1.781267518430000108e-03 3.465912778920000048e-01 -2.962406574289999997e-02 -9.710148506019999903e-02 -4.697214663400000045e-01 4.554027879520000099e-01 -6.797795705420000001e-01 -6.553793947770000239e-01
-5.595489583360000463e-01 -3.202639068829999935e-01 -2.369658277940000189e-03 3.482170050949999762e-01 -2.962406574289999997e-02 -9.710148506019999903e-02 -4.712174812150000114e-01 4.554027879520000099e-01 -3.806428593489999956e-01 -6.553793947770000239e-01
-5.595489583360000463e-01 -3.202639068829999935e-01 -2.369658277940000189e-03 3.482170050949999762e-01 -2.962406574289999997e-02 -9.710148506019999903e-02 -4.712174812150000114e-01 4.554027879520000099e-01 -3.546309714190000184e-01 -6.553793947770000239e-01
-5.595489583360000463e-01 -3.202639068829999935e-01 -2.369658277940000189e-03 3.465912778920000048e-01 -2.962406574289999997e-02 -9.710148506019999903e-02 -4.712174812150000114e-01 4.554027879520000099e-01 -3.546309714190000184e-01 -6.553793947770000239e-01
-5.595489583360000463e-01 -3.202639068829999935e-01 -2.369658277940000189e-03 3.465912778920000048e-01 -2.962406574289999997e-02 -9.710148506019999903e-02 -4.697214663400000045e-01 4.554027879520000099e-01 -3.546309714190000184e-01 -6.553793947770000239e-01
-5.595489583360000463e-01 -3.187678920070000088e-01 -2.369658277940000189e-03 3.482170050949999762e-01 -2.962406574289999997e-02 -7.003523577240000630e-02 -4.757055258410000098e-01 4.559911787109999781e-01 -2.830982164429999837e-01 -6.244281416079999758e-01
-5.595489583360000463e-01 -3.202639068829999935e-01 -2.369658277940000189e-03 3.465912778920000048e-01 -2.962406574289999997e-02 -7.003523577240000630e-02 -4.757055258410000098e-01 4.559911787109999781e-01 1.152087385209999981e-01 -6.183725025609999593e-01
-5.595489583360000463e-01 -3.187678920070000088e-01 -2.369658277940000189e-03 3.482170050949999762e-01 -2.962406574289999997e-02 -6.709328197489999868e-02 -4.757055258410000098e-01 4.559911787109999781e-01 2.680286116930000184e-01 -6.076067128800000106e-01
-5.595489583360000463e-01 -3.202639068829999935e-01 -2.369658277940000189e-03 3.465912778920000048e-01 -2.962406574289999997e-02 -1.400544677549999950e-01 -2.408288652510000016e-01 3.759692580919999916e-01 6.284005191569999940e-03 -1.514108458039999938e-01
-5.589605675769999671e-01 -3.202639068829999935e-01 -2.369658277940000189e-03 3.465912778920000048e-01 -2.962406574289999997e-02 -3.165734331599999729e-01 1.107378856790000032e-01 1.970967296480000130e-01 -3.399991739120000189e-01 3.766154459139999661e-02
-5.595489583360000463e-01 -3.277439812590000057e-01 -2.369658277940000189e-03 3.384626418760000033e-01 -2.962406574289999997e-02 -5.013299606490000393e-01 2.753011495789999818e-01 3.528771613119999900e-02 -3.481280626059999883e-01 4.506288120379999679e-02
