-5.595489583360000463e-01 -3.217599217580000004e-01 -2.958049037439999807e-03 3.465912778920000048e-01 -3.231546087469999717e-02 -5.584044130219999458e-01 3.141980013699999796e-01 4.102640076600000060e-03 -3.432506283189999952e-01 4.439003242080000189e-02
-5.595489583360000463e-01 -3.202639068829999935e-01 -2.958049037439999807e-03 3.465912778920000048e-01 -3.298830965760000261e-02 -5.578160222629999776e-01 3.156940162460000199e-01 -5.297181229660000157e-02 -2.522091469030000033e-01 -1.298794755959999936e-01
-5.595489583360000463e-01 -3.202639068829999935e-01 -2.958049037439999807e-03 3.465912778920000048e-01 -3.231546087469999717e-02 -4.930923071150000170e-01 3.156940162460000199e-01 -1.800654052020000118e-01 -2.359516221930000046e-01 -6.049153177480000032e-01
-5.595489583360000463e-01 -3.202639068829999935e-01 -2.958049037439999807e-03 3.465912778920000048e-01 -3.231546087469999717e-02 -3.442279817580000123e-01 3.141980013699999796e-01 -1.859494042469999886e-01 -2.294487133800000023e-01 -6.513423020799999907e-01
-5.595489583360000463e-01 -3.202639068829999935e-01 -2.958049037439999807e-03 3.465912778920000048e-01 -3.298830965760000261e-02 -1.571179826809999958e-01 3.141980013699999796e-01 -1.859494042469999886e-01 -2.261972589729999983e-01 -6.540336972110000202e-01
-5.595489583360000463e-01 -3.202639068829999935e-01 -2.958049037439999807e-03 3.482170050949999762e-01 -3.298830965760000261e-02 4.646723201200000236e-02 3.037256647259999887e-01 -1.859494042469999886e-01 -2.131911886700000036e-01 -6.567250923430000276e-01
-5.595489583360000463e-01 -3.187678920070000088e-01 -2.958049037439999807e-03 3.482170050949999762e-01 -3.231546087469999717e-02 2.247513696959999863e-01 2.603410008259999797e-01 -1.859494042469999886e-01 -2.115654614670000044e-01 -6.567250923430000276e-01
-5.601373490959999923e-01 -3.202639068829999935e-01 -2.958049037439999807e-03 3.482170050949999762e-01 -3.298830965760000261e-02 3.418422282399999901e-01 2.588447534339999856e-01 -1.930100933620000070e-01 -2.164426430760000020e-01 -6.567250923430000276e-01
-5.601373490959999923e-01 -3.202639068829999935e-01 -2.958049037439999807e-03 3.465912778920000048e-01 -3.231546087469999717e-02 4.059774611770000097e-01 2.827812239549999940e-01 -2.077200452500000127e-01 -2.310744405830000014e-01 -6.567250923430000276e-01
-5.601373490959999923e-01 -3.202639068829999935e-01 -2.958049037439999807e-03 3.465912778920000048e-01 -3.298830965760000261e-02 4.195106315459999902e-01 3.052216796019999734e-01 -2.118387805660000012e-01 -2.359516221930000046e-01 -6.567250923430000276e-01
-5.601373490959999923e-01 -3.202639068829999935e-01 -2.958049037439999807e-03 3.482170050949999762e-01 -3.231546087469999717e-02 4.195106315459999902e-01 3.052216796019999734e-01 -2.118387805660000012e-01 -2.359516221930000046e-01 -6.567250923430000276e-01
-5.595489583360000463e-01 -3.202639068829999935e-01 -2.958049037439999807e-03 3.482170050949999762e-01 -3.231546087469999717e-02 4.195106315459999902e-01 3.052216796019999734e-01 -2.118387805660000012e-01 -2.359516221930000046e-01 -6.567250923430000276e-01
-5.595489583360000463e-01 -3.202639068829999935e-01 -2.958049037439999807e-03 3.465912778920000048e-01 -3.298830965760000261e-02 4.195106315459999902e-01 3.052216796019999734e-01 -2.118387805660000012e-01 -2.375773493960000038e-01 -6.567250923430000276e-01
-5.595489583360000463e-01 -3.202639068829999935e-01 -2.958049037439999807e-03 3.465912778920000048e-01 -3.298830965760000261e-02 4.389276637849999774e-01 1.975076785129999957e-01 -2.948027007080000206e-01 -2.359516221930000046e-01 -3.351003413590000202e-01
-5.601373490959999923e-01 -3.202639068829999935e-01 -2.958049037439999807e-03 3.465912778920000048e-01 -3.231546087469999717e-02 4.418696633079999825e-01 -1.764997605799999980e-01 -3.907114004600000245e-01 -2.343258949900000054e-01 -1.870721450320000090e-01
-5.601373490959999923e-01 -3.202639068829999935e-01 -2.958049037439999807e-03 3.482170050949999762e-01 -3.231546087469999717e-02 4.418696633079999825e-01 -4.592493622130000008e-01 -3.912997912189999927e-01 -2.424547836840000026e-01 -1.863992962490000072e-01
-5.595489583360000463e-01 -3.202639068829999935e-01 -2.958049037439999807e-03 3.465912778920000048e-01 -3.298830965760000261e-02 4.418696633079999825e-01 -4.622413919630000145e-01 -3.912997912189999927e-01 -2.440805108870000018e-01 -1.863992962490000072e-01
-5.601373490959999923e-01 -3.202639068829999935e-01 -2.958049037439999807e-03 3.465912778920000048e-01 -3.298830965760000261e-02 4.418696633079999825e-01 -4.622413919630000145e-01 -3.907114004600000245e-01 -2.440805108870000018e-01 -1.863992962490000072e-01
-5.601373490959999923e-01 -3.202639068829999935e-01 -2.958049037439999807e-03 3.465912778920000048e-01 -3.298830965760000261e-02 4.418696633079999825e-01 -4.622413919630000145e-01 -3.907114004600000245e-01 -2.440805108870000018e-01 -1.884179471749999890e-01
-5.601373490959999923e-01 -3.202639068829999935e-01 -2.958049037439999807e-03 3.465912778920000048e-01 -3.298830965760000261e-02 4.418696633079999825e-01 -4.622413919630000145e-01 -3.907114004600000245e-01 -2.440805108870000018e-01 -1.884179471749999890e-01
-5.595489583360000463e-01 -3.202639068829999935e-01 -2.958049037439999807e-03 3.465912778920000048e-01 -3.298830965760000261e-02 4.418696633079999825e-01 -4.622413919630000145e-01 -3.907114004600000245e-01 -2.440805108870000018e-01 -1.884179471749999890e-01
-5.595489583360000463e-01 -3.187678920070000088e-01 -2.958049037439999807e-03 3.465912778920000048e-01 -3.231546087469999717e-02 4.418696633079999825e-01 -4.622413919630000145e-01 -3.912997912189999927e-01 -2.440805108870000018e-01 -1.877449938150000108e-01
-5.595489583360000463e-01 -3.202639068829999935e-01 -2.958049037439999807e-03 3.465912778920000048e-01 -3.231546087469999717e-02 4.418696633079999825e-01 -4.622413919630000145e-01 -3.912997912189999927e-01 -2.440805108870000018e-01 -1.884179471749999890e-01
-5.595489583360000463e-01 -3.202639068829999935e-01 -2.958049037439999807e-03 3.465912778920000048e-01 -3.298830965760000261e-02 4.418696633079999825e-01 -4.098801737769999787e-01 -3.907114004600000245e-01 -2.522091469030000033e-01 -1.863992962490000072e-01
-5.595489583360000463e-01 -3.202639068829999935e-01 -2.958049037439999807e-03 3.465912778920000048e-01 -3.298830965760000261e-02 4.418696633079999825e-01 -4.068881440270000205e-01 -3.907114004600000245e-01 -2.522091469030000033e-01 -1.863992962490000072e-01
-5.595489583360000463e-01 -3.202639068829999935e-01 -2.958049037439999807e-03 3.465912778920000048e-01 -3.231546087469999717e-02 4.418696633079999825e-01 -4.068881440270000205e-01 -3.912997912189999927e-01 -2.522091469030000033e-01 -1.863992962490000072e-01
-5.595489583360000463e-01 -3.202639068829999935e-01 -2.958049037439999807e-03 3.482170050949999762e-01 -3.298830965760000261e-02 4.418696633079999825e-01 -4.068881440270000205e-01 -3.907114004600000245e-01 -2.522091469030000033e-01 -1.884179471749999890e-01
-5.601373490959999923e-01 -3.202639068829999935e-01 -2.958049037439999807e-03 3.465912778920000048e-01 -3.231546087469999717e-02 4.418696633079999825e-01 -4.068881440270000205e-01 -3.912997912189999927e-01 -2.522091469030000033e-01 -1.884179471749999890e-01
-5.601373490959999923e-01 -3.202639068829999935e-01 -2.958049037439999807e-03 3.465912778920000048e-01 -3.231546087469999717e-02 4.418696633079999825e-01 -4.083841589020000273e-01 -3.907114004600000245e-01 -2.522091469030000033e-01 -1.877449938150000108e-01
-5.601373490959999923e-01 -3.202639068829999935e-01 -2.958049037439999807e-03 3.465912778920000048e-01 -3.298830965760000261e-02 4.418696633079999825e-01 -4.053921291520000136e-01 -3.907114004600000245e-01 -2.522091469030000033e-01 -1.877449938150000108e-01
-5.601373490959999923e-01 -3.202639068829999935e-01 -2.958049037439999807e-03 3.465912778920000048e-01 -3.298830965760000261e-02 4.153918047790000068e-01 -1.764997605799999980e-01 -2.665596699009999959e-01 -3.042329227630000132e-01 -5.988596787009999867e-01
-5.595489583360000463e-01 -3.202639068829999935e-01 -2.958049037439999807e-03 3.465912778920000048e-01 -3.298830965760000261e-02 4.112730694630000183e-01 1.900276041370000113e-01 -2.259603416950000110e-01 -3.188644675919999893e-01 -6.533608484280000184e-01
-5.595489583360000463e-01 -3.202639068829999935e-01 -2.958049037439999807e-03 3.465912778920000048e-01 -3.298830965760000261e-02 4.195106315459999902e-01 2.857734862229999728e-01 -2.183111703710000073e-01 -2.700923988169999790e-01 -6.553793947770000239e-01
-5.601373490959999923e-01 -3.202639068829999935e-01 -2.958049037439999807e-03 3.465912778920000048e-01 -3.298830965760000261e-02 4.212758038250000170e-01 3.052216796019999734e-01 -2.177227796110000058e-01 -2.668406917330000128e-01 -6.547065459940000220e-01
-5.595489583360000463e-01 -3.202639068829999935e-01 -2.958049037439999807e-03 3.482170050949999762e-01 -3.298830965760000261e-02 3.630245699319999964e-01 3.231740906219999765e-01 -9.357114050320000653e-02 -3.432506283189999952e-01 -1.870721450320000090e-01
-5.595489583360000463e-01 -3.202639068829999935e-01 -2.958049037439999807e-03 3.465912778920000048e-01 -3.231546087469999717e-02 2.947705102279999934e-01 3.231740906219999765e-01 -1.413765636849999979e-02 -3.432506283189999952e-01 3.227864975070000170e-02
-5.595489583360000463e-01 -3.202639068829999935e-01 -2.958049037439999807e-03 3.465912778920000048e-01 -3.298830965760000261e-02 1.600277459989999929e-01 2.992376201010000236e-01 7.044685324340000353e-03 -3.416249011160000237e-01 3.698859123139999761e-02
-5.595489583360000463e-01 -3.202639068829999935e-01 -2.958049037439999807e-03 3.482170050949999762e-01 -3.231546087469999717e-02 -2.649395376830000065e-02 3.007336349759999750e-01 7.044685324340000353e-03 -3.416249011160000237e-01 3.766154459139999661e-02
-5.595489583360000463e-01 -3.202639068829999935e-01 -2.958049037439999807e-03 3.465912778920000048e-01 -3.298830965760000261e-02 -2.147808258139999871e-01 3.037256647259999887e-01 7.044685324340000353e-03 -3.416249011160000237e-01 3.833439337430000204e-02
