-5.601373490959999923e-01 -3.202639068829999935e-01 -2.369658277940000189e-03 3.482170050949999762e-01 -3.231546087469999717e-02 -5.613463668200000534e-01 3.037256647259999887e-01 4.102640076600000060e-03 -3.399991739120000189e-01 4.573572998670000223e-02
-5.601373490959999923e-01 -3.142798473819999883e-01 -2.369658277940000189e-03 3.498427322989999810e-01 -3.231546087469999717e-02 -5.578160222629999776e-01 4.652968988760000091e-01 3.514249317100000009e-03 -5.854863820419999865e-01 -2.913647521589999845e-01
-5.595489583360000463e-01 -3.187678920070000088e-01 -2.369658277940000189e-03 3.482170050949999762e-01 -3.231546087469999717e-02 -4.454322897949999915e-01 4.742729881280000059e-01 4.102640076600000060e-03 -7.643181431440000395e-01 -4.225716243359999846e-01
-5.595489583360000463e-01 -3.172718771320000020e-01 -2.369658277940000189e-03 3.482170050949999762e-01 -3.231546087469999717e-02 -2.777392772319999814e-01 4.802572801459999985e-01 4.102640076600000060e-03 -7.643181431440000395e-01 -4.286272633820000233e-01
-5.601373490959999923e-01 -3.172718771320000020e-01 -2.369658277940000189e-03 3.482170050949999762e-01 -3.231546087469999717e-02 -9.121757746519999765e-02 4.802572801459999985e-01 4.102640076600000060e-03 -7.626924159410000126e-01 -4.286272633820000233e-01
-5.595489583360000463e-01 -3.172718771320000020e-01 -2.369658277940000189e-03 3.482170050949999762e-01 -3.231546087469999717e-02 9.530412230189999612e-02 4.638008840010000022e-01 4.102640076600000060e-03 -7.626924159410000126e-01 -4.286272633820000233e-01
-5.601373490959999923e-01 -3.172718771320000020e-01 -2.369658277940000189e-03 3.482170050949999762e-01 -3.231546087469999717e-02 2.406381031029999895e-01 4.413604283550000007e-01 4.102640076600000060e-03 -7.529379263829999447e-01 -4.286272633820000233e-01
-5.595489583360000463e-01 -3.172718771320000020e-01 -2.369658277940000189e-03 3.482170050949999762e-01 -3.231546087469999717e-02 3.230135410350000180e-01 4.428564432300000075e-01 -7.665266563689999632e-03 -7.431835631630000494e-01 -4.286272633820000233e-01
-5.595489583360000463e-01 -3.172718771320000020e-01 -2.369658277940000189e-03 3.482170050949999762e-01 -3.231546087469999717e-02 3.536102263299999993e-01 4.473444878560000060e-01 -1.884478244450000020e-02 -7.578152343309999539e-01 -3.741259890779999875e-01
-5.595489583360000463e-01 -3.157758622569999951e-01 -2.369658277940000189e-03 3.465912778920000048e-01 -3.231546087469999717e-02 3.518449626010000109e-01 9.876976667640000040e-02 -2.649395376830000065e-02 -7.773240871090000281e-01 -3.680702454550000002e-01
-5.595489583360000463e-01 -3.172718771320000020e-01 -2.369658277940000189e-03 3.465912778920000048e-01 -3.231546087469999717e-02 3.518449626010000109e-01 1.197142074469999956e-01 -2.649395376830000065e-02 -7.675695975509999602e-01 -3.680702454550000002e-01
-5.595489583360000463e-01 -3.172718771320000020e-01 -2.369658277940000189e-03 3.465912778920000048e-01 -3.231546087469999717e-02 3.524333533610000124e-01 9.876976667640000040e-02 -2.649395376830000065e-02 -7.675695975509999602e-01 -3.680702454550000002e-01
-5.595489583360000463e-01 -3.172718771320000020e-01 -2.369658277940000189e-03 3.465912778920000048e-01 -3.231546087469999717e-02 3.518449626010000109e-01 9.727375180109999742e-02 -2.649395376830000065e-02 -7.675695975509999602e-01 -3.680702454550000002e-01
-5.595489583360000463e-01 -3.172718771320000020e-01 -2.369658277940000189e-03 3.465912778920000048e-01 -3.231546087469999717e-02 3.524333533610000124e-01 9.727375180109999742e-02 -2.649395376830000065e-02 -7.675695975509999602e-01 -3.680702454550000002e-01
-5.595489583360000463e-01 -3.172718771320000020e-01 -2.369658277940000189e-03 3.465912778920000048e-01 -3.231546087469999717e-02 3.518449626010000109e-01 9.727375180109999742e-02 -2.649395376830000065e-02 -7.675695975509999602e-01 -3.680702454550000002e-01
-5.595489583360000463e-01 -3.157758622569999951e-01 -2.369658277940000189e-03 3.465912778920000048e-01 -3.231546087469999717e-02 3.188948057189999741e-01 -5.681740797229999779e-02 -1.590282864699999951e-02 -6.683993537800000384e-01 -3.673973966719999984e-01
-5.595489583360000463e-01 -3.202639068829999935e-01 -2.369658277940000189e-03 3.449655506889999779e-01 -3.231546087469999717e-02 2.912401656709999731e-01 -1.151624531420000069e-01 -1.472604712800000028e-02 -3.204901947959999942e-01 -3.653788503229999929e-01
-5.595489583360000463e-01 -3.172718771320000020e-01 -2.369658277940000189e-03 3.482170050949999762e-01 -3.231546087469999717e-02 2.871213389039999897e-01 -1.331148641630000018e-01 -1.590282864699999951e-02 -2.684664189359999842e-01 -3.647060015399999910e-01
-5.595489583360000463e-01 -3.157758622569999951e-01 -2.369658277940000189e-03 3.482170050949999762e-01 -3.231546087469999717e-02 2.871213389039999897e-01 -1.331148641630000018e-01 -1.590282864699999951e-02 -2.684664189359999842e-01 -3.653788503229999929e-01
-5.595489583360000463e-01 -3.172718771320000020e-01 -2.369658277940000189e-03 3.482170050949999762e-01 -3.231546087469999717e-02 2.871213389039999897e-01 -1.331148641630000018e-01 -1.531443788750000076e-02 -2.619635101230000096e-01 -3.647060015399999910e-01
-5.601373490959999923e-01 -3.172718771320000020e-01 -2.369658277940000189e-03 3.482170050949999762e-01 -3.231546087469999717e-02 2.971241647160000054e-01 -2.689664543250000137e-02 -3.826186040849999942e-02 -3.952745305170000112e-01 -4.158429273520000136e-01
-5.595489583360000463e-01 -3.157758622569999951e-01 -2.369658277940000189e-03 3.482170050949999762e-01 -3.231546087469999717e-02 3.441958827280000022e-01 2.977416052249999834e-01 -3.355473433250000248e-02 -7.155458216910000058e-01 -4.293001121650000251e-01
-5.595489583360000463e-01 -3.172718771320000020e-01 -2.369658277940000189e-03 3.482170050949999762e-01 -3.231546087469999717e-02 3.583173524059999893e-01 4.353763688530000175e-01 -2.119834548249999867e-02 -7.659438703480000443e-01 -4.286272633820000233e-01
-5.595489583360000463e-01 -3.157758622569999951e-01 -2.369658277940000189e-03 3.482170050949999762e-01 -3.231546087469999717e-02 3.083036805969999739e-01 2.992376201010000236e-01 -2.237512700149999964e-02 -4.407952712250000071e-01 8.728733193399999812e-03
-5.595489583360000463e-01 -3.157758622569999951e-01 -2.369658277940000189e-03 3.465912778920000048e-01 -3.231546087469999717e-02 2.253397604550000100e-01 2.902615308490000268e-01 5.722955195789999503e-04 -3.465023354030000169e-01 3.698859123139999761e-02
-5.595489583360000463e-01 -3.172718771320000020e-01 -2.369658277940000189e-03 3.482170050949999762e-01 -3.231546087469999717e-02 6.176557465949999992e-02 2.917575457239999781e-01 6.456294564839999868e-03 -3.399991739120000189e-01 3.766154459139999661e-02
