-5.595489583360000463e-01 -3.202639068829999935e-01 -2.369658277940000189e-03 3.465912778920000048e-01 -3.029691452579999847e-02 -5.607579760599999963e-01 3.171900311210000267e-01 4.102640076600000060e-03 -3.432506283189999952e-01 4.371718363790000339e-02
-5.595489583360000463e-01 -3.202639068829999935e-01 -1.781267518430000108e-03 3.465912778920000048e-01 -3.029691452579999847e-02 -5.595811945409999710e-01 3.171900311210000267e-01 -9.180596822469999641e-02 -2.505834196999999763e-01 -2.577219992809999805e-01
-5.595489583360000463e-01 -3.202639068829999935e-01 -2.369658277940000189e-03 3.465912778920000048e-01 -3.029691452579999847e-02 -4.583768865039999918e-01 3.186860459959999781e-01 -1.853610134879999927e-01 -2.327001677870000063e-01 -6.365396288550000392e-01
-5.595489583360000463e-01 -3.202639068829999935e-01 -1.781267518430000108e-03 3.482170050949999762e-01 -3.029691452579999847e-02 -3.071590895579999758e-01 3.171900311210000267e-01 -1.859494042469999886e-01 -2.278229861770000031e-01 -6.513423020799999907e-01
-5.595489583360000463e-01 -3.202639068829999935e-01 -2.369658277940000189e-03 3.465912778920000048e-01 -3.029691452579999847e-02 -6.650489121539999993e-02 3.127019864949999728e-01 -1.859494042469999886e-01 -2.213200773640000008e-01 -6.560522435600000257e-01
-5.595489583360000463e-01 -3.202639068829999935e-01 -2.369658277940000189e-03 3.465912778920000048e-01 -3.029691452579999847e-02 8.647816945910000164e-02 2.932535605989999850e-01 -1.859494042469999886e-01 -2.083140070600000004e-01 -6.560522435600000257e-01
-5.595489583360000463e-01 -3.202639068829999935e-01 -1.781267518430000108e-03 3.465912778920000048e-01 -3.029691452579999847e-02 2.806490405500000063e-01 2.588447534339999856e-01 -1.859494042469999886e-01 -2.115654614670000044e-01 -6.560522435600000257e-01
-5.595489583360000463e-01 -3.202639068829999935e-01 -2.369658277940000189e-03 3.465912778920000048e-01 -3.029691452579999847e-02 3.677316960079999864e-01 2.603410008259999797e-01 -1.959521386089999873e-01 -2.196943501599999959e-01 -6.560522435600000257e-01
-5.595489583360000463e-01 -3.202639068829999935e-01 -2.369658277940000189e-03 3.465912778920000048e-01 -3.029691452579999847e-02 4.236293668630000120e-01 2.723091198279999903e-01 -2.506730279439999820e-01 -2.327001677870000063e-01 -5.066785588209999913e-01
-5.595489583360000463e-01 -3.202639068829999935e-01 -2.369658277940000189e-03 3.482170050949999762e-01 -3.029691452579999847e-02 4.389276637849999774e-01 -4.036101182710000179e-02 -3.812969654069999770e-01 -2.310744405830000014e-01 -1.951464350040000018e-01
-5.595489583360000463e-01 -3.202639068829999935e-01 -1.781267518430000108e-03 3.482170050949999762e-01 -3.029691452579999847e-02 4.389276637849999774e-01 -4.083841589020000273e-01 -3.907114004600000245e-01 -2.408288038030000078e-01 -1.870721450320000090e-01
-5.595489583360000463e-01 -3.202639068829999935e-01 -2.369658277940000189e-03 3.465912778920000048e-01 -3.029691452579999847e-02 4.401044910290000112e-01 -4.742095109660000030e-01 -3.907114004600000245e-01 -2.424547836840000026e-01 -1.870721450320000090e-01
-5.595489583360000463e-01 -3.202639068829999935e-01 -2.369658277940000189e-03 3.465912778920000048e-01 -3.029691452579999847e-02 4.395160545449999789e-01 -4.727134960900000182e-01 -3.907114004600000245e-01 -2.440805108870000018e-01 -1.870721450320000090e-01
-5.595489583360000463e-01 -3.202639068829999935e-01 -1.781267518430000108e-03 3.465912778920000048e-01 -3.029691452579999847e-02 4.395160545449999789e-01 -4.727134960900000182e-01 -3.907114004600000245e-01 -2.440805108870000018e-01 -1.890907959579999909e-01
-5.595489583360000463e-01 -3.202639068829999935e-01 -2.369658277940000189e-03 3.465912778920000048e-01 -3.029691452579999847e-02 4.395160545449999789e-01 -4.727134960900000182e-01 -3.907114004600000245e-01 -2.440805108870000018e-01 -1.890907959579999909e-01
-5.595489583360000463e-01 -3.202639068829999935e-01 -1.781267518430000108e-03 3.482170050949999762e-01 -3.029691452579999847e-02 4.401044910290000112e-01 -4.113764211700000062e-01 -3.907114004600000245e-01 -2.522091469030000033e-01 -1.877449938150000108e-01
-5.595489583360000463e-01 -3.187678920070000088e-01 -2.369658277940000189e-03 3.465912778920000048e-01 -3.029691452579999847e-02 4.401044910290000112e-01 -4.098801737769999787e-01 -3.907114004600000245e-01 -2.522091469030000033e-01 -1.877449938150000108e-01
-5.595489583360000463e-01 -3.202639068829999935e-01 -2.369658277940000189e-03 3.465912778920000048e-01 -3.029691452579999847e-02 4.395160545449999789e-01 -4.098801737769999787e-01 -3.907114004600000245e-01 -2.522091469030000033e-01 -1.877449938150000108e-01
-5.595489583360000463e-01 -3.202639068829999935e-01 -2.369658277940000189e-03 3.482170050949999762e-01 -3.029691452579999847e-02 4.401044910290000112e-01 -4.098801737769999787e-01 -3.907114004600000245e-01 -2.522091469030000033e-01 -1.890907959579999909e-01
-5.595489583360000463e-01 -3.202639068829999935e-01 -1.781267518430000108e-03 3.482170050949999762e-01 -3.029691452579999847e-02 4.395160545449999789e-01 -4.098801737769999787e-01 -3.907114004600000245e-01 -2.522091469030000033e-01 -1.890907959579999909e-01
-5.595489583360000463e-01 -3.187678920070000088e-01 -1.781267518430000108e-03 3.465912778920000048e-01 -3.029691452579999847e-02 4.377508365409999991e-01 -3.066542173149999773e-01 -3.230457315149999897e-01 -2.765953076300000091e-01 -4.407385414760000009e-01
-5.595489583360000463e-01 -3.202639068829999935e-01 -1.781267518430000108e-03 3.465912778920000048e-01 -3.029691452579999847e-02 4.118614602219999865e-01 5.089682563330000242e-02 -2.306674677710000010e-01 -3.204901947959999942e-01 -6.493237557309999852e-01
-5.595489583360000463e-01 -3.202639068829999935e-01 -1.781267518430000108e-03 3.465912778920000048e-01 -3.029691452579999847e-02 4.153918047790000068e-01 2.827812239549999940e-01 -2.077200452500000127e-01 -3.042329227630000132e-01 -6.277923855220000071e-01
-5.595489583360000463e-01 -3.202639068829999935e-01 -2.369658277940000189e-03 3.482170050949999762e-01 -3.029691452579999847e-02 3.512565718419999872e-01 3.186860459959999781e-01 -7.533084405819999441e-02 -3.465023354030000169e-01 -1.191137904919999935e-01
-5.595489583360000463e-01 -3.202639068829999935e-01 -1.781267518430000108e-03 3.482170050949999762e-01 -3.029691452579999847e-02 2.806490405500000063e-01 3.097099567450000146e-01 -1.060722036119999927e-02 -3.465023354030000169e-01 3.564289366549999727e-02
-5.595489583360000463e-01 -3.202639068829999935e-01 -2.369658277940000189e-03 3.465912778920000048e-01 -3.029691452579999847e-02 1.241355438680000062e-01 2.992376201010000236e-01 7.044685324340000353e-03 -3.416249011160000237e-01 3.833439337430000204e-02
