-5.613141306150000176e-01 -3.023114958620000126e-01 -3.546439796939999858e-03 3.384626418760000033e-01 -3.298830965760000261e-02 -5.578160222629999776e-01 3.067176944769999802e-01 4.691030836099999678e-03 -3.416249011160000237e-01 4.640857876969999712e-02
-5.207148024080000548e-01 -1.392442468370000130e-01 -6.827006349389999618e-02 9.947821622010000198e-02 3.384277741500000269e-01 -5.578160222629999776e-01 3.067176944769999802e-01 4.691030836099999678e-03 -3.416249011160000237e-01 4.640857876969999712e-02
-3.524333533610000124e-01 2.332669448639999865e-01 -2.306674677710000010e-01 -2.337991452579999963e-01 6.015142627089999916e-01 -5.578160222629999776e-01 3.067176944769999802e-01 4.691030836099999678e-03 -3.416249011160000237e-01 4.640857876969999712e-02
-1.653233542850000015e-01 4.516872093079999928e-01 -3.977720895740000095e-01 -2.581853059840000242e-01 6.062242564780000453e-01 -5.578160222629999776e-01 3.067176944769999802e-01 4.691030836099999678e-03 -3.416249011160000237e-01 4.640857876969999712e-02
-7.000304529259999964e-02 4.741276649550000277e-01 -4.560233234659999968e-01 -2.598110331869999956e-01 6.068971052610000472e-01 -5.578160222629999776e-01 3.082139418689999744e-01 4.691030836099999678e-03 -3.416249011160000237e-01 4.640857876969999712e-02
-6.882626377349999880e-02 4.741276649550000277e-01 -4.577884957439999902e-01 -2.598110331869999956e-01 6.068971052610000472e-01 -5.578160222629999776e-01 3.067176944769999802e-01 4.691030836099999678e-03 -3.399991739120000189e-01 4.573572998670000223e-02
-6.882626377349999880e-02 4.741276649550000277e-01 -4.577884957439999902e-01 -2.598110331869999956e-01 6.068971052610000472e-01 -5.578160222629999776e-01 3.067176944769999802e-01 4.691030836099999678e-03 -3.399991739120000189e-01 4.640857876969999712e-02
-6.823787301400000005e-02 4.741276649550000277e-01 -4.577884957439999902e-01 -2.598110331869999956e-01 6.068971052610000472e-01 -5.578160222629999776e-01 3.067176944769999802e-01 4.691030836099999678e-03 -3.416249011160000237e-01 4.640857876969999712e-02
-6.882626377349999880e-02 4.741276649550000277e-01 -4.577884957439999902e-01 -2.598110331869999956e-01 6.068971052610000472e-01 -5.578160222629999776e-01 3.067176944769999802e-01 4.691030836099999678e-03 -3.416249011160000237e-01 4.640857876969999712e-02
-6.823787301400000005e-02 4.741276649550000277e-01 -4.577884957439999902e-01 -2.598110331869999956e-01 6.068971052610000472e-01 -5.578160222629999776e-01 3.067176944769999802e-01 4.691030836099999678e-03 -3.416249011160000237e-01 4.640857876969999712e-02
-6.882626377349999880e-02 4.741276649550000277e-01 -4.577884957439999902e-01 -2.598110331869999956e-01 6.068971052610000472e-01 -5.578160222629999776e-01 3.067176944769999802e-01 4.691030836099999678e-03 -3.399991739120000189e-01 4.640857876969999712e-02
-6.882626377349999880e-02 4.741276649550000277e-01 -4.577884957439999902e-01 -2.598110331869999956e-01 6.068971052610000472e-01 -5.578160222629999776e-01 3.067176944769999802e-01 4.691030836099999678e-03 -3.399991739120000189e-01 4.640857876969999712e-02
-6.882626377349999880e-02 4.741276649550000277e-01 -4.577884957439999902e-01 -2.598110331869999956e-01 6.371755619369999790e-01 -5.578160222629999776e-01 3.067176944769999802e-01 4.691030836099999678e-03 -3.416249011160000237e-01 4.640857876969999712e-02
-8.824334173759999789e-02 4.741276649550000277e-01 -4.577884957439999902e-01 -5.821883856199999707e-02 6.506326944610000274e-01 -5.584044130219999458e-01 3.067176944769999802e-01 4.691030836099999678e-03 -3.416249011160000237e-01 4.640857876969999712e-02
-8.824334173759999789e-02 4.741276649550000277e-01 -4.577884957439999902e-01 4.295038706140000273e-01 6.506326944610000274e-01 -5.578160222629999776e-01 3.067176944769999802e-01 4.691030836099999678e-03 -3.399991739120000189e-01 4.640857876969999712e-02
-8.942021470680000528e-02 4.741276649550000277e-01 -4.583768865039999918e-01 6.782426594889999771e-01 6.506326944610000274e-01 -5.578160222629999776e-01 3.067176944769999802e-01 4.691030836099999678e-03 -3.416249011160000237e-01 4.640857876969999712e-02
-9.412734078289999862e-02 4.741276649550000277e-01 -4.583768865039999918e-01 7.400207985679999600e-01 6.513055432440000292e-01 -5.578160222629999776e-01 3.067176944769999802e-01 4.691030836099999678e-03 -3.416249011160000237e-01 4.640857876969999712e-02
-9.412734078289999862e-02 4.741276649550000277e-01 -4.583768865039999918e-01 7.400207985679999600e-01 6.513055432440000292e-01 -5.578160222629999776e-01 3.067176944769999802e-01 4.691030836099999678e-03 -3.399991739120000189e-01 4.640857876969999712e-02
-9.412734078289999862e-02 4.741276649550000277e-01 -4.583768865039999918e-01 7.400207985679999600e-01 6.506326944610000274e-01 -5.578160222629999776e-01 3.067176944769999802e-01 4.691030836099999678e-03 -3.416249011160000237e-01 4.640857876969999712e-02
-9.412734078289999862e-02 4.741276649550000277e-01 -4.589652772630000155e-01 7.400207985679999600e-01 6.506326944610000274e-01 -5.578160222629999776e-01 3.067176944769999802e-01 4.691030836099999678e-03 -3.416249011160000237e-01 4.640857876969999712e-02
-9.412734078289999862e-02 4.756236798299999791e-01 -4.583768865039999918e-01 7.400207985679999600e-01 6.506326944610000274e-01 -5.578160222629999776e-01 3.067176944769999802e-01 4.691030836099999678e-03 -3.416249011160000237e-01 4.573572998670000223e-02
-9.412734078289999862e-02 4.756236798299999791e-01 -4.583768865039999918e-01 7.400207985679999600e-01 6.506326944610000274e-01 -5.578160222629999776e-01 3.067176944769999802e-01 4.691030836099999678e-03 -3.399991739120000189e-01 4.640857876969999712e-02
-9.412734078289999862e-02 4.741276649550000277e-01 -4.583768865039999918e-01 7.400207985679999600e-01 6.513055432440000292e-01 -5.578160222629999776e-01 3.067176944769999802e-01 4.691030836099999678e-03 -3.416249011160000237e-01 4.640857876969999712e-02
-9.412734078289999862e-02 4.756236798299999791e-01 -4.583768865039999918e-01 4.425101935949999898e-01 6.513055432440000292e-01 -5.578160222629999776e-01 3.082139418689999744e-01 4.691030836099999678e-03 -3.416249011160000237e-01 4.640857876969999712e-02
-9.412734078289999862e-02 4.741276649550000277e-01 -4.583768865039999918e-01 3.661000043309999841e-01 6.513055432440000292e-01 -5.578160222629999776e-01 3.082139418689999744e-01 4.691030836099999678e-03 -3.416249011160000237e-01 4.640857876969999712e-02
-9.412734078289999862e-02 4.741276649550000277e-01 -4.583768865039999918e-01 3.612228227209999809e-01 6.513055432440000292e-01 -5.578160222629999776e-01 3.067176944769999802e-01 4.691030836099999678e-03 -3.416249011160000237e-01 4.640857876969999712e-02
-9.412734078289999862e-02 4.741276649550000277e-01 -4.583768865039999918e-01 3.612228227209999809e-01 6.506326944610000274e-01 -5.578160222629999776e-01 3.067176944769999802e-01 4.691030836099999678e-03 -3.416249011160000237e-01 4.573572998670000223e-02
-9.412734078289999862e-02 4.756236798299999791e-01 -4.583768865039999918e-01 3.612228227209999809e-01 6.506326944610000274e-01 -5.578160222629999776e-01 3.067176944769999802e-01 4.691030836099999678e-03 -3.416249011160000237e-01 4.640857876969999712e-02
-9.412734078289999862e-02 4.741276649550000277e-01 -4.583768865039999918e-01 3.612228227209999809e-01 6.506326944610000274e-01 -5.578160222629999776e-01 3.082139418689999744e-01 4.691030836099999678e-03 -3.416249011160000237e-01 4.573572998670000223e-02
-6.882626377349999880e-02 4.756236798299999791e-01 -4.589652772630000155e-01 2.913160476259999965e-01 6.257370280489999992e-01 -5.578160222629999776e-01 3.067176944769999802e-01 4.691030836099999678e-03 -3.416249011160000237e-01 4.640857876969999712e-02
-6.647270073550000380e-02 4.756236798299999791e-01 -4.583768865039999918e-01 -1.037397056090000047e-01 6.237184817009999716e-01 -5.578160222629999776e-01 3.067176944769999802e-01 4.691030836099999678e-03 -3.416249011160000237e-01 4.640857876969999712e-02
-6.647270073550000380e-02 4.741276649550000277e-01 -4.589652772630000155e-01 -2.598110331869999956e-01 6.230456329179999697e-01 -5.578160222629999776e-01 3.067176944769999802e-01 4.691030836099999678e-03 -3.416249011160000237e-01 4.640857876969999712e-02
-6.647270073550000380e-02 4.756236798299999791e-01 -4.589652772630000155e-01 -2.598110331869999956e-01 6.237184817009999716e-01 -5.578160222629999776e-01 3.067176944769999802e-01 4.691030836099999678e-03 -3.399991739120000189e-01 4.640857876969999712e-02
-6.706109149500000255e-02 4.726316500789999875e-01 -4.419017623370000147e-01 -2.370505996639999946e-01 4.676159954010000175e-01 -5.578160222629999776e-01 3.067176944769999802e-01 4.691030836099999678e-03 -3.416249011160000237e-01 4.640857876969999712e-02
-1.670885265629999950e-01 1.898820484460000124e-01 -3.271645582819999731e-01 1.271160840309999984e-01 3.968009094020000238e-02 -5.578160222629999776e-01 3.067176944769999802e-01 4.691030836099999678e-03 -3.416249011160000237e-01 4.640857876969999712e-02
-3.589057431659999908e-01 -1.841251581299999940e-01 -1.424080307929999900e-01 3.449655506889999779e-01 -3.164261209170000227e-02 -5.578160222629999776e-01 3.082139418689999744e-01 4.691030836099999678e-03 -3.416249011160000237e-01 4.640857876969999712e-02
-5.230683654459999943e-01 -2.948314214860000004e-01 -1.590282864699999951e-02 3.530941867049999794e-01 -3.231546087469999717e-02 -5.584044130219999458e-01 3.067176944769999802e-01 4.691030836099999678e-03 -3.416249011160000237e-01 4.573572998670000223e-02
-5.595489583360000463e-01 -3.023114958620000126e-01 -2.958049037439999807e-03 3.465912778920000048e-01 -3.231546087469999717e-02 -5.578160222629999776e-01 3.082139418689999744e-01 4.691030836099999678e-03 -3.399991739120000189e-01 4.640857876969999712e-02
