-5.601373490959999923e-01 -3.202639068829999935e-01 -2.958049037439999807e-03 3.465912778920000048e-01 -2.895121695990000160e-02 -5.619347575790000215e-01 2.887655159740000199e-01 4.102640076600000060e-03 -3.399991739120000189e-01 4.573572998670000223e-02
-5.601373490959999923e-01 -3.142798473819999883e-01 -2.958049037439999807e-03 3.482170050949999762e-01 -2.895121695990000160e-02 -5.619347575790000215e-01 4.608088542500000107e-01 4.102640076600000060e-03 -5.009478094399999470e-01 -2.160049564300000058e-01
-5.601373490959999923e-01 -3.172718771320000020e-01 -2.958049037439999807e-03 3.498427322989999810e-01 -2.895121695990000160e-02 -4.666145400369999807e-01 4.727769732529999991e-01 4.102640076600000060e-03 -7.626924159410000126e-01 -4.198802292039999773e-01
-5.595489583360000463e-01 -3.172718771320000020e-01 -2.369658277940000189e-03 3.482170050949999762e-01 -2.895121695990000160e-02 -3.030402627909999924e-01 4.802572801459999985e-01 4.691030836099999678e-03 -7.610666887379999856e-01 -4.279544145999999993e-01
-5.601373490959999923e-01 -3.172718771320000020e-01 -2.958049037439999807e-03 3.482170050949999762e-01 -2.895121695990000160e-02 -1.147533907459999947e-01 4.787612652709999916e-01 4.691030836099999678e-03 -7.610666887379999856e-01 -4.279544145999999993e-01
-5.595489583360000463e-01 -3.172718771320000020e-01 -2.958049037439999807e-03 3.465912778920000048e-01 -2.895121695990000160e-02 8.765495097809999914e-02 4.638008840010000022e-01 4.691030836099999678e-03 -7.610666887379999856e-01 -4.279544145999999993e-01
-5.601373490959999923e-01 -3.157758622569999951e-01 -2.369658277940000189e-03 3.482170050949999762e-01 -2.895121695990000160e-02 2.229861974169999872e-01 4.428564432300000075e-01 4.691030836099999678e-03 -7.448092903659999653e-01 -4.279544145999999993e-01
-5.601373490959999923e-01 -3.172718771320000020e-01 -2.958049037439999807e-03 3.482170050949999762e-01 -2.895121695990000160e-02 3.218367595159999928e-01 4.428564432300000075e-01 -6.488485044690000397e-03 -7.415577096209999830e-01 -4.279544145999999993e-01
-5.595489583360000463e-01 -3.172718771320000020e-01 -2.958049037439999807e-03 3.482170050949999762e-01 -2.895121695990000160e-02 3.536102263299999993e-01 4.503365176060000197e-01 -1.825639168500000145e-02 -7.578152343309999539e-01 -3.761445354269999930e-01
-5.595489583360000463e-01 -3.172718771320000020e-01 -2.958049037439999807e-03 3.465912778920000048e-01 -2.895121695990000160e-02 3.530218355709999756e-01 1.960116636379999888e-01 -2.531717224919999981e-02 -7.643181431440000395e-01 -3.687430942380000021e-01
-5.601373490959999923e-01 -3.172718771320000020e-01 -2.369658277940000189e-03 3.465912778920000048e-01 -2.895121695990000160e-02 3.524333533610000124e-01 1.197142074469999956e-01 -2.590556300869999856e-02 -7.675695975509999602e-01 -3.680702454550000002e-01
-5.601373490959999923e-01 -3.172718771320000020e-01 -2.369658277940000189e-03 3.465912778920000048e-01 -2.895121695990000160e-02 3.524333533610000124e-01 9.876976667640000040e-02 -2.590556300869999856e-02 -7.691954510930000266e-01 -3.680702454550000002e-01
-5.601373490959999923e-01 -3.172718771320000020e-01 -2.369658277940000189e-03 3.465912778920000048e-01 -2.895121695990000160e-02 3.524333533610000124e-01 9.876976667640000040e-02 -2.531717224919999981e-02 -7.675695975509999602e-01 -3.687430942380000021e-01
-5.601373490959999923e-01 -3.172718771320000020e-01 -2.958049037439999807e-03 3.465912778920000048e-01 -2.895121695990000160e-02 3.524333533610000124e-01 9.876976667640000040e-02 -2.590556300869999856e-02 -7.691954510930000266e-01 -3.687430942380000021e-01
-5.601373490959999923e-01 -3.172718771320000020e-01 -2.369658277940000189e-03 3.465912778920000048e-01 -2.895121695990000160e-02 3.524333533610000124e-01 9.876976667640000040e-02 -2.590556300869999856e-02 -7.675695975509999602e-01 -3.687430942380000021e-01
-5.601373490959999923e-01 -3.157758622569999951e-01 -2.958049037439999807e-03 3.465912778920000048e-01 -2.895121695990000160e-02 3.165412426809999791e-01 -6.429748234870000245e-02 -1.531443788750000076e-02 -6.732765353899999861e-01 -3.680702454550000002e-01
-5.601373490959999923e-01 -3.127838325060000035e-01 -2.958049037439999807e-03 3.498427322989999810e-01 -2.895121695990000160e-02 2.871213389039999897e-01 -1.091783936410000017e-01 -1.531443788750000076e-02 -2.928525796620000121e-01 -3.660516991059999947e-01
-5.595489583360000463e-01 -3.172718771320000020e-01 -2.958049037439999807e-03 3.465912778920000048e-01 -2.895121695990000160e-02 2.871213389039999897e-01 -1.271308046619999965e-01 -1.531443788750000076e-02 -2.717181260200000059e-01 -3.653788503229999929e-01
-5.601373490959999923e-01 -3.157758622569999951e-01 -2.369658277940000189e-03 3.465912778920000048e-01 -2.895121695990000160e-02 2.871213389039999897e-01 -1.286268195370000034e-01 -1.590282864699999951e-02 -2.700923988169999790e-01 -3.653788503229999929e-01
-5.595489583360000463e-01 -3.157758622569999951e-01 -2.958049037439999807e-03 3.482170050949999762e-01 -2.895121695990000160e-02 2.871213389039999897e-01 -1.271308046619999965e-01 -1.590282864699999951e-02 -2.700923988169999790e-01 -3.653788503229999929e-01
-5.595489583360000463e-01 -3.157758622569999951e-01 -2.958049037439999807e-03 3.465912778920000048e-01 -2.895121695990000160e-02 2.988893369949999768e-01 -1.941657105610000017e-02 -3.826186040849999942e-02 -4.082804744819999998e-01 -4.158429273520000136e-01
-5.601373490959999923e-01 -3.157758622569999951e-01 -2.958049037439999807e-03 3.465912778920000048e-01 -2.895121695990000160e-02 3.483146180439999906e-01 3.351424421409999743e-01 -3.002429832530000009e-02 -7.399319824179999561e-01 -4.293001121650000251e-01
-5.595489583360000463e-01 -3.157758622569999951e-01 -2.958049037439999807e-03 3.482170050949999762e-01 -2.895121695990000160e-02 3.583173524059999893e-01 4.368723837290000023e-01 -2.119834548249999867e-02 -7.659438703480000443e-01 -4.111329858719999786e-01
-5.601373490959999923e-01 -3.157758622569999951e-01 -2.958049037439999807e-03 3.482170050949999762e-01 -2.895121695990000160e-02 3.083036805969999739e-01 2.932535605989999850e-01 -2.296351776099999839e-02 -4.326666352090000056e-01 8.728733193399999812e-03
-5.595489583360000463e-01 -3.157758622569999951e-01 -2.958049037439999807e-03 3.465912778920000048e-01 -2.895121695990000160e-02 2.088646362890000108e-01 2.902615308490000268e-01 1.749077038590000042e-03 -3.399991739120000189e-01 3.766154459139999661e-02
-5.601373490959999923e-01 -3.172718771320000020e-01 -2.958049037439999807e-03 3.465912778920000048e-01 -2.962406574289999997e-02 3.116888936440000146e-02 2.917575457239999781e-01 5.867903805340000251e-03 -3.399991739120000189e-01 3.833439337430000204e-02
