-5.601373490959999923e-01 -3.202639068829999935e-01 -2.369658277940000189e-03 3.465912778920000048e-01 -3.298830965760000261e-02 -5.578160222629999776e-01 3.186860459959999781e-01 4.102640076600000060e-03 -3.416249011160000237e-01 4.304433485499999795e-02
-5.413086618910000203e-01 -1.871171878800000077e-01 -4.944137628930000278e-02 1.580049008930000110e-01 2.590308857229999817e-01 -5.578160222629999776e-01 3.186860459959999781e-01 4.102640076600000060e-03 -3.416249011160000237e-01 4.304433485499999795e-02
-3.747924765730000218e-01 1.928740781970000040e-01 -2.106619990470000037e-01 -2.110387117339999896e-01 5.974771177230000507e-01 -5.578160222629999776e-01 3.186860459959999781e-01 4.102640076600000060e-03 -3.416249011160000237e-01 4.371718363790000339e-02
-1.741492156770000077e-01 4.516872093079999928e-01 -3.895346189409999993e-01 -2.581853059840000242e-01 6.068971052610000472e-01 -5.578160222629999776e-01 3.186860459959999781e-01 4.102640076600000060e-03 -3.416249011160000237e-01 4.371718363790000339e-02
-7.235669978080000453e-02 4.741276649550000277e-01 -4.548465419470000271e-01 -2.598110331869999956e-01 6.068971052610000472e-01 -5.578160222629999776e-01 3.186860459959999781e-01 4.102640076600000060e-03 -3.416249011160000237e-01 4.371718363790000339e-02
-6.764948225450000130e-02 4.726316500789999875e-01 -4.572001049850000221e-01 -2.598110331869999956e-01 6.068971052610000472e-01 -5.578160222629999776e-01 3.186860459959999781e-01 4.102640076600000060e-03 -3.416249011160000237e-01 4.371718363790000339e-02
-6.764948225450000130e-02 4.741276649550000277e-01 -4.572001049850000221e-01 -2.598110331869999956e-01 6.068971052610000472e-01 -5.578160222629999776e-01 3.186860459959999781e-01 4.102640076600000060e-03 -3.416249011160000237e-01 4.371718363790000339e-02
-6.764948225450000130e-02 4.726316500789999875e-01 -4.572001049850000221e-01 -2.598110331869999956e-01 6.068971052610000472e-01 -5.584044130219999458e-01 3.186860459959999781e-01 4.102640076600000060e-03 -3.416249011160000237e-01 4.371718363790000339e-02
-6.823787301400000005e-02 4.726316500789999875e-01 -4.572001049850000221e-01 -2.598110331869999956e-01 6.445770031259999699e-01 -5.578160222629999776e-01 3.186860459959999781e-01 4.102640076600000060e-03 -3.416249011160000237e-01 4.371718363790000339e-02
-8.883173249709999664e-02 4.741276649550000277e-01 -4.572001049850000221e-01 5.070589476710000293e-02 6.499598456780000255e-01 -5.584044130219999458e-01 3.171900311210000267e-01 4.691030836099999678e-03 -3.416249011160000237e-01 4.371718363790000339e-02
-8.883173249709999664e-02 4.741276649550000277e-01 -4.577884957439999902e-01 5.400543311459999885e-01 6.506326944610000274e-01 -5.578160222629999776e-01 3.186860459959999781e-01 4.102640076600000060e-03 -3.416249011160000237e-01 4.371718363790000339e-02
-9.236216850440000237e-02 4.741276649550000277e-01 -4.583768865039999918e-01 7.172606177220000045e-01 6.506326944610000274e-01 -5.578160222629999776e-01 3.186860459959999781e-01 4.102640076600000060e-03 -3.416249011160000237e-01 4.371718363790000339e-02
-9.295055926390000112e-02 4.741276649550000277e-01 -4.583768865039999918e-01 7.400207985679999600e-01 6.506326944610000274e-01 -5.584044130219999458e-01 3.186860459959999781e-01 4.102640076600000060e-03 -3.416249011160000237e-01 4.371718363790000339e-02
-9.295055926390000112e-02 4.741276649550000277e-01 -4.583768865039999918e-01 7.432722529749999918e-01 6.506326944610000274e-01 -5.578160222629999776e-01 3.186860459959999781e-01 4.102640076600000060e-03 -3.416249011160000237e-01 4.371718363790000339e-02
-9.295055926390000112e-02 4.741276649550000277e-01 -4.583768865039999918e-01 7.416465257709999870e-01 6.506326944610000274e-01 -5.578160222629999776e-01 3.186860459959999781e-01 4.102640076600000060e-03 -3.416249011160000237e-01 4.371718363790000339e-02
-9.295055926390000112e-02 4.741276649550000277e-01 -4.583768865039999918e-01 5.725693805660000413e-01 6.513055432440000292e-01 -5.584044130219999458e-01 3.186860459959999781e-01 4.102640076600000060e-03 -3.416249011160000237e-01 4.371718363790000339e-02
-9.295055926390000112e-02 4.741276649550000277e-01 -4.583768865039999918e-01 3.677257315349999889e-01 6.513055432440000292e-01 -5.584044130219999458e-01 3.186860459959999781e-01 4.102640076600000060e-03 -3.416249011160000237e-01 4.371718363790000339e-02
-9.295055926390000112e-02 4.741276649550000277e-01 -4.583768865039999918e-01 3.612228227209999809e-01 6.513055432440000292e-01 -5.578160222629999776e-01 3.186860459959999781e-01 4.102640076600000060e-03 -3.416249011160000237e-01 4.371718363790000339e-02
-9.295055926390000112e-02 4.741276649550000277e-01 -4.583768865039999918e-01 3.612228227209999809e-01 6.506326944610000274e-01 -5.578160222629999776e-01 3.186860459959999781e-01 4.102640076600000060e-03 -3.416249011160000237e-01 4.371718363790000339e-02
-9.295055926390000112e-02 4.741276649550000277e-01 -4.583768865039999918e-01 3.612228227209999809e-01 6.506326944610000274e-01 -5.578160222629999776e-01 3.186860459959999781e-01 4.102640076600000060e-03 -3.416249011160000237e-01 4.371718363790000339e-02
-6.764948225450000130e-02 4.741276649550000277e-01 -4.589652772630000155e-01 2.230344943789999979e-01 6.243913304839999734e-01 -5.578160222629999776e-01 3.171900311210000267e-01 4.102640076600000060e-03 -3.416249011160000237e-01 4.371718363790000339e-02
-6.706109149500000255e-02 4.741276649550000277e-01 -4.583768865039999918e-01 -1.703950262979999908e-01 6.237184817009999716e-01 -5.584044130219999458e-01 3.186860459959999781e-01 4.102640076600000060e-03 -3.416249011160000237e-01 4.371718363790000339e-02
-6.706109149500000255e-02 4.741276649550000277e-01 -4.589652772630000155e-01 -2.565595787809999972e-01 5.846928862700000451e-01 -5.584044130219999458e-01 3.186860459959999781e-01 4.102640076600000060e-03 -3.416249011160000237e-01 4.371718363790000339e-02
-1.541437469539999883e-01 1.973623553399999897e-01 -3.471699355549999755e-01 7.021487388380000250e-02 7.668708773349999785e-02 -5.584044130219999458e-01 3.171900311210000267e-01 4.102640076600000060e-03 -3.432506283189999952e-01 4.506288120379999679e-02
-3.294859308399999964e-01 -1.377482319620000062e-01 -1.677091078019999904e-01 3.287077733009999836e-01 -3.164261209170000227e-02 -5.578160222629999776e-01 3.171900311210000267e-01 4.102640076600000060e-03 -3.416249011160000237e-01 4.439003242080000189e-02
-5.024745059630000288e-01 -2.813670550910000179e-01 -2.649395376830000065e-02 3.530941867049999794e-01 -3.231546087469999717e-02 -5.584044130219999458e-01 3.216780757470000252e-01 4.102640076600000060e-03 -3.367477195060000206e-01 4.371718363790000339e-02
