-5.589605675769999671e-01 -3.217599217580000004e-01 -2.958049037439999807e-03 3.465912778920000048e-01 -3.029691452579999847e-02 -5.589928037820000029e-01 3.171900311210000267e-01 4.691030836099999678e-03 -3.399991739120000189e-01 4.640857876969999712e-02
-5.589605675769999671e-01 -3.217599217580000004e-01 -2.369658277940000189e-03 3.465912778920000048e-01 -3.029691452579999847e-02 -5.166281203960000346e-01 1.242022520729999940e-01 7.000304529259999964e-02 -9.126063771459999585e-02 -3.438474801149999927e-01
-5.589605675769999671e-01 -3.217599217580000004e-01 -2.958049037439999807e-03 3.465912778920000048e-01 -3.029691452579999847e-02 -3.377556834029999955e-01 -2.587812762719999826e-01 2.394612301340000027e-01 2.436424509660000126e-01 -6.035696201819999995e-01
-5.589605675769999671e-01 -3.217599217580000004e-01 -2.958049037439999807e-03 3.465912778920000048e-01 -3.029691452579999847e-02 -1.653555447639999954e-01 -4.472810106940000030e-01 3.959747268150000110e-01 2.729057933030000216e-01 -6.102981080110000400e-01
-5.589605675769999671e-01 -3.217599217580000004e-01 -2.958049037439999807e-03 3.465912778920000048e-01 -3.029691452579999847e-02 -7.415406253919999691e-02 -4.652334217140000061e-01 4.530491791879999730e-01 2.777829749130000248e-01 -6.109709567940000419e-01
-5.589605675769999671e-01 -3.217599217580000004e-01 -2.958049037439999807e-03 3.465912778920000048e-01 -3.029691452579999847e-02 -6.768167273439999743e-02 -4.682254514649999977e-01 4.536375699479999746e-01 2.794089547929999862e-01 -6.109709567940000419e-01
-5.589605675769999671e-01 -3.217599217580000004e-01 -2.958049037439999807e-03 3.465912778920000048e-01 -3.029691452579999847e-02 -6.768167273439999743e-02 -4.682254514649999977e-01 4.536375699479999746e-01 2.810346819969999910e-01 -6.102981080110000400e-01
-5.589605675769999671e-01 -3.217599217580000004e-01 -2.958049037439999807e-03 3.465912778920000048e-01 -3.029691452579999847e-02 -6.768167273439999743e-02 -4.682254514649999977e-01 4.536375699479999746e-01 2.810346819969999910e-01 -6.102981080110000400e-01
-5.589605675769999671e-01 -3.217599217580000004e-01 -2.958049037439999807e-03 3.465912778920000048e-01 -3.029691452579999847e-02 -6.768167273439999743e-02 -4.682254514649999977e-01 4.536375699479999746e-01 2.810346819969999910e-01 -6.109709567940000419e-01
-5.589605675769999671e-01 -3.217599217580000004e-01 -2.369658277940000189e-03 3.465912778920000048e-01 -3.029691452579999847e-02 -6.768167273439999743e-02 -4.682254514649999977e-01 4.536375699479999746e-01 2.810346819969999910e-01 -6.109709567940000419e-01
-5.589605675769999671e-01 -3.217599217580000004e-01 -2.369658277940000189e-03 3.465912778920000048e-01 -3.029691452579999847e-02 -6.768167273439999743e-02 -4.682254514649999977e-01 4.536375699479999746e-01 2.810346819969999910e-01 -6.109709567940000419e-01
-5.589605675769999671e-01 -3.217599217580000004e-01 -2.958049037439999807e-03 3.465912778920000048e-01 -3.029691452579999847e-02 -6.709328197489999868e-02 -4.682254514649999977e-01 4.536375699479999746e-01 2.810346819969999910e-01 -6.102981080110000400e-01
-5.589605675769999671e-01 -3.217599217580000004e-01 -2.958049037439999807e-03 3.465912778920000048e-01 -3.029691452579999847e-02 -6.827006349389999618e-02 -4.682254514649999977e-01 4.536375699479999746e-01 2.810346819969999910e-01 -6.405767215519999613e-01
-5.589605675769999671e-01 -3.217599217580000004e-01 -2.958049037439999807e-03 3.465912778920000048e-01 -3.029691452579999847e-02 -8.592196917939999568e-02 -4.682254514649999977e-01 4.536375699479999746e-01 5.505632664460000103e-02 -6.540336972110000202e-01
-5.589605675769999671e-01 -3.217599217580000004e-01 -2.958049037439999807e-03 3.465912778920000048e-01 -3.029691452579999847e-02 -8.533357841989999693e-02 -4.682254514649999977e-01 4.536375699479999746e-01 -4.115319288889999760e-01 -6.540336972110000202e-01
-5.589605675769999671e-01 -3.217599217580000004e-01 -2.958049037439999807e-03 3.465912778920000048e-01 -3.029691452579999847e-02 -1.000435303080000060e-01 -4.727134960900000182e-01 4.554027879520000099e-01 -7.318033464009999767e-01 -6.560522435600000257e-01
-5.589605675769999671e-01 -3.217599217580000004e-01 -2.369658277940000189e-03 3.465912778920000048e-01 -3.029691452579999847e-02 -1.000435303080000060e-01 -4.727134960900000182e-01 4.554027879520000099e-01 -7.318033464009999767e-01 -6.567250923430000276e-01
-5.589605675769999671e-01 -3.217599217580000004e-01 -2.369658277940000189e-03 3.465912778920000048e-01 -3.029691452579999847e-02 -9.945513954849999338e-02 -4.727134960900000182e-01 4.554027879520000099e-01 -7.334290736049999815e-01 -6.567250923430000276e-01
-5.589605675769999671e-01 -3.217599217580000004e-01 -2.958049037439999807e-03 3.465912778920000048e-01 -3.029691452579999847e-02 -9.945513954849999338e-02 -4.727134960900000182e-01 4.554027879520000099e-01 -7.334290736049999815e-01 -6.573981502800000376e-01
-5.589605675769999671e-01 -3.217599217580000004e-01 -2.958049037439999807e-03 3.465912778920000048e-01 -3.029691452579999847e-02 -1.000435303080000060e-01 -4.727134960900000182e-01 4.554027879520000099e-01 -7.334290736049999815e-01 -6.567250923430000276e-01
-5.589605675769999671e-01 -3.217599217580000004e-01 -2.958049037439999807e-03 3.465912778920000048e-01 -3.029691452579999847e-02 -1.000435303080000060e-01 -4.727134960900000182e-01 4.554027879520000099e-01 -7.334290736049999815e-01 -6.567250923430000276e-01
-5.589605675769999671e-01 -3.217599217580000004e-01 -2.958049037439999807e-03 3.482170050949999762e-01 -3.029691452579999847e-02 -9.945513954849999338e-02 -4.727134960900000182e-01 4.554027879520000099e-01 -7.350548008080000084e-01 -6.567250923430000276e-01
-5.589605675769999671e-01 -3.217599217580000004e-01 -2.958049037439999807e-03 3.465912778920000048e-01 -3.029691452579999847e-02 -1.000435303080000060e-01 -4.727134960900000182e-01 4.554027879520000099e-01 -7.334290736049999815e-01 -6.567250923430000276e-01
-5.589605675769999671e-01 -3.217599217580000004e-01 -2.958049037439999807e-03 3.465912778920000048e-01 -3.029691452579999847e-02 -1.000435303080000060e-01 -4.786975555920000014e-01 4.554027879520000099e-01 -4.082804744819999998e-01 -6.567250923430000276e-01
-5.589605675769999671e-01 -3.217599217580000004e-01 -2.369658277940000189e-03 3.465912778920000048e-01 -3.029691452579999847e-02 -9.945513954849999338e-02 -4.786975555920000014e-01 4.554027879520000099e-01 -3.546309714190000184e-01 -6.567250923430000276e-01
-5.589605675769999671e-01 -3.217599217580000004e-01 -2.958049037439999807e-03 3.465912778920000048e-01 -3.029691452579999847e-02 -9.945513954849999338e-02 -4.786975555920000014e-01 4.554027879520000099e-01 -3.530052442159999915e-01 -6.567250923430000276e-01
-5.589605675769999671e-01 -3.217599217580000004e-01 -2.958049037439999807e-03 3.465912778920000048e-01 -3.029691452579999847e-02 -1.000435303080000060e-01 -4.786975555920000014e-01 4.554027879520000099e-01 -3.530052442159999915e-01 -6.567250923430000276e-01
-5.589605675769999671e-01 -3.217599217580000004e-01 -2.958049037439999807e-03 3.465912778920000048e-01 -3.029691452579999847e-02 -9.945513954849999338e-02 -4.786975555920000014e-01 4.554027879520000099e-01 -3.530052442159999915e-01 -6.567250923430000276e-01
-5.589605675769999671e-01 -3.217599217580000004e-01 -2.369658277940000189e-03 3.465912778920000048e-01 -3.029691452579999847e-02 -9.945513954849999338e-02 -4.786975555920000014e-01 4.554027879520000099e-01 -3.530052442159999915e-01 -6.567250923430000276e-01
-5.589605675769999671e-01 -3.202639068829999935e-01 -2.369658277940000189e-03 3.465912778920000048e-01 -3.029691452579999847e-02 -7.121210874159999982e-02 -4.786975555920000014e-01 4.554027879520000099e-01 -2.343258949900000054e-01 -6.210638976929999666e-01
-5.589605675769999671e-01 -3.217599217580000004e-01 -2.369658277940000189e-03 3.465912778920000048e-01 -3.029691452579999847e-02 -6.944684501289999368e-02 -4.786975555920000014e-01 4.554027879520000099e-01 8.919685059080000034e-02 -6.183725025609999593e-01
-5.589605675769999671e-01 -3.217599217580000004e-01 -2.958049037439999807e-03 3.465912778920000048e-01 -3.029691452579999847e-02 -6.827006349389999618e-02 -4.786975555920000014e-01 4.554027879520000099e-01 2.712800660990000168e-01 -6.183725025609999593e-01
-5.589605675769999671e-01 -3.217599217580000004e-01 -2.958049037439999807e-03 3.465912778920000048e-01 -3.029691452579999847e-02 -6.827006349389999618e-02 -4.786975555920000014e-01 4.554027879520000099e-01 2.777829749130000248e-01 -6.183725025609999593e-01
-5.589605675769999671e-01 -3.217599217580000004e-01 -2.958049037439999807e-03 3.465912778920000048e-01 -3.029691452579999847e-02 -6.827006349389999618e-02 -4.742095109660000030e-01 4.512840069099999796e-01 2.387652693569999873e-01 -5.140798954330000337e-01
-5.589605675769999671e-01 -3.217599217580000004e-01 -2.369658277940000189e-03 3.465912778920000048e-01 -3.029691452579999847e-02 -1.965405293689999888e-01 -1.256347897860000118e-01 3.118340251539999941e-01 -1.644188672169999976e-01 -1.011124188330000083e-02
-5.589605675769999671e-01 -3.202639068829999935e-01 -2.958049037439999807e-03 3.449655506889999779e-01 -3.029691452579999847e-02 -3.912997912189999927e-01 2.648290454519999781e-01 1.276659798750000019e-01 -3.156130131859999910e-01 4.035293972319999728e-02
-5.589605675769999671e-01 -3.172718771320000020e-01 -2.958049037439999807e-03 3.482170050949999762e-01 -3.029691452579999847e-02 -5.401641165770000308e-01 2.887655159740000199e-01 1.234020215989999926e-02 -3.399991739120000189e-01 4.371718363790000339e-02
-5.589605675769999671e-01 -3.187678920070000088e-01 -2.958049037439999807e-03 3.482170050949999762e-01 -3.029691452579999847e-02 -5.578160222629999776e-01 2.887655159740000199e-01 4.691030836099999678e-03 -3.399991739120000189e-01 4.371718363790000339e-02
