-5.601373490959999923e-01 -3.202639068829999935e-01 -2.958049037439999807e-03 3.498427322989999810e-01 -2.827836817699999963e-02 -5.607579760599999963e-01 3.201820608720000183e-01 4.102640076600000060e-03 -3.399991739120000189e-01 4.573572998670000223e-02
-5.577837403330000443e-01 -3.202639068829999935e-01 9.530412230189999612e-02 2.425437261729999905e-01 2.839264998459999911e-01 -5.607579760599999963e-01 3.201820608720000183e-01 4.102640076600000060e-03 -3.399991739120000189e-01 4.573572998670000223e-02
-4.289249751479999873e-01 -3.202639068829999935e-01 1.876823860459999882e-01 2.327893629530000119e-01 6.465955494749999755e-01 -5.607579760599999963e-01 3.201820608720000183e-01 4.102640076600000060e-03 -3.399991739120000189e-01 4.573572998670000223e-02
-3.088920713569999754e-01 -3.187678920070000088e-01 1.876823860459999882e-01 2.279116759879999954e-01 6.533240895930000347e-01 -5.601695853010000281e-01 3.201820608720000183e-01 4.102640076600000060e-03 -3.399991739120000189e-01 4.573572998670000223e-02
1.178400188020000024e-02 -3.067995404880000110e-01 1.876823860459999882e-01 2.116544039559999923e-01 6.560155370129999719e-01 -5.607579760599999963e-01 3.201820608720000183e-01 4.102640076600000060e-03 -3.399991739120000189e-01 4.573572998670000223e-02
1.600599364789999923e-01 -2.529425399440000111e-01 1.876823860459999882e-01 2.116544039559999923e-01 6.560155370129999719e-01 -5.607579760599999963e-01 3.186860459959999781e-01 4.691030836099999678e-03 -3.399991739120000189e-01 4.573572998670000223e-02
2.047780914519999884e-01 -2.544385548190000179e-01 1.876823860459999882e-01 2.116544039559999923e-01 6.553426882299999701e-01 -5.601695853010000281e-01 3.186860459959999781e-01 4.102640076600000060e-03 -3.399991739120000189e-01 4.573572998670000223e-02
3.607031059240000115e-01 -2.529425399440000111e-01 1.976851204079999869e-01 2.149058583619999907e-01 6.560155370129999719e-01 -5.607579760599999963e-01 3.171900311210000267e-01 4.691030836099999678e-03 -3.399991739120000189e-01 4.573572998670000223e-02
4.160123860189999800e-01 -2.843590848420000095e-01 2.376960578550000036e-01 2.262859487849999962e-01 5.517229298860000242e-01 -5.601695853010000281e-01 3.171900311210000267e-01 4.102640076600000060e-03 -3.399991739120000189e-01 4.573572998670000223e-02
4.401365900590000213e-01 1.484668041910000048e-02 3.812647749270000053e-01 2.262859487849999962e-01 1.984738677950000085e-01 -5.601695853010000281e-01 3.171900311210000267e-01 4.102640076600000060e-03 -3.399991739120000189e-01 4.573572998670000223e-02
4.407249808179999895e-01 3.649176489909999876e-01 3.942095545370000176e-01 2.392922717659999865e-01 1.883811360509999866e-01 -5.601695853010000281e-01 3.186860459959999781e-01 4.102640076600000060e-03 -3.383734467089999920e-01 4.573572998670000223e-02
4.407249808179999895e-01 4.756236798299999791e-01 3.924443822579999908e-01 2.425437261729999905e-01 1.890539848339999884e-01 -5.601695853010000281e-01 3.171900311210000267e-01 4.102640076600000060e-03 -3.399991739120000189e-01 4.573572998670000223e-02
4.407249808179999895e-01 4.771196947049999859e-01 3.918559914990000226e-01 2.425437261729999905e-01 1.890539848339999884e-01 -5.607579760599999963e-01 3.171900311210000267e-01 4.102640076600000060e-03 -3.399991739120000189e-01 4.573572998670000223e-02
4.407249808179999895e-01 4.756236798299999791e-01 3.918559914990000226e-01 2.425437261729999905e-01 1.890539848339999884e-01 -5.607579760599999963e-01 3.171900311210000267e-01 4.102640076600000060e-03 -3.399991739120000189e-01 4.573572998670000223e-02
4.407249808179999895e-01 4.756236798299999791e-01 3.918559914990000226e-01 2.425437261729999905e-01 1.890539848339999884e-01 -5.607579760599999963e-01 3.186860459959999781e-01 4.102640076600000060e-03 -3.399991739120000189e-01 4.573572998670000223e-02
4.407249808179999895e-01 4.172786346599999807e-01 3.853836016939999887e-01 2.474209077829999937e-01 1.877081826910000084e-01 -5.607579760599999963e-01 3.171900311210000267e-01 4.102640076600000060e-03 -3.399991739120000189e-01 4.573572998670000223e-02
4.413133715779999910e-01 4.142866049089999891e-01 3.853836016939999887e-01 2.474209077829999937e-01 1.877081826910000084e-01 -5.601695853010000281e-01 3.171900311210000267e-01 4.102640076600000060e-03 -3.399991739120000189e-01 4.573572998670000223e-02
4.407249808179999895e-01 4.068062980159999897e-01 3.859719924539999902e-01 2.474209077829999937e-01 1.877081826910000084e-01 -5.607579760599999963e-01 3.186860459959999781e-01 4.691030836099999678e-03 -3.383734467089999920e-01 4.573572998670000223e-02
4.407249808179999895e-01 4.068062980159999897e-01 3.853836016939999887e-01 2.474209077829999937e-01 1.877081826910000084e-01 -5.607579760599999963e-01 3.171900311210000267e-01 4.691030836099999678e-03 -3.399991739120000189e-01 4.573572998670000223e-02
4.413133715779999910e-01 4.068062980159999897e-01 3.859719924539999902e-01 2.474209077829999937e-01 1.877081826910000084e-01 -5.601695853010000281e-01 3.186860459959999781e-01 4.102640076600000060e-03 -3.399991739120000189e-01 4.573572998670000223e-02
4.407249808179999895e-01 3.469652379700000067e-01 3.459610550059999956e-01 2.539238165959999960e-01 3.559220516609999940e-01 -5.607579760599999963e-01 3.171900311210000267e-01 4.102640076600000060e-03 -3.399991739120000189e-01 4.573572998670000223e-02
4.071865246260000237e-01 -7.593775227189999977e-03 2.335773225389999874e-01 3.205791372849999821e-01 6.452498519089999718e-01 -5.601695853010000281e-01 3.171900311210000267e-01 4.102640076600000060e-03 -3.399991739120000189e-01 4.573572998670000223e-02
4.124820414620000153e-01 -2.738869807150000057e-01 1.982735111670000105e-01 3.270820460980000122e-01 5.894028800389999878e-01 -5.607579760599999963e-01 3.171900311210000267e-01 4.102640076600000060e-03 -3.399991739120000189e-01 4.573572998670000223e-02
3.618798874429999812e-01 -3.202639068829999935e-01 8.412460642110000664e-02 3.449655506889999779e-01 1.486826395480000118e-01 -5.607579760599999963e-01 3.171900311210000267e-01 4.102640076600000060e-03 -3.399991739120000189e-01 4.573572998670000223e-02
2.936259191889999953e-01 -3.202639068829999935e-01 1.175181140040000051e-02 3.449655506889999779e-01 -2.693256603399999879e-02 -5.601695853010000281e-01 3.171900311210000267e-01 4.102640076600000060e-03 -3.399991739120000189e-01 4.573572998670000223e-02
1.429964215529999916e-01 -3.097918027559999898e-01 -7.076875804190000015e-03 3.449655506889999779e-01 -2.827836817699999963e-02 -5.607579760599999963e-01 3.171900311210000267e-01 4.102640076600000060e-03 -3.399991739120000189e-01 4.573572998670000223e-02
