-5.595489583360000463e-01 -3.217599217580000004e-01 -2.958049037439999807e-03 3.465912778920000048e-01 -3.433400722350000295e-02 -5.601695853010000281e-01 3.171900311210000267e-01 4.691030836099999678e-03 -3.399991739120000189e-01 4.640857876969999712e-02
-5.595489583360000463e-01 -3.217599217580000004e-01 -2.958049037439999807e-03 3.465912778920000048e-01 -3.433400722350000295e-02 -5.289845092460000453e-01 1.526267672209999926e-01 5.823513865229999753e-02 -1.302783432709999911e-01 -2.947289960739999937e-01
-5.595489583360000463e-01 -3.217599217580000004e-01 -2.958049037439999807e-03 3.465912778920000048e-01 -3.433400722350000295e-02 -3.730594947740000222e-01 -1.974442013509999927e-01 2.059226824909999864e-01 2.127533814270000101e-01 -5.961682835699999572e-01
-5.595489583360000463e-01 -3.217599217580000004e-01 -2.958049037439999807e-03 3.465912778920000048e-01 -3.433400722350000295e-02 -1.577063734409999973e-01 -4.487770255690000099e-01 4.018587258610000212e-01 2.729057933030000216e-01 -6.109709567940000419e-01
-5.595489583360000463e-01 -3.202639068829999935e-01 -2.958049037439999807e-03 3.465912778920000048e-01 -3.433400722350000295e-02 -7.415406253919999691e-02 -4.622413919630000145e-01 4.524607884290000048e-01 2.745315205059999930e-01 -6.109709567940000419e-01
-5.595489583360000463e-01 -3.202639068829999935e-01 -2.958049037439999807e-03 3.465912778920000048e-01 -3.433400722350000295e-02 -6.709328197489999868e-02 -4.622413919630000145e-01 4.542259607069999983e-01 2.794089547929999862e-01 -6.109709567940000419e-01
-5.595489583360000463e-01 -3.217599217580000004e-01 -2.958049037439999807e-03 3.465912778920000048e-01 -3.433400722350000295e-02 -6.709328197489999868e-02 -4.637374068389999993e-01 4.536375699479999746e-01 2.794089547929999862e-01 -6.102981080110000400e-01
-5.595489583360000463e-01 -3.217599217580000004e-01 -2.958049037439999807e-03 3.465912778920000048e-01 -3.433400722350000295e-02 -6.709328197489999868e-02 -4.637374068389999993e-01 4.536375699479999746e-01 2.794089547929999862e-01 -6.102981080110000400e-01
-5.595489583360000463e-01 -3.217599217580000004e-01 -2.958049037439999807e-03 3.465912778920000048e-01 -3.433400722350000295e-02 -6.709328197489999868e-02 -4.637374068389999993e-01 4.542259607069999983e-01 2.794089547929999862e-01 -6.102981080110000400e-01
-5.595489583360000463e-01 -3.217599217580000004e-01 -2.958049037439999807e-03 3.465912778920000048e-01 -3.433400722350000295e-02 -6.709328197489999868e-02 -4.637374068389999993e-01 4.542259607069999983e-01 2.794089547929999862e-01 -6.102981080110000400e-01
-5.595489583360000463e-01 -3.202639068829999935e-01 -2.958049037439999807e-03 3.465912778920000048e-01 -3.433400722350000295e-02 -6.709328197489999868e-02 -4.637374068389999993e-01 4.542259607069999983e-01 2.794089547929999862e-01 -6.102981080110000400e-01
-5.595489583360000463e-01 -3.202639068829999935e-01 -2.958049037439999807e-03 3.465912778920000048e-01 -3.433400722350000295e-02 -6.709328197489999868e-02 -4.637374068389999993e-01 4.542259607069999983e-01 2.794089547929999862e-01 -6.102981080110000400e-01
-5.595489583360000463e-01 -3.217599217580000004e-01 -2.958049037439999807e-03 3.465912778920000048e-01 -3.433400722350000295e-02 -6.709328197489999868e-02 -4.637374068389999993e-01 4.542259607069999983e-01 2.794089547929999862e-01 -6.372124776380000410e-01
-5.595489583360000463e-01 -3.217599217580000004e-01 -2.958049037439999807e-03 3.465912778920000048e-01 -3.433400722350000295e-02 -8.533357841989999693e-02 -4.637374068389999993e-01 4.542259607069999983e-01 5.993350825450000086e-02 -6.533608484280000184e-01
-5.595489583360000463e-01 -3.202639068829999935e-01 -2.958049037439999807e-03 3.465912778920000048e-01 -3.433400722350000295e-02 -8.533357841989999693e-02 -4.637374068389999993e-01 4.542259607069999983e-01 -3.221161746760000111e-01 -6.540336972110000202e-01
-5.595489583360000463e-01 -3.202639068829999935e-01 -2.958049037439999807e-03 3.465912778920000048e-01 -3.433400722350000295e-02 -9.062918670569999890e-02 -4.667294365890000130e-01 4.554027879520000099e-01 -6.683993537800000384e-01 -6.553793947770000239e-01
-5.595489583360000463e-01 -3.202639068829999935e-01 -2.958049037439999807e-03 3.465912778920000048e-01 -3.433400722350000295e-02 -9.945513954849999338e-02 -4.757055258410000098e-01 4.559911787109999781e-01 -7.318033464009999767e-01 -6.553793947770000239e-01
-5.595489583360000463e-01 -3.202639068829999935e-01 -2.958049037439999807e-03 3.465912778920000048e-01 -3.433400722350000295e-02 -9.945513954849999338e-02 -4.757055258410000098e-01 4.559911787109999781e-01 -7.318033464009999767e-01 -6.560522435600000257e-01
-5.595489583360000463e-01 -3.202639068829999935e-01 -2.958049037439999807e-03 3.465912778920000048e-01 -3.433400722350000295e-02 -9.945513954849999338e-02 -4.757055258410000098e-01 4.554027879520000099e-01 -7.318033464009999767e-01 -6.560522435600000257e-01
-5.595489583360000463e-01 -3.202639068829999935e-01 -2.958049037439999807e-03 3.465912778920000048e-01 -3.433400722350000295e-02 -9.945513954849999338e-02 -4.757055258410000098e-01 4.559911787109999781e-01 -7.318033464009999767e-01 -6.560522435600000257e-01
-5.595489583360000463e-01 -3.217599217580000004e-01 -2.958049037439999807e-03 3.465912778920000048e-01 -3.433400722350000295e-02 -9.945513954849999338e-02 -4.757055258410000098e-01 4.554027879520000099e-01 -7.318033464009999767e-01 -6.560522435600000257e-01
-5.595489583360000463e-01 -3.202639068829999935e-01 -2.958049037439999807e-03 3.465912778920000048e-01 -3.433400722350000295e-02 -9.945513954849999338e-02 -4.742095109660000030e-01 4.559911787109999781e-01 -7.334290736049999815e-01 -6.560522435600000257e-01
-5.595489583360000463e-01 -3.202639068829999935e-01 -2.958049037439999807e-03 3.465912778920000048e-01 -3.433400722350000295e-02 -9.945513954849999338e-02 -4.757055258410000098e-01 4.559911787109999781e-01 -7.334290736049999815e-01 -6.553793947770000239e-01
-5.595489583360000463e-01 -3.202639068829999935e-01 -2.958049037439999807e-03 3.465912778920000048e-01 -3.433400722350000295e-02 -9.945513954849999338e-02 -4.757055258410000098e-01 4.559911787109999781e-01 -5.009478094399999470e-01 -6.560522435600000257e-01
-5.595489583360000463e-01 -3.202639068829999935e-01 -2.958049037439999807e-03 3.465912778920000048e-01 -3.433400722350000295e-02 -9.945513954849999338e-02 -4.757055258410000098e-01 4.559911787109999781e-01 -3.546309714190000184e-01 -6.560522435600000257e-01
-5.595489583360000463e-01 -3.217599217580000004e-01 -2.958049037439999807e-03 3.465912778920000048e-01 -3.433400722350000295e-02 -9.886665733869999528e-02 -4.757055258410000098e-01 4.559911787109999781e-01 -3.546309714190000184e-01 -6.560522435600000257e-01
-5.595489583360000463e-01 -3.202639068829999935e-01 -2.958049037439999807e-03 3.465912778920000048e-01 -3.433400722350000295e-02 -9.945513954849999338e-02 -4.772015407160000167e-01 4.559911787109999781e-01 -3.546309714190000184e-01 -6.560522435600000257e-01
-5.595489583360000463e-01 -3.217599217580000004e-01 -2.958049037439999807e-03 3.465912778920000048e-01 -3.433400722350000295e-02 -9.945513954849999338e-02 -4.757055258410000098e-01 4.559911787109999781e-01 -3.546309714190000184e-01 -6.560522435600000257e-01
-5.595489583360000463e-01 -3.217599217580000004e-01 -2.958049037439999807e-03 3.465912778920000048e-01 -3.433400722350000295e-02 -9.945513954849999338e-02 -4.757055258410000098e-01 4.559911787109999781e-01 -3.546309714190000184e-01 -6.560522435600000257e-01
-5.595489583360000463e-01 -3.202639068829999935e-01 -2.958049037439999807e-03 3.465912778920000048e-01 -3.433400722350000295e-02 -7.062371798210000107e-02 -4.772015407160000167e-01 4.559911787109999781e-01 -3.009814683559999815e-01 -6.251009903899999998e-01
-5.595489583360000463e-01 -3.217599217580000004e-01 -2.958049037439999807e-03 3.465912778920000048e-01 -3.433400722350000295e-02 -6.827006349389999618e-02 -4.757055258410000098e-01 4.559911787109999781e-01 3.554734752790000146e-02 -6.190453513439999611e-01
-5.595489583360000463e-01 -3.217599217580000004e-01 -2.958049037439999807e-03 3.465912778920000048e-01 -3.433400722350000295e-02 -6.827006349389999618e-02 -4.772015407160000167e-01 4.559911787109999781e-01 2.696543388959999898e-01 -6.183725025609999593e-01
-5.595489583360000463e-01 -3.217599217580000004e-01 -2.958049037439999807e-03 3.465912778920000048e-01 -3.433400722350000295e-02 -6.768167273439999743e-02 -4.772015407160000167e-01 4.559911787109999781e-01 2.794089547929999862e-01 -6.183725025609999593e-01
-5.595489583360000463e-01 -3.202639068829999935e-01 -2.958049037439999807e-03 3.482170050949999762e-01 -3.433400722350000295e-02 -6.827006349389999618e-02 -4.757055258410000098e-01 4.559911787109999781e-01 2.712800660990000168e-01 -5.551240895010000065e-01
-5.595489583360000463e-01 -3.202639068829999935e-01 -2.958049037439999807e-03 3.465912778920000048e-01 -3.433400722350000295e-02 -1.677091078019999904e-01 -2.064202906029999895e-01 3.453726642470000274e-01 -8.638345610479999936e-02 -6.259396983850000484e-02
-5.595489583360000463e-01 -3.217599217580000004e-01 -2.958049037439999807e-03 3.465912778920000048e-01 -3.433400722350000295e-02 -3.559959798480000215e-01 1.765632377420000010e-01 1.600277459989999929e-01 -3.351219923020000158e-01 3.900724215729999694e-02
-5.595489583360000463e-01 -3.202639068829999935e-01 -2.958049037439999807e-03 3.482170050949999762e-01 -3.433400722350000295e-02 -5.189818663349999861e-01 2.857734862229999728e-01 2.234293652169999991e-02 -3.465023354030000169e-01 4.506288120379999679e-02
-5.595489583360000463e-01 -3.187678920070000088e-01 -2.958049037439999807e-03 3.482170050949999762e-01 -3.433400722350000295e-02 -5.589928037820000029e-01 2.932535605989999850e-01 4.691030836099999678e-03 -3.416249011160000237e-01 4.506288120379999679e-02
