-5.595489583360000463e-01 -3.202639068829999935e-01 -2.958049037439999807e-03 3.482170050949999762e-01 -3.298830965760000261e-02 -5.607579760599999963e-01 3.171900311210000267e-01 4.691030836099999678e-03 -3.367477195060000206e-01 4.371718363790000339e-02
-5.595489583360000463e-01 -3.202639068829999935e-01 -2.958049037439999807e-03 3.482170050949999762e-01 -3.231546087469999717e-02 -5.578160222629999776e-01 3.171900311210000267e-01 -1.071042194220000049e-01 -2.489576924970000049e-01 -3.081861808870000052e-01
-5.595489583360000463e-01 -3.202639068829999935e-01 -2.369658277940000189e-03 3.482170050949999762e-01 -3.231546087469999717e-02 -4.477858528329999865e-01 3.171900311210000267e-01 -1.859494042469999886e-01 -2.327001677870000063e-01 -6.419224191179999650e-01
-5.601373490959999923e-01 -3.202639068829999935e-01 -2.369658277940000189e-03 3.482170050949999762e-01 -3.231546087469999717e-02 -2.818580125490000032e-01 3.171900311210000267e-01 -1.859494042469999886e-01 -2.261972589729999983e-01 -6.533608484280000184e-01
-5.595489583360000463e-01 -3.202639068829999935e-01 -2.369658277940000189e-03 3.465912778920000048e-01 -3.231546087469999717e-02 -1.041622656239999944e-01 3.156940162460000199e-01 -1.859494042469999886e-01 -2.261972589729999983e-01 -6.567250923430000276e-01
-5.601373490959999923e-01 -3.202639068829999935e-01 -2.369658277940000189e-03 3.482170050949999762e-01 -3.231546087469999717e-02 9.530412230189999612e-02 2.902615308490000268e-01 -1.859494042469999886e-01 -2.083140070600000004e-01 -6.567250923430000276e-01
-5.595489583360000463e-01 -3.202639068829999935e-01 -2.369658277940000189e-03 3.482170050949999762e-01 -3.298830965760000261e-02 2.741766507449999724e-01 2.573487385589999787e-01 -1.859494042469999886e-01 -2.115654614670000044e-01 -6.567250923430000276e-01
-5.601373490959999923e-01 -3.202639068829999935e-01 -2.958049037439999807e-03 3.465912778920000048e-01 -3.231546087469999717e-02 3.671433052490000182e-01 2.588447534339999856e-01 -1.959521386089999873e-01 -2.196943501599999959e-01 -6.567250923430000276e-01
-5.601373490959999923e-01 -3.187678920070000088e-01 -2.958049037439999807e-03 3.465912778920000048e-01 -3.231546087469999717e-02 4.224525853439999867e-01 2.767971644539999887e-01 -2.436122473800000077e-01 -2.343258949900000054e-01 -5.329198705100000044e-01
-5.595489583360000463e-01 -3.202639068829999935e-01 -2.958049037439999807e-03 3.482170050949999762e-01 -3.298830965760000261e-02 4.406928817890000127e-01 -9.421801237139999785e-02 -3.830621376860000038e-01 -2.327001677870000063e-01 -1.917821910889999926e-01
-5.595489583360000463e-01 -3.202639068829999935e-01 -2.369658277940000189e-03 3.482170050949999762e-01 -3.298830965760000261e-02 4.406928817890000127e-01 -3.739755842540000152e-01 -3.907114004600000245e-01 -2.424547836840000026e-01 -1.870721450320000090e-01
-5.595489583360000463e-01 -3.202639068829999935e-01 -2.958049037439999807e-03 3.465912778920000048e-01 -3.231546087469999717e-02 4.412812725479999809e-01 -4.697214663400000045e-01 -3.907114004600000245e-01 -2.440805108870000018e-01 -1.870721450320000090e-01
-5.595489583360000463e-01 -3.202639068829999935e-01 -2.369658277940000189e-03 3.482170050949999762e-01 -3.231546087469999717e-02 4.412812725479999809e-01 -4.667294365890000130e-01 -3.901230097000000230e-01 -2.440805108870000018e-01 -1.870721450320000090e-01
-5.595489583360000463e-01 -3.202639068829999935e-01 -2.369658277940000189e-03 3.482170050949999762e-01 -3.231546087469999717e-02 4.412812725479999809e-01 -4.667294365890000130e-01 -3.907114004600000245e-01 -2.440805108870000018e-01 -1.877449938150000108e-01
-5.595489583360000463e-01 -3.202639068829999935e-01 -2.369658277940000189e-03 3.482170050949999762e-01 -3.298830965760000261e-02 4.412812725479999809e-01 -4.667294365890000130e-01 -3.907114004600000245e-01 -2.440805108870000018e-01 -1.897636447399999871e-01
-5.595489583360000463e-01 -3.202639068829999935e-01 -2.958049037439999807e-03 3.482170050949999762e-01 -3.231546087469999717e-02 4.412812725479999809e-01 -4.143684509200000199e-01 -3.907114004600000245e-01 -2.522091469030000033e-01 -1.877449938150000108e-01
-5.595489583360000463e-01 -3.202639068829999935e-01 -2.958049037439999807e-03 3.482170050949999762e-01 -3.231546087469999717e-02 4.412812725479999809e-01 -4.083841589020000273e-01 -3.901230097000000230e-01 -2.522091469030000033e-01 -1.877449938150000108e-01
-5.595489583360000463e-01 -3.202639068829999935e-01 -2.369658277940000189e-03 3.482170050949999762e-01 -3.231546087469999717e-02 4.412812725479999809e-01 -4.083841589020000273e-01 -3.907114004600000245e-01 -2.522091469030000033e-01 -1.877449938150000108e-01
-5.601373490959999923e-01 -3.202639068829999935e-01 -2.958049037439999807e-03 3.465912778920000048e-01 -3.231546087469999717e-02 4.412812725479999809e-01 -4.083841589020000273e-01 -3.907114004600000245e-01 -2.522091469030000033e-01 -1.890907959579999909e-01
-5.595489583360000463e-01 -3.202639068829999935e-01 -2.369658277940000189e-03 3.482170050949999762e-01 -3.298830965760000261e-02 4.412812725479999809e-01 -4.083841589020000273e-01 -3.907114004600000245e-01 -2.522091469030000033e-01 -1.890907959579999909e-01
-5.595489583360000463e-01 -3.202639068829999935e-01 -2.369658277940000189e-03 3.482170050949999762e-01 -3.231546087469999717e-02 4.412812725479999809e-01 -3.485430988570000221e-01 -3.530540260510000028e-01 -2.587120557159999779e-01 -3.270260513870000274e-01
-5.595489583360000463e-01 -3.202639068829999935e-01 -2.369658277940000189e-03 3.465912778920000048e-01 -3.231546087469999717e-02 4.118614602219999865e-01 -2.960407428049999928e-03 -2.336095130180000090e-01 -3.204901947959999942e-01 -6.459595118159999760e-01
-5.595489583360000463e-01 -3.202639068829999935e-01 -2.958049037439999807e-03 3.465912778920000048e-01 -3.231546087469999717e-02 4.130382417410000118e-01 2.753011495789999818e-01 -2.065432637309999875e-01 -3.107358315759999878e-01 -6.251009903899999998e-01
-5.595489583360000463e-01 -3.202639068829999935e-01 -2.369658277940000189e-03 3.465912778920000048e-01 -3.231546087469999717e-02 3.577289616470000211e-01 3.186860459959999781e-01 -8.356840614140000068e-02 -3.497537898090000152e-01 -1.514108458039999938e-01
-5.595489583360000463e-01 -3.202639068829999935e-01 -2.958049037439999807e-03 3.482170050949999762e-01 -3.231546087469999717e-02 2.865329481450000215e-01 3.141980013699999796e-01 -1.060722036119999927e-02 -3.481280626059999883e-01 3.429719609959999693e-02
-5.595489583360000463e-01 -3.202639068829999935e-01 -2.369658277940000189e-03 3.482170050949999762e-01 -3.298830965760000261e-02 1.282543706350000035e-01 2.992376201010000236e-01 6.456294564839999868e-03 -3.448763555220000221e-01 3.766154459139999661e-02
