-5.595489583360000463e-01 -3.217599217580000004e-01 -2.958049037439999807e-03 3.465912778920000048e-01 -3.298830965760000261e-02 -5.601695853010000281e-01 3.186860459959999781e-01 4.691030836099999678e-03 -3.399991739120000189e-01 4.640857876969999712e-02
-5.595489583360000463e-01 -3.217599217580000004e-01 -2.958049037439999807e-03 3.465912778920000048e-01 -3.231546087469999717e-02 -5.354568076010000066e-01 1.616028564720000116e-01 5.411640333570000294e-02 -1.432844135740000135e-01 -2.738704746480000174e-01
-5.595489583360000463e-01 -3.202639068829999935e-01 -2.958049037439999807e-03 3.465912778920000048e-01 -3.298830965760000261e-02 -3.901230097000000230e-01 -1.645314090610000002e-01 1.888591675650000135e-01 1.851157662940000059e-01 -5.907852841520000453e-01
-5.595489583360000463e-01 -3.202639068829999935e-01 -2.958049037439999807e-03 3.465912778920000048e-01 -3.231546087469999717e-02 -2.112503898070000052e-01 -4.398009363170000130e-01 3.553753986090000261e-01 2.680286116930000184e-01 -6.102981080110000400e-01
-5.595489583360000463e-01 -3.202639068829999935e-01 -2.958049037439999807e-03 3.465912778920000048e-01 -3.231546087469999717e-02 -8.003797013419999828e-02 -4.622413919630000145e-01 4.506956161499999780e-01 2.777829749130000248e-01 -6.109709567940000419e-01
-5.595489583360000463e-01 -3.202639068829999935e-01 -2.958049037439999807e-03 3.465912778920000048e-01 -3.298830965760000261e-02 -6.709328197489999868e-02 -4.682254514649999977e-01 4.542259607069999983e-01 2.794089547929999862e-01 -6.109709567940000419e-01
-5.595489583360000463e-01 -3.202639068829999935e-01 -2.958049037439999807e-03 3.465912778920000048e-01 -3.231546087469999717e-02 -6.709328197489999868e-02 -4.697214663400000045e-01 4.542259607069999983e-01 2.794089547929999862e-01 -6.109709567940000419e-01
-5.595489583360000463e-01 -3.202639068829999935e-01 -2.958049037439999807e-03 3.465912778920000048e-01 -3.298830965760000261e-02 -6.709328197489999868e-02 -4.697214663400000045e-01 4.548143971920000084e-01 2.794089547929999862e-01 -6.109709567940000419e-01
-5.595489583360000463e-01 -3.202639068829999935e-01 -2.958049037439999807e-03 3.465912778920000048e-01 -3.231546087469999717e-02 -6.709328197489999868e-02 -4.697214663400000045e-01 4.542259607069999983e-01 2.794089547929999862e-01 -6.109709567940000419e-01
-5.595489583360000463e-01 -3.202639068829999935e-01 -2.958049037439999807e-03 3.465912778920000048e-01 -3.231546087469999717e-02 -6.709328197489999868e-02 -4.697214663400000045e-01 4.542259607069999983e-01 2.794089547929999862e-01 -6.109709567940000419e-01
-5.595489583360000463e-01 -3.202639068829999935e-01 -2.958049037439999807e-03 3.465912778920000048e-01 -3.298830965760000261e-02 -6.709328197489999868e-02 -4.697214663400000045e-01 4.548143971920000084e-01 2.794089547929999862e-01 -6.109709567940000419e-01
-5.595489583360000463e-01 -3.202639068829999935e-01 -2.958049037439999807e-03 3.465912778920000048e-01 -3.231546087469999717e-02 -6.709328197489999868e-02 -4.697214663400000045e-01 4.542259607069999983e-01 2.794089547929999862e-01 -6.109709567940000419e-01
-5.595489583360000463e-01 -3.202639068829999935e-01 -2.958049037439999807e-03 3.465912778920000048e-01 -3.231546087469999717e-02 -6.709328197489999868e-02 -4.697214663400000045e-01 4.542259607069999983e-01 2.794089547929999862e-01 -6.143354098629999482e-01
-5.595489583360000463e-01 -3.202639068829999935e-01 -2.958049037439999807e-03 3.465912778920000048e-01 -3.231546087469999717e-02 -8.592196917939999568e-02 -4.727134960900000182e-01 4.548143971920000084e-01 1.314662632309999968e-01 -6.540336972110000202e-01
-5.595489583360000463e-01 -3.202639068829999935e-01 -2.958049037439999807e-03 3.465912778920000048e-01 -3.298830965760000261e-02 -8.592196917939999568e-02 -4.727134960900000182e-01 4.542259607069999983e-01 -2.928525796620000121e-01 -6.547065459940000220e-01
-5.595489583360000463e-01 -3.202639068829999935e-01 -2.958049037439999807e-03 3.465912778920000048e-01 -3.231546087469999717e-02 -8.651035993889999443e-02 -4.727134960900000182e-01 4.548143971920000084e-01 -6.456389202569999819e-01 -6.547065459940000220e-01
-5.595489583360000463e-01 -3.202639068829999935e-01 -2.958049037439999807e-03 3.465912778920000048e-01 -3.231546087469999717e-02 -9.592470354120000153e-02 -4.772015407160000167e-01 4.548143971920000084e-01 -7.366805280110000353e-01 -6.553793947770000239e-01
-5.595489583360000463e-01 -3.202639068829999935e-01 -2.958049037439999807e-03 3.465912778920000048e-01 -3.298830965760000261e-02 -9.592470354120000153e-02 -4.757055258410000098e-01 4.548143971920000084e-01 -7.350548008080000084e-01 -6.553793947770000239e-01
-5.595489583360000463e-01 -3.202639068829999935e-01 -2.369658277940000189e-03 3.465912778920000048e-01 -3.298830965760000261e-02 -9.592470354120000153e-02 -4.772015407160000167e-01 4.548143971920000084e-01 -7.366805280110000353e-01 -6.553793947770000239e-01
-5.595489583360000463e-01 -3.202639068829999935e-01 -2.958049037439999807e-03 3.465912778920000048e-01 -3.231546087469999717e-02 -9.533631278170000278e-02 -4.772015407160000167e-01 4.548143971920000084e-01 -7.366805280110000353e-01 -6.553793947770000239e-01
-5.595489583360000463e-01 -3.202639068829999935e-01 -2.958049037439999807e-03 3.465912778920000048e-01 -3.298830965760000261e-02 -9.592470354120000153e-02 -4.772015407160000167e-01 4.548143971920000084e-01 -7.350548008080000084e-01 -6.553793947770000239e-01
-5.595489583360000463e-01 -3.202639068829999935e-01 -2.958049037439999807e-03 3.465912778920000048e-01 -3.231546087469999717e-02 -9.592470354120000153e-02 -4.772015407160000167e-01 4.548143971920000084e-01 -7.350548008080000084e-01 -6.553793947770000239e-01
-5.601373490959999923e-01 -3.202639068829999935e-01 -2.958049037439999807e-03 3.465912778920000048e-01 -3.298830965760000261e-02 -9.592470354120000153e-02 -4.757055258410000098e-01 4.548143971920000084e-01 -7.350548008080000084e-01 -6.553793947770000239e-01
-5.595489583360000463e-01 -3.202639068829999935e-01 -2.958049037439999807e-03 3.465912778920000048e-01 -3.231546087469999717e-02 -9.592470354120000153e-02 -4.772015407160000167e-01 4.548143971920000084e-01 -5.009478094399999470e-01 -6.553793947770000239e-01
-5.595489583360000463e-01 -3.202639068829999935e-01 -2.958049037439999807e-03 3.465912778920000048e-01 -3.231546087469999717e-02 -9.592470354120000153e-02 -4.786975555920000014e-01 4.548143971920000084e-01 -3.562566986219999898e-01 -6.553793947770000239e-01
-5.595489583360000463e-01 -3.202639068829999935e-01 -2.958049037439999807e-03 3.465912778920000048e-01 -3.298830965760000261e-02 -9.592470354120000153e-02 -4.772015407160000167e-01 4.548143971920000084e-01 -3.530052442159999915e-01 -6.553793947770000239e-01
-5.595489583360000463e-01 -3.202639068829999935e-01 -2.958049037439999807e-03 3.465912778920000048e-01 -3.298830965760000261e-02 -9.533631278170000278e-02 -4.772015407160000167e-01 4.548143971920000084e-01 -3.530052442159999915e-01 -6.553793947770000239e-01
-5.595489583360000463e-01 -3.202639068829999935e-01 -2.958049037439999807e-03 3.465912778920000048e-01 -3.298830965760000261e-02 -9.533631278170000278e-02 -4.772015407160000167e-01 4.548143971920000084e-01 -3.530052442159999915e-01 -6.553793947770000239e-01
-5.595489583360000463e-01 -3.202639068829999935e-01 -2.958049037439999807e-03 3.465912778920000048e-01 -3.231546087469999717e-02 -9.592470354120000153e-02 -4.772015407160000167e-01 4.548143971920000084e-01 -3.530052442159999915e-01 -6.553793947770000239e-01
-5.595489583360000463e-01 -3.202639068829999935e-01 -2.958049037439999807e-03 3.465912778920000048e-01 -3.231546087469999717e-02 -9.298274974369999391e-02 -4.786975555920000014e-01 4.548143971920000084e-01 -3.416249011160000237e-01 -6.358667800720000374e-01
-5.595489583360000463e-01 -3.202639068829999935e-01 -2.958049037439999807e-03 3.465912778920000048e-01 -3.231546087469999717e-02 -7.003523577240000630e-02 -4.786975555920000014e-01 4.548143971920000084e-01 1.116118680140000020e-02 -6.190453513439999611e-01
-5.595489583360000463e-01 -3.202639068829999935e-01 -2.958049037439999807e-03 3.465912778920000048e-01 -3.298830965760000261e-02 -6.827006349389999618e-02 -4.772015407160000167e-01 4.548143971920000084e-01 2.680286116930000184e-01 -6.183725025609999593e-01
-5.595489583360000463e-01 -3.202639068829999935e-01 -2.958049037439999807e-03 3.465912778920000048e-01 -3.231546087469999717e-02 -6.827006349389999618e-02 -4.786975555920000014e-01 4.548143971920000084e-01 2.777829749130000248e-01 -6.176996537779999574e-01
-5.595489583360000463e-01 -3.202639068829999935e-01 -2.958049037439999807e-03 3.465912778920000048e-01 -3.231546087469999717e-02 -6.827006349389999618e-02 -4.772015407160000167e-01 4.548143971920000084e-01 2.777829749130000248e-01 -5.901124353690000435e-01
-5.595489583360000463e-01 -3.187678920070000088e-01 -2.958049037439999807e-03 3.465912778920000048e-01 -3.231546087469999717e-02 -1.671207170429999944e-01 -2.183884096050000001e-01 3.447842734870000259e-01 -8.638345610479999936e-02 -6.259396983850000484e-02
-5.595489583360000463e-01 -3.202639068829999935e-01 -2.958049037439999807e-03 3.482170050949999762e-01 -3.231546087469999717e-02 -3.271645582819999731e-01 1.197142074469999956e-01 1.853288230079999932e-01 -3.334962650989999888e-01 3.968009094020000238e-02
-5.595489583360000463e-01 -3.187678920070000088e-01 -2.958049037439999807e-03 3.449655506889999779e-01 -3.231546087469999717e-02 -5.107442128010000193e-01 2.797891942049999803e-01 2.763854480739999855e-02 -3.448763555220000221e-01 4.439003242080000189e-02
-5.595489583360000463e-01 -3.187678920070000088e-01 -2.958049037439999807e-03 3.498427322989999810e-01 -3.231546087469999717e-02 -5.578160222629999776e-01 2.827812239549999940e-01 4.691030836099999678e-03 -3.416249011160000237e-01 4.439003242080000189e-02
