-5.601373490959999923e-01 -3.202639068829999935e-01 -2.958049037439999807e-03 3.465912778920000048e-01 -2.962406574289999997e-02 -5.578160222629999776e-01 3.171900311210000267e-01 -2.355190852050000061e-02 -2.587120557159999779e-01 -3.904405328120000296e-02
-5.601373490959999923e-01 -3.202639068829999935e-01 -2.958049037439999807e-03 3.482170050949999762e-01 -2.962406574289999997e-02 -5.236889924109999761e-01 3.186860459959999781e-01 -1.594715457189999908e-01 -2.375773493960000038e-01 -5.201355344800000502e-01
-5.601373490959999923e-01 -3.202639068829999935e-01 -2.369658277940000189e-03 3.465912778920000048e-01 -2.962406574289999997e-02 -4.189543398159999987e-01 3.171900311210000267e-01 -1.859494042469999886e-01 -2.294487133800000023e-01 -6.479780581649999815e-01
-5.601373490959999923e-01 -3.202639068829999935e-01 -2.369658277940000189e-03 3.482170050949999762e-01 -2.962406574289999997e-02 -2.830347940679999730e-01 3.171900311210000267e-01 -1.859494042469999886e-01 -2.261972589729999983e-01 -6.533608484280000184e-01
-5.601373490959999923e-01 -3.187678920070000088e-01 -2.369658277940000189e-03 3.465912778920000048e-01 -2.962406574289999997e-02 -1.206373897909999993e-01 3.171900311210000267e-01 -1.859494042469999886e-01 -2.261972589729999983e-01 -6.560522435600000257e-01
-5.595489583360000463e-01 -3.202639068829999935e-01 -2.958049037439999807e-03 3.482170050949999762e-01 -2.962406574289999997e-02 1.217819808299999973e-01 2.797891942049999803e-01 -1.859494042469999886e-01 -2.083140070600000004e-01 -6.560522435600000257e-01
-5.595489583360000463e-01 -3.187678920070000088e-01 -2.958049037439999807e-03 3.482170050949999762e-01 -2.962406574289999997e-02 2.812374313089999744e-01 2.573487385589999787e-01 -1.859494042469999886e-01 -2.115654614670000044e-01 -6.560522435600000257e-01
-5.601373490959999923e-01 -3.202639068829999935e-01 -2.958049037439999807e-03 3.465912778920000048e-01 -2.962406574289999997e-02 3.953863360559999873e-01 2.753011495789999818e-01 -2.041897006929999925e-01 -2.294487133800000023e-01 -6.560522435600000257e-01
-5.601373490959999923e-01 -3.202639068829999935e-01 -2.958049037439999807e-03 3.482170050949999762e-01 -2.962406574289999997e-02 4.124498509819999881e-01 2.872695010979999797e-01 -2.100736082880000077e-01 -2.359516221930000046e-01 -6.560522435600000257e-01
-5.601373490959999923e-01 -3.187678920070000088e-01 -2.958049037439999807e-03 3.465912778920000048e-01 -2.962406574289999997e-02 4.401044910290000112e-01 9.577773692579999443e-02 -3.389324649220000207e-01 -2.359516221930000046e-01 -2.382091754210000079e-01
-5.595489583360000463e-01 -3.202639068829999935e-01 -2.958049037439999807e-03 3.465912778920000048e-01 -2.962406574289999997e-02 4.406928817890000127e-01 -2.752376724169999789e-01 -3.901230097000000230e-01 -2.359516221930000046e-01 -1.877449938150000108e-01
-5.595489583360000463e-01 -3.202639068829999935e-01 -2.958049037439999807e-03 3.465912778920000048e-01 -2.962406574289999997e-02 4.406928817890000127e-01 -4.487770255690000099e-01 -3.907114004600000245e-01 -2.440805108870000018e-01 -1.877449938150000108e-01
-5.601373490959999923e-01 -3.202639068829999935e-01 -2.958049037439999807e-03 3.465912778920000048e-01 -2.962406574289999997e-02 4.406928817890000127e-01 -4.727134960900000182e-01 -3.907114004600000245e-01 -2.440805108870000018e-01 -1.877449938150000108e-01
-5.601373490959999923e-01 -3.202639068829999935e-01 -2.369658277940000189e-03 3.465912778920000048e-01 -2.962406574289999997e-02 4.412812725479999809e-01 -4.727134960900000182e-01 -3.907114004600000245e-01 -2.440805108870000018e-01 -1.877449938150000108e-01
-5.601373490959999923e-01 -3.202639068829999935e-01 -2.369658277940000189e-03 3.465912778920000048e-01 -2.962406574289999997e-02 4.412812725479999809e-01 -4.727134960900000182e-01 -3.901230097000000230e-01 -2.440805108870000018e-01 -1.897636447399999871e-01
-5.601373490959999923e-01 -3.202639068829999935e-01 -2.958049037439999807e-03 3.465912778920000048e-01 -2.962406574289999997e-02 4.406928817890000127e-01 -4.203525104210000252e-01 -3.907114004600000245e-01 -2.505834196999999763e-01 -1.877449938150000108e-01
-5.595489583360000463e-01 -3.202639068829999935e-01 -2.958049037439999807e-03 3.465912778920000048e-01 -2.962406574289999997e-02 4.412812725479999809e-01 -4.098801737769999787e-01 -3.901230097000000230e-01 -2.522091469030000033e-01 -1.877449938150000108e-01
-5.601373490959999923e-01 -3.187678920070000088e-01 -2.369658277940000189e-03 3.465912778920000048e-01 -2.962406574289999997e-02 4.412812725479999809e-01 -4.098801737769999787e-01 -3.907114004600000245e-01 -2.522091469030000033e-01 -1.877449938150000108e-01
-5.601373490959999923e-01 -3.202639068829999935e-01 -2.369658277940000189e-03 3.465912778920000048e-01 -2.962406574289999997e-02 4.406928817890000127e-01 -4.098801737769999787e-01 -3.901230097000000230e-01 -2.522091469030000033e-01 -1.897636447399999871e-01
-5.601373490959999923e-01 -3.202639068829999935e-01 -2.369658277940000189e-03 3.465912778920000048e-01 -2.962406574289999997e-02 4.412812725479999809e-01 -4.098801737769999787e-01 -3.901230097000000230e-01 -2.522091469030000033e-01 -1.897636447399999871e-01
-5.601373490959999923e-01 -3.202639068829999935e-01 -2.369658277940000189e-03 3.465912778920000048e-01 -2.962406574289999997e-02 4.406928817890000127e-01 -3.784636288789999803e-01 -3.748246670529999935e-01 -2.538348741070000081e-01 -2.415734193359999893e-01
-5.601373490959999923e-01 -3.187678920070000088e-01 -2.958049037439999807e-03 3.482170050949999762e-01 -2.962406574289999997e-02 4.118614602219999865e-01 -1.271308046619999965e-01 -2.518498094630000073e-01 -3.172387403890000179e-01 -6.237552928249999740e-01
-5.601373490959999923e-01 -3.202639068829999935e-01 -2.958049037439999807e-03 3.465912778920000048e-01 -2.962406574289999997e-02 4.118614602219999865e-01 2.274282085359999872e-01 -2.224299971379999907e-01 -3.058586499659999847e-01 -6.533608484280000184e-01
-5.595489583360000463e-01 -3.202639068829999935e-01 -2.369658277940000189e-03 3.465912778920000048e-01 -2.962406574289999997e-02 3.759692580919999916e-01 3.186860459959999781e-01 -1.153417815050000045e-01 -3.497537898090000152e-01 -2.711790795169999879e-01
-5.601373490959999923e-01 -3.202639068829999935e-01 -2.369658277940000189e-03 3.465912778920000048e-01 -2.962406574289999997e-02 3.077152898380000057e-01 3.171900311210000267e-01 -1.943317320399999895e-02 -3.497537898090000152e-01 2.891440583599999906e-02
-5.601373490959999923e-01 -3.202639068829999935e-01 -2.958049037439999807e-03 3.465912778920000048e-01 -2.962406574289999997e-02 1.717956526390000127e-01 2.992376201010000236e-01 5.279513045829999952e-03 -3.432506283189999952e-01 3.766154459139999661e-02
-5.595489583360000463e-01 -3.202639068829999935e-01 -2.958049037439999807e-03 3.482170050949999762e-01 -2.962406574289999997e-02 7.044685324340000353e-03 3.007336349759999750e-01 7.044685324340000353e-03 -3.399991739120000189e-01 3.766154459139999661e-02
