-5.595489583360000463e-01 -3.023114958620000126e-01 -2.958049037439999807e-03 3.449655506889999779e-01 -3.164261209170000227e-02 -5.589928037820000029e-01 3.171900311210000267e-01 4.691030836099999678e-03 -3.399991739120000189e-01 4.640857876969999712e-02
-5.413086618910000203e-01 -4.549066407599999806e-01 -2.958049037439999807e-03 6.473538426270000201e-01 3.720706316060000129e-01 -5.589928037820000029e-01 3.231740906219999765e-01 4.102640076600000060e-03 -3.302448106929999905e-01 4.506288120379999679e-02
-4.377508365409999991e-01 -4.833309233909999780e-01 -2.958049037439999807e-03 7.595300303619999527e-01 4.279176034759999969e-01 -5.589928037820000029e-01 3.141980013699999796e-01 4.691030836099999678e-03 -3.416249011160000237e-01 4.506288120379999679e-02
-2.394612301340000027e-01 -4.997875520530000171e-01 -3.546439796939999858e-03 7.579043031590000368e-01 4.312818473899999727e-01 -5.589928037820000029e-01 3.141980013699999796e-01 4.102640076600000060e-03 -3.416249011160000237e-01 4.506288120379999679e-02
-7.765221661629999328e-02 -4.967955223020000255e-01 -3.546439796939999858e-03 7.562785759560000098e-01 4.326275449559999764e-01 -5.589928037820000029e-01 3.141980013699999796e-01 4.102640076600000060e-03 -3.416249011160000237e-01 4.573572998670000223e-02
1.100462646700000047e-01 -4.474265663840000240e-01 -3.546439796939999858e-03 7.416465257709999870e-01 4.333003937389999782e-01 -5.589928037820000029e-01 3.141980013699999796e-01 4.102640076600000060e-03 -3.416249011160000237e-01 4.573572998670000223e-02
2.512614187039999836e-01 -4.459305515090000172e-01 -1.609523992420000148e-05 7.416465257709999870e-01 4.339732425219999801e-01 -5.589928037820000029e-01 3.127019864949999728e-01 4.102640076600000060e-03 -3.416249011160000237e-01 4.573572998670000223e-02
3.365789018840000257e-01 -4.534106258849999738e-01 1.351698367890000023e-02 7.546528487529999829e-01 4.353189400879999837e-01 -5.589928037820000029e-01 3.127019864949999728e-01 4.691030836099999678e-03 -3.416249011160000237e-01 4.573572998670000223e-02
3.542308075699999725e-01 -4.623867151370000261e-01 1.704741968610000089e-02 7.562785759560000098e-01 4.346460913049999819e-01 -5.589928037820000029e-01 3.141980013699999796e-01 4.691030836099999678e-03 -3.416249011160000237e-01 4.573572998670000223e-02
3.548191983289999962e-01 -4.623867151370000261e-01 1.763581044559999964e-02 7.562785759560000098e-01 4.346460913049999819e-01 -5.589928037820000029e-01 3.127019864949999728e-01 4.102640076600000060e-03 -3.416249011160000237e-01 4.573572998670000223e-02
3.548191983289999962e-01 -4.623867151370000261e-01 1.763581044559999964e-02 7.562785759560000098e-01 4.346460913049999819e-01 -5.589928037820000029e-01 3.141980013699999796e-01 4.102640076600000060e-03 -3.416249011160000237e-01 4.573572998670000223e-02
3.542308075699999725e-01 -4.623867151370000261e-01 1.763581044559999964e-02 7.562785759560000098e-01 4.353189400879999837e-01 -5.589928037820000029e-01 3.141980013699999796e-01 4.691030836099999678e-03 -3.416249011160000237e-01 4.573572998670000223e-02
3.548191983289999962e-01 -4.623867151370000261e-01 1.763581044559999964e-02 7.562785759560000098e-01 3.915833508880000036e-01 -5.589928037820000029e-01 3.141980013699999796e-01 4.102640076600000060e-03 -3.416249011160000237e-01 4.573572998670000223e-02
3.548191983289999962e-01 -1.706610242519999987e-01 2.587337252889999883e-02 7.644072119720000114e-01 3.626506440669999831e-01 -5.584044130219999458e-01 3.141980013699999796e-01 4.102640076600000060e-03 -3.416249011160000237e-01 4.640857876969999712e-02
3.548191983289999962e-01 -1.078277019390000008e-01 2.587337252889999883e-02 7.676586663790000431e-01 3.626506440669999831e-01 -5.589928037820000029e-01 3.127019864949999728e-01 4.102640076600000060e-03 -3.416249011160000237e-01 4.573572998670000223e-02
3.548191983289999962e-01 -1.078277019390000008e-01 2.587337252889999883e-02 7.692843935819999590e-01 3.626506440669999831e-01 -5.589928037820000029e-01 3.141980013699999796e-01 4.102640076600000060e-03 -3.416249011160000237e-01 4.573572998670000223e-02
3.548191983289999962e-01 -1.078277019390000008e-01 2.587337252889999883e-02 7.692843935819999590e-01 3.626506440669999831e-01 -5.589928037820000029e-01 3.141980013699999796e-01 4.102640076600000060e-03 -3.416249011160000237e-01 4.573572998670000223e-02
3.542308075699999725e-01 -1.078277019390000008e-01 2.587337252889999883e-02 7.692843935819999590e-01 3.633234928499999850e-01 -5.589928037820000029e-01 3.141980013699999796e-01 4.102640076600000060e-03 -3.416249011160000237e-01 4.640857876969999712e-02
3.548191983289999962e-01 -1.078277019390000008e-01 2.587337252889999883e-02 7.692843935819999590e-01 3.626506440669999831e-01 -5.589928037820000029e-01 3.141980013699999796e-01 4.102640076600000060e-03 -3.416249011160000237e-01 4.573572998670000223e-02
3.548191983289999962e-01 -1.078277019390000008e-01 2.587337252889999883e-02 7.692843935819999590e-01 3.626506440669999831e-01 -5.584044130219999458e-01 3.141980013699999796e-01 4.102640076600000060e-03 -3.416249011160000237e-01 4.573572998670000223e-02
3.548191983289999962e-01 -1.078277019390000008e-01 2.587337252889999883e-02 7.692843935819999590e-01 3.626506440669999831e-01 -5.589928037820000029e-01 3.141980013699999796e-01 4.691030836099999678e-03 -3.416249011160000237e-01 4.573572998670000223e-02
3.548191983289999962e-01 -1.078277019390000008e-01 2.587337252889999883e-02 7.692843935819999590e-01 3.633234928499999850e-01 -5.589928037820000029e-01 3.127019864949999728e-01 4.102640076600000060e-03 -3.416249011160000237e-01 4.573572998670000223e-02
3.454047632769999820e-01 -6.743483527259999666e-02 2.234293652169999991e-02 7.351436169580000124e-01 3.626506440669999831e-01 -5.589928037820000029e-01 3.127019864949999728e-01 4.102640076600000060e-03 -3.416249011160000237e-01 4.640857876969999712e-02
2.989215274750000040e-01 1.554734737980000003e-01 1.351698367890000023e-02 4.343810522239999750e-01 3.592862955750000253e-01 -5.589928037820000029e-01 3.127019864949999728e-01 4.691030836099999678e-03 -3.416249011160000237e-01 4.640857876969999712e-02
2.853883571060000235e-01 1.435051222790000025e-01 1.881259196460000060e-02 2.750582702380000022e-01 3.586134467920000235e-01 -5.589928037820000029e-01 3.127019864949999728e-01 4.691030836099999678e-03 -3.399991739120000189e-01 4.640857876969999712e-02
2.847999663460000219e-01 1.330330181519999988e-01 1.881259196460000060e-02 2.718068158320000038e-01 3.586134467920000235e-01 -5.589928037820000029e-01 3.127019864949999728e-01 4.691030836099999678e-03 -3.416249011160000237e-01 4.640857876969999712e-02
2.847999663460000219e-01 1.330330181519999988e-01 1.881259196460000060e-02 2.718068158320000038e-01 3.586134467920000235e-01 -5.589928037820000029e-01 3.127019864949999728e-01 4.102640076600000060e-03 -3.416249011160000237e-01 4.640857876969999712e-02
2.847999663460000219e-01 1.330330181519999988e-01 1.822420120509999839e-02 2.701810886279999990e-01 3.586134467920000235e-01 -5.589928037820000029e-01 3.127019864949999728e-01 4.102640076600000060e-03 -3.416249011160000237e-01 4.640857876969999712e-02
2.847999663460000219e-01 1.330330181519999988e-01 1.822420120509999839e-02 2.701810886279999990e-01 3.586134467920000235e-01 -5.589928037820000029e-01 3.127019864949999728e-01 4.102640076600000060e-03 -3.416249011160000237e-01 4.640857876969999712e-02
2.865651386249999932e-01 6.421563633750000666e-02 3.705288840970000219e-02 3.335849549109999868e-01 4.232075574179999800e-01 -5.589928037820000029e-01 3.127019864949999728e-01 4.102640076600000060e-03 -3.416249011160000237e-01 4.640857876969999712e-02
3.418744187189999839e-01 -2.813670550910000179e-01 3.411093461220000150e-02 7.123834361130000348e-01 4.333003937389999782e-01 -5.589928037820000029e-01 3.127019864949999728e-01 4.102640076600000060e-03 -3.416249011160000237e-01 4.640857876969999712e-02
3.571727613669999912e-01 -4.534106258849999738e-01 2.057776424310000032e-02 7.660329391760000162e-01 4.333003937389999782e-01 -5.589928037820000029e-01 3.141980013699999796e-01 4.691030836099999678e-03 -3.416249011160000237e-01 4.640857876969999712e-02
3.571727613669999912e-01 -4.638827300119999775e-01 1.998937348360000157e-02 7.660329391760000162e-01 4.339732425219999801e-01 -5.589928037820000029e-01 3.127019864949999728e-01 4.691030836099999678e-03 -3.416249011160000237e-01 4.640857876969999712e-02
3.530540260510000028e-01 -4.070336997169999860e-01 2.293132728119999866e-02 6.782426594889999771e-01 2.644137805630000226e-01 -5.589928037820000029e-01 3.141980013699999796e-01 4.102640076600000060e-03 -3.416249011160000237e-01 4.640857876969999712e-02
3.000983089939999737e-01 -2.963274363610000073e-01 1.175181140040000051e-02 3.872349633289999815e-01 -1.683983428980000141e-02 -5.589928037820000029e-01 3.141980013699999796e-01 4.691030836099999678e-03 -3.416249011160000237e-01 4.640857876969999712e-02
1.894797488049999867e-01 -2.993194661119999989e-01 -5.311703525679999614e-03 3.335849549109999868e-01 -2.827836817699999963e-02 -5.589928037820000029e-01 3.127019864949999728e-01 4.102640076600000060e-03 -3.416249011160000237e-01 4.640857876969999712e-02
-2.337467798090000094e-03 -2.993194661119999989e-01 -5.900094285180000099e-03 3.335849549109999868e-01 -3.096976330880000031e-02 -5.589928037820000029e-01 3.127019864949999728e-01 4.691030836099999678e-03 -3.416249011160000237e-01 4.708142755260000256e-02
-1.770912609249999936e-01 -3.038075107379999973e-01 -5.311703525679999614e-03 3.368369146719999985e-01 -3.164261209170000227e-02 -5.589928037820000029e-01 3.141980013699999796e-01 4.102640076600000060e-03 -3.416249011160000237e-01 4.640857876969999712e-02
