-5.595489583360000463e-01 -3.217599217580000004e-01 -2.369658277940000189e-03 3.482170050949999762e-01 -3.231546087469999717e-02 -5.595811945409999710e-01 3.156940162460000199e-01 4.691030836099999678e-03 -3.465023354030000169e-01 4.506288120379999679e-02
-5.595489583360000463e-01 -3.202639068829999935e-01 -2.369658277940000189e-03 3.465912778920000048e-01 -3.298830965760000261e-02 -5.595811945409999710e-01 3.156940162460000199e-01 -5.826732913209999726e-02 -2.522091469030000033e-01 -1.460280555410000125e-01
-5.595489583360000463e-01 -3.217599217580000004e-01 -2.369658277940000189e-03 3.465912778920000048e-01 -3.298830965760000261e-02 -4.860316180009999765e-01 3.171900311210000267e-01 -1.824189682400000068e-01 -2.343258949900000054e-01 -6.170268049949999556e-01
-5.595489583360000463e-01 -3.217599217580000004e-01 -2.369658277940000189e-03 3.482170050949999762e-01 -3.231546087469999717e-02 -3.318717758079999802e-01 3.141980013699999796e-01 -1.865377950069999902e-01 -2.294487133800000023e-01 -6.520151508629999926e-01
-5.595489583360000463e-01 -3.202639068829999935e-01 -2.369658277940000189e-03 3.465912778920000048e-01 -3.231546087469999717e-02 -1.435848123119999875e-01 3.156940162460000199e-01 -1.859494042469999886e-01 -2.245715317699999991e-01 -6.560522435600000257e-01
-5.595489583360000463e-01 -3.202639068829999935e-01 -2.369658277940000189e-03 3.465912778920000048e-01 -3.298830965760000261e-02 4.823240429049999861e-02 3.052216796019999734e-01 -1.859494042469999886e-01 -2.196943501599999959e-01 -6.560522435600000257e-01
-5.595489583360000463e-01 -3.202639068829999935e-01 -2.369658277940000189e-03 3.465912778920000048e-01 -3.231546087469999717e-02 2.371076670960000077e-01 2.588447534339999856e-01 -1.859494042469999886e-01 -2.115654614670000044e-01 -6.560522435600000257e-01
-5.595489583360000463e-01 -3.202639068829999935e-01 -2.369658277940000189e-03 3.465912778920000048e-01 -3.298830965760000261e-02 3.430190097590000153e-01 2.588447534339999856e-01 -1.930100933620000070e-01 -2.164426430760000020e-01 -6.560522435600000257e-01
-5.595489583360000463e-01 -3.202639068829999935e-01 -2.369658277940000189e-03 3.465912778920000048e-01 -3.231546087469999717e-02 4.053890704179999860e-01 2.812852090799999871e-01 -2.083084360090000087e-01 -2.310744405830000014e-01 -6.560522435600000257e-01
-5.595489583360000463e-01 -3.202639068829999935e-01 -2.369658277940000189e-03 3.465912778920000048e-01 -3.298830965760000261e-02 4.183337585770000033e-01 3.037256647259999887e-01 -2.106619990470000037e-01 -2.359516221930000046e-01 -6.567250923430000276e-01
-5.595489583360000463e-01 -3.202639068829999935e-01 -2.369658277940000189e-03 3.465912778920000048e-01 -3.231546087469999717e-02 4.183337585770000033e-01 3.067176944769999802e-01 -2.106619990470000037e-01 -2.359516221930000046e-01 -6.560522435600000257e-01
-5.595489583360000463e-01 -3.202639068829999935e-01 -2.369658277940000189e-03 3.465912778920000048e-01 -3.298830965760000261e-02 4.183337585770000033e-01 3.067176944769999802e-01 -2.112503898070000052e-01 -2.359516221930000046e-01 -6.560522435600000257e-01
-5.595489583360000463e-01 -3.202639068829999935e-01 -2.369658277940000189e-03 3.465912778920000048e-01 -3.231546087469999717e-02 4.183337585770000033e-01 3.067176944769999802e-01 -2.106619990470000037e-01 -2.359516221930000046e-01 -6.560522435600000257e-01
-5.595489583360000463e-01 -3.202639068829999935e-01 -1.781267518430000108e-03 3.465912778920000048e-01 -3.298830965760000261e-02 4.389276637849999774e-01 1.616028564720000116e-01 -3.053938258289999874e-01 -2.359516221930000046e-01 -3.007847396980000143e-01
-5.595489583360000463e-01 -3.202639068829999935e-01 -2.369658277940000189e-03 3.465912778920000048e-01 -3.298830965760000261e-02 4.412812725479999809e-01 -2.109083352289999880e-01 -3.901230097000000230e-01 -2.343258949900000054e-01 -1.870721450320000090e-01
-5.595489583360000463e-01 -3.202639068829999935e-01 -2.369658277940000189e-03 3.465912778920000048e-01 -3.298830965760000261e-02 4.418696633079999825e-01 -4.293285996730000220e-01 -3.901230097000000230e-01 -2.424547836840000026e-01 -1.870721450320000090e-01
-5.595489583360000463e-01 -3.202639068829999935e-01 -2.369658277940000189e-03 3.482170050949999762e-01 -3.231546087469999717e-02 4.418696633079999825e-01 -4.757055258410000098e-01 -3.901230097000000230e-01 -2.440805108870000018e-01 -1.870721450320000090e-01
-5.595489583360000463e-01 -3.202639068829999935e-01 -2.369658277940000189e-03 3.465912778920000048e-01 -3.231546087469999717e-02 4.418696633079999825e-01 -4.757055258410000098e-01 -3.901230097000000230e-01 -2.440805108870000018e-01 -1.870721450320000090e-01
-5.595489583360000463e-01 -3.202639068829999935e-01 -2.369658277940000189e-03 3.465912778920000048e-01 -3.298830965760000261e-02 4.418696633079999825e-01 -4.757055258410000098e-01 -3.901230097000000230e-01 -2.440805108870000018e-01 -1.890907959579999909e-01
-5.595489583360000463e-01 -3.202639068829999935e-01 -1.781267518430000108e-03 3.465912778920000048e-01 -3.231546087469999717e-02 4.418696633079999825e-01 -4.757055258410000098e-01 -3.901230097000000230e-01 -2.440805108870000018e-01 -1.890907959579999909e-01
-5.595489583360000463e-01 -3.202639068829999935e-01 -2.369658277940000189e-03 3.465912778920000048e-01 -3.298830965760000261e-02 4.418696633079999825e-01 -4.757055258410000098e-01 -3.901230097000000230e-01 -2.457062380900000009e-01 -1.890907959579999909e-01
-5.595489583360000463e-01 -3.202639068829999935e-01 -2.369658277940000189e-03 3.465912778920000048e-01 -3.231546087469999717e-02 4.418696633079999825e-01 -4.757055258410000098e-01 -3.901230097000000230e-01 -2.440805108870000018e-01 -1.890907959579999909e-01
-5.595489583360000463e-01 -3.202639068829999935e-01 -2.369658277940000189e-03 3.482170050949999762e-01 -3.298830965760000261e-02 4.418696633079999825e-01 -4.757055258410000098e-01 -3.901230097000000230e-01 -2.440805108870000018e-01 -1.890907959579999909e-01
-5.595489583360000463e-01 -3.202639068829999935e-01 -2.369658277940000189e-03 3.465912778920000048e-01 -3.298830965760000261e-02 4.418696633079999825e-01 -4.113764211700000062e-01 -3.901230097000000230e-01 -2.522091469030000033e-01 -1.870721450320000090e-01
-5.595489583360000463e-01 -3.217599217580000004e-01 -2.369658277940000189e-03 3.465912778920000048e-01 -3.231546087469999717e-02 4.418696633079999825e-01 -4.098801737769999787e-01 -3.901230097000000230e-01 -2.505834196999999763e-01 -1.870721450320000090e-01
-5.595489583360000463e-01 -3.202639068829999935e-01 -2.369658277940000189e-03 3.465912778920000048e-01 -3.298830965760000261e-02 4.418696633079999825e-01 -4.098801737769999787e-01 -3.901230097000000230e-01 -2.522091469030000033e-01 -1.870721450320000090e-01
-5.595489583360000463e-01 -3.202639068829999935e-01 -1.781267518430000108e-03 3.465912778920000048e-01 -3.298830965760000261e-02 4.418696633079999825e-01 -4.098801737769999787e-01 -3.901230097000000230e-01 -2.522091469030000033e-01 -1.884179471749999890e-01
-5.595489583360000463e-01 -3.202639068829999935e-01 -2.369658277940000189e-03 3.482170050949999762e-01 -3.231546087469999717e-02 4.418696633079999825e-01 -4.098801737769999787e-01 -3.901230097000000230e-01 -2.522091469030000033e-01 -1.884179471749999890e-01
-5.595489583360000463e-01 -3.202639068829999935e-01 -2.369658277940000189e-03 3.482170050949999762e-01 -3.298830965760000261e-02 4.418696633079999825e-01 -4.098801737769999787e-01 -3.901230097000000230e-01 -2.522091469030000033e-01 -1.884179471749999890e-01
-5.595489583360000463e-01 -3.202639068829999935e-01 -2.369658277940000189e-03 3.465912778920000048e-01 -3.298830965760000261e-02 4.418696633079999825e-01 -4.083841589020000273e-01 -3.901230097000000230e-01 -2.522091469030000033e-01 -1.884179471749999890e-01
-5.595489583360000463e-01 -3.202639068829999935e-01 -2.369658277940000189e-03 3.465912778920000048e-01 -3.298830965760000261e-02 4.142150232599999815e-01 -1.510672751830000049e-01 -2.589105900279999872e-01 -3.123615587790000148e-01 -6.143354098629999482e-01
-5.595489583360000463e-01 -3.202639068829999935e-01 -2.369658277940000189e-03 3.465912778920000048e-01 -3.298830965760000261e-02 4.112730694630000183e-01 1.900276041370000113e-01 -2.236067786569999882e-01 -3.172387403890000179e-01 -6.533608484280000184e-01
-5.595489583360000463e-01 -3.202639068829999935e-01 -2.369658277940000189e-03 3.482170050949999762e-01 -3.298830965760000261e-02 4.195106315459999902e-01 2.872695010979999797e-01 -2.177227796110000058e-01 -2.733438532229999773e-01 -6.547065459940000220e-01
-5.595489583360000463e-01 -3.217599217580000004e-01 -2.369658277940000189e-03 3.465912778920000048e-01 -3.298830965760000261e-02 4.212758038250000170e-01 2.992376201010000236e-01 -2.165459980920000083e-01 -2.652149645290000080e-01 -6.533608484280000184e-01
-5.595489583360000463e-01 -3.202639068829999935e-01 -2.369658277940000189e-03 3.465912778920000048e-01 -3.298830965760000261e-02 3.624360877230000111e-01 3.186860459959999781e-01 -9.298274974369999391e-02 -3.416249011160000237e-01 -1.890907959579999909e-01
-5.595489583360000463e-01 -3.202639068829999935e-01 -2.369658277940000189e-03 3.465912778920000048e-01 -3.298830965760000261e-02 2.941821194690000252e-01 3.186860459959999781e-01 -1.354917415869999996e-02 -3.416249011160000237e-01 3.227864975070000170e-02
-5.595489583360000463e-01 -3.202639068829999935e-01 -2.369658277940000189e-03 3.465912778920000048e-01 -3.231546087469999717e-02 1.482598393590000008e-01 3.022296498509999818e-01 7.044685324340000353e-03 -3.399991739120000189e-01 3.766154459139999661e-02
-5.595489583360000463e-01 -3.202639068829999935e-01 -2.369658277940000189e-03 3.465912778920000048e-01 -3.231546087469999717e-02 -3.943864192760000026e-02 3.037256647259999887e-01 7.044685324340000353e-03 -3.399991739120000189e-01 3.833439337430000204e-02
