-5.595489583360000463e-01 -3.217599217580000004e-01 -2.958049037439999807e-03 3.465912778920000048e-01 -3.096976330880000031e-02 -5.584044130219999458e-01 2.977416052249999834e-01 4.691030836099999678e-03 -3.399991739120000189e-01 4.506288120379999679e-02
-5.595489583360000463e-01 -3.157758622569999951e-01 -2.958049037439999807e-03 3.482170050949999762e-01 -3.029691452579999847e-02 -5.584044130219999458e-01 4.623048691259999954e-01 4.691030836099999678e-03 -5.090765717949999880e-01 -2.294620366660000133e-01
-5.595489583360000463e-01 -3.202639068829999935e-01 -2.958049037439999807e-03 3.482170050949999762e-01 -3.096976330880000031e-02 -4.766171829490000178e-01 4.772652503950000069e-01 4.102640076600000060e-03 -7.366805280110000353e-01 -4.205530779869999791e-01
-5.595489583360000463e-01 -3.187678920070000088e-01 -2.958049037439999807e-03 3.465912778920000048e-01 -3.029691452579999847e-02 -3.165734331599999729e-01 4.802572801459999985e-01 4.102640076600000060e-03 -7.626924159410000126e-01 -4.286272633820000233e-01
-5.595489583360000463e-01 -3.187678920070000088e-01 -2.369658277940000189e-03 3.482170050949999762e-01 -3.096976330880000031e-02 -1.165185630240000020e-01 4.787612652709999916e-01 4.691030836099999678e-03 -7.626924159410000126e-01 -4.286272633820000233e-01
-5.589605675769999671e-01 -3.202639068829999935e-01 -2.369658277940000189e-03 3.482170050949999762e-01 -3.096976330880000031e-02 6.117709244979999822e-02 4.727769732529999991e-01 4.102640076600000060e-03 -7.626924159410000126e-01 -4.293001121650000251e-01
-5.589605675769999671e-01 -3.187678920070000088e-01 -2.369658277940000189e-03 3.482170050949999762e-01 -3.096976330880000031e-02 2.253397604550000100e-01 4.413604283550000007e-01 4.102640076600000060e-03 -7.578152343309999539e-01 -4.293001121650000251e-01
-5.595489583360000463e-01 -3.187678920070000088e-01 -2.958049037439999807e-03 3.482170050949999762e-01 -3.029691452579999847e-02 3.236019317950000196e-01 4.398644134790000160e-01 -7.665266563689999632e-03 -7.415577096209999830e-01 -4.293001121650000251e-01
-5.589605675769999671e-01 -3.187678920070000088e-01 -2.958049037439999807e-03 3.482170050949999762e-01 -3.096976330880000031e-02 3.547870078490000245e-01 4.533287798739999985e-01 -1.472604712800000028e-02 -7.578152343309999539e-01 -4.286272633820000233e-01
-5.589605675769999671e-01 -3.202639068829999935e-01 -2.958049037439999807e-03 3.482170050949999762e-01 -3.029691452579999847e-02 3.547870078490000245e-01 4.533287798739999985e-01 -1.472604712800000028e-02 -7.578152343309999539e-01 -4.286272633820000233e-01
-5.589605675769999671e-01 -3.187678920070000088e-01 -2.369658277940000189e-03 3.482170050949999762e-01 -3.096976330880000031e-02 3.547870078490000245e-01 4.533287798739999985e-01 -1.472604712800000028e-02 -7.578152343309999539e-01 -4.293001121650000251e-01
-5.595489583360000463e-01 -3.187678920070000088e-01 -2.958049037439999807e-03 3.482170050949999762e-01 -3.029691452579999847e-02 3.547870078490000245e-01 4.533287798739999985e-01 -1.413765636849999979e-02 -7.578152343309999539e-01 -4.286272633820000233e-01
-5.595489583360000463e-01 -3.187678920070000088e-01 -2.958049037439999807e-03 3.482170050949999762e-01 -3.029691452579999847e-02 3.547870078490000245e-01 4.533287798739999985e-01 -1.472604712800000028e-02 -7.578152343309999539e-01 -4.293001121650000251e-01
-5.595489583360000463e-01 -3.187678920070000088e-01 -2.958049037439999807e-03 3.482170050949999762e-01 -3.096976330880000031e-02 3.553753986090000261e-01 2.513646790569999956e-01 -2.296351776099999839e-02 -7.952073390230000038e-01 -3.680702454550000002e-01
-5.595489583360000463e-01 -3.172718771320000020e-01 -2.958049037439999807e-03 3.465912778920000048e-01 -3.029691452579999847e-02 3.530218355709999756e-01 1.197142074469999956e-01 -2.531717224919999981e-02 -7.675695975509999602e-01 -3.673973966719999984e-01
-5.595489583360000463e-01 -3.187678920070000088e-01 -2.958049037439999807e-03 3.465912778920000048e-01 -3.029691452579999847e-02 3.530218355709999756e-01 1.197142074469999956e-01 -2.531717224919999981e-02 -7.659438703480000443e-01 -3.673973966719999984e-01
-5.589605675769999671e-01 -3.202639068829999935e-01 -2.958049037439999807e-03 3.465912778920000048e-01 -3.096976330880000031e-02 3.530218355709999756e-01 1.197142074469999956e-01 -2.531717224919999981e-02 -7.659438703480000443e-01 -3.673973966719999984e-01
-5.595489583360000463e-01 -3.187678920070000088e-01 -2.369658277940000189e-03 3.465912778920000048e-01 -3.096976330880000031e-02 3.536102263299999993e-01 1.197142074469999956e-01 -2.531717224919999981e-02 -7.659438703480000443e-01 -3.673973966719999984e-01
-5.595489583360000463e-01 -3.187678920070000088e-01 -2.958049037439999807e-03 3.465912778920000048e-01 -3.096976330880000031e-02 3.530218355709999756e-01 1.197142074469999956e-01 -2.531717224919999981e-02 -7.659438703480000443e-01 -3.673973966719999984e-01
-5.595489583360000463e-01 -3.187678920070000088e-01 -2.958049037439999807e-03 3.465912778920000048e-01 -3.029691452579999847e-02 3.536102263299999993e-01 1.197142074469999956e-01 -2.531717224919999981e-02 -7.659438703480000443e-01 -3.673973966719999984e-01
-5.595489583360000463e-01 -3.187678920070000088e-01 -2.958049037439999807e-03 3.465912778920000048e-01 -3.096976330880000031e-02 3.536102263299999993e-01 1.197142074469999956e-01 -2.531717224919999981e-02 -7.675695975509999602e-01 -3.673973966719999984e-01
-5.589605675769999671e-01 -3.187678920070000088e-01 -2.958049037439999807e-03 3.465912778920000048e-01 -3.029691452579999847e-02 3.530218355709999756e-01 1.197142074469999956e-01 -2.531717224919999981e-02 -7.659438703480000443e-01 -3.673973966719999984e-01
-5.595489583360000463e-01 -3.187678920070000088e-01 -2.369658277940000189e-03 3.465912778920000048e-01 -3.096976330880000031e-02 3.530218355709999756e-01 1.197142074469999956e-01 -2.531717224919999981e-02 -7.659438703480000443e-01 -3.673973966719999984e-01
-5.595489583360000463e-01 -3.172718771320000020e-01 -2.958049037439999807e-03 3.482170050949999762e-01 -3.096976330880000031e-02 3.071268990780000041e-01 -6.130545259810000341e-02 -1.237239263970000072e-02 -5.415913685380000508e-01 -3.660516991059999947e-01
-5.595489583360000463e-01 -3.202639068829999935e-01 -2.958049037439999807e-03 3.465912778920000048e-01 -3.029691452579999847e-02 2.882982118740000099e-01 -1.465792305570000065e-01 -1.472604712800000028e-02 -2.944785595430000069e-01 -3.647060015399999910e-01
-5.595489583360000463e-01 -3.172718771320000020e-01 -2.958049037439999807e-03 3.465912778920000048e-01 -3.096976330880000031e-02 2.871213389039999897e-01 -1.316188492879999949e-01 -1.472604712800000028e-02 -2.619635101230000096e-01 -3.647060015399999910e-01
-5.595489583360000463e-01 -3.187678920070000088e-01 -2.958049037439999807e-03 3.465912778920000048e-01 -3.096976330880000031e-02 2.871213389039999897e-01 -1.316188492879999949e-01 -1.472604712800000028e-02 -2.619635101230000096e-01 -3.647060015399999910e-01
-5.595489583360000463e-01 -3.187678920070000088e-01 -2.369658277940000189e-03 3.465912778920000048e-01 -3.029691452579999847e-02 2.871213389039999897e-01 -1.316188492879999949e-01 -1.472604712800000028e-02 -2.619635101230000096e-01 -3.653788503229999929e-01
-5.595489583360000463e-01 -3.187678920070000088e-01 -2.958049037439999807e-03 3.482170050949999762e-01 -3.096976330880000031e-02 2.865329481450000215e-01 -1.316188492879999949e-01 -1.472604712800000028e-02 -2.619635101230000096e-01 -3.653788503229999929e-01
-5.589605675769999671e-01 -3.187678920070000088e-01 -2.958049037439999807e-03 3.465912778920000048e-01 -3.096976330880000031e-02 2.865329481450000215e-01 -1.271308046619999965e-01 -1.943317320399999895e-02 -2.619635101230000096e-01 -3.922930107950000078e-01
-5.589605675769999671e-01 -3.187678920070000088e-01 -2.369658277940000189e-03 3.482170050949999762e-01 -3.029691452579999847e-02 3.230135410350000180e-01 1.526267672209999926e-01 -3.826186040849999942e-02 -5.936151443970000274e-01 -4.279544145999999993e-01
-5.595489583360000463e-01 -3.187678920070000088e-01 -2.958049037439999807e-03 3.465912778920000048e-01 -3.096976330880000031e-02 3.571405708870000195e-01 4.264000470850000113e-01 -2.237512700149999964e-02 -7.626924159410000126e-01 -4.279544145999999993e-01
-5.595489583360000463e-01 -3.187678920070000088e-01 -2.958049037439999807e-03 3.465912778920000048e-01 -3.096976330880000031e-02 3.577289616470000211e-01 4.563208096240000122e-01 -2.119834548249999867e-02 -7.659438703480000443e-01 -4.279544145999999993e-01
-5.595489583360000463e-01 -3.172718771320000020e-01 -2.958049037439999807e-03 3.482170050949999762e-01 -3.096976330880000031e-02 3.577289616470000211e-01 4.563208096240000122e-01 -2.119834548249999867e-02 -7.659438703480000443e-01 -4.279544145999999993e-01
-5.595489583360000463e-01 -3.172718771320000020e-01 -2.958049037439999807e-03 3.465912778920000048e-01 -3.096976330880000031e-02 3.159528519209999775e-01 3.366384570170000146e-01 -2.237512700149999964e-02 -4.749359215100000253e-01 -1.414833458100000010e-02
-5.595489583360000463e-01 -3.187678920070000088e-01 -2.369658277940000189e-03 3.465912778920000048e-01 -3.096976330880000031e-02 2.253397604550000100e-01 2.932535605989999850e-01 -1.192876758930000057e-03 -3.318705378960000174e-01 3.698859123139999761e-02
-5.595489583360000463e-01 -3.187678920070000088e-01 -2.958049037439999807e-03 3.465912778920000048e-01 -3.096976330880000031e-02 7.294509054030000328e-02 2.932535605989999850e-01 6.456294564839999868e-03 -3.318705378960000174e-01 3.766154459139999661e-02
-5.595489583360000463e-01 -3.187678920070000088e-01 -2.958049037439999807e-03 3.465912778920000048e-01 -3.029691452579999847e-02 -1.224025620699999983e-01 2.977416052249999834e-01 6.456294564839999868e-03 -3.318705378960000174e-01 3.833439337430000204e-02
