-5.601373490959999923e-01 -3.217599217580000004e-01 -3.546439796939999858e-03 3.482170050949999762e-01 -3.164261209170000227e-02 -5.601695853010000281e-01 3.201820608720000183e-01 4.102640076600000060e-03 -3.399991739120000189e-01 4.640857876969999712e-02
-5.413086618910000203e-01 -4.519146110100000224e-01 -2.958049037439999807e-03 6.229674292229999688e-01 3.700519806800000033e-01 -5.601695853010000281e-01 3.186860459959999781e-01 4.102640076600000060e-03 -3.383734467089999920e-01 4.506288120379999679e-02
-4.359856642619999723e-01 -4.833309233909999780e-01 -2.958049037439999807e-03 7.432722529749999918e-01 4.258990571269999914e-01 -5.601695853010000281e-01 3.141980013699999796e-01 4.102640076600000060e-03 -3.399991739120000189e-01 4.573572998670000223e-02
-2.930053379499999999e-01 -4.997875520530000171e-01 -3.546439796939999858e-03 7.448979801780000187e-01 4.333003937389999782e-01 -5.607579760599999963e-01 3.156940162460000199e-01 4.102640076600000060e-03 -3.399991739120000189e-01 4.506288120379999679e-02
-4.587884125249999667e-02 -4.967955223020000255e-01 -3.546439796939999858e-03 7.448979801780000187e-01 4.339732425219999801e-01 -5.607579760599999963e-01 3.156940162460000199e-01 4.102640076600000060e-03 -3.399991739120000189e-01 4.573572998670000223e-02
1.006319210670000019e-01 -4.623867151370000261e-01 -3.546439796939999858e-03 7.432722529749999918e-01 4.339732425219999801e-01 -5.601695853010000281e-01 3.141980013699999796e-01 4.102640076600000060e-03 -3.399991739120000189e-01 4.506288120379999679e-02
2.336095130180000090e-01 -4.444345366329999769e-01 -2.369658277940000189e-03 7.416465257709999870e-01 4.339732425219999801e-01 -5.601695853010000281e-01 3.156940162460000199e-01 4.102640076600000060e-03 -3.399991739120000189e-01 4.506288120379999679e-02
3.289297305600000221e-01 -4.474265663840000240e-01 1.234020215989999926e-02 7.481494345850000505e-01 4.359917888709999856e-01 -5.601695853010000281e-01 3.156940162460000199e-01 4.102640076600000060e-03 -3.399991739120000189e-01 4.573572998670000223e-02
3.524656352910000012e-01 -4.593946853859999790e-01 1.940098272409999935e-02 7.546528487529999829e-01 3.747620267369999869e-01 -5.601695853010000281e-01 3.156940162460000199e-01 4.102640076600000060e-03 -3.399991739120000189e-01 4.506288120379999679e-02
3.524656352910000012e-01 -1.901094501479999865e-01 2.705015404789999980e-02 7.644072119720000114e-01 3.639963416329999868e-01 -5.601695853010000281e-01 3.141980013699999796e-01 4.102640076600000060e-03 -3.399991739120000189e-01 4.506288120379999679e-02
3.524656352910000012e-01 -1.033396573130000023e-01 2.763854480739999855e-02 7.676586663790000431e-01 3.639963416329999868e-01 -5.601695853010000281e-01 3.156940162460000199e-01 4.102640076600000060e-03 -3.399991739120000189e-01 4.506288120379999679e-02
3.524656352910000012e-01 -1.048356721890000010e-01 2.705015404789999980e-02 7.692843935819999590e-01 3.639963416329999868e-01 -5.601695853010000281e-01 3.141980013699999796e-01 4.102640076600000060e-03 -3.399991739120000189e-01 4.573572998670000223e-02
3.524656352910000012e-01 -1.033396573130000023e-01 2.705015404789999980e-02 7.692843935819999590e-01 3.646691904159999886e-01 -5.601695853010000281e-01 3.156940162460000199e-01 4.102640076600000060e-03 -3.399991739120000189e-01 4.506288120379999679e-02
3.524656352910000012e-01 -1.048356721890000010e-01 2.705015404789999980e-02 7.692843935819999590e-01 3.646691904159999886e-01 -5.601695853010000281e-01 3.156940162460000199e-01 4.102640076600000060e-03 -3.399991739120000189e-01 4.506288120379999679e-02
3.524656352910000012e-01 -1.033396573130000023e-01 2.705015404789999980e-02 7.692843935819999590e-01 3.646691904159999886e-01 -5.601695853010000281e-01 3.141980013699999796e-01 4.102640076600000060e-03 -3.399991739120000189e-01 4.506288120379999679e-02
3.171618239199999745e-01 7.169571071390000438e-02 1.057502988139999954e-02 6.245931564259999957e-01 3.599591443580000272e-01 -5.607579760599999963e-01 3.156940162460000199e-01 4.102640076600000060e-03 -3.399991739120000189e-01 4.573572998670000223e-02
2.865651386249999932e-01 1.120885773810000041e-01 1.822420120509999839e-02 3.043218652520000012e-01 3.579405980099999995e-01 -5.601695853010000281e-01 3.141980013699999796e-01 4.691030836099999678e-03 -3.399991739120000189e-01 4.573572998670000223e-02
2.853883571060000235e-01 1.330330181519999988e-01 1.881259196460000060e-02 2.718068158320000038e-01 3.579405980099999995e-01 -5.601695853010000281e-01 3.141980013699999796e-01 4.102640076600000060e-03 -3.399991739120000189e-01 4.640857876969999712e-02
2.853883571060000235e-01 1.330330181519999988e-01 1.881259196460000060e-02 2.718068158320000038e-01 3.579405980099999995e-01 -5.607579760599999963e-01 3.141980013699999796e-01 4.102640076600000060e-03 -3.399991739120000189e-01 4.640857876969999712e-02
2.853883571060000235e-01 1.330330181519999988e-01 1.881259196460000060e-02 2.718068158320000038e-01 3.586134467920000235e-01 -5.601695853010000281e-01 3.141980013699999796e-01 4.102640076600000060e-03 -3.399991739120000189e-01 4.640857876969999712e-02
3.006866997529999974e-01 1.783871016960000139e-02 3.940645144769999719e-02 4.116208713780000195e-01 4.299361498240000246e-01 -5.607579760599999963e-01 3.141980013699999796e-01 4.102640076600000060e-03 -3.399991739120000189e-01 4.640857876969999712e-02
3.489352907339999810e-01 -3.591607586739999913e-01 2.822693556690000077e-02 7.562785759560000098e-01 4.333003937389999782e-01 -5.601695853010000281e-01 3.141980013699999796e-01 4.102640076600000060e-03 -3.399991739120000189e-01 4.640857876969999712e-02
3.554075890889999978e-01 -4.399464920080000119e-01 2.116615500259999907e-02 7.627814847689999844e-01 3.882191069729999944e-01 -5.601695853010000281e-01 3.141980013699999796e-01 4.691030836099999678e-03 -3.399991739120000189e-01 4.708142755260000256e-02
3.089242618370000026e-01 -3.008154809870000057e-01 1.645902892659999867e-02 4.116208713780000195e-01 -5.401195825569999644e-03 -5.601695853010000281e-01 3.156940162460000199e-01 4.691030836099999678e-03 -3.399991739120000189e-01 4.640857876969999712e-02
2.171343888520000098e-01 -3.023114958620000126e-01 -1.781267518430000108e-03 3.303335005040000105e-01 -2.693256603399999879e-02 -5.607579760599999963e-01 3.141980013699999796e-01 4.102640076600000060e-03 -3.399991739120000189e-01 4.640857876969999712e-02
4.649942249180000209e-02 -3.008154809870000057e-01 -7.076875804190000015e-03 3.287077733009999836e-01 -2.693256603399999879e-02 -5.601695853010000281e-01 3.141980013699999796e-01 4.691030836099999678e-03 -3.399991739120000189e-01 4.640857876969999712e-02
