-5.595489583360000463e-01 -3.217599217580000004e-01 -2.369658277940000189e-03 3.465912778920000048e-01 -3.298830965760000261e-02 -5.584044130219999458e-01 3.171900311210000267e-01 4.102640076600000060e-03 -3.416249011160000237e-01 4.371718363790000339e-02
-5.601373490959999923e-01 -3.202639068829999935e-01 -2.369658277940000189e-03 3.465912778920000048e-01 -3.298830965760000261e-02 -5.578160222629999776e-01 3.186860459959999781e-01 -2.178673624200000089e-02 -2.603377829199999827e-01 -3.164261209170000227e-02
-5.601373490959999923e-01 -3.202639068829999935e-01 -2.369658277940000189e-03 3.465912778920000048e-01 -3.298830965760000261e-02 -4.842664457229999830e-01 3.186860459959999781e-01 -1.830073590000000083e-01 -2.343258949900000054e-01 -6.203910489099999648e-01
-5.595489583360000463e-01 -3.217599217580000004e-01 -2.369658277940000189e-03 3.465912778920000048e-01 -3.298830965760000261e-02 -3.518772445319999775e-01 3.171900311210000267e-01 -1.865377950069999902e-01 -2.294487133800000023e-01 -6.520151508629999926e-01
-5.601373490959999923e-01 -3.202639068829999935e-01 -2.369658277940000189e-03 3.482170050949999762e-01 -3.298830965760000261e-02 -1.541759374330000099e-01 3.171900311210000267e-01 -1.865377950069999902e-01 -2.245715317699999991e-01 -6.560522435600000257e-01
-5.601373490959999923e-01 -3.217599217580000004e-01 -2.369658277940000189e-03 3.482170050949999762e-01 -3.298830965760000261e-02 8.221466843349999401e-03 3.067176944769999802e-01 -1.865377950069999902e-01 -2.213200773640000008e-01 -6.560522435600000257e-01
-5.595489583360000463e-01 -3.202639068829999935e-01 -2.369658277940000189e-03 3.482170050949999762e-01 -3.298830965760000261e-02 2.018038557240000030e-01 2.573487385589999787e-01 -1.859494042469999886e-01 -2.115654614670000044e-01 -6.560522435600000257e-01
-5.601373490959999923e-01 -3.202639068829999935e-01 -2.369658277940000189e-03 3.465912778920000048e-01 -3.298830965760000261e-02 3.241903225539999878e-01 2.558527236829999940e-01 -1.894797488049999867e-01 -2.115654614670000044e-01 -6.560522435600000257e-01
-5.595489583360000463e-01 -3.202639068829999935e-01 -2.369658277940000189e-03 3.465912778920000048e-01 -3.298830965760000261e-02 4.012703351010000197e-01 2.738051347039999750e-01 -2.053664822119999900e-01 -2.310744405830000014e-01 -6.560522435600000257e-01
-5.601373490959999923e-01 -3.202639068829999935e-01 -2.369658277940000189e-03 3.465912778920000048e-01 -3.298830965760000261e-02 4.189221493360000270e-01 3.007336349759999750e-01 -2.118387805660000012e-01 -2.359516221930000046e-01 -6.560522435600000257e-01
-5.601373490959999923e-01 -3.202639068829999935e-01 -2.369658277940000189e-03 3.465912778920000048e-01 -3.298830965760000261e-02 4.189221493360000270e-01 3.067176944769999802e-01 -2.118387805660000012e-01 -2.359516221930000046e-01 -6.560522435600000257e-01
-5.595489583360000463e-01 -3.202639068829999935e-01 -2.369658277940000189e-03 3.465912778920000048e-01 -3.298830965760000261e-02 4.189221493360000270e-01 3.067176944769999802e-01 -2.118387805660000012e-01 -2.359516221930000046e-01 -6.560522435600000257e-01
-5.595489583360000463e-01 -3.202639068829999935e-01 -2.369658277940000189e-03 3.465912778920000048e-01 -3.298830965760000261e-02 4.189221493360000270e-01 3.067176944769999802e-01 -2.118387805660000012e-01 -2.359516221930000046e-01 -6.560522435600000257e-01
-5.601373490959999923e-01 -3.202639068829999935e-01 -2.369658277940000189e-03 3.465912778920000048e-01 -3.298830965760000261e-02 4.324553197050000075e-01 2.947495754750000252e-01 -2.577337170580000225e-01 -2.343258949900000054e-01 -4.710171550159999998e-01
-5.601373490959999923e-01 -3.202639068829999935e-01 -2.369658277940000189e-03 3.465912778920000048e-01 -3.298830965760000261e-02 4.406928817890000127e-01 -9.721004212190000049e-02 -3.848273099639999972e-01 -2.343258949900000054e-01 -1.911093423059999907e-01
-5.595489583360000463e-01 -3.202639068829999935e-01 -2.369658277940000189e-03 3.465912778920000048e-01 -3.298830965760000261e-02 4.406928817890000127e-01 -4.083841589020000273e-01 -3.907114004600000245e-01 -2.408288038030000078e-01 -1.877449938150000108e-01
-5.601373490959999923e-01 -3.202639068829999935e-01 -2.369658277940000189e-03 3.465912778920000048e-01 -3.298830965760000261e-02 4.412812725479999809e-01 -4.727134960900000182e-01 -3.901230097000000230e-01 -2.440805108870000018e-01 -1.870721450320000090e-01
-5.601373490959999923e-01 -3.202639068829999935e-01 -2.369658277940000189e-03 3.465912778920000048e-01 -3.298830965760000261e-02 4.412812725479999809e-01 -4.727134960900000182e-01 -3.907114004600000245e-01 -2.440805108870000018e-01 -1.877449938150000108e-01
-5.595489583360000463e-01 -3.202639068829999935e-01 -2.369658277940000189e-03 3.465912778920000048e-01 -3.298830965760000261e-02 4.412812725479999809e-01 -4.727134960900000182e-01 -3.901230097000000230e-01 -2.440805108870000018e-01 -1.897636447399999871e-01
-5.601373490959999923e-01 -3.202639068829999935e-01 -2.369658277940000189e-03 3.465912778920000048e-01 -3.298830965760000261e-02 4.412812725479999809e-01 -4.742095109660000030e-01 -3.907114004600000245e-01 -2.440805108870000018e-01 -1.897636447399999871e-01
-5.601373490959999923e-01 -3.202639068829999935e-01 -2.369658277940000189e-03 3.465912778920000048e-01 -3.298830965760000261e-02 4.412812725479999809e-01 -4.727134960900000182e-01 -3.907114004600000245e-01 -2.440805108870000018e-01 -1.897636447399999871e-01
-5.595489583360000463e-01 -3.202639068829999935e-01 -2.369658277940000189e-03 3.465912778920000048e-01 -3.298830965760000261e-02 4.412812725479999809e-01 -4.742095109660000030e-01 -3.901230097000000230e-01 -2.440805108870000018e-01 -1.897636447399999871e-01
-5.601373490959999923e-01 -3.202639068829999935e-01 -2.369658277940000189e-03 3.465912778920000048e-01 -3.298830965760000261e-02 4.412812725479999809e-01 -4.742095109660000030e-01 -3.901230097000000230e-01 -2.440805108870000018e-01 -1.897636447399999871e-01
-5.601373490959999923e-01 -3.202639068829999935e-01 -2.369658277940000189e-03 3.465912778920000048e-01 -3.298830965760000261e-02 4.418696633079999825e-01 -4.218485252970000099e-01 -3.907114004600000245e-01 -2.489576924970000049e-01 -1.870721450320000090e-01
-5.601373490959999923e-01 -3.202639068829999935e-01 -2.369658277940000189e-03 3.465912778920000048e-01 -3.298830965760000261e-02 4.412812725479999809e-01 -4.083841589020000273e-01 -3.907114004600000245e-01 -2.522091469030000033e-01 -1.870721450320000090e-01
-5.601373490959999923e-01 -3.202639068829999935e-01 -2.369658277940000189e-03 3.465912778920000048e-01 -3.298830965760000261e-02 4.412812725479999809e-01 -4.083841589020000273e-01 -3.901230097000000230e-01 -2.522091469030000033e-01 -1.870721450320000090e-01
-5.595489583360000463e-01 -3.202639068829999935e-01 -2.369658277940000189e-03 3.465912778920000048e-01 -3.298830965760000261e-02 4.412812725479999809e-01 -4.083841589020000273e-01 -3.901230097000000230e-01 -2.522091469030000033e-01 -1.890907959579999909e-01
-5.601373490959999923e-01 -3.202639068829999935e-01 -2.369658277940000189e-03 3.465912778920000048e-01 -3.298830965760000261e-02 4.412812725479999809e-01 -4.083841589020000273e-01 -3.901230097000000230e-01 -2.522091469030000033e-01 -1.890907959579999909e-01
-5.601373490959999923e-01 -3.202639068829999935e-01 -2.369658277940000189e-03 3.465912778920000048e-01 -3.298830965760000261e-02 4.412812725479999809e-01 -4.083841589020000273e-01 -3.901230097000000230e-01 -2.522091469030000033e-01 -1.884179471749999890e-01
-5.601373490959999923e-01 -3.202639068829999935e-01 -2.369658277940000189e-03 3.465912778920000048e-01 -3.298830965760000261e-02 4.418696633079999825e-01 -4.083841589020000273e-01 -3.901230097000000230e-01 -2.505834196999999763e-01 -1.884179471749999890e-01
-5.595489583360000463e-01 -3.202639068829999935e-01 -2.369658277940000189e-03 3.465912778920000048e-01 -3.298830965760000261e-02 4.230409761030000104e-01 -2.468131572689999942e-01 -2.936259191889999953e-01 -2.928525796620000121e-01 -5.409940559050000486e-01
-5.601373490959999923e-01 -3.202639068829999935e-01 -2.369658277940000189e-03 3.465912778920000048e-01 -3.298830965760000261e-02 4.118614602219999865e-01 1.286902966990000063e-01 -2.265487324540000069e-01 -3.204901947959999942e-01 -6.526879996450000165e-01
-5.601373490959999923e-01 -3.202639068829999935e-01 -2.369658277940000189e-03 3.465912778920000048e-01 -3.298830965760000261e-02 4.183337585770000033e-01 2.782931793299999734e-01 -2.183111703710000073e-01 -2.749695804269999821e-01 -6.540336972110000202e-01
-5.601373490959999923e-01 -3.202639068829999935e-01 -2.369658277940000189e-03 3.465912778920000048e-01 -3.298830965760000261e-02 4.212758038250000170e-01 3.022296498509999818e-01 -2.171343888520000098e-01 -2.554606013099999795e-01 -6.547065459940000220e-01
-5.595489583360000463e-01 -3.202639068829999935e-01 -2.369658277940000189e-03 3.465912778920000048e-01 -3.298830965760000261e-02 3.936211637770000160e-01 3.231740906219999765e-01 -1.435848123119999875e-01 -3.383734467089999920e-01 -3.848916741830000210e-01
-5.595489583360000463e-01 -3.202639068829999935e-01 -2.369658277940000189e-03 3.465912778920000048e-01 -3.298830965760000261e-02 3.277207585610000251e-01 3.231740906219999765e-01 -3.767346964900000067e-02 -3.432506283189999952e-01 4.018687135709999615e-03
-5.595489583360000463e-01 -3.202639068829999935e-01 -2.369658277940000189e-03 3.465912778920000048e-01 -3.298830965760000261e-02 2.135718538149999901e-01 3.082139418689999744e-01 1.160686279079999961e-03 -3.399991739120000189e-01 3.766154459139999661e-02
-5.595489583360000463e-01 -3.202639068829999935e-01 -2.369658277940000189e-03 3.465912778920000048e-01 -3.366115844059999751e-02 4.999757656900000180e-02 2.992376201010000236e-01 7.044685324340000353e-03 -3.383734467089999920e-01 3.833439337430000204e-02
-5.601373490959999923e-01 -3.202639068829999935e-01 -2.369658277940000189e-03 3.465912778920000048e-01 -3.298830965760000261e-02 -1.412312492739999925e-01 3.022296498509999818e-01 7.044685324340000353e-03 -3.399991739120000189e-01 3.833439337430000204e-02
