-5.589605675769999671e-01 -3.232559366330000072e-01 -2.958049037439999807e-03 3.465912778920000048e-01 -2.895121695990000160e-02 -5.601695853010000281e-01 3.171900311210000267e-01 4.102640076600000060e-03 -3.416249011160000237e-01 4.640857876969999712e-02
-5.589605675769999671e-01 -3.217599217580000004e-01 -2.958049037439999807e-03 3.482170050949999762e-01 -2.962406574289999997e-02 -5.566392407439999523e-01 2.289242234109999941e-01 2.999210784540000049e-02 -2.245715317699999991e-01 -1.527565433699999975e-01
-5.589605675769999671e-01 -3.217599217580000004e-01 -2.958049037439999807e-03 3.465912778920000048e-01 -2.895121695990000160e-02 -3.742362762929999920e-01 -1.959481864760000136e-01 2.041575102129999930e-01 2.095019270200000061e-01 -5.954954347869999554e-01
-5.589605675769999671e-01 -3.217599217580000004e-01 -2.958049037439999807e-03 3.465912778920000048e-01 -2.895121695990000160e-02 -1.877145765259999877e-01 -4.427929660680000046e-01 3.771460396110000168e-01 2.680286116930000184e-01 -6.102981080110000400e-01
-5.589605675769999671e-01 -3.202639068829999935e-01 -2.958049037439999807e-03 3.482170050949999762e-01 -2.895121695990000160e-02 -7.886118861520000078e-02 -4.607453770880000077e-01 4.506956161499999780e-01 2.745315205059999930e-01 -6.109709567940000419e-01
-5.589605675769999671e-01 -3.217599217580000004e-01 -2.958049037439999807e-03 3.465912778920000048e-01 -2.895121695990000160e-02 -6.709328197489999868e-02 -4.682254514649999977e-01 4.542259607069999983e-01 2.794089547929999862e-01 -6.109709567940000419e-01
-5.589605675769999671e-01 -3.217599217580000004e-01 -2.958049037439999807e-03 3.465912778920000048e-01 -2.962406574289999997e-02 -6.709328197489999868e-02 -4.697214663400000045e-01 4.542259607069999983e-01 2.794089547929999862e-01 -6.102981080110000400e-01
-5.589605675769999671e-01 -3.217599217580000004e-01 -2.958049037439999807e-03 3.465912778920000048e-01 -2.962406574289999997e-02 -6.709328197489999868e-02 -4.682254514649999977e-01 4.542259607069999983e-01 2.794089547929999862e-01 -6.102981080110000400e-01
-5.589605675769999671e-01 -3.217599217580000004e-01 -2.958049037439999807e-03 3.465912778920000048e-01 -2.895121695990000160e-02 -6.709328197489999868e-02 -4.697214663400000045e-01 4.542259607069999983e-01 2.794089547929999862e-01 -6.102981080110000400e-01
-5.589605675769999671e-01 -3.217599217580000004e-01 -2.958049037439999807e-03 3.482170050949999762e-01 -2.895121695990000160e-02 -6.709328197489999868e-02 -4.697214663400000045e-01 4.542259607069999983e-01 2.794089547929999862e-01 -6.102981080110000400e-01
-5.589605675769999671e-01 -3.217599217580000004e-01 -2.958049037439999807e-03 3.465912778920000048e-01 -2.895121695990000160e-02 -6.709328197489999868e-02 -4.697214663400000045e-01 4.542259607069999983e-01 2.794089547929999862e-01 -6.102981080110000400e-01
-5.589605675769999671e-01 -3.217599217580000004e-01 -2.369658277940000189e-03 3.465912778920000048e-01 -2.962406574289999997e-02 -6.709328197489999868e-02 -4.697214663400000045e-01 4.542259607069999983e-01 2.794089547929999862e-01 -6.102981080110000400e-01
-5.589605675769999671e-01 -3.217599217580000004e-01 -2.958049037439999807e-03 3.482170050949999762e-01 -2.962406574289999997e-02 -6.709328197489999868e-02 -4.682254514649999977e-01 4.542259607069999983e-01 2.794089547929999862e-01 -6.150082586459999501e-01
-5.589605675769999671e-01 -3.217599217580000004e-01 -2.958049037439999807e-03 3.482170050949999762e-01 -2.895121695990000160e-02 -8.533357841989999693e-02 -4.697214663400000045e-01 4.542259607069999983e-01 7.944248737119999348e-02 -6.533608484280000184e-01
-5.589605675769999671e-01 -3.217599217580000004e-01 -2.958049037439999807e-03 3.465912778920000048e-01 -2.962406574289999997e-02 -8.533357841989999693e-02 -4.682254514649999977e-01 4.548143971920000084e-01 -2.635892373259999810e-01 -6.540336972110000202e-01
-5.589605675769999671e-01 -3.217599217580000004e-01 -2.958049037439999807e-03 3.482170050949999762e-01 -2.895121695990000160e-02 -8.533357841989999693e-02 -4.697214663400000045e-01 4.554027879520000099e-01 -6.375101579020000520e-01 -6.540336972110000202e-01
-5.589605675769999671e-01 -3.217599217580000004e-01 -2.958049037439999807e-03 3.465912778920000048e-01 -2.895121695990000160e-02 -8.651035993889999443e-02 -4.697214663400000045e-01 4.554027879520000099e-01 -7.399319824179999561e-01 -6.547065459940000220e-01
-5.589605675769999671e-01 -3.217599217580000004e-01 -2.369658277940000189e-03 3.465912778920000048e-01 -2.895121695990000160e-02 -8.651035993889999443e-02 -4.697214663400000045e-01 4.554027879520000099e-01 -7.415577096209999830e-01 -6.547065459940000220e-01
-5.589605675769999671e-01 -3.217599217580000004e-01 -2.958049037439999807e-03 3.465912778920000048e-01 -2.895121695990000160e-02 -8.651035993889999443e-02 -4.697214663400000045e-01 4.554027879520000099e-01 -7.399319824179999561e-01 -6.547065459940000220e-01
-5.589605675769999671e-01 -3.217599217580000004e-01 -2.958049037439999807e-03 3.465912778920000048e-01 -2.962406574289999997e-02 -8.651035993889999443e-02 -4.697214663400000045e-01 4.554027879520000099e-01 -7.399319824179999561e-01 -6.547065459940000220e-01
-5.589605675769999671e-01 -3.217599217580000004e-01 -2.958049037439999807e-03 3.482170050949999762e-01 -2.895121695990000160e-02 -8.651035993889999443e-02 -4.697214663400000045e-01 4.554027879520000099e-01 -7.399319824179999561e-01 -6.547065459940000220e-01
-5.589605675769999671e-01 -3.217599217580000004e-01 -2.958049037439999807e-03 3.482170050949999762e-01 -2.962406574289999997e-02 -8.651035993889999443e-02 -4.697214663400000045e-01 4.554027879520000099e-01 -7.399319824179999561e-01 -6.547065459940000220e-01
-5.589605675769999671e-01 -3.217599217580000004e-01 -2.958049037439999807e-03 3.465912778920000048e-01 -2.962406574289999997e-02 -8.651035993889999443e-02 -4.697214663400000045e-01 4.554027879520000099e-01 -7.399319824179999561e-01 -6.547065459940000220e-01
-5.589605675769999671e-01 -3.217599217580000004e-01 -2.958049037439999807e-03 3.465912778920000048e-01 -2.895121695990000160e-02 -8.651035993889999443e-02 -4.697214663400000045e-01 4.554027879520000099e-01 -6.017439067519999574e-01 -6.547065459940000220e-01
-5.589605675769999671e-01 -3.217599217580000004e-01 -2.958049037439999807e-03 3.465912778920000048e-01 -2.962406574289999997e-02 -8.651035993889999443e-02 -4.697214663400000045e-01 4.554027879520000099e-01 -3.643853346390000247e-01 -6.553793947770000239e-01
-5.589605675769999671e-01 -3.217599217580000004e-01 -2.958049037439999807e-03 3.482170050949999762e-01 -2.895121695990000160e-02 -8.651035993889999443e-02 -4.697214663400000045e-01 4.554027879520000099e-01 -3.546309714190000184e-01 -6.547065459940000220e-01
-5.589605675769999671e-01 -3.217599217580000004e-01 -2.958049037439999807e-03 3.465912778920000048e-01 -2.962406574289999997e-02 -8.651035993889999443e-02 -4.697214663400000045e-01 4.554027879520000099e-01 -3.530052442159999915e-01 -6.553793947770000239e-01
-5.589605675769999671e-01 -3.217599217580000004e-01 -2.958049037439999807e-03 3.482170050949999762e-01 -2.962406574289999997e-02 -8.651035993889999443e-02 -4.697214663400000045e-01 4.554027879520000099e-01 -3.530052442159999915e-01 -6.553793947770000239e-01
-5.589605675769999671e-01 -3.217599217580000004e-01 -2.958049037439999807e-03 3.482170050949999762e-01 -2.962406574289999997e-02 -8.651035993889999443e-02 -4.697214663400000045e-01 4.554027879520000099e-01 -3.546309714190000184e-01 -6.553793947770000239e-01
-5.589605675769999671e-01 -3.217599217580000004e-01 -2.958049037439999807e-03 3.465912778920000048e-01 -2.962406574289999997e-02 -8.592196917939999568e-02 -4.697214663400000045e-01 4.554027879520000099e-01 -3.530052442159999915e-01 -6.446138142499999724e-01
-5.589605675769999671e-01 -3.217599217580000004e-01 -2.958049037439999807e-03 3.465912778920000048e-01 -2.895121695990000160e-02 -7.003523577240000630e-02 -4.697214663400000045e-01 4.554027879520000099e-01 -4.086258905819999815e-02 -6.190453513439999611e-01
-5.589605675769999671e-01 -3.232559366330000072e-01 -2.369658277940000189e-03 3.482170050949999762e-01 -2.962406574289999997e-02 -6.827006349389999618e-02 -4.697214663400000045e-01 4.554027879520000099e-01 2.533970668639999868e-01 -6.183725025609999593e-01
-5.589605675769999671e-01 -3.217599217580000004e-01 -2.958049037439999807e-03 3.465912778920000048e-01 -2.895121695990000160e-02 -6.768167273439999743e-02 -4.697214663400000045e-01 4.554027879520000099e-01 2.761572477090000199e-01 -6.183725025609999593e-01
-5.589605675769999671e-01 -3.217599217580000004e-01 -2.958049037439999807e-03 3.465912778920000048e-01 -2.895121695990000160e-02 -6.827006349389999618e-02 -4.712174812150000114e-01 4.554027879520000099e-01 2.777829749130000248e-01 -6.136623519260000492e-01
-5.589605675769999671e-01 -3.217599217580000004e-01 -2.958049037439999807e-03 3.482170050949999762e-01 -2.895121695990000160e-02 -1.306401241529999979e-01 -2.602772911469999895e-01 3.853836016939999887e-01 3.392162032459999921e-02 -1.870721450320000090e-01
-5.589605675769999671e-01 -3.187678920070000088e-01 -2.958049037439999807e-03 3.482170050949999762e-01 -2.962406574289999997e-02 -3.036286535509999940e-01 9.577773692579999443e-02 2.100414178080000083e-01 -3.351219923020000158e-01 3.631574244840000271e-02
-5.589605675769999671e-01 -3.262479663839999988e-01 -2.958049037439999807e-03 3.287077733009999836e-01 -2.962406574289999997e-02 -4.954458701530000120e-01 2.723091198279999903e-01 3.940645144769999719e-02 -3.481280626059999883e-01 4.506288120379999679e-02
-5.589605675769999671e-01 -3.187678920070000088e-01 -2.958049037439999807e-03 3.482170050949999762e-01 -2.895121695990000160e-02 -5.589928037820000029e-01 2.947495754750000252e-01 4.691030836099999678e-03 -3.416249011160000237e-01 4.506288120379999679e-02
-5.589605675769999671e-01 -3.187678920070000088e-01 -2.958049037439999807e-03 3.482170050949999762e-01 -2.895121695990000160e-02 -5.595811945409999710e-01 2.947495754750000252e-01 4.691030836099999678e-03 -3.416249011160000237e-01 4.506288120379999679e-02
