-5.595489583360000463e-01 -3.202639068829999935e-01 -2.958049037439999807e-03 3.482170050949999762e-01 -3.433400722350000295e-02 -5.601695853010000281e-01 2.932535605989999850e-01 4.102640076600000060e-03 -3.416249011160000237e-01 4.573572998670000223e-02
-5.595489583360000463e-01 -3.232559366330000072e-01 -2.958049037439999807e-03 3.465912778920000048e-01 -3.433400722350000295e-02 -5.601695853010000281e-01 4.129359132070000160e-01 4.691030836099999678e-03 -3.822685865520000226e-01 -8.143394491519999334e-02
-5.595489583360000463e-01 -3.172718771320000020e-01 -2.958049037439999807e-03 3.498427322989999810e-01 -3.433400722350000295e-02 -4.913271348370000235e-01 4.787612652709999916e-01 4.102640076600000060e-03 -7.155458216910000058e-01 -4.171886249180000172e-01
-5.595489583360000463e-01 -3.187678920070000088e-01 -2.958049037439999807e-03 3.482170050949999762e-01 -3.433400722350000295e-02 -3.153966516410000032e-01 4.802572801459999985e-01 4.102640076600000060e-03 -7.626924159410000126e-01 -4.279544145999999993e-01
-5.595489583360000463e-01 -3.187678920070000088e-01 -2.958049037439999807e-03 3.482170050949999762e-01 -3.433400722350000295e-02 -1.647671540049999994e-01 4.802572801459999985e-01 4.102640076600000060e-03 -7.626924159410000126e-01 -4.279544145999999993e-01
-5.595489583360000463e-01 -3.187678920070000088e-01 -2.958049037439999807e-03 3.465912778920000048e-01 -3.433400722350000295e-02 3.469932537170000025e-02 4.772652503950000069e-01 4.102640076600000060e-03 -7.626924159410000126e-01 -4.286272633820000233e-01
-5.601373490959999923e-01 -3.187678920070000088e-01 -2.958049037439999807e-03 3.465912778920000048e-01 -3.433400722350000295e-02 2.000386834460000096e-01 4.413604283550000007e-01 4.691030836099999678e-03 -7.561893807889999986e-01 -4.286272633820000233e-01
-5.595489583360000463e-01 -3.187678920070000088e-01 -2.958049037439999807e-03 3.482170050949999762e-01 -3.433400722350000295e-02 3.071268990780000041e-01 4.413604283550000007e-01 -4.723221315950000207e-03 -7.415577096209999830e-01 -4.286272633820000233e-01
-5.595489583360000463e-01 -3.187678920070000088e-01 -2.958049037439999807e-03 3.482170050949999762e-01 -3.433400722350000295e-02 3.547870078490000245e-01 4.503365176060000197e-01 -1.413765636849999979e-02 -7.561893807889999986e-01 -4.286272633820000233e-01
-5.595489583360000463e-01 -3.187678920070000088e-01 -2.958049037439999807e-03 3.465912778920000048e-01 -3.433400722350000295e-02 3.553753986090000261e-01 4.518327649989999917e-01 -1.472604712800000028e-02 -7.578152343309999539e-01 -4.286272633820000233e-01
-5.595489583360000463e-01 -3.187678920070000088e-01 -2.958049037439999807e-03 3.465912778920000048e-01 -3.433400722350000295e-02 3.559637893679999943e-01 4.533287798739999985e-01 -1.472604712800000028e-02 -7.578152343309999539e-01 -4.286272633820000233e-01
-5.595489583360000463e-01 -3.187678920070000088e-01 -2.958049037439999807e-03 3.482170050949999762e-01 -3.433400722350000295e-02 3.553753986090000261e-01 4.518327649989999917e-01 -1.472604712800000028e-02 -7.578152343309999539e-01 -4.286272633820000233e-01
-5.595489583360000463e-01 -3.187678920070000088e-01 -2.958049037439999807e-03 3.465912778920000048e-01 -3.433400722350000295e-02 3.553753986090000261e-01 4.533287798739999985e-01 -1.472604712800000028e-02 -7.578152343309999539e-01 -4.286272633820000233e-01
-5.595489583360000463e-01 -3.187678920070000088e-01 -2.958049037439999807e-03 3.465912778920000048e-01 -3.433400722350000295e-02 3.559637893679999943e-01 2.932535605989999850e-01 -2.296351776099999839e-02 -7.610666887379999856e-01 -3.687430942380000021e-01
-5.595489583360000463e-01 -3.172718771320000020e-01 -2.958049037439999807e-03 3.465912778920000048e-01 -3.433400722350000295e-02 3.541986170900000008e-01 1.212102223229999942e-01 -2.531717224919999981e-02 -7.659438703480000443e-01 -3.673973966719999984e-01
-5.595489583360000463e-01 -3.187678920070000088e-01 -2.958049037439999807e-03 3.465912778920000048e-01 -3.433400722350000295e-02 3.541986170900000008e-01 1.197142074469999956e-01 -2.472878148970000106e-02 -7.675695975509999602e-01 -3.673973966719999984e-01
-5.595489583360000463e-01 -3.187678920070000088e-01 -2.958049037439999807e-03 3.465912778920000048e-01 -3.433400722350000295e-02 3.541986170900000008e-01 1.197142074469999956e-01 -2.472878148970000106e-02 -7.675695975509999602e-01 -3.673973966719999984e-01
-5.595489583360000463e-01 -3.187678920070000088e-01 -2.958049037439999807e-03 3.465912778920000048e-01 -3.433400722350000295e-02 3.536102263299999993e-01 1.197142074469999956e-01 -2.531717224919999981e-02 -7.675695975509999602e-01 -3.680702454550000002e-01
-5.595489583360000463e-01 -3.187678920070000088e-01 -2.958049037439999807e-03 3.465912778920000048e-01 -3.433400722350000295e-02 3.541986170900000008e-01 1.197142074469999956e-01 -2.472878148970000106e-02 -7.675695975509999602e-01 -3.680702454550000002e-01
-5.595489583360000463e-01 -3.187678920070000088e-01 -2.958049037439999807e-03 3.465912778920000048e-01 -3.433400722350000295e-02 3.541986170900000008e-01 1.197142074469999956e-01 -2.472878148970000106e-02 -7.675695975509999602e-01 -3.687430942380000021e-01
-5.595489583360000463e-01 -3.187678920070000088e-01 -2.958049037439999807e-03 3.465912778920000048e-01 -3.433400722350000295e-02 3.541986170900000008e-01 1.197142074469999956e-01 -2.531717224919999981e-02 -7.675695975509999602e-01 -3.680702454550000002e-01
-5.595489583360000463e-01 -3.187678920070000088e-01 -2.958049037439999807e-03 3.465912778920000048e-01 -3.433400722350000295e-02 3.536102263299999993e-01 1.197142074469999956e-01 -2.531717224919999981e-02 -7.675695975509999602e-01 -3.680702454550000002e-01
-5.595489583360000463e-01 -3.187678920070000088e-01 -2.958049037439999807e-03 3.465912778920000048e-01 -3.433400722350000295e-02 3.536102263299999993e-01 1.197142074469999956e-01 -2.472878148970000106e-02 -7.675695975509999602e-01 -3.680702454550000002e-01
-5.595489583360000463e-01 -3.187678920070000088e-01 -2.958049037439999807e-03 3.465912778920000048e-01 -3.433400722350000295e-02 3.171296334400000028e-01 -3.138492257540000108e-02 -1.354917415869999996e-02 -6.066210883620000160e-01 -3.673973966719999984e-01
-5.595489583360000463e-01 -3.142798473819999883e-01 -2.958049037439999807e-03 3.482170050949999762e-01 -3.433400722350000295e-02 2.888866026329999781e-01 -1.091783936410000017e-01 -1.472604712800000028e-02 -3.123615587790000148e-01 -3.660516991059999947e-01
-5.595489583360000463e-01 -3.187678920070000088e-01 -2.958049037439999807e-03 3.482170050949999762e-01 -3.433400722350000295e-02 2.871213389039999897e-01 -1.331148641630000018e-01 -1.590282864699999951e-02 -2.652149645290000080e-01 -3.660516991059999947e-01
-5.595489583360000463e-01 -3.172718771320000020e-01 -2.958049037439999807e-03 3.482170050949999762e-01 -3.433400722350000295e-02 2.871213389039999897e-01 -1.331148641630000018e-01 -1.590282864699999951e-02 -2.668406917330000128e-01 -3.660516991059999947e-01
-5.595489583360000463e-01 -3.187678920070000088e-01 -2.958049037439999807e-03 3.482170050949999762e-01 -3.433400722350000295e-02 2.871213389039999897e-01 -1.331148641630000018e-01 -1.590282864699999951e-02 -2.652149645290000080e-01 -3.653788503229999929e-01
-5.595489583360000463e-01 -3.172718771320000020e-01 -2.958049037439999807e-03 3.482170050949999762e-01 -3.433400722350000295e-02 2.871213389039999897e-01 -1.331148641630000018e-01 -1.590282864699999951e-02 -2.652149645290000080e-01 -3.667245478889999966e-01
-5.595489583360000463e-01 -3.172718771320000020e-01 -2.958049037439999807e-03 3.482170050949999762e-01 -3.433400722350000295e-02 2.871213389039999897e-01 -1.331148641630000018e-01 -1.590282864699999951e-02 -2.652149645290000080e-01 -3.660516991059999947e-01
-5.595489583360000463e-01 -3.172718771320000020e-01 -2.958049037439999807e-03 3.482170050949999762e-01 -3.433400722350000295e-02 3.124224159139999957e-01 7.184126640429999711e-02 -3.826186040849999942e-02 -5.090765717949999880e-01 -4.279544145999999993e-01
-5.595489583360000463e-01 -3.187678920070000088e-01 -2.958049037439999807e-03 3.482170050949999762e-01 -3.433400722350000295e-02 3.547870078490000245e-01 4.054558388310000039e-01 -2.355190852050000061e-02 -7.610666887379999856e-01 -4.279544145999999993e-01
-5.595489583360000463e-01 -3.172718771320000020e-01 -2.958049037439999807e-03 3.482170050949999762e-01 -3.433400722350000295e-02 3.577289616470000211e-01 4.578168244999999970e-01 -2.178673624200000089e-02 -7.659438703480000443e-01 -4.279544145999999993e-01
-5.595489583360000463e-01 -3.172718771320000020e-01 -2.958049037439999807e-03 3.482170050949999762e-01 -3.433400722350000295e-02 3.577289616470000211e-01 4.578168244999999970e-01 -2.178673624200000089e-02 -7.659438703480000443e-01 -4.279544145999999993e-01
-5.595489583360000463e-01 -3.202639068829999935e-01 -2.958049037439999807e-03 3.465912778920000048e-01 -3.433400722350000295e-02 3.283091493210000267e-01 3.246701054969999833e-01 -2.237512700149999964e-02 -4.863161382719999870e-01 -5.519252864899999722e-02
-5.595489583360000463e-01 -3.172718771320000020e-01 -2.958049037439999807e-03 3.465912778920000048e-01 -3.433400722350000295e-02 2.488755737359999998e-01 2.932535605989999850e-01 -7.076875804190000015e-03 -3.367477195060000206e-01 3.631574244840000271e-02
-5.595489583360000463e-01 -3.172718771320000020e-01 -2.958049037439999807e-03 3.482170050949999762e-01 -3.433400722350000295e-02 1.005997305879999942e-01 2.947495754750000252e-01 6.456294564839999868e-03 -3.367477195060000206e-01 3.766154459139999661e-02
-5.595489583360000463e-01 -3.172718771320000020e-01 -2.958049037439999807e-03 3.482170050949999762e-01 -3.433400722350000295e-02 -9.004079594620000015e-02 2.977416052249999834e-01 6.456294564839999868e-03 -3.367477195060000206e-01 3.833439337430000204e-02
-5.595489583360000463e-01 -3.172718771320000020e-01 -2.958049037439999807e-03 3.482170050949999762e-01 -3.433400722350000295e-02 -2.700901059090000111e-01 3.022296498509999818e-01 6.456294564839999868e-03 -3.383734467089999920e-01 3.900724215729999694e-02
