-5.601373490959999923e-01 -3.202639068829999935e-01 -2.958049037439999807e-03 3.465912778920000048e-01 -3.433400722350000295e-02 -5.595811945409999710e-01 3.112059716200000214e-01 4.102640076600000060e-03 -3.432506283189999952e-01 4.371718363790000339e-02
-4.971789434019999732e-01 -9.735559781229999321e-02 -8.945240518670000140e-02 4.420298595399999725e-02 4.117690235309999780e-01 -5.595811945409999710e-01 3.112059716200000214e-01 4.691030836099999678e-03 -3.432506283189999952e-01 4.371718363790000339e-02
-3.224251502759999943e-01 2.811398859070000089e-01 -2.577337170580000225e-01 -2.386763268669999938e-01 6.048785066240000008e-01 -5.595811945409999710e-01 3.112059716200000214e-01 4.102640076600000060e-03 -3.432506283189999952e-01 4.371718363790000339e-02
-1.376687142370000005e-01 4.531832241839999775e-01 -4.213079028539999937e-01 -2.598110331869999956e-01 6.068971052610000472e-01 -5.589928037820000029e-01 3.112059716200000214e-01 4.102640076600000060e-03 -3.432506283189999952e-01 4.371718363790000339e-02
-6.764948225450000130e-02 4.726316500789999875e-01 -4.566117142250000205e-01 -2.598110331869999956e-01 6.068971052610000472e-01 -5.595811945409999710e-01 3.112059716200000214e-01 4.691030836099999678e-03 -3.432506283189999952e-01 4.371718363790000339e-02
-6.764948225450000130e-02 4.726316500789999875e-01 -4.572001049850000221e-01 -2.614367603910000004e-01 6.068971052610000472e-01 -5.595811945409999710e-01 3.112059716200000214e-01 4.102640076600000060e-03 -3.432506283189999952e-01 4.371718363790000339e-02
-6.764948225450000130e-02 4.726316500789999875e-01 -4.572001049850000221e-01 -2.598110331869999956e-01 6.068971052610000472e-01 -5.595811945409999710e-01 3.112059716200000214e-01 4.102640076600000060e-03 -3.432506283189999952e-01 4.371718363790000339e-02
-6.764948225450000130e-02 4.726316500789999875e-01 -4.572001049850000221e-01 -2.598110331869999956e-01 6.068971052610000472e-01 -5.595811945409999710e-01 3.112059716200000214e-01 4.102640076600000060e-03 -3.432506283189999952e-01 4.439003242080000189e-02
-6.764948225450000130e-02 4.726316500789999875e-01 -4.572001049850000221e-01 -2.598110331869999956e-01 6.068971052610000472e-01 -5.595811945409999710e-01 3.112059716200000214e-01 4.102640076600000060e-03 -3.432506283189999952e-01 4.371718363790000339e-02
-6.764948225450000130e-02 4.726316500789999875e-01 -4.572001049850000221e-01 -2.614367603910000004e-01 6.068971052610000472e-01 -5.595811945409999710e-01 3.112059716200000214e-01 4.102640076600000060e-03 -3.432506283189999952e-01 4.371718363790000339e-02
-6.764948225450000130e-02 4.726316500789999875e-01 -4.577884957439999902e-01 -2.598110331869999956e-01 6.068971052610000472e-01 -5.595811945409999710e-01 3.112059716200000214e-01 4.691030836099999678e-03 -3.432506283189999952e-01 4.371718363790000339e-02
-6.764948225450000130e-02 4.726316500789999875e-01 -4.572001049850000221e-01 -2.598110331869999956e-01 6.068971052610000472e-01 -5.595811945409999710e-01 3.112059716200000214e-01 4.102640076600000060e-03 -3.432506283189999952e-01 4.371718363790000339e-02
-6.823787301400000005e-02 4.726316500789999875e-01 -4.572001049850000221e-01 -2.598110331869999956e-01 6.439041543429999681e-01 -5.595811945409999710e-01 3.127019864949999728e-01 4.691030836099999678e-03 -3.432506283189999952e-01 4.371718363790000339e-02
-8.883173249709999664e-02 4.726316500789999875e-01 -4.577884957439999902e-01 1.933573313980000048e-03 6.506326944610000274e-01 -5.595811945409999710e-01 3.112059716200000214e-01 4.691030836099999678e-03 -3.432506283189999952e-01 4.371718363790000339e-02
-8.883173249709999664e-02 4.726316500789999875e-01 -4.577884957439999902e-01 4.067436897680000163e-01 6.506326944610000274e-01 -5.589928037820000029e-01 3.127019864949999728e-01 4.102640076600000060e-03 -3.432506283189999952e-01 4.371718363790000339e-02
-9.000860546630000403e-02 4.726316500789999875e-01 -4.583768865039999918e-01 7.058805272999999492e-01 6.513055432440000292e-01 -5.595811945409999710e-01 3.127019864949999728e-01 4.102640076600000060e-03 -3.432506283189999952e-01 4.371718363790000339e-02
-9.177377774490000362e-02 4.726316500789999875e-01 -4.583768865039999918e-01 7.367693441620000172e-01 6.513055432440000292e-01 -5.595811945409999710e-01 3.112059716200000214e-01 4.691030836099999678e-03 -3.432506283189999952e-01 4.371718363790000339e-02
-9.177377774490000362e-02 4.726316500789999875e-01 -4.583768865039999918e-01 7.367693441620000172e-01 6.513055432440000292e-01 -5.595811945409999710e-01 3.112059716200000214e-01 4.102640076600000060e-03 -3.432506283189999952e-01 4.371718363790000339e-02
-9.177377774490000362e-02 4.726316500789999875e-01 -4.583768865039999918e-01 7.383950713650000441e-01 6.506326944610000274e-01 -5.595811945409999710e-01 3.112059716200000214e-01 4.102640076600000060e-03 -3.432506283189999952e-01 4.371718363790000339e-02
-9.177377774490000362e-02 4.741276649550000277e-01 -4.583768865039999918e-01 7.383950713650000441e-01 6.506326944610000274e-01 -5.595811945409999710e-01 3.112059716200000214e-01 4.691030836099999678e-03 -3.432506283189999952e-01 4.371718363790000339e-02
-9.177377774490000362e-02 4.741276649550000277e-01 -4.583768865039999918e-01 7.383950713650000441e-01 6.506326944610000274e-01 -5.595811945409999710e-01 3.112059716200000214e-01 4.102640076600000060e-03 -3.432506283189999952e-01 4.371718363790000339e-02
-9.177377774490000362e-02 4.726316500789999875e-01 -4.583768865039999918e-01 7.383950713650000441e-01 6.506326944610000274e-01 -5.589928037820000029e-01 3.127019864949999728e-01 4.102640076600000060e-03 -3.432506283189999952e-01 4.371718363790000339e-02
-9.177377774490000362e-02 4.726316500789999875e-01 -4.583768865039999918e-01 7.383950713650000441e-01 6.513055432440000292e-01 -5.595811945409999710e-01 3.112059716200000214e-01 4.102640076600000060e-03 -3.432506283189999952e-01 4.371718363790000339e-02
-9.177377774490000362e-02 4.741276649550000277e-01 -4.583768865039999918e-01 4.197495073940000210e-01 6.513055432440000292e-01 -5.595811945409999710e-01 3.127019864949999728e-01 4.691030836099999678e-03 -3.432506283189999952e-01 4.371718363790000339e-02
-9.177377774490000362e-02 4.726316500789999875e-01 -4.583768865039999918e-01 3.661000043309999841e-01 6.513055432440000292e-01 -5.595811945409999710e-01 3.112059716200000214e-01 4.102640076600000060e-03 -3.432506283189999952e-01 4.371718363790000339e-02
-9.177377774490000362e-02 4.726316500789999875e-01 -4.583768865039999918e-01 3.612228227209999809e-01 6.506326944610000274e-01 -5.595811945409999710e-01 3.112059716200000214e-01 4.691030836099999678e-03 -3.432506283189999952e-01 4.371718363790000339e-02
-9.177377774490000362e-02 4.741276649550000277e-01 -4.583768865039999918e-01 3.612228227209999809e-01 6.506326944610000274e-01 -5.595811945409999710e-01 3.127019864949999728e-01 4.102640076600000060e-03 -3.432506283189999952e-01 4.371718363790000339e-02
-9.177377774490000362e-02 4.741276649550000277e-01 -4.583768865039999918e-01 3.612228227209999809e-01 6.506326944610000274e-01 -5.595811945409999710e-01 3.112059716200000214e-01 4.102640076600000060e-03 -3.432506283189999952e-01 4.371718363790000339e-02
-9.118538698540000487e-02 4.741276649550000277e-01 -4.583768865039999918e-01 3.612228227209999809e-01 6.506326944610000274e-01 -5.595811945409999710e-01 3.127019864949999728e-01 4.691030836099999678e-03 -3.432506283189999952e-01 4.371718363790000339e-02
-6.647270073550000380e-02 4.741276649550000277e-01 -4.583768865039999918e-01 2.539238165959999960e-01 6.237184817009999716e-01 -5.595811945409999710e-01 3.127019864949999728e-01 4.102640076600000060e-03 -3.432506283189999952e-01 4.371718363790000339e-02
-6.706109149500000255e-02 4.741276649550000277e-01 -4.583768865039999918e-01 -1.460088655710000127e-01 6.230456329179999697e-01 -5.595811945409999710e-01 3.112059716200000214e-01 4.102640076600000060e-03 -3.432506283189999952e-01 4.371718363790000339e-02
-6.647270073550000380e-02 4.741276649550000277e-01 -4.583768865039999918e-01 -2.581853059840000242e-01 6.230456329179999697e-01 -5.595811945409999710e-01 3.127019864949999728e-01 4.102640076600000060e-03 -3.432506283189999952e-01 4.371718363790000339e-02
-6.706109149500000255e-02 4.726316500789999875e-01 -4.583768865039999918e-01 -2.581853059840000242e-01 6.230456329179999697e-01 -5.595811945409999710e-01 3.112059716200000214e-01 4.691030836099999678e-03 -3.432506283189999952e-01 4.439003242080000189e-02
-6.882626377349999880e-02 4.681436054529999891e-01 -4.401365900590000213e-01 -2.240445293599999943e-01 4.528132175990000063e-01 -5.589928037820000029e-01 3.112059716200000214e-01 4.102640076600000060e-03 -3.432506283189999952e-01 4.371718363790000339e-02
-1.782680424439999911e-01 1.659455779250000040e-01 -3.165734331599999729e-01 1.547534464860000070e-01 2.622290612710000135e-02 -5.595811945409999710e-01 3.112059716200000214e-01 4.102640076600000060e-03 -3.432506283189999952e-01 4.506288120379999679e-02
-3.889139462510000089e-01 -2.409744209420000005e-01 -1.200489990320000033e-01 3.384626418760000033e-01 -3.096976330880000031e-02 -5.595811945409999710e-01 3.141980013699999796e-01 4.691030836099999678e-03 -3.416249011160000237e-01 4.573572998670000223e-02
-5.371898808489999899e-01 -3.053035256130000041e-01 -1.001882960170000052e-02 3.433398234860000064e-01 -3.164261209170000227e-02 -5.595811945409999710e-01 3.097099567450000146e-01 4.102640076600000060e-03 -3.416249011160000237e-01 4.573572998670000223e-02
-5.583721768170000210e-01 -3.008154809870000057e-01 -2.958049037439999807e-03 3.482170050949999762e-01 -3.164261209170000227e-02 -5.595811945409999710e-01 3.127019864949999728e-01 4.691030836099999678e-03 -3.399991739120000189e-01 4.506288120379999679e-02
