-5.595489583360000463e-01 -3.217599217580000004e-01 -2.958049037439999807e-03 3.465912778920000048e-01 -3.433400722350000295e-02 -5.578160222629999776e-01 3.156940162460000199e-01 4.102640076600000060e-03 -3.416249011160000237e-01 4.371718363790000339e-02
-5.595489583360000463e-01 -3.217599217580000004e-01 -2.958049037439999807e-03 3.465912778920000048e-01 -3.433400722350000295e-02 -5.572276315030000315e-01 3.156940162460000199e-01 -5.885571989160000295e-02 -2.522091469030000033e-01 -1.460280555410000125e-01
-5.595489583360000463e-01 -3.217599217580000004e-01 -2.958049037439999807e-03 3.465912778920000048e-01 -3.433400722350000295e-02 -4.772055737079999860e-01 3.171900311210000267e-01 -1.841842319689999952e-01 -2.343258949900000054e-01 -6.244281416079999758e-01
-5.595489583360000463e-01 -3.217599217580000004e-01 -2.958049037439999807e-03 3.465912778920000048e-01 -3.433400722350000295e-02 -3.312833850479999787e-01 3.156940162460000199e-01 -1.865377950069999902e-01 -2.294487133800000023e-01 -6.520151508629999926e-01
-5.595489583360000463e-01 -3.217599217580000004e-01 -2.958049037439999807e-03 3.482170050949999762e-01 -3.433400722350000295e-02 -1.306401241529999979e-01 3.141980013699999796e-01 -1.865377950069999902e-01 -2.245715317699999991e-01 -6.567250923430000276e-01
-5.595489583360000463e-01 -3.217599217580000004e-01 -2.958049037439999807e-03 3.465912778920000048e-01 -3.433400722350000295e-02 6.235396541899999867e-02 2.992376201010000236e-01 -1.859494042469999886e-01 -2.083140070600000004e-01 -6.560522435600000257e-01
-5.595489583360000463e-01 -3.217599217580000004e-01 -2.958049037439999807e-03 3.465912778920000048e-01 -3.433400722350000295e-02 2.324005410199999899e-01 2.573487385589999787e-01 -1.865377950069999902e-01 -2.115654614670000044e-01 -6.560522435600000257e-01
-5.595489583360000463e-01 -3.217599217580000004e-01 -2.958049037439999807e-03 3.482170050949999762e-01 -3.433400722350000295e-02 3.612593062039999858e-01 2.573487385589999787e-01 -1.935985755709999923e-01 -2.180686229569999968e-01 -6.560522435600000257e-01
-5.595489583360000463e-01 -3.217599217580000004e-01 -2.958049037439999807e-03 3.465912778920000048e-01 -3.433400722350000295e-02 4.077426334559999810e-01 2.857734862229999728e-01 -2.094852175280000062e-01 -2.327001677870000063e-01 -6.560522435600000257e-01
-5.595489583360000463e-01 -3.217599217580000004e-01 -2.958049037439999807e-03 3.482170050949999762e-01 -3.433400722350000295e-02 4.177453678170000018e-01 3.007336349759999750e-01 -2.106619990470000037e-01 -2.359516221930000046e-01 -6.560522435600000257e-01
-5.595489583360000463e-01 -3.217599217580000004e-01 -2.958049037439999807e-03 3.465912778920000048e-01 -3.433400722350000295e-02 4.177453678170000018e-01 3.007336349759999750e-01 -2.106619990470000037e-01 -2.359516221930000046e-01 -6.560522435600000257e-01
-5.595489583360000463e-01 -3.217599217580000004e-01 -2.958049037439999807e-03 3.482170050949999762e-01 -3.433400722350000295e-02 4.183337585770000033e-01 3.007336349759999750e-01 -2.106619990470000037e-01 -2.375773493960000038e-01 -6.560522435600000257e-01
-5.595489583360000463e-01 -3.217599217580000004e-01 -2.958049037439999807e-03 3.482170050949999762e-01 -3.433400722350000295e-02 4.183337585770000033e-01 2.992376201010000236e-01 -2.106619990470000037e-01 -2.359516221930000046e-01 -6.560522435600000257e-01
-5.595489583360000463e-01 -3.217599217580000004e-01 -2.958049037439999807e-03 3.465912778920000048e-01 -3.433400722350000295e-02 4.401044910290000112e-01 1.436506779689999957e-01 -3.159850424010000047e-01 -2.343258949900000054e-01 -2.752162767910000252e-01
-5.595489583360000463e-01 -3.217599217580000004e-01 -2.958049037439999807e-03 3.465912778920000048e-01 -3.433400722350000295e-02 4.412812725479999809e-01 -2.318527760000000104e-01 -3.901230097000000230e-01 -2.343258949900000054e-01 -1.877449938150000108e-01
-5.595489583360000463e-01 -3.217599217580000004e-01 -2.958049037439999807e-03 3.482170050949999762e-01 -3.433400722350000295e-02 4.412812725479999809e-01 -4.323206294240000136e-01 -3.907114004600000245e-01 -2.424547836840000026e-01 -1.877449938150000108e-01
-5.595489583360000463e-01 -3.217599217580000004e-01 -2.958049037439999807e-03 3.465912778920000048e-01 -3.433400722350000295e-02 4.418696633079999825e-01 -4.712174812150000114e-01 -3.907114004600000245e-01 -2.424547836840000026e-01 -1.877449938150000108e-01
-5.595489583360000463e-01 -3.217599217580000004e-01 -2.958049037439999807e-03 3.465912778920000048e-01 -3.433400722350000295e-02 4.418696633079999825e-01 -4.712174812150000114e-01 -3.907114004600000245e-01 -2.440805108870000018e-01 -1.877449938150000108e-01
-5.595489583360000463e-01 -3.202639068829999935e-01 -2.958049037439999807e-03 3.465912778920000048e-01 -3.433400722350000295e-02 4.418696633079999825e-01 -4.712174812150000114e-01 -3.907114004600000245e-01 -2.440805108870000018e-01 -1.897636447399999871e-01
-5.595489583360000463e-01 -3.217599217580000004e-01 -2.958049037439999807e-03 3.482170050949999762e-01 -3.433400722350000295e-02 4.412812725479999809e-01 -4.712174812150000114e-01 -3.907114004600000245e-01 -2.440805108870000018e-01 -1.897636447399999871e-01
-5.595489583360000463e-01 -3.217599217580000004e-01 -2.958049037439999807e-03 3.465912778920000048e-01 -3.433400722350000295e-02 4.418696633079999825e-01 -4.727134960900000182e-01 -3.907114004600000245e-01 -2.440805108870000018e-01 -1.904364935229999889e-01
-5.595489583360000463e-01 -3.217599217580000004e-01 -2.958049037439999807e-03 3.465912778920000048e-01 -3.433400722350000295e-02 4.418696633079999825e-01 -4.712174812150000114e-01 -3.907114004600000245e-01 -2.440805108870000018e-01 -1.897636447399999871e-01
-5.595489583360000463e-01 -3.217599217580000004e-01 -2.958049037439999807e-03 3.465912778920000048e-01 -3.433400722350000295e-02 4.418696633079999825e-01 -4.712174812150000114e-01 -3.907114004600000245e-01 -2.440805108870000018e-01 -1.877449938150000108e-01
-5.601373490959999923e-01 -3.217599217580000004e-01 -2.958049037439999807e-03 3.465912778920000048e-01 -3.433400722350000295e-02 4.412812725479999809e-01 -4.098801737769999787e-01 -3.907114004600000245e-01 -2.522091469030000033e-01 -1.877449938150000108e-01
-5.595489583360000463e-01 -3.217599217580000004e-01 -2.958049037439999807e-03 3.482170050949999762e-01 -3.433400722350000295e-02 4.418696633079999825e-01 -4.083841589020000273e-01 -3.901230097000000230e-01 -2.522091469030000033e-01 -1.877449938150000108e-01
-5.595489583360000463e-01 -3.217599217580000004e-01 -2.958049037439999807e-03 3.465912778920000048e-01 -3.433400722350000295e-02 4.418696633079999825e-01 -4.098801737769999787e-01 -3.907114004600000245e-01 -2.522091469030000033e-01 -1.877449938150000108e-01
-5.595489583360000463e-01 -3.217599217580000004e-01 -2.958049037439999807e-03 3.465912778920000048e-01 -3.433400722350000295e-02 4.418696633079999825e-01 -4.098801737769999787e-01 -3.907114004600000245e-01 -2.522091469030000033e-01 -1.897636447399999871e-01
-5.595489583360000463e-01 -3.217599217580000004e-01 -2.958049037439999807e-03 3.482170050949999762e-01 -3.433400722350000295e-02 4.418696633079999825e-01 -4.098801737769999787e-01 -3.901230097000000230e-01 -2.522091469030000033e-01 -1.897636447399999871e-01
-5.595489583360000463e-01 -3.217599217580000004e-01 -2.958049037439999807e-03 3.465912778920000048e-01 -3.433400722350000295e-02 4.418696633079999825e-01 -4.083841589020000273e-01 -3.907114004600000245e-01 -2.522091469030000033e-01 -1.897636447399999871e-01
-5.595489583360000463e-01 -3.217599217580000004e-01 -2.958049037439999807e-03 3.482170050949999762e-01 -3.433400722350000295e-02 4.418696633079999825e-01 -3.934240101490000252e-01 -3.830621376860000038e-01 -2.538348741070000081e-01 -2.180235027780000057e-01
-5.595489583360000463e-01 -3.202639068829999935e-01 -2.958049037439999807e-03 3.465912778920000048e-01 -3.433400722350000295e-02 4.130382417410000118e-01 -1.286268195370000034e-01 -2.524382002230000088e-01 -3.156130131859999910e-01 -6.244281416079999758e-01
-5.595489583360000463e-01 -3.217599217580000004e-01 -2.958049037439999807e-03 3.482170050949999762e-01 -3.433400722350000295e-02 4.118614602219999865e-01 2.274282085359999872e-01 -2.212532156189999932e-01 -3.042329227630000132e-01 -6.533608484280000184e-01
-5.595489583360000463e-01 -3.217599217580000004e-01 -2.958049037439999807e-03 3.482170050949999762e-01 -3.433400722350000295e-02 4.200990223059999917e-01 2.887655159740000199e-01 -2.177227796110000058e-01 -2.733438532229999773e-01 -6.547065459940000220e-01
-5.595489583360000463e-01 -3.217599217580000004e-01 -2.958049037439999807e-03 3.482170050949999762e-01 -3.433400722350000295e-02 4.218641945839999852e-01 3.112059716200000214e-01 -2.059548729710000137e-01 -2.847239436460000106e-01 -6.271195367390000053e-01
-5.601373490959999923e-01 -3.217599217580000004e-01 -2.958049037439999807e-03 3.482170050949999762e-01 -3.433400722350000295e-02 3.524333533610000124e-01 3.186860459959999781e-01 -7.533084405819999441e-02 -3.432506283189999952e-01 -1.191137904919999935e-01
-5.601373490959999923e-01 -3.217599217580000004e-01 -2.958049037439999807e-03 3.482170050949999762e-01 -3.433400722350000295e-02 2.800606497900000047e-01 3.112059716200000214e-01 -9.430438842200000032e-03 -3.416249011160000237e-01 3.497004488250000237e-02
-5.595489583360000463e-01 -3.217599217580000004e-01 -2.958049037439999807e-03 3.465912778920000048e-01 -3.433400722350000295e-02 1.382571049970000021e-01 2.992376201010000236e-01 7.044685324340000353e-03 -3.416249011160000237e-01 3.766154459139999661e-02
-5.595489583360000463e-01 -3.217599217580000004e-01 -2.958049037439999807e-03 3.482170050949999762e-01 -3.433400722350000295e-02 -7.062371798210000107e-02 3.007336349759999750e-01 6.456294564839999868e-03 -3.416249011160000237e-01 3.833439337430000204e-02
-5.595489583360000463e-01 -3.217599217580000004e-01 -2.958049037439999807e-03 3.465912778920000048e-01 -3.433400722350000295e-02 -2.383166390939999990e-01 3.052216796019999734e-01 6.456294564839999868e-03 -3.416249011160000237e-01 3.833439337430000204e-02
