2.034300714731216431e-01 3.608185052871704102e-01 -8.794947862625122070e-01 3.094644844532012939e-01 -2.894895672798156738e-01 5.219219326972961426e-01 9.889996051788330078e-02 -1.045178174972534180e+00 7.566054165363311768e-02 2.868785560131072998e-01
2.118737250566482544e-01 3.752576112747192383e-01 -8.742341995239257812e-01 3.255651295185089111e-01 -2.743024826049804688e-01 5.261413455009460449e-01 7.540154457092285156e-02 -1.062035560607910156e+00 6.167344748973846436e-02 2.826026380062103271e-01
2.118265777826309204e-01 3.872336149215698242e-01 -8.744026422500610352e-01 3.277921378612518311e-01 -2.717242836952209473e-01 5.196661353111267090e-01 6.512182950973510742e-02 -1.067322969436645508e+00 6.467701494693756104e-02 2.787873148918151855e-01
2.037893682718276978e-01 3.448032140731811523e-01 -8.810305595397949219e-01 3.202369511127471924e-01 -2.928034961223602295e-01 5.044903159141540527e-01 1.285701990127563477e-01 -1.036546587944030762e+00 8.138696849346160889e-02 2.819284200668334961e-01
1.945539861917495728e-01 2.782761454582214355e-01 -8.879579901695251465e-01 2.826427817344665527e-01 -2.841434180736541748e-01 4.823651909828186035e-01 2.099835872650146484e-01 -1.052173376083374023e+00 1.205793917179107666e-01 2.955718934535980225e-01
9.315784275531768799e-02 2.440689653158187866e-01 -8.223427534103393555e-01 2.327857017517089844e-01 -2.784310579299926758e-01 5.154334306716918945e-01 3.364347815513610840e-01 -1.052649140357971191e+00 1.868211179971694946e-01 3.830685317516326904e-01
-3.369038179516792297e-02 3.021374940872192383e-01 -6.529324054718017578e-01 2.408162653446197510e-01 -3.284339606761932373e-01 4.784275889396667480e-01 6.569909453392028809e-01 -1.014327049255371094e+00 3.100776374340057373e-01 5.128465890884399414e-01
-5.706365779042243958e-02 4.455078840255737305e-01 -6.158614158630371094e-01 2.994795143604278564e-01 -4.723382890224456787e-01 3.960059285163879395e-01 8.369593024253845215e-01 -1.058379650115966797e+00 4.393482506275177002e-01 4.552982747554779053e-01
2.214048430323600769e-02 7.044417858123779297e-01 -6.126035451889038086e-01 3.877112567424774170e-01 -6.503198742866516113e-01 4.149280786514282227e-01 6.196665167808532715e-01 -1.118361234664916992e+00 4.199964106082916260e-01 3.208359777927398682e-01
4.476953670382499695e-02 6.746256947517395020e-01 -6.682414412498474121e-01 3.874391615390777588e-01 -6.360406875610351562e-01 4.311346411705017090e-01 4.969613552093505859e-01 -1.150027751922607422e+00 3.536840081214904785e-01 3.316543400287628174e-01
5.176759883761405945e-02 6.772216558456420898e-01 -6.716004014015197754e-01 3.980601727962493896e-01 -6.197909712791442871e-01 4.264546036720275879e-01 4.919241964817047119e-01 -1.144911408424377441e+00 3.503488302230834961e-01 3.408668935298919678e-01
4.624326154589653015e-02 6.761251091957092285e-01 -6.672539710998535156e-01 4.007575213909149170e-01 -6.116791963577270508e-01 4.197264313697814941e-01 5.035879015922546387e-01 -1.141751527786254883e+00 3.481387794017791748e-01 3.373746573925018311e-01
5.141292139887809753e-02 6.809131503105163574e-01 -6.773126125335693359e-01 4.052134454250335693e-01 -6.258143782615661621e-01 4.239155650138854980e-01 5.001016259193420410e-01 -1.154368877410888672e+00 3.574044406414031982e-01 3.395934104919433594e-01
2.693201228976249695e-02 6.198168992996215820e-01 -6.984874010086059570e-01 4.220134913921356201e-01 -6.295202970504760742e-01 3.915376067161560059e-01 6.004312634468078613e-01 -1.115888118743896484e+00 4.168239831924438477e-01 3.586060702800750732e-01
9.162659943103790283e-02 1.106837630271911621e+00 -6.182723641395568848e-01 5.460690259933471680e-01 -5.471473336219787598e-01 6.373565196990966797e-01 2.585178241133689880e-02 -8.801597952842712402e-01 6.774784922599792480e-01 1.067870259284973145e-01
3.829874396324157715e-01 1.087498664855957031e+00 5.124723315238952637e-01 5.515936613082885742e-01 -1.769329309463500977e+00 -8.359385132789611816e-01 -1.497905135154724121e+00 -4.394042193889617920e-01 3.198545873165130615e-01 5.031076073646545410e-01
4.769055247306823730e-01 7.178941965103149414e-01 6.076099276542663574e-01 5.490316152572631836e-01 -1.316740393638610840e+00 -9.834989905357360840e-01 -1.559390068054199219e+00 -5.116024613380432129e-01 2.933592498302459717e-01 6.409137248992919922e-01
4.920426011085510254e-01 6.942364573478698730e-01 5.990986227989196777e-01 5.776662826538085938e-01 -1.342630863189697266e+00 -9.848918914794921875e-01 -1.580890417098999023e+00 -5.031473040580749512e-01 3.100952208042144775e-01 6.517748236656188965e-01
4.881234765052795410e-01 6.892982721328735352e-01 5.975514650344848633e-01 5.718947649002075195e-01 -1.330727577209472656e+00 -9.937618374824523926e-01 -1.580411434173583984e+00 -5.092341303825378418e-01 3.037015199661254883e-01 6.442238092422485352e-01
4.778527021408081055e-01 6.860209107398986816e-01 6.045016050338745117e-01 5.648167729377746582e-01 -1.334091663360595703e+00 -9.860057830810546875e-01 -1.580681443214416504e+00 -5.144817829132080078e-01 3.046863079071044922e-01 6.422716379165649414e-01
4.950644969940185547e-01 6.985455155372619629e-01 6.002324223518371582e-01 5.665386915206909180e-01 -1.340747952461242676e+00 -9.836923480033874512e-01 -1.589655399322509766e+00 -5.088105797767639160e-01 3.029059171676635742e-01 6.468331813812255859e-01
4.875520169734954834e-01 6.852372288703918457e-01 5.970153212547302246e-01 5.800929069519042969e-01 -1.333384156227111816e+00 -9.831466078758239746e-01 -1.574724078178405762e+00 -5.086952447891235352e-01 3.072336018085479736e-01 6.517347097396850586e-01
4.827402234077453613e-01 6.784586906433105469e-01 6.009180545806884766e-01 5.633956193923950195e-01 -1.328783512115478516e+00 -9.835773110389709473e-01 -1.580950140953063965e+00 -5.053983926773071289e-01 3.071660101413726807e-01 6.460705399513244629e-01
4.463898837566375732e-01 1.014935135841369629e+00 4.466018080711364746e-01 6.861571073532104492e-01 -1.377923250198364258e+00 -1.055462837219238281e+00 -1.462936282157897949e+00 -6.814668178558349609e-01 6.053038239479064941e-01 5.110698938369750977e-01
4.342330098152160645e-01 9.957205653190612793e-01 4.534335136413574219e-01 6.785768866539001465e-01 -1.361312627792358398e+00 -1.043355464935302734e+00 -1.462010264396667480e+00 -6.897178292274475098e-01 6.097842454910278320e-01 5.024523138999938965e-01
4.312133193016052246e-01 9.957739114761352539e-01 4.476310014724731445e-01 6.754627823829650879e-01 -1.350248336791992188e+00 -1.039260149002075195e+00 -1.453561186790466309e+00 -6.912811994552612305e-01 6.050624847412109375e-01 5.021997094154357910e-01
4.442736506462097168e-01 1.005147457122802734e+00 4.468660354614257812e-01 6.696203351020812988e-01 -1.357620716094970703e+00 -1.036410570144653320e+00 -1.449415206909179688e+00 -6.842529177665710449e-01 6.055360436439514160e-01 5.067639350891113281e-01
4.346465468406677246e-01 9.989726543426513672e-01 4.502770900726318359e-01 6.847811937332153320e-01 -1.362793922424316406e+00 -1.041129350662231445e+00 -1.458674430847167969e+00 -6.801055073738098145e-01 6.097409129142761230e-01 5.049298405647277832e-01
4.398398399353027344e-01 1.009139537811279297e+00 4.456415176391601562e-01 6.804687976837158203e-01 -1.358641147613525391e+00 -1.040661573410034180e+00 -1.453543066978454590e+00 -6.766412854194641113e-01 6.108978390693664551e-01 5.078051686286926270e-01
4.427556991577148438e-01 9.967784881591796875e-01 4.469670653343200684e-01 6.754845380783081055e-01 -1.357279062271118164e+00 -1.043201923370361328e+00 -1.448759913444519043e+00 -6.874048113822937012e-01 6.067433357238769531e-01 5.076861381530761719e-01
3.918934464454650879e-01 1.145560264587402344e+00 5.209008455276489258e-01 6.704355478286743164e-01 -1.212190866470336914e+00 -8.817807435989379883e-01 -1.093662858009338379e+00 -6.993088126182556152e-01 9.776194691658020020e-01 5.055776834487915039e-01
2.417411357164382935e-01 1.118881821632385254e+00 8.935346603393554688e-01 6.057848930358886719e-01 -1.372439622879028320e+00 -9.616425633430480957e-01 6.478941440582275391e-02 -6.832254528999328613e-01 1.057633757591247559e+00 9.120873212814331055e-01
3.010333776473999023e-01 8.733416199684143066e-01 1.030463099479675293e+00 6.403739452362060547e-01 -1.430568575859069824e+00 -9.887233376502990723e-01 7.520467042922973633e-02 -7.012610435485839844e-01 7.258476614952087402e-01 1.042355298995971680e+00
3.012873530387878418e-01 8.183594942092895508e-01 1.076188683509826660e+00 6.454648375511169434e-01 -1.427182793617248535e+00 -9.741677641868591309e-01 6.123464927077293396e-02 -7.045072317123413086e-01 6.516997218132019043e-01 1.076085686683654785e+00
2.848431468009948730e-01 9.558099508285522461e-01 9.674671888351440430e-01 6.284786462783813477e-01 -1.497587203979492188e+00 -9.997897744178771973e-01 1.304485201835632324e-01 -6.966458559036254883e-01 8.255121707916259766e-01 1.014613866806030273e+00
2.783571779727935791e-01 1.040895700454711914e+00 9.107906222343444824e-01 6.230784058570861816e-01 -1.427503108978271484e+00 -9.954056143760681152e-01 6.835961341857910156e-02 -6.605655550956726074e-01 9.414915442466735840e-01 9.591605663299560547e-01
1.302146464586257935e-01 6.094553470611572266e-01 8.937205672264099121e-01 5.066169500350952148e-01 -1.391726255416870117e+00 -8.726255297660827637e-01 2.152075767517089844e-01 -6.506457924842834473e-01 7.237488627433776855e-01 1.115760207176208496e+00
2.191832810640335083e-01 3.977019786834716797e-01 1.045467615127563477e+00 5.011152625083923340e-01 -1.400534033775329590e+00 -8.230317234992980957e-01 1.350839734077453613e-01 -5.723502039909362793e-01 5.700270533561706543e-01 1.249103665351867676e+00
