1.984696537256240845e-01 3.741781711578369141e-01 -1.705182641744613647e-01 -1.837284564971923828e-01 -4.372261762619018555e-01 5.003641843795776367e-01 8.877533078193664551e-01 -6.603741645812988281e-01 5.956747382879257202e-02 -2.806222438812255859e-01
2.010940760374069214e-01 3.778891563415527344e-01 -1.658436506986618042e-01 -1.648695766925811768e-01 -4.252501726150512695e-01 4.962969422340393066e-01 9.012621045112609863e-01 -6.429743170738220215e-01 4.764275997877120972e-02 -2.799602150917053223e-01
1.688508838415145874e-01 1.454359143972396851e-01 -1.379486173391342163e-01 -2.511734664440155029e-01 -5.034273266792297363e-01 6.062550544738769531e-01 1.076258063316345215e+00 -6.571090817451477051e-01 -1.613327562808990479e-01 -6.146835908293724060e-02
4.925931692123413086e-01 -2.717855572700500488e-01 -2.095618695020675659e-01 -2.834994494915008545e-01 -4.237648248672485352e-01 7.649102210998535156e-01 1.456699967384338379e+00 -8.381273746490478516e-01 -2.446523904800415039e-01 9.863436222076416016e-02
6.473431587219238281e-01 -3.741300106048583984e-01 -1.169987171888351440e-01 -2.633717358112335205e-01 -3.188163340091705322e-01 7.868806719779968262e-01 1.546802163124084473e+00 -8.615415692329406738e-01 -4.051636159420013428e-01 1.819514036178588867e-01
6.258581280708312988e-01 -3.913139104843139648e-01 -1.187126785516738892e-01 -2.253387868404388428e-01 -3.472229540348052979e-01 8.024207353591918945e-01 1.623977661132812500e+00 -8.765950798988342285e-01 -4.042294323444366455e-01 2.290446758270263672e-01
6.335271000862121582e-01 -3.866350650787353516e-01 -1.096277981996536255e-01 -2.375220954418182373e-01 -3.556079566478729248e-01 8.475736975669860840e-01 1.611349582672119141e+00 -8.813827037811279297e-01 -4.243718683719635010e-01 2.187430858612060547e-01
6.224017143249511719e-01 -3.771849870681762695e-01 -1.067241579294204712e-01 -2.430128753185272217e-01 -3.758108317852020264e-01 8.638185262680053711e-01 1.619860529899597168e+00 -8.945357799530029297e-01 -4.214480221271514893e-01 2.232193350791931152e-01
6.224886178970336914e-01 -3.850607275962829590e-01 -1.071969419717788696e-01 -2.494301199913024902e-01 -3.680179417133331299e-01 8.823149800300598145e-01 1.606197357177734375e+00 -8.734034299850463867e-01 -4.336020648479461670e-01 2.168789505958557129e-01
6.195003986358642578e-01 -3.780034184455871582e-01 -1.119654327630996704e-01 -2.413634955883026123e-01 -3.699458539485931396e-01 8.734152913093566895e-01 1.612915635108947754e+00 -8.791177868843078613e-01 -4.251405596733093262e-01 2.328178882598876953e-01
6.191456317901611328e-01 -3.812580108642578125e-01 -1.134390383958816528e-01 -2.521412670612335205e-01 -3.626312911510467529e-01 8.634605407714843750e-01 1.597673773765563965e+00 -8.784666061401367188e-01 -4.234458506107330322e-01 2.115891575813293457e-01
6.232981681823730469e-01 -3.780130147933959961e-01 -1.054089218378067017e-01 -2.375940680503845215e-01 -3.600099980831146240e-01 8.582262992858886719e-01 1.599330067634582520e+00 -8.868237733840942383e-01 -4.209348857402801514e-01 2.223334908485412598e-01
6.153625845909118652e-01 -3.828755617141723633e-01 -1.025782078504562378e-01 -2.448900043964385986e-01 -3.547742366790771484e-01 8.593506813049316406e-01 1.608260869979858398e+00 -8.731690049171447754e-01 -4.249657392501831055e-01 2.219296693801879883e-01
6.287664175033569336e-01 -3.738056421279907227e-01 -1.176215857267379761e-01 -2.463499009609222412e-01 -3.186835050582885742e-01 8.545323014259338379e-01 1.587728738784790039e+00 -9.071666598320007324e-01 -4.011897444725036621e-01 1.913386583328247070e-01
4.577143192291259766e-01 -4.714962840080261230e-01 -4.329706728458404541e-02 -2.130637466907501221e-01 -1.168670803308486938e-01 1.111334562301635742e+00 1.778550624847412109e+00 -9.143993258476257324e-01 -2.385358214378356934e-01 2.221924439072608948e-02
4.844943284988403320e-01 -5.247002243995666504e-01 -4.895503818988800049e-02 -7.589921355247497559e-02 3.295179605484008789e-01 1.206249356269836426e+00 1.715862631797790527e+00 -5.757606625556945801e-01 -4.718904793262481689e-01 -3.603916764259338379e-01
7.473174929618835449e-01 -6.380777359008789062e-01 -2.267739474773406982e-01 -2.143326103687286377e-01 5.711254477500915527e-01 9.421845674514770508e-01 1.085207819938659668e+00 -3.897573649883270264e-01 -8.303572535514831543e-01 -9.194146990776062012e-01
7.112589478492736816e-01 -6.405721306800842285e-01 -2.316054999828338623e-01 -2.068977057933807373e-01 5.795589685440063477e-01 9.247012734413146973e-01 1.075417399406433105e+00 -4.030596315860748291e-01 -8.238195776939392090e-01 -9.144443869590759277e-01
7.122829556465148926e-01 -6.338155269622802734e-01 -2.307773977518081665e-01 -2.013899981975555420e-01 5.784811377525329590e-01 9.282423257827758789e-01 1.093594431877136230e+00 -4.068944752216339111e-01 -8.313631415367126465e-01 -9.086275100708007812e-01
7.115980386734008789e-01 -6.347560882568359375e-01 -2.181709259748458862e-01 -2.158442437648773193e-01 5.794734358787536621e-01 9.238980412483215332e-01 1.082701683044433594e+00 -4.004724323749542236e-01 -8.354808688163757324e-01 -9.107175469398498535e-01
7.080201506614685059e-01 -6.308885812759399414e-01 -2.255750745534896851e-01 -2.129150331020355225e-01 5.695480704307556152e-01 9.176473021507263184e-01 1.090475320816040039e+00 -4.027486145496368408e-01 -8.304411172866821289e-01 -9.114381670951843262e-01
7.085761427879333496e-01 -6.379590034484863281e-01 -2.308889180421829224e-01 -2.048294246196746826e-01 5.751693844795227051e-01 9.210392236709594727e-01 1.097347855567932129e+00 -4.061876833438873291e-01 -8.293275833129882812e-01 -9.064540863037109375e-01
7.116163372993469238e-01 -6.367148756980895996e-01 -2.333813905715942383e-01 -1.993081271648406982e-01 5.805531740188598633e-01 9.257594347000122070e-01 1.096234321594238281e+00 -4.097606241703033447e-01 -8.247831463813781738e-01 -9.126564860343933105e-01
2.822859287261962891e-01 -6.864893436431884766e-01 -1.881835609674453735e-01 -1.543898284435272217e-01 4.653618037700653076e-01 8.393487334251403809e-01 1.057037591934204102e+00 -4.095844924449920654e-01 -1.001206755638122559e+00 -4.689352214336395264e-01
1.927865445613861084e-01 -7.636998295783996582e-01 -7.748216390609741211e-02 -7.885804772377014160e-02 4.338291287422180176e-01 8.507875204086303711e-01 1.518106818199157715e+00 -4.318122565746307373e-01 -8.615644574165344238e-01 4.642105475068092346e-02
1.985936015844345093e-01 -7.616513967514038086e-01 -7.382918894290924072e-02 -7.711640000343322754e-02 4.356708228588104248e-01 8.581459522247314453e-01 1.526618361473083496e+00 -4.253620207309722900e-01 -8.681883215904235840e-01 5.378765240311622620e-02
1.987200230360031128e-01 -7.606186866760253906e-01 -6.632278859615325928e-02 -8.303704857826232910e-02 4.388698041439056396e-01 8.543719053268432617e-01 1.527336239814758301e+00 -4.267223179340362549e-01 -8.669769167900085449e-01 5.449164286255836487e-02
1.948453038930892944e-01 -7.579902410507202148e-01 -7.070933282375335693e-02 -7.465204596519470215e-02 4.311123192310333252e-01 8.575468659400939941e-01 1.529249310493469238e+00 -4.299916326999664307e-01 -8.632220625877380371e-01 5.922598019242286682e-02
2.006105482578277588e-01 -7.565945386886596680e-01 -7.343736290931701660e-02 -7.758232951164245605e-02 4.419224560260772705e-01 8.586792349815368652e-01 1.519244313240051270e+00 -4.224950373172760010e-01 -8.701103329658508301e-01 5.116558447480201721e-02
1.936846673488616943e-01 -7.541136741638183594e-01 -7.364214956760406494e-02 -7.655110955238342285e-02 4.361202716827392578e-01 8.569654822349548340e-01 1.521757483482360840e+00 -4.372104108333587646e-01 -8.617667555809020996e-01 5.916613712906837463e-02
4.582615792751312256e-01 -8.071060776710510254e-01 -2.527628540992736816e-01 -2.239837348461151123e-01 3.907483518123626709e-01 8.275759220123291016e-01 1.478492856025695801e+00 -4.102819263935089111e-01 -1.035382628440856934e+00 8.219186216592788696e-03
6.845802068710327148e-01 -7.249546647071838379e-01 -3.869619667530059814e-01 -2.764539420604705811e-01 3.252233564853668213e-01 6.438710093498229980e-01 1.160718560218811035e+00 -3.795408904552459717e-01 -1.309842109680175781e+00 4.405260458588600159e-02
6.979805827140808105e-01 -7.223517298698425293e-01 -3.973901271820068359e-01 -2.891124188899993896e-01 3.273975551128387451e-01 6.420999765396118164e-01 1.141935825347900391e+00 -3.720423281192779541e-01 -1.316932320594787598e+00 3.434527292847633362e-02
6.828981041908264160e-01 -7.178460955619812012e-01 -3.998420834541320801e-01 -2.846065461635589600e-01 3.219508826732635498e-01 6.540439724922180176e-01 1.143133759498596191e+00 -3.832204639911651611e-01 -1.323798179626464844e+00 3.751057758927345276e-02
4.955604672431945801e-01 -4.057720303535461426e-01 -4.531696438789367676e-01 -3.619696795940399170e-01 4.902746975421905518e-01 5.904905200004577637e-01 9.469335079193115234e-01 -1.932484954595565796e-01 -1.180683135986328125e+00 -1.466692090034484863e-01
1.635112613439559937e-01 -1.580836921930313110e-01 -3.645807504653930664e-01 -1.459602117538452148e-01 7.500399351119995117e-01 3.547157049179077148e-01 8.726426362991333008e-01 -2.641688287258148193e-02 -8.441676497459411621e-01 -2.441580295562744141e-01
1.171035915613174438e-01 -2.084037810564041138e-01 -3.761949241161346436e-01 -1.941668391227722168e-01 7.431095242500305176e-01 3.190435767173767090e-01 6.762048602104187012e-01 -4.775123298168182373e-02 -8.207533359527587891e-01 -1.381800174713134766e-01
1.550169140100479126e-01 -2.180427461862564087e-01 -3.770427703857421875e-01 -1.989581286907196045e-01 7.594312429428100586e-01 2.800579071044921875e-01 6.299636363983154297e-01 -3.012494742870330811e-02 -8.639400005340576172e-01 -1.260926127433776855e-01
