8.150503635406494141e-01 5.307255983352661133e-01 6.024594604969024658e-02 5.582677572965621948e-02 8.613170683383941650e-02 4.131818413734436035e-01 4.933509230613708496e-01 -6.038377285003662109e-01 -5.350919067859649658e-02 5.196582674980163574e-01
8.260392546653747559e-01 5.508099794387817383e-01 5.950032174587249756e-02 5.807015299797058105e-02 8.810050785541534424e-02 4.058505892753601074e-01 4.596101045608520508e-01 -5.943698883056640625e-01 -6.986585259437561035e-02 5.102114081382751465e-01
8.371104001998901367e-01 5.404908657073974609e-01 5.789361894130706787e-02 8.945721387863159180e-02 8.639897406101226807e-02 3.896966576576232910e-01 4.673351049423217773e-01 -5.935136079788208008e-01 -6.159109622240066528e-02 5.082445740699768066e-01
8.255181312561035156e-01 4.639866948127746582e-01 6.057290732860565186e-02 5.014376342296600342e-02 6.070606410503387451e-02 3.945034742355346680e-01 5.113934874534606934e-01 -5.623466372489929199e-01 -3.554299473762512207e-02 5.084627270698547363e-01
7.690272331237792969e-01 3.971903920173645020e-01 3.953690826892852783e-02 1.353725697845220566e-02 5.455394089221954346e-02 4.051209092140197754e-01 6.270589232444763184e-01 -6.163803935050964355e-01 7.418364286422729492e-03 5.301495194435119629e-01
6.117517948150634766e-01 3.391369581222534180e-01 4.949249327182769775e-02 -2.584944851696491241e-02 1.654262840747833252e-02 4.352915287017822266e-01 8.356444239616394043e-01 -5.788167715072631836e-01 6.317353248596191406e-02 6.318052411079406738e-01
4.282745718955993652e-01 5.362551808357238770e-01 9.763242304325103760e-02 1.053181737661361694e-01 -5.192638933658599854e-02 4.041942358016967773e-01 1.269986510276794434e+00 -7.244698405265808105e-01 1.861749738454818726e-01 7.228476405143737793e-01
4.985455870628356934e-01 7.765319347381591797e-01 9.936822950839996338e-02 1.491241306066513062e-01 -2.697028815746307373e-01 3.317739963531494141e-01 1.245398521423339844e+00 -7.507250905036926270e-01 2.739869654178619385e-01 5.641044974327087402e-01
6.648435592651367188e-01 8.698901534080505371e-01 9.983055293560028076e-02 1.630859971046447754e-01 -2.630365192890167236e-01 3.270700573921203613e-01 8.633016943931579590e-01 -7.552717328071594238e-01 2.111111432313919067e-01 4.953413009643554688e-01
4.314474463462829590e-01 9.678471088409423828e-01 -3.265748918056488037e-02 1.569024920463562012e-01 -2.185169607400894165e-01 3.868658542633056641e-01 1.215190649032592773e+00 -6.494249105453491211e-01 4.846584498882293701e-01 3.985705971717834473e-01
1.386575341224670410e+00 1.108234763145446777e+00 6.899880170822143555e-01 2.759490907192230225e-01 -1.569103479385375977e+00 -4.071934819221496582e-01 -8.258546590805053711e-01 -2.069732695817947388e-01 4.683733880519866943e-01 2.427760278806090355e-03
1.562836289405822754e+00 4.431483745574951172e-01 1.207897067070007324e+00 2.371993958950042725e-01 -3.786723613739013672e-01 -7.682597041130065918e-01 -1.170160412788391113e+00 -2.325203269720077515e-01 1.523479372262954712e-01 1.544528603553771973e-01
1.554544925689697266e+00 4.664472937583923340e-01 1.210678935050964355e+00 2.571376264095306396e-01 -3.777574300765991211e-01 -7.759705781936645508e-01 -1.166746258735656738e+00 -2.542093992233276367e-01 1.551164090633392334e-01 1.573357582092285156e-01
1.564223170280456543e+00 4.503451585769653320e-01 1.210525155067443848e+00 2.601660490036010742e-01 -3.834657669067382812e-01 -7.724253535270690918e-01 -1.184279322624206543e+00 -2.509713172912597656e-01 1.581981033086776733e-01 1.514593958854675293e-01
1.547891736030578613e+00 4.485078454017639160e-01 1.210698962211608887e+00 2.518348097801208496e-01 -3.918001055717468262e-01 -7.771307229995727539e-01 -1.170623540878295898e+00 -2.434486597776412964e-01 1.574825346469879150e-01 1.510531306266784668e-01
1.600955128669738770e+00 7.895196676254272461e-01 9.575530290603637695e-01 4.155879616737365723e-01 -4.208226501941680908e-01 -8.025178313255310059e-01 -1.085036993026733398e+00 -4.323335587978363037e-01 5.186606645584106445e-01 -9.511765092611312866e-03
1.602790474891662598e+00 8.050489425659179688e-01 9.504722356796264648e-01 4.127025902271270752e-01 -4.231527745723724365e-01 -8.062037825584411621e-01 -1.070220708847045898e+00 -4.275358915328979492e-01 5.359473824501037598e-01 -1.520698890089988708e-02
1.606046319007873535e+00 8.079165816307067871e-01 9.472405314445495605e-01 4.180443882942199707e-01 -4.248506724834442139e-01 -8.158245682716369629e-01 -1.067180752754211426e+00 -4.201610386371612549e-01 5.335760712623596191e-01 -1.566433534026145935e-02
1.612965226173400879e+00 7.996453046798706055e-01 9.519987106323242188e-01 4.106617569923400879e-01 -4.235329926013946533e-01 -8.084052205085754395e-01 -1.060485482215881348e+00 -4.283032417297363281e-01 5.371407270431518555e-01 -1.256477460265159607e-02
1.603353619575500488e+00 8.008210062980651855e-01 9.515722990036010742e-01 4.208237826824188232e-01 -4.143184125423431396e-01 -8.113648891448974609e-01 -1.080692052841186523e+00 -4.212223887443542480e-01 5.341528058052062988e-01 -1.462918147444725037e-02
1.598663210868835449e+00 7.610057592391967773e-01 1.043051838874816895e+00 3.979168236255645752e-01 -3.851986825466156006e-01 -7.183718681335449219e-01 -8.850458264350891113e-01 -4.640546441078186035e-01 6.416587233543395996e-01 3.012839471921324730e-03
1.400494575500488281e+00 9.422411322593688965e-01 1.237761616706848145e+00 4.351549446582794189e-01 -4.865465462207794189e-01 -7.604125142097473145e-01 -3.615999594330787659e-02 -5.918363928794860840e-01 1.441699385643005371e+00 1.577386260032653809e-01
1.207728028297424316e+00 5.659151077270507812e-01 1.462860822677612305e+00 3.787647187709808350e-01 -5.073356628417968750e-01 -8.596890568733215332e-01 3.895955085754394531e-01 -5.137887597084045410e-01 7.621721029281616211e-01 4.908113479614257812e-01
1.157048583030700684e+00 6.891118288040161133e-01 1.398933291435241699e+00 3.557067811489105225e-01 -5.279851555824279785e-01 -8.644503951072692871e-01 4.635217189788818359e-01 -5.215438008308410645e-01 9.094656109809875488e-01 4.376396536827087402e-01
1.098296284675598145e+00 6.539344191551208496e-01 1.321622490882873535e+00 3.336673378944396973e-01 -5.062915086746215820e-01 -8.449717164039611816e-01 4.770561158657073975e-01 -5.106421113014221191e-01 9.564920663833618164e-01 4.160478115081787109e-01
8.963677287101745605e-01 3.659088611602783203e-01 1.346202015876770020e+00 2.484115958213806152e-01 -4.630828797817230225e-01 -8.521826267242431641e-01 5.945419669151306152e-01 -3.759225308895111084e-01 6.799018979072570801e-01 5.516565442085266113e-01
