1.857935339212417603e-01 2.396391481161117554e-01 -7.474695444107055664e-01 1.260968446731567383e-01 -6.525207161903381348e-01 7.916811108589172363e-01 1.620293259620666504e-01 -2.995990812778472900e-01 1.667087525129318237e-01 2.333793044090270996e-01
1.862066537141799927e-01 2.292542904615402222e-01 -7.417729496955871582e-01 1.229026019573211670e-01 -6.805234551429748535e-01 7.896859049797058105e-01 2.119215726852416992e-01 -2.863910496234893799e-01 1.852131485939025879e-01 2.339324951171875000e-01
5.679459497332572937e-02 2.435340732336044312e-01 -5.418049097061157227e-01 1.200804859399795532e-01 -7.623932957649230957e-01 7.817037701606750488e-01 7.130787968635559082e-01 -2.939428389072418213e-01 3.769611716270446777e-01 3.361341953277587891e-01
2.442083507776260376e-01 5.968056321144104004e-01 -5.904121398925781250e-01 3.375778496265411377e-01 -4.802998006343841553e-01 9.813121557235717773e-01 6.510527729988098145e-01 -4.226854145526885986e-01 7.336567640304565430e-01 6.015781313180923462e-03
2.831681370735168457e-01 8.293844461441040039e-01 -6.394059658050537109e-01 4.594154953956604004e-01 -3.879179656505584717e-01 9.831637144088745117e-01 6.256998777389526367e-01 -4.591909945011138916e-01 9.114321470260620117e-01 -9.288558363914489746e-02
3.182374835014343262e-01 8.792070746421813965e-01 -6.622974276542663574e-01 4.488612115383148193e-01 -3.422537147998809814e-01 1.017274856567382812e+00 5.940750241279602051e-01 -4.803944528102874756e-01 9.389690756797790527e-01 -1.345807313919067383e-01
3.404834270477294922e-01 8.437463045120239258e-01 -6.559468507766723633e-01 4.737524390220642090e-01 -3.450339436531066895e-01 1.036764621734619141e+00 5.925241708755493164e-01 -4.839925765991210938e-01 9.716043472290039062e-01 -1.642478406429290771e-01
3.373233675956726074e-01 8.498192429542541504e-01 -6.604375839233398438e-01 4.743993282318115234e-01 -3.554003834724426270e-01 1.039715886116027832e+00 5.946252942085266113e-01 -4.831876754760742188e-01 9.602596759796142578e-01 -1.569995284080505371e-01
3.429560661315917969e-01 8.336037397384643555e-01 -6.584118008613586426e-01 4.652188420295715332e-01 -3.510188162326812744e-01 1.022194504737854004e+00 5.926529169082641602e-01 -4.793175756931304932e-01 9.639715552330017090e-01 -1.622328758239746094e-01
3.401831388473510742e-01 8.466120958328247070e-01 -6.553124189376831055e-01 4.720558226108551025e-01 -3.412630856037139893e-01 1.024203419685363770e+00 5.900757312774658203e-01 -4.785051345825195312e-01 9.637852907180786133e-01 -1.507865190505981445e-01
3.438915014266967773e-01 8.420069813728332520e-01 -6.585785150527954102e-01 4.576683938503265381e-01 -3.492751121520996094e-01 1.027054309844970703e+00 6.039795875549316406e-01 -4.864487349987030029e-01 9.704383015632629395e-01 -1.600327491760253906e-01
3.474625349044799805e-01 8.448137640953063965e-01 -6.626905798912048340e-01 4.721471965312957764e-01 -3.448192179203033447e-01 1.021409749984741211e+00 5.912961959838867188e-01 -4.839969575405120850e-01 9.711855053901672363e-01 -1.601077914237976074e-01
3.478293418884277344e-01 8.490411043167114258e-01 -6.634324789047241211e-01 4.691749513149261475e-01 -3.440828025341033936e-01 1.041730880737304688e+00 5.969251990318298340e-01 -4.700277149677276611e-01 9.715011715888977051e-01 -1.692306399345397949e-01
3.654657006263732910e-01 8.932206630706787109e-01 -6.539717316627502441e-01 4.302935302257537842e-01 -2.681758403778076172e-01 1.212074279785156250e+00 4.949879944324493408e-01 -4.979026615619659424e-01 9.453326463699340820e-01 -2.375620603561401367e-01
4.260905385017395020e-01 5.019830465316772461e-01 -4.245311319828033447e-01 3.630892634391784668e-01 4.011760056018829346e-01 2.172621488571166992e+00 3.722942471504211426e-01 -4.362129867076873779e-01 1.295907139778137207e+00 -2.013072967529296875e-01
4.068859815597534180e-01 5.859119892120361328e-01 -5.347200632095336914e-01 8.553459644317626953e-01 1.035115122795104980e+00 2.300408333539962769e-01 -1.187834978103637695e+00 -8.294048905372619629e-01 1.132377624511718750e+00 -2.468240857124328613e-01
3.421261906623840332e-01 4.958602190017700195e-01 -3.117561042308807373e-01 9.389386177062988281e-01 8.872029185295104980e-01 6.301562488079071045e-02 -1.399708151817321777e+00 -9.003011584281921387e-01 9.940760135650634766e-01 -1.026885807514190674e-01
3.391168117523193359e-01 4.984297752380371094e-01 -3.087720274925231934e-01 9.376192092895507812e-01 8.931148648262023926e-01 5.968220531940460205e-02 -1.402350783348083496e+00 -9.006767868995666504e-01 9.975180029869079590e-01 -9.791240096092224121e-02
3.347772359848022461e-01 4.939597845077514648e-01 -3.090161681175231934e-01 9.298983812332153320e-01 8.813364505767822266e-01 6.019042432308197021e-02 -1.400879502296447754e+00 -9.052140116691589355e-01 9.893676638603210449e-01 -9.770619869232177734e-02
3.521134853363037109e-01 4.969296455383300781e-01 -3.090564906597137451e-01 9.416112899780273438e-01 8.975496888160705566e-01 5.738209187984466553e-02 -1.408870220184326172e+00 -8.977031707763671875e-01 1.001467108726501465e+00 -9.517610073089599609e-02
3.428420424461364746e-01 4.939746856689453125e-01 -3.089002668857574463e-01 9.431216716766357422e-01 8.882749676704406738e-01 6.055139005184173584e-02 -1.398482799530029297e+00 -8.954277634620666504e-01 9.987189173698425293e-01 -9.633031487464904785e-02
3.407547473907470703e-01 4.972690343856811523e-01 -3.087447583675384521e-01 9.538229703903198242e-01 8.953691720962524414e-01 6.530843675136566162e-02 -1.394770026206970215e+00 -9.027393460273742676e-01 9.924522042274475098e-01 -1.000936031341552734e-01
3.514985442161560059e-01 4.903643727302551270e-01 -3.107838034629821777e-01 9.482849836349487305e-01 8.863541483879089355e-01 6.406353414058685303e-02 -1.399817824363708496e+00 -9.071732163429260254e-01 1.000060081481933594e+00 -9.847855567932128906e-02
4.440536499023437500e-01 3.030355572700500488e-01 -1.126261800527572632e-01 6.518155336380004883e-01 7.765011191368103027e-01 6.346409916877746582e-01 -7.216411232948303223e-01 -5.008127093315124512e-01 1.505843639373779297e+00 6.844741106033325195e-02
5.742199420928955078e-01 7.746248245239257812e-01 4.178012907505035400e-02 6.689255237579345703e-01 8.070327639579772949e-01 1.219817161560058594e+00 -6.502037048339843750e-01 -6.525098681449890137e-01 1.684028506278991699e+00 -5.649143084883689880e-02
5.796952247619628906e-01 7.759267091751098633e-01 4.831071197986602783e-02 6.599547863006591797e-01 8.045225143432617188e-01 1.226305246353149414e+00 -6.507021784782409668e-01 -6.528063416481018066e-01 1.667550683021545410e+00 -5.370872840285301208e-02
5.825015902519226074e-01 7.753599882125854492e-01 3.950126469135284424e-02 6.669588088989257812e-01 8.061711192131042480e-01 1.228022694587707520e+00 -6.528250575065612793e-01 -6.480528712272644043e-01 1.672037720680236816e+00 -5.090129002928733826e-02
5.709093809127807617e-01 7.921508550643920898e-01 4.102607071399688721e-02 6.743769049644470215e-01 8.115358948707580566e-01 1.232640147209167480e+00 -6.538429856300354004e-01 -6.541752219200134277e-01 1.658164620399475098e+00 -5.091327056288719177e-02
5.770946145057678223e-01 7.840326428413391113e-01 4.384495317935943604e-02 6.659659743309020996e-01 8.050471544265747070e-01 1.235943794250488281e+00 -6.507977843284606934e-01 -6.452906727790832520e-01 1.666691660881042480e+00 -5.398648604750633240e-02
5.931524634361267090e-01 8.664497137069702148e-01 6.357581913471221924e-02 6.268270015716552734e-01 7.999960184097290039e-01 1.426506996154785156e+00 -7.242332100868225098e-01 -6.032696366310119629e-01 1.494386553764343262e+00 -8.188226819038391113e-02
8.365721106529235840e-01 1.004099607467651367e+00 3.261432647705078125e-01 8.303297162055969238e-01 4.576863050460815430e-01 8.797588944435119629e-01 -8.603401184082031250e-01 -5.190467834472656250e-01 1.163571357727050781e+00 -2.661575376987457275e-01
7.577805519104003906e-01 8.627333045005798340e-01 2.963511347770690918e-01 7.967596054077148438e-01 4.123930037021636963e-01 4.705659151077270508e-01 -7.353330254554748535e-01 -5.609087944030761719e-01 1.092314600944519043e+00 -2.069637775421142578e-01
7.536237239837646484e-01 8.563904166221618652e-01 2.902468442916870117e-01 8.101536035537719727e-01 4.202274382114410400e-01 4.583186507225036621e-01 -7.286808490753173828e-01 -5.582432150840759277e-01 1.095437169075012207e+00 -2.024922370910644531e-01
7.173730731010437012e-01 8.347184658050537109e-01 2.935565114021301270e-01 8.129129409790039062e-01 4.054363071918487549e-01 4.401390552520751953e-01 -7.649999260902404785e-01 -5.531303286552429199e-01 1.077107429504394531e+00 -1.853749155998229980e-01
3.882468938827514648e-01 3.214887380599975586e-01 2.597263455390930176e-01 6.017476916313171387e-01 6.451342701911926270e-01 2.421298474073410034e-01 -9.198392033576965332e-01 -5.569366812705993652e-01 7.399958968162536621e-01 1.551532745361328125e-01
4.053484201431274414e-01 1.126282066106796265e-01 4.665898680686950684e-01 4.250900447368621826e-01 6.199588179588317871e-01 3.579180240631103516e-01 -1.423349022865295410e+00 -8.438946008682250977e-01 5.368021726608276367e-01 2.672144770622253418e-01
5.055213570594787598e-01 2.323866337537765503e-01 5.715175867080688477e-01 4.601694047451019287e-01 5.500913262367248535e-01 4.445592164993286133e-01 -1.576530814170837402e+00 -7.724590301513671875e-01 4.804806113243103027e-01 2.016729712486267090e-01
5.128745436668395996e-01 2.382105439901351929e-01 5.765547752380371094e-01 4.646292626857757568e-01 5.514719486236572266e-01 4.472835659980773926e-01 -1.589574575424194336e+00 -7.774909138679504395e-01 4.799473583698272705e-01 1.928266286849975586e-01
