1.163627952337265015e-01 2.216226905584335327e-01 -7.304383516311645508e-01 2.791048400104045868e-02 -6.536642909049987793e-01 9.561068415641784668e-01 1.087923049926757812e-01 -3.973383009433746338e-01 1.430591940879821777e-01 2.400784492492675781e-01
1.193986088037490845e-01 2.249577492475509644e-01 -7.328155636787414551e-01 2.086993865668773651e-02 -6.620846390724182129e-01 9.511862397193908691e-01 1.180910468101501465e-01 -4.019063413143157959e-01 1.478128880262374878e-01 2.344696819782257080e-01
2.238182350993156433e-02 2.003360241651535034e-01 -6.041018366813659668e-01 -1.731665106490254402e-03 -7.198327183723449707e-01 9.351599216461181641e-01 4.692471623420715332e-01 -3.932268917560577393e-01 2.713269293308258057e-01 3.361907601356506348e-01
1.494561582803726196e-01 4.871799945831298828e-01 -5.727503299713134766e-01 2.206239998340606689e-01 -4.975967407226562500e-01 1.075809955596923828e+00 6.422913670539855957e-01 -4.795748889446258545e-01 6.532736420631408691e-01 4.307365790009498596e-02
2.251825481653213501e-01 7.452225685119628906e-01 -6.256386041641235352e-01 3.917509615421295166e-01 -4.139716923236846924e-01 1.092780351638793945e+00 5.657805800437927246e-01 -5.275815129280090332e-01 8.552826046943664551e-01 -7.868394255638122559e-02
2.405667454004287720e-01 8.083578348159790039e-01 -6.589542627334594727e-01 3.904645740985870361e-01 -3.413804769515991211e-01 1.127782106399536133e+00 5.642977356910705566e-01 -5.744407773017883301e-01 9.125465750694274902e-01 -1.318283379077911377e-01
2.469576746225357056e-01 8.171991109848022461e-01 -6.686537265777587891e-01 3.877013027667999268e-01 -3.470892906188964844e-01 1.130773544311523438e+00 5.528509616851806641e-01 -5.579570531845092773e-01 9.099735617637634277e-01 -1.430680751800537109e-01
2.507469058036804199e-01 8.055111169815063477e-01 -6.659712791442871094e-01 3.838635981082916260e-01 -3.531596064567565918e-01 1.127878904342651367e+00 5.634410977363586426e-01 -5.548842549324035645e-01 9.206934571266174316e-01 -1.395458281040191650e-01
2.464069277048110962e-01 8.238088488578796387e-01 -6.599591970443725586e-01 3.843223750591278076e-01 -3.641693294048309326e-01 1.135495662689208984e+00 5.702380537986755371e-01 -5.593285560607910156e-01 9.168916940689086914e-01 -1.374304592609405518e-01
2.899509966373443604e-01 8.688834905624389648e-01 -6.770601272583007812e-01 3.540440201759338379e-01 -2.718240618705749512e-01 1.317059874534606934e+00 4.572204947471618652e-01 -5.412271022796630859e-01 8.989891409873962402e-01 -2.315471470355987549e-01
3.676951527595520020e-01 4.895187020301818848e-01 -4.506104588508605957e-01 2.475417405366897583e-01 3.535517156124114990e-01 2.326852560043334961e+00 2.950460910797119141e-01 -4.294319450855255127e-01 1.227156162261962891e+00 -2.141795158386230469e-01
3.892331719398498535e-01 6.085370182991027832e-01 -7.063463926315307617e-01 6.372528076171875000e-01 1.044399738311767578e+00 4.075245857238769531e-01 -8.707392811775207520e-01 -7.746580243110656738e-01 1.158169865608215332e+00 -3.906918466091156006e-01
3.524359464645385742e-01 5.291252136230468750e-01 -5.171303749084472656e-01 7.093127965927124023e-01 1.031246185302734375e+00 2.575516700744628906e-01 -1.251918911933898926e+00 -8.783723115921020508e-01 1.057528376579284668e+00 -2.878454625606536865e-01
3.528791666030883789e-01 5.279247760772705078e-01 -5.208566188812255859e-01 7.154068350791931152e-01 1.022030711174011230e+00 2.648700475692749023e-01 -1.251527428627014160e+00 -8.922759890556335449e-01 1.048816561698913574e+00 -2.867465019226074219e-01
3.599418401718139648e-01 5.241799354553222656e-01 -5.176461338996887207e-01 7.159204483032226562e-01 1.028075575828552246e+00 2.623099088668823242e-01 -1.257392048835754395e+00 -8.741700053215026855e-01 1.052028536796569824e+00 -2.833673954010009766e-01
4.268395304679870605e-01 5.901734828948974609e-01 -5.208091735839843750e-01 7.596890330314636230e-01 1.064012050628662109e+00 3.167393803596496582e-01 -1.119909286499023438e+00 -8.450568914413452148e-01 1.173811316490173340e+00 -3.088594079017639160e-01
5.796076655387878418e-01 1.013302445411682129e+00 -2.342072129249572754e-02 4.836962223052978516e-01 8.529742956161499023e-01 1.534453272819519043e+00 -8.618203401565551758e-01 -5.340595841407775879e-01 1.317191243171691895e+00 -2.248427271842956543e-01
6.377376914024353027e-01 1.081016421318054199e+00 -6.301269400864839554e-03 4.530746340751647949e-01 8.285446763038635254e-01 1.735060691833496094e+00 -9.789652228355407715e-01 -4.839262664318084717e-01 1.180432558059692383e+00 -2.662886977195739746e-01
6.375319361686706543e-01 1.083913087844848633e+00 -6.776735652238130569e-03 4.572540819644927979e-01 8.315027356147766113e-01 1.728793144226074219e+00 -9.726747870445251465e-01 -4.672046005725860596e-01 1.177071213722229004e+00 -2.755066156387329102e-01
6.347526907920837402e-01 1.081331491470336914e+00 -2.795145381242036819e-03 4.356282651424407959e-01 8.277265429496765137e-01 1.728499650955200195e+00 -9.857792258262634277e-01 -4.721767008304595947e-01 1.166110634803771973e+00 -2.710711956024169922e-01
5.745471119880676270e-01 9.113669395446777344e-01 -6.474694609642028809e-02 6.038875579833984375e-01 8.534245491027832031e-01 1.278370141983032227e+00 -7.211312055587768555e-01 -6.154023408889770508e-01 1.576347112655639648e+00 -2.161306142807006836e-01
7.964245676994323730e-01 1.123085260391235352e+00 1.881807595491409302e-01 7.054601311683654785e-01 4.255660772323608398e-01 8.433061838150024414e-01 -9.745299220085144043e-01 -4.890581965446472168e-01 9.623757004737854004e-01 -3.896480202674865723e-01
6.868515610694885254e-01 1.051040172576904297e+00 1.730000227689743042e-01 6.373034715652465820e-01 3.679524064064025879e-01 5.328946709632873535e-01 -8.741667866706848145e-01 -4.690274894237518311e-01 9.067661166191101074e-01 -3.300761282444000244e-01
3.128427863121032715e-01 5.093485116958618164e-01 1.173433512449264526e-01 4.172292053699493408e-01 5.711242556571960449e-01 3.173473477363586426e-01 -9.897934794425964355e-01 -5.177385210990905762e-01 6.278206706047058105e-01 1.581675186753273010e-02
2.558035850524902344e-01 2.164553254842758179e-01 2.417387515306472778e-01 1.913403570652008057e-01 6.873806715011596680e-01 4.124901890754699707e-01 -1.518759608268737793e+00 -5.018399953842163086e-01 4.123586118221282959e-01 1.218463778495788574e-01
3.686795830726623535e-01 3.711796998977661133e-01 3.936827182769775391e-01 1.188246607780456543e-01 5.835340619087219238e-01 4.851648211479187012e-01 -1.737263321876525879e+00 -5.402266979217529297e-01 3.241377174854278564e-01 6.156301870942115784e-02
