8.737233877182006836e-01 5.261132121086120605e-01 9.915737807750701904e-02 -4.724771715700626373e-03 -1.521274298429489136e-01 3.971238136291503906e-01 4.677584767341613770e-01 -6.851919293403625488e-01 -5.714591592550277710e-02 5.016294121742248535e-01
8.292524814605712891e-01 5.475016832351684570e-01 1.301652342081069946e-01 -3.327543288469314575e-02 -1.231586486101150513e-01 4.503940939903259277e-01 4.298028349876403809e-01 -7.001374363899230957e-01 -9.318707138299942017e-02 5.517013072967529297e-01
8.432326316833496094e-01 5.241189002990722656e-01 1.225385516881942749e-01 1.466749515384435654e-02 -2.123165875673294067e-01 3.718930482864379883e-01 6.242814660072326660e-01 -6.439997553825378418e-01 -4.761658608913421631e-03 5.338047146797180176e-01
7.322489619255065918e-01 4.726282358169555664e-01 1.653567701578140259e-01 -2.403626032173633575e-02 -2.542930543422698975e-01 4.272777438163757324e-01 8.210325241088867188e-01 -6.382400989532470703e-01 4.463288187980651855e-02 5.951054692268371582e-01
6.733902096748352051e-01 4.842464923858642578e-01 1.708880811929702759e-01 -1.774308271706104279e-02 -2.865897119045257568e-01 4.395844340324401855e-01 1.081372618675231934e+00 -6.394456624984741211e-01 1.192284822463989258e-01 6.167010664939880371e-01
5.963970422744750977e-01 7.305028438568115234e-01 1.250896602869033813e-01 4.118107259273529053e-02 -3.055675029754638672e-01 4.543687105178833008e-01 1.165403366088867188e+00 -7.817657589912414551e-01 2.125567346811294556e-01 5.640811324119567871e-01
5.904458165168762207e-01 8.000680208206176758e-01 -7.427980005741119385e-02 1.084263175725936890e-01 -2.750233113765716553e-01 3.599752783775329590e-01 1.198036074638366699e+00 -8.572136759757995605e-01 4.217633008956909180e-01 3.889269232749938965e-01
8.446092605590820312e-01 1.233482122421264648e+00 5.938433110713958740e-02 1.871462166309356689e-01 -5.942859053611755371e-01 3.015754520893096924e-01 6.489831209182739258e-01 -8.435603380203247070e-01 2.984960079193115234e-01 3.352359533309936523e-01
9.292224645614624023e-01 1.258082866668701172e+00 1.076375395059585571e-01 1.587506532669067383e-01 -5.808464884757995605e-01 3.541411757469177246e-01 5.067596435546875000e-01 -8.154869079589843750e-01 2.470272332429885864e-01 3.215677440166473389e-01
9.322080612182617188e-01 1.256435871124267578e+00 1.136454492807388306e-01 1.688505560159683228e-01 -5.930190086364746094e-01 3.483875095844268799e-01 5.162603259086608887e-01 -8.261374831199645996e-01 2.473289519548416138e-01 3.272327184677124023e-01
9.380735754966735840e-01 1.266386747360229492e+00 1.100536137819290161e-01 1.690729260444641113e-01 -5.903041958808898926e-01 3.545743823051452637e-01 5.051173567771911621e-01 -8.207597136497497559e-01 2.443901896476745605e-01 3.276270031929016113e-01
9.450306892395019531e-01 1.243193149566650391e+00 1.161084324121475220e-01 1.679091751575469971e-01 -5.834457278251647949e-01 3.562792241573333740e-01 5.036540627479553223e-01 -8.218517899513244629e-01 2.493147104978561401e-01 3.257585465908050537e-01
9.466990828514099121e-01 1.254088759422302246e+00 1.175940781831741333e-01 1.679336428642272949e-01 -5.811297297477722168e-01 3.654294312000274658e-01 5.066655874252319336e-01 -8.198575377464294434e-01 2.448870837688446045e-01 3.182910084724426270e-01
1.042985200881958008e+00 1.398405313491821289e+00 7.124231755733489990e-02 1.044405102729797363e-01 -2.621773779392242432e-01 4.657442569732666016e-01 7.653534412384033203e-02 -8.648412823677062988e-01 3.131293654441833496e-01 1.991650164127349854e-01
1.120161890983581543e+00 1.264311671257019043e+00 6.170101463794708252e-02 -8.820579387247562408e-03 -3.225030004978179932e-01 4.675715565681457520e-01 -8.188002109527587891e-01 -8.895469903945922852e-01 -1.780007332563400269e-01 2.046485543251037598e-01
1.127824425697326660e+00 1.171456575393676758e+00 6.997029483318328857e-02 -2.183090336620807648e-02 -3.565469980239868164e-01 4.078297019004821777e-01 -9.127869009971618652e-01 -8.504384756088256836e-01 -1.886044591665267944e-01 2.017705738544464111e-01
1.130471944808959961e+00 1.170830726623535156e+00 7.844014465808868408e-02 -2.644255943596363068e-02 -3.692358434200286865e-01 3.995833396911621094e-01 -9.184933304786682129e-01 -8.509408831596374512e-01 -1.964340358972549438e-01 2.032585144042968750e-01
1.136641502380371094e+00 1.181388139724731445e+00 7.185743749141693115e-02 -2.238370664417743683e-02 -3.620387613773345947e-01 3.985317945480346680e-01 -9.034265875816345215e-01 -8.628540635108947754e-01 -1.881527900695800781e-01 2.025654911994934082e-01
1.138172626495361328e+00 1.165257453918457031e+00 7.353101670742034912e-02 -2.310496754944324493e-02 -3.576733171939849854e-01 4.069402813911437988e-01 -9.161709547042846680e-01 -8.500861525535583496e-01 -1.968779414892196655e-01 2.047947645187377930e-01
1.130188107490539551e+00 1.177355527877807617e+00 7.282896339893341064e-02 -3.276474773883819580e-02 -3.657660782337188721e-01 3.944048285484313965e-01 -9.085550904273986816e-01 -8.516399264335632324e-01 -1.902021318674087524e-01 2.023968100547790527e-01
1.135290026664733887e+00 1.174080014228820801e+00 8.260928094387054443e-02 -2.152380533516407013e-02 -3.668979108333587646e-01 4.071339964866638184e-01 -9.155936837196350098e-01 -8.512015342712402344e-01 -1.920897811651229858e-01 2.165019810199737549e-01
1.130746483802795410e+00 1.177727818489074707e+00 7.285146415233612061e-02 -2.479015477001667023e-02 -3.602245151996612549e-01 3.992389440536499023e-01 -9.141836762428283691e-01 -8.599284291267395020e-01 -1.924946904182434082e-01 2.000563144683837891e-01
1.140868902206420898e+00 1.171288132667541504e+00 7.725764811038970947e-02 -1.957257278263568878e-02 -3.669877946376800537e-01 3.993903994560241699e-01 -9.118910431861877441e-01 -8.537324070930480957e-01 -1.898480951786041260e-01 2.063333392143249512e-01
9.836296439170837402e-01 7.053258419036865234e-01 4.741503596305847168e-01 3.530441224575042725e-02 -8.166877031326293945e-01 7.284767031669616699e-01 -6.500504612922668457e-01 -6.405106186866760254e-01 3.392295241355895996e-01 7.847749590873718262e-01
1.138958573341369629e+00 7.738704085350036621e-01 5.019162297248840332e-01 2.080546915531158447e-01 -6.722146272659301758e-01 1.127074241638183594e+00 -4.233263432979583740e-01 -5.445486307144165039e-01 7.701503038406372070e-01 8.968446254730224609e-01
1.139939188957214355e+00 7.297715544700622559e-01 5.005031228065490723e-01 2.031581997871398926e-01 -6.523557305335998535e-01 1.115452885627746582e+00 -4.353517293930053711e-01 -5.294268131256103516e-01 7.679051756858825684e-01 9.011056423187255859e-01
1.142481684684753418e+00 7.286623120307922363e-01 4.975261092185974121e-01 1.968494057655334473e-01 -6.656710505485534668e-01 1.113319396972656250e+00 -4.354588985443115234e-01 -5.309809446334838867e-01 7.691853642463684082e-01 8.948406577110290527e-01
1.135598301887512207e+00 7.343797087669372559e-01 4.940153360366821289e-01 2.034056186676025391e-01 -6.531475782394409180e-01 1.110558748245239258e+00 -4.355789422988891602e-01 -5.404229760169982910e-01 7.650101780891418457e-01 9.037981629371643066e-01
1.137780785560607910e+00 7.386361360549926758e-01 4.981706142425537109e-01 2.115297913551330566e-01 -6.602005362510681152e-01 1.116971969604492188e+00 -4.298001527786254883e-01 -5.352727770805358887e-01 7.685833573341369629e-01 9.079448580741882324e-01
1.055656552314758301e+00 8.309561014175415039e-01 4.595541954040527344e-01 1.148336231708526611e-01 -5.946646332740783691e-01 1.097463488578796387e+00 -3.218297362327575684e-01 -5.755589604377746582e-01 8.005287051200866699e-01 8.393195271492004395e-01
8.949296474456787109e-01 1.192269682884216309e+00 4.164411425590515137e-01 7.931891083717346191e-02 -6.241397857666015625e-01 9.220920801162719727e-01 4.541273117065429688e-01 -8.300563693046569824e-01 9.292304515838623047e-01 7.119250297546386719e-01
1.060076117515563965e+00 1.166674613952636719e+00 7.359257936477661133e-01 1.699999868869781494e-01 -1.008617639541625977e+00 1.044137954711914062e+00 7.701731324195861816e-01 -7.948889136314392090e-01 8.871113061904907227e-01 9.545663595199584961e-01
1.063037872314453125e+00 1.137491941452026367e+00 7.582681775093078613e-01 1.612708866596221924e-01 -1.010693550109863281e+00 1.054074287414550781e+00 7.830332517623901367e-01 -7.851020693778991699e-01 8.658333420753479004e-01 9.614463448524475098e-01
1.069628477096557617e+00 1.153107643127441406e+00 7.584961652755737305e-01 1.641626358032226562e-01 -9.996562600135803223e-01 1.053715348243713379e+00 7.743739485740661621e-01 -7.819972634315490723e-01 8.620113134384155273e-01 9.645931124687194824e-01
8.777468204498291016e-01 1.276730656623840332e+00 5.430412292480468750e-01 1.322188079357147217e-01 -8.628026247024536133e-01 8.259645104408264160e-01 8.689066767692565918e-01 -9.136292338371276855e-01 1.039404034614562988e+00 7.730924487113952637e-01
5.065150856971740723e-01 7.440029978752136230e-01 4.531729221343994141e-01 4.067496955394744873e-02 -7.443227171897888184e-01 6.649783253669738770e-01 1.423005938529968262e+00 -8.244593143463134766e-01 8.505797386169433594e-01 9.506168961524963379e-01
5.887426137924194336e-01 5.259021520614624023e-01 6.560717821121215820e-01 3.318299353122711182e-02 -6.669633984565734863e-01 7.987195253372192383e-01 1.316002011299133301e+00 -6.674404144287109375e-01 7.203010916709899902e-01 1.232795119285583496e+00
6.799425482749938965e-01 4.793012142181396484e-01 7.665668725967407227e-01 -2.471542544662952423e-02 -6.507721543312072754e-01 9.174042344093322754e-01 1.129868865013122559e+00 -6.284481883049011230e-01 6.622969508171081543e-01 1.318358302116394043e+00
