7.580914497375488281e-01 3.864895105361938477e-01 -7.969917058944702148e-01 -5.814693868160247803e-02 -6.207059621810913086e-01 1.012785911560058594e+00 2.887730598449707031e-01 -1.006494164466857910e+00 2.463418245315551758e-01 5.416582226753234863e-01
7.379394173622131348e-01 3.490096330642700195e-01 -7.790454030036926270e-01 -5.540288984775543213e-02 -6.356983184814453125e-01 9.896896481513977051e-01 2.966702878475189209e-01 -9.844682216644287109e-01 2.379376292228698730e-01 5.371943712234497070e-01
7.620930075645446777e-01 -7.305755745619535446e-03 -6.278448104858398438e-01 -5.490902066230773926e-02 -7.239944338798522949e-01 1.156641244888305664e+00 3.789770603179931641e-01 -9.723985791206359863e-01 9.482951462268829346e-02 8.301475048065185547e-01
1.214519023895263672e+00 -3.497181534767150879e-01 -6.543879508972167969e-01 -9.998190402984619141e-02 -4.312766492366790771e-01 1.330188035964965820e+00 5.060268044471740723e-01 -1.083990454673767090e+00 2.052045613527297974e-02 1.093922376632690430e+00
1.294395327568054199e+00 -5.495985150337219238e-01 -6.239240169525146484e-01 -8.716091513633728027e-02 -4.898035228252410889e-01 1.500783205032348633e+00 4.937356710433959961e-01 -1.067806005477905273e+00 -5.248412489891052246e-03 1.127587556838989258e+00
1.263638854026794434e+00 -5.785623788833618164e-01 -6.072679162025451660e-01 -4.460439085960388184e-02 -5.257515907287597656e-01 1.486799001693725586e+00 5.452325940132141113e-01 -1.083077192306518555e+00 -8.452385663986206055e-03 1.172527909278869629e+00
1.284408807754516602e+00 -5.753393173217773438e-01 -6.108396053314208984e-01 -4.233106970787048340e-02 -5.043372511863708496e-01 1.466809272766113281e+00 5.629462599754333496e-01 -1.082101225852966309e+00 -1.055607199668884277e-02 1.160157680511474609e+00
1.282405972480773926e+00 -5.818044543266296387e-01 -6.043370962142944336e-01 -4.748553037643432617e-02 -5.095465183258056641e-01 1.493369221687316895e+00 5.551858544349670410e-01 -1.066913366317749023e+00 -1.927033066749572754e-02 1.170617699623107910e+00
1.271018862724304199e+00 -5.759032964706420898e-01 -6.018040776252746582e-01 -5.772623419761657715e-02 -5.201228260993957520e-01 1.492705702781677246e+00 5.519642233848571777e-01 -1.087899208068847656e+00 -1.034370064735412598e-02 1.177701234817504883e+00
1.266875863075256348e+00 -5.867833495140075684e-01 -6.130397319793701172e-01 -4.793748259544372559e-02 -5.220226049423217773e-01 1.535942316055297852e+00 5.446523427963256836e-01 -1.080812454223632812e+00 -1.584157347679138184e-02 1.169402956962585449e+00
1.270644307136535645e+00 -5.801612138748168945e-01 -6.061826944351196289e-01 -4.651007056236267090e-02 -5.156261920928955078e-01 1.524026870727539062e+00 5.594842433929443359e-01 -1.087766289710998535e+00 -1.764149963855743408e-02 1.172077298164367676e+00
1.266846895217895508e+00 -5.770724415779113770e-01 -6.079579591751098633e-01 -5.476272106170654297e-02 -5.170231461524963379e-01 1.508605122566223145e+00 5.560322403907775879e-01 -1.065494894981384277e+00 -1.895444095134735107e-02 1.170782446861267090e+00
1.277718067169189453e+00 -5.803509354591369629e-01 -6.122105121612548828e-01 -5.256551504135131836e-02 -5.112920403480529785e-01 1.511257410049438477e+00 5.512949228286743164e-01 -1.082960367202758789e+00 -1.187983155250549316e-02 1.174028515815734863e+00
1.282360434532165527e+00 -5.739816427230834961e-01 -6.306864023208618164e-01 -6.790927052497863770e-02 -4.762920439243316650e-01 1.509507775306701660e+00 5.387230515480041504e-01 -1.114051580429077148e+00 1.548141357488930225e-03 1.141917347908020020e+00
9.069322347640991211e-01 -8.362561464309692383e-01 -4.540442824363708496e-01 1.029395163059234619e-01 -2.866710424423217773e-01 1.862880945205688477e+00 7.001486420631408691e-01 -1.144350767135620117e+00 1.689315140247344971e-01 8.416576981544494629e-01
9.043554067611694336e-01 -1.017537355422973633e+00 -7.075055837631225586e-01 1.417939364910125732e-01 4.777806401252746582e-01 1.970619678497314453e+00 6.635830998420715332e-01 -4.611159861087799072e-01 2.569258213043212891e-02 1.632190942764282227e-01
1.074595570564270020e+00 -1.246979713439941406e+00 -1.214394927024841309e+00 5.855846684426069260e-04 9.545829296112060547e-01 1.614059925079345703e+00 1.205539703369140625e-01 -3.127284348011016846e-01 -2.505318820476531982e-01 -4.445712566375732422e-01
1.068547844886779785e+00 -1.235164523124694824e+00 -1.223182082176208496e+00 5.938856862485408783e-03 9.534988999366760254e-01 1.601270675659179688e+00 1.196365952491760254e-01 -2.965908348560333252e-01 -2.547229826450347900e-01 -4.513521194458007812e-01
1.051239490509033203e+00 -1.236430764198303223e+00 -1.211358428001403809e+00 1.554636983200907707e-03 9.584305882453918457e-01 1.592230677604675293e+00 1.157646775245666504e-01 -2.974980175495147705e-01 -2.503046691417694092e-01 -4.430211782455444336e-01
1.061439037322998047e+00 -1.244079232215881348e+00 -1.208652734756469727e+00 1.187667157500982285e-02 9.563835263252258301e-01 1.597759962081909180e+00 1.189704537391662598e-01 -3.076038658618927002e-01 -2.452888190746307373e-01 -4.361833035945892334e-01
1.066422343254089355e+00 -1.234695196151733398e+00 -1.216600298881530762e+00 1.040217187255620956e-02 9.589930176734924316e-01 1.603408455848693848e+00 1.245382428169250488e-01 -2.913813889026641846e-01 -2.481644004583358765e-01 -4.540078043937683105e-01
1.070246458053588867e+00 -1.231823682785034180e+00 -1.216826438903808594e+00 6.663887761533260345e-03 9.584832787513732910e-01 1.595886468887329102e+00 1.313628554344177246e-01 -3.029580414295196533e-01 -2.475950419902801514e-01 -4.398745298385620117e-01
1.066239714622497559e+00 -1.243121623992919922e+00 -1.221475243568420410e+00 2.557008294388651848e-03 9.593567252159118652e-01 1.593147516250610352e+00 1.207014918327331543e-01 -3.012974560260772705e-01 -2.472758144140243530e-01 -4.422541856765747070e-01
5.513941645622253418e-01 -1.392369031906127930e+00 -9.817137718200683594e-01 5.500107072293758392e-03 9.324718713760375977e-01 1.511409282684326172e+00 1.685733199119567871e-01 -2.100348919630050659e-01 -3.504000008106231689e-01 -1.619938015937805176e-01
3.451557159423828125e-01 -1.463108658790588379e+00 -8.323128819465637207e-01 6.646147370338439941e-02 8.662415146827697754e-01 1.390487909317016602e+00 5.451955199241638184e-01 -3.737571537494659424e-01 -3.296492099761962891e-01 4.328148961067199707e-01
3.409027457237243652e-01 -1.469001054763793945e+00 -8.365423679351806641e-01 7.080498337745666504e-02 8.569938540458679199e-01 1.397941112518310547e+00 5.478186011314392090e-01 -3.862805664539337158e-01 -3.315667808055877686e-01 4.429643750190734863e-01
3.483945727348327637e-01 -1.457023620605468750e+00 -8.330778479576110840e-01 6.465086340904235840e-02 8.673976063728332520e-01 1.406113028526306152e+00 5.326002240180969238e-01 -3.761703073978424072e-01 -3.263309299945831299e-01 4.458612203598022461e-01
3.411520123481750488e-01 -1.461012244224548340e+00 -8.295917510986328125e-01 6.127986311912536621e-02 8.602708578109741211e-01 1.394107341766357422e+00 5.425993800163269043e-01 -3.777759373188018799e-01 -3.306678235530853271e-01 4.432194828987121582e-01
3.454133868217468262e-01 -1.460093021392822266e+00 -8.299317359924316406e-01 6.510415673255920410e-02 8.626822233200073242e-01 1.400597572326660156e+00 5.421594977378845215e-01 -3.883284628391265869e-01 -3.269329965114593506e-01 4.452162981033325195e-01
3.419561386108398438e-01 -1.456782698631286621e+00 -8.327391147613525391e-01 6.302496790885925293e-02 8.662819266319274902e-01 1.393240809440612793e+00 5.412152409553527832e-01 -3.869492113590240479e-01 -3.292920589447021484e-01 4.433710575103759766e-01
7.590117454528808594e-01 -1.515674471855163574e+00 -1.174883961677551270e+00 -8.297798037528991699e-02 8.811994791030883789e-01 1.421042442321777344e+00 4.235740303993225098e-01 -4.529627859592437744e-01 -4.869536459445953369e-01 3.623192310333251953e-01
1.097563385963439941e+00 -1.361091613769531250e+00 -1.458152890205383301e+00 -1.775304973125457764e-01 7.763820290565490723e-01 1.319651842117309570e+00 2.425058484077453613e-01 -3.730014860630035400e-01 -7.305141091346740723e-01 3.397754430770874023e-01
1.108871340751647949e+00 -1.372853279113769531e+00 -1.475828051567077637e+00 -1.723798811435699463e-01 7.774108052253723145e-01 1.306894779205322266e+00 2.277433276176452637e-01 -3.629939854145050049e-01 -7.154262661933898926e-01 3.217448592185974121e-01
1.114875316619873047e+00 -1.365565538406372070e+00 -1.480699658393859863e+00 -1.903999745845794678e-01 7.833563685417175293e-01 1.312857151031494141e+00 2.328472733497619629e-01 -3.735240995883941650e-01 -7.366062998771667480e-01 3.285283446311950684e-01
8.496217131614685059e-01 -9.050797224044799805e-01 -1.543981432914733887e+00 -2.080003321170806885e-01 9.924625754356384277e-01 1.184949636459350586e+00 1.615192294120788574e-01 -1.310103386640548706e-01 -6.238757371902465820e-01 1.796701550483703613e-01
3.998746871948242188e-01 -5.903664231300354004e-01 -1.342904448509216309e+00 -3.614726662635803223e-02 1.325853109359741211e+00 8.612069487571716309e-01 1.594192385673522949e-01 -2.675100229680538177e-03 -4.462971389293670654e-01 1.671096682548522949e-01
3.841707706451416016e-01 -5.932309031486511230e-01 -1.338234782218933105e+00 -7.502928376197814941e-02 1.425436139106750488e+00 7.390773892402648926e-01 3.068309649825096130e-02 -1.166599243879318237e-01 -5.032652020454406738e-01 3.381448686122894287e-01
3.992140293121337891e-01 -5.921838879585266113e-01 -1.358337759971618652e+00 -1.120980083942413330e-01 1.426660776138305664e+00 7.329227328300476074e-01 -1.367432158440351486e-02 -9.742121398448944092e-02 -5.418766140937805176e-01 3.649358153343200684e-01
