1.589659899473190308e-01 2.641007900238037109e-01 -8.608220815658569336e-01 1.543559432029724121e-01 -5.062519907951354980e-01 6.890243291854858398e-01 1.723088026046752930e-01 -2.794747054576873779e-01 1.495202183723449707e-01 2.157753705978393555e-01
1.531448513269424438e-01 2.811543941497802734e-01 -8.762912154197692871e-01 1.586165130138397217e-01 -4.929351508617401123e-01 6.834462285041809082e-01 1.331864595413208008e-01 -2.805039584636688232e-01 1.291793882846832275e-01 2.196536958217620850e-01
1.521457582712173462e-01 2.810378074645996094e-01 -8.818406462669372559e-01 1.729728579521179199e-01 -5.022240877151489258e-01 6.586251854896545410e-01 1.492587327957153320e-01 -2.717263996601104736e-01 1.244122385978698730e-01 2.259646952152252197e-01
1.538217216730117798e-01 2.443536967039108276e-01 -8.674048185348510742e-01 1.367688775062561035e-01 -4.913176000118255615e-01 6.507175564765930176e-01 2.014287710189819336e-01 -2.819670140743255615e-01 1.467344760894775391e-01 2.442979216575622559e-01
1.191650778055191040e-01 1.910900324583053589e-01 -8.496857285499572754e-01 8.682996034622192383e-02 -5.158287882804870605e-01 6.355518698692321777e-01 3.061909079551696777e-01 -3.221918046474456787e-01 1.898927390575408936e-01 2.639233767986297607e-01
1.728285476565361023e-02 1.835939139127731323e-01 -7.528694868087768555e-01 2.434420399367809296e-02 -5.228156447410583496e-01 6.649405956268310547e-01 4.379027485847473145e-01 -2.944731414318084717e-01 2.371671348810195923e-01 3.591271936893463135e-01
-1.012844592332839966e-01 3.074728250503540039e-01 -6.355062723159790039e-01 1.499123275279998779e-01 -6.190590262413024902e-01 5.894024372100830078e-01 7.850868701934814453e-01 -3.592639267444610596e-01 3.594862222671508789e-01 4.809470474720001221e-01
-6.552191078662872314e-02 4.430883526802062988e-01 -5.705297589302062988e-01 2.069460153579711914e-01 -8.566218614578247070e-01 5.636406540870666504e-01 8.584555983543395996e-01 -3.851959705352783203e-01 4.733967483043670654e-01 3.748787045478820801e-01
-4.857975989580154419e-03 4.933595061302185059e-01 -6.398496627807617188e-01 2.339284121990203857e-01 -8.928732275962829590e-01 5.888953804969787598e-01 5.612493753433227539e-01 -3.980432748794555664e-01 4.201992452144622803e-01 2.835922539234161377e-01
-8.466099202632904053e-02 5.583633184432983398e-01 -5.714402198791503906e-01 2.554497122764587402e-01 -6.882491111755371094e-01 5.373967289924621582e-01 8.040190339088439941e-01 -3.433096408843994141e-01 6.729306578636169434e-01 2.546932101249694824e-01
1.158804744482040405e-01 1.155007839202880859e+00 1.953691989183425903e-01 5.380834341049194336e-01 -2.483009099960327148e+00 -3.078198432922363281e-01 -1.213107466697692871e+00 9.597028791904449463e-02 7.649286389350891113e-01 1.930116415023803711e-01
4.133604168891906738e-01 5.492866039276123047e-01 5.953890085220336914e-01 4.630095064640045166e-01 -9.486914277076721191e-01 -9.579008221626281738e-01 -1.557535767555236816e+00 -1.072059720754623413e-01 3.401765823364257812e-01 5.972590446472167969e-01
3.600947558879852295e-01 5.872908234596252441e-01 6.158021092414855957e-01 3.736223876476287842e-01 -7.133557200431823730e-01 -9.636598825454711914e-01 -1.431658029556274414e+00 -8.182121813297271729e-02 3.038637936115264893e-01 5.877406001091003418e-01
3.605656623840332031e-01 5.938470363616943359e-01 6.228521466255187988e-01 3.590482473373413086e-01 -7.234361171722412109e-01 -9.537346959114074707e-01 -1.429527878761291504e+00 -8.137382566928863525e-02 3.024613559246063232e-01 5.887497663497924805e-01
3.624489307403564453e-01 5.896563529968261719e-01 6.239126920700073242e-01 3.574118614196777344e-01 -7.139969468116760254e-01 -9.585530161857604980e-01 -1.433074712753295898e+00 -8.837147057056427002e-02 3.050283491611480713e-01 5.898454189300537109e-01
2.855215966701507568e-01 9.388569593429565430e-01 4.414240121841430664e-01 4.768133163452148438e-01 -7.386834025382995605e-01 -1.033394932746887207e+00 -1.312461495399475098e+00 -2.168117910623550415e-01 6.429404020309448242e-01 4.426168203353881836e-01
2.769093513488769531e-01 9.434361457824707031e-01 4.566660523414611816e-01 4.816268980503082275e-01 -7.333214879035949707e-01 -1.040623188018798828e+00 -1.304722666740417480e+00 -2.105316072702407837e-01 6.498423218727111816e-01 4.355449080467224121e-01
2.785421609878540039e-01 9.486526846885681152e-01 4.493691921234130859e-01 4.793519377708435059e-01 -7.388883233070373535e-01 -1.047479629516601562e+00 -1.303109526634216309e+00 -2.177927643060684204e-01 6.538355946540832520e-01 4.359264969825744629e-01
2.882948517799377441e-01 9.534690976142883301e-01 4.510922431945800781e-01 4.854969978332519531e-01 -7.427257895469665527e-01 -1.039471387863159180e+00 -1.302127718925476074e+00 -2.209512740373611450e-01 6.576735377311706543e-01 4.391168951988220215e-01
2.791323661804199219e-01 9.447275400161743164e-01 4.543254375457763672e-01 4.729611575603485107e-01 -7.457112073898315430e-01 -1.034370422363281250e+00 -1.302511692047119141e+00 -2.140849381685256958e-01 6.553022265434265137e-01 4.374842643737792969e-01
2.855409979820251465e-01 9.319926500320434570e-01 4.927645921707153320e-01 4.810211658477783203e-01 -7.215352058410644531e-01 -9.709054827690124512e-01 -1.092226386070251465e+00 -2.517754733562469482e-01 7.508772015571594238e-01 4.666926860809326172e-01
1.611784547567367554e-01 1.125397562980651855e+00 7.483649253845214844e-01 4.898166656494140625e-01 -6.862722039222717285e-01 -9.181610345840454102e-01 -2.006523013114929199e-01 -2.709436118602752686e-01 1.392282605171203613e+00 6.790204644203186035e-01
2.090474814176559448e-01 7.399669885635375977e-01 8.958313465118408203e-01 4.628934860229492188e-01 -7.135903835296630859e-01 -9.413426518440246582e-01 7.361859083175659180e-02 -2.348460108041763306e-01 7.354274392127990723e-01 1.020549893379211426e+00
1.706108003854751587e-01 8.610994815826416016e-01 8.893690109252929688e-01 4.217948019504547119e-01 -7.578846216201782227e-01 -9.446836113929748535e-01 1.010544300079345703e-01 -2.281692475080490112e-01 8.827273249626159668e-01 9.425689578056335449e-01
8.525533974170684814e-02 7.135487794876098633e-01 8.245245218276977539e-01 3.744002878665924072e-01 -7.385379672050476074e-01 -9.127610325813293457e-01 1.941879391670227051e-01 -2.232384532690048218e-01 8.527005314826965332e-01 9.617362022399902344e-01
7.289991527795791626e-02 4.435678720474243164e-01 8.983697891235351562e-01 3.414599001407623291e-01 -7.464974522590637207e-01 -8.096662163734436035e-01 2.150476574897766113e-01 -1.848605126142501831e-01 6.345971226692199707e-01 1.149294972419738770e+00
