3.221873044967651367e-01 9.302632510662078857e-02 4.625959098339080811e-01 1.688123941421508789e-01 -3.898174464702606201e-01 6.310513019561767578e-01 8.243784308433532715e-01 -6.662833094596862793e-01 -1.017804443836212158e-02 -8.546457886695861816e-01
2.933053076267242432e-01 5.999611318111419678e-02 4.749872982501983643e-01 1.930728256702423096e-01 -4.171276688575744629e-01 6.418492794036865234e-01 8.552626967430114746e-01 -6.751672625541687012e-01 -5.396705120801925659e-02 -7.886504530906677246e-01
3.558600842952728271e-01 -2.813413739204406738e-01 5.029261112213134766e-01 1.086072027683258057e-01 -5.840796828269958496e-01 7.865938544273376465e-01 1.139943122863769531e+00 -5.927718877792358398e-01 -3.021350204944610596e-01 -4.284170269966125488e-01
8.580864071846008301e-01 -6.806819438934326172e-01 4.854179918766021729e-01 1.270124223083257675e-02 -4.404182136058807373e-01 9.542418122291564941e-01 1.250226020812988281e+00 -8.045173287391662598e-01 -4.190396368503570557e-01 -3.584763407707214355e-01
8.398805856704711914e-01 -7.608267068862915039e-01 4.818406105041503906e-01 4.481050372123718262e-02 -5.257523655891418457e-01 9.834778308868408203e-01 1.329429984092712402e+00 -8.008026480674743652e-01 -4.461805820465087891e-01 -2.506564855575561523e-01
8.297675251960754395e-01 -7.491846680641174316e-01 4.915894567966461182e-01 3.827580809593200684e-02 -5.265750885009765625e-01 1.035891890525817871e+00 1.345355749130249023e+00 -7.934431433677673340e-01 -4.553742110729217529e-01 -2.616782188415527344e-01
8.226410150527954102e-01 -7.585786581039428711e-01 4.907931983470916748e-01 3.060355596244335175e-02 -5.528318285942077637e-01 1.057024478912353516e+00 1.354817986488342285e+00 -7.827838063240051270e-01 -4.541224539279937744e-01 -2.488589882850646973e-01
8.265876770019531250e-01 -7.523907423019409180e-01 4.964298903942108154e-01 1.930662803351879120e-02 -5.329530239105224609e-01 1.052439570426940918e+00 1.343188405036926270e+00 -7.860336899757385254e-01 -4.575752615928649902e-01 -2.561443448066711426e-01
8.271638154983520508e-01 -7.600951194763183594e-01 4.974071085453033447e-01 3.956034779548645020e-02 -5.246661305427551270e-01 1.033349752426147461e+00 1.360191226005554199e+00 -8.103698492050170898e-01 -4.465775191783905029e-01 -2.284060418605804443e-01
7.256010770797729492e-01 -7.252564430236816406e-01 3.682675659656524658e-01 8.819708228111267090e-02 -3.691311776638031006e-01 1.074535846710205078e+00 1.384268045425415039e+00 -7.767019867897033691e-01 -3.617999553680419922e-01 -3.669032752513885498e-01
4.229482412338256836e-01 -8.701378107070922852e-01 3.917598724365234375e-01 1.204492747783660889e-01 -1.461792886257171631e-01 1.275829434394836426e+00 1.364121317863464355e+00 -6.373414993286132812e-01 -5.013395547866821289e-01 -4.766356050968170166e-01
1.013902544975280762e+00 -8.452194929122924805e-01 2.504261732101440430e-01 -1.373811662197113037e-01 7.518033385276794434e-01 7.969852089881896973e-01 7.930759787559509277e-01 -2.088230103254318237e-01 -1.028593420982360840e+00 -9.650114178657531738e-01
1.003795742988586426e+00 -8.112971782684326172e-01 2.667651772499084473e-01 -1.344641745090484619e-01 8.846185803413391113e-01 7.198236584663391113e-01 6.908084750175476074e-01 -1.795567721128463745e-01 -1.094285488128662109e+00 -9.504575729370117188e-01
9.941766262054443359e-01 -8.138839006423950195e-01 2.572424709796905518e-01 -1.328707635402679443e-01 8.729285597801208496e-01 7.185837626457214355e-01 6.762908101081848145e-01 -1.756850928068161011e-01 -1.085258126258850098e+00 -9.655368924140930176e-01
1.001248002052307129e+00 -8.077273964881896973e-01 2.596245110034942627e-01 -1.227813065052032471e-01 8.806261420249938965e-01 7.250253558158874512e-01 6.790757179260253906e-01 -1.786489933729171753e-01 -1.094106078147888184e+00 -9.604327678680419922e-01
4.895927906036376953e-01 -9.537732601165771484e-01 3.074607849121093750e-01 -1.184310019016265869e-01 7.235018014907836914e-01 6.047610640525817871e-01 5.862429738044738770e-01 -2.184172719717025757e-01 -1.225364089012145996e+00 -5.305624008178710938e-01
3.611638844013214111e-01 -1.160856127738952637e+00 4.700133204460144043e-01 -9.098735451698303223e-02 7.340111136436462402e-01 5.131286382675170898e-01 1.012648463249206543e+00 -1.969023793935775757e-01 -1.166555285453796387e+00 -1.270502433180809021e-02
3.538177013397216797e-01 -1.164017438888549805e+00 4.693126082420349121e-01 -9.525617957115173340e-02 7.239286899566650391e-01 5.181800127029418945e-01 1.006680846214294434e+00 -2.024084776639938354e-01 -1.167333602905273438e+00 1.931909238919615746e-03
3.638534843921661377e-01 -1.182719469070434570e+00 4.623647034168243408e-01 -9.778389334678649902e-02 7.216444015502929688e-01 5.269883275032043457e-01 9.966084361076354980e-01 -2.014133185148239136e-01 -1.155253767967224121e+00 -2.024587476626038551e-03
3.614075779914855957e-01 -1.181614160537719727e+00 4.569938778877258301e-01 -9.281697869300842285e-02 7.219120860099792480e-01 5.257716774940490723e-01 1.018813729286193848e+00 -1.999530047178268433e-01 -1.147948741912841797e+00 -1.158830011263489723e-03
4.324457645416259766e-01 -1.097370028495788574e+00 4.813172221183776855e-01 -1.977834999561309814e-01 7.285782694816589355e-01 5.383608341217041016e-01 1.005023956298828125e+00 -1.978521794080734253e-01 -1.174495935440063477e+00 3.448897972702980042e-02
8.746176958084106445e-01 -1.057896852493286133e+00 2.492334991693496704e-01 -2.389753162860870361e-01 6.656011343002319336e-01 4.588864445686340332e-01 6.250342130661010742e-01 -1.783742159605026245e-01 -1.622988343238830566e+00 -3.467630967497825623e-02
9.171317219734191895e-01 -1.046337604522705078e+00 2.197501808404922485e-01 -2.248843014240264893e-01 6.718662977218627930e-01 4.533509612083435059e-01 5.463095307350158691e-01 -1.623294800519943237e-01 -1.662922143936157227e+00 -4.169988259673118591e-02
6.849569082260131836e-01 -6.032375097274780273e-01 2.594499289989471436e-01 -2.979983389377593994e-01 1.034229993820190430e+00 3.667826652526855469e-01 5.028187632560729980e-01 -2.252475917339324951e-02 -1.419518232345581055e+00 -2.101269960403442383e-01
4.197192490100860596e-01 -4.678993821144104004e-01 3.479194939136505127e-01 -2.282354533672332764e-01 1.216329574584960938e+00 2.632406949996948242e-01 4.076004624366760254e-01 6.106795370578765869e-02 -1.337787985801696777e+00 -2.306809425354003906e-01
3.931773602962493896e-01 -4.971204400062561035e-01 3.233652412891387939e-01 -2.134328484535217285e-01 1.264723896980285645e+00 1.438519805669784546e-01 3.367965817451477051e-01 5.729670822620391846e-02 -1.349217772483825684e+00 -1.484636068344116211e-01
