7.668412327766418457e-01 3.478773832321166992e-01 -7.940499186515808105e-01 -1.535235438495874405e-02 -5.470058917999267578e-01 9.496611952781677246e-01 3.810789585113525391e-01 -3.605875670909881592e-01 2.433465123176574707e-01 4.508257210254669189e-01
7.404832839965820312e-01 3.821995854377746582e-01 -7.983385324478149414e-01 -4.289002157747745514e-03 -5.155659914016723633e-01 9.828516840934753418e-01 3.620577752590179443e-01 -3.898058235645294189e-01 2.511823475360870361e-01 4.494059681892395020e-01
8.071025013923645020e-01 2.438931316137313843e-01 -8.073395490646362305e-01 -1.257667038589715958e-02 -5.820499658584594727e-01 9.061818718910217285e-01 4.269294738769531250e-01 -3.768137395381927490e-01 2.270325571298599243e-01 4.797836542129516602e-01
7.187036871910095215e-01 2.248034328222274780e-01 -7.433078289031982422e-01 -2.027794905006885529e-02 -6.113421916961669922e-01 1.027599096298217773e+00 4.122327268123626709e-01 -4.017112553119659424e-01 1.797647327184677124e-01 5.863935947418212891e-01
6.446282863616943359e-01 2.182799428701400757e-01 -7.759394645690917969e-01 -2.562278695404529572e-02 -6.544374823570251465e-01 1.041068792343139648e+00 4.507988989353179932e-01 -3.667365610599517822e-01 1.665281951427459717e-01 5.619270205497741699e-01
6.444248557090759277e-01 2.326468676328659058e-01 -7.672322988510131836e-01 -1.866167970001697540e-02 -6.650758981704711914e-01 1.044134616851806641e+00 3.861490786075592041e-01 -3.615159690380096436e-01 1.571724861860275269e-01 5.640088915824890137e-01
7.266216278076171875e-01 3.393255174160003662e-02 -7.182786464691162109e-01 -2.666166611015796661e-02 -6.681032776832580566e-01 9.479641318321228027e-01 3.287096917629241943e-01 -3.036058843135833740e-01 6.553900241851806641e-02 6.835600137710571289e-01
7.940194010734558105e-01 8.913323283195495605e-03 -7.784311771392822266e-01 -6.455856561660766602e-02 -6.847094893455505371e-01 8.656836152076721191e-01 2.455575466156005859e-01 -4.237719476222991943e-01 1.579171419143676758e-02 7.432711124420166016e-01
8.081601262092590332e-01 3.048436343669891357e-02 -8.014329671859741211e-01 -1.237003505229949951e-01 -6.504442095756530762e-01 7.773228883743286133e-01 1.523157954216003418e-01 -3.783011138439178467e-01 4.898533225059509277e-02 6.692352890968322754e-01
9.533791542053222656e-01 -2.229243665933609009e-01 -6.682519912719726562e-01 -4.256305098533630371e-02 -4.977017641067504883e-01 8.464690446853637695e-01 2.305151820182800293e-01 -4.940657317638397217e-01 2.622587233781814575e-02 8.911482691764831543e-01
1.381833910942077637e+00 -3.094626665115356445e-01 -9.145512580871582031e-01 -2.412412762641906738e-01 -3.533835113048553467e-01 5.398102402687072754e-01 -7.112241983413696289e-01 -2.913976609706878662e-01 -3.366656899452209473e-01 4.376590847969055176e-01
1.406270265579223633e+00 -3.203296661376953125e-01 -9.280769824981689453e-01 -2.547113597393035889e-01 -3.658624887466430664e-01 5.406025052070617676e-01 -7.545884847640991211e-01 -3.021575510501861572e-01 -3.396586477756500244e-01 4.341408014297485352e-01
1.401202440261840820e+00 -3.189796805381774902e-01 -9.246410727500915527e-01 -2.594407200813293457e-01 -3.557006716728210449e-01 5.392798185348510742e-01 -7.631962299346923828e-01 -2.950583398342132568e-01 -3.400272130966186523e-01 4.364340305328369141e-01
1.404864907264709473e+00 -3.139769434928894043e-01 -9.331982135772705078e-01 -2.601483762264251709e-01 -3.647057712078094482e-01 5.412356853485107422e-01 -7.485041022300720215e-01 -2.935846149921417236e-01 -3.453682661056518555e-01 4.426816105842590332e-01
1.402241826057434082e+00 -3.072232007980346680e-01 -9.143844246864318848e-01 -2.597834765911102295e-01 -3.540340960025787354e-01 5.412048101425170898e-01 -7.579395771026611328e-01 -2.965789139270782471e-01 -3.506535291671752930e-01 4.457478523254394531e-01
1.343953967094421387e+00 -3.364856839179992676e-01 -9.284392595291137695e-01 -2.469020932912826538e-01 -3.677505850791931152e-01 4.944381713867187500e-01 -8.856285214424133301e-01 -2.989307940006256104e-01 -3.787727653980255127e-01 4.423424303531646729e-01
1.646496206521987915e-01 -1.165945529937744141e+00 -1.201014995574951172e+00 3.134908974170684814e-01 -4.037578701972961426e-01 4.276357889175415039e-01 -1.570680499076843262e+00 -6.962773799896240234e-01 -9.259628653526306152e-01 -6.185044646263122559e-01
-2.914614677429199219e-01 -1.011358737945556641e+00 -1.006945848464965820e+00 3.618012964725494385e-01 -4.557054936885833740e-01 8.934820294380187988e-01 -5.133224129676818848e-01 -3.821498453617095947e-01 -7.685611844062805176e-01 -6.991335153579711914e-01
-2.913196682929992676e-01 -1.004135131835937500e+00 -1.005825996398925781e+00 3.806807696819305420e-01 -4.695682227611541748e-01 8.992843031883239746e-01 -4.921184778213500977e-01 -3.825170099735260010e-01 -7.709553241729736328e-01 -7.021366357803344727e-01
-2.906281352043151855e-01 -1.007936716079711914e+00 -1.014497280120849609e+00 3.843706548213958740e-01 -4.723770618438720703e-01 8.961933851242065430e-01 -5.089368224143981934e-01 -3.739307224750518799e-01 -7.611728310585021973e-01 -6.985760331153869629e-01
-3.143797516822814941e-01 -7.944071292877197266e-01 -1.112994551658630371e+00 2.959294021129608154e-01 -5.090104341506958008e-01 1.061111450195312500e+00 -2.001411318778991699e-01 -3.549748957157135010e-01 -6.688061356544494629e-01 -7.156993150711059570e-01
-5.502505898475646973e-01 -2.376282960176467896e-01 -1.319217205047607422e+00 3.628220558166503906e-01 -3.948781788349151611e-01 1.196812748908996582e+00 2.057581767439842224e-02 -2.728868424892425537e-01 -6.538070440292358398e-01 -9.251846075057983398e-01
-7.495012283325195312e-01 -1.340458542108535767e-01 -1.395735979080200195e+00 3.056939840316772461e-01 -5.558921098709106445e-01 9.675054550170898438e-01 -2.294178009033203125e-01 -2.640459835529327393e-01 -7.184185981750488281e-01 -1.007494330406188965e+00
-7.652997374534606934e-01 -1.132466346025466919e-01 -1.377822875976562500e+00 3.329418003559112549e-01 -5.577146410942077637e-01 1.072144508361816406e+00 -5.825013294816017151e-02 -2.738439142704010010e-01 -6.758353114128112793e-01 -8.854427933692932129e-01
-8.655503988265991211e-01 5.606029927730560303e-02 -1.485150694847106934e+00 3.441681265830993652e-01 -4.382025599479675293e-01 1.216032743453979492e+00 6.820034980773925781e-02 -2.847609221935272217e-01 -5.697224736213684082e-01 -9.605247974395751953e-01
-9.354280829429626465e-01 1.711171120405197144e-01 -1.455082774162292480e+00 3.579462468624114990e-01 -4.560001194477081299e-01 1.205769062042236328e+00 3.591614589095115662e-02 -2.257143706083297729e-01 -5.110580921173095703e-01 -1.077484130859375000e+00
