7.000264525413513184e-01 6.178126931190490723e-01 -9.311965703964233398e-01 1.272121816873550415e-01 -2.978269457817077637e-01 6.058724522590637207e-01 3.728893995285034180e-01 -3.187026083469390869e-01 5.548542737960815430e-02 6.716648936271667480e-01
6.822726130485534668e-01 6.201747655868530273e-01 -9.331018924713134766e-01 1.225637197494506836e-01 -2.969923913478851318e-01 5.576162934303283691e-01 3.957889676094055176e-01 -2.918783724308013916e-01 5.831630527973175049e-02 7.025309801101684570e-01
4.797479212284088135e-01 6.141269207000732422e-01 -7.243984937667846680e-01 1.223898530006408691e-01 -3.840086162090301514e-01 5.999602675437927246e-01 1.013999223709106445e+00 -3.001284897327423096e-01 3.269190192222595215e-01 7.958907485008239746e-01
7.924893498420715332e-01 1.141508102416992188e+00 -7.960004806518554688e-01 3.014272153377532959e-01 -1.308928579092025757e-01 7.642517089843750000e-01 8.369110226631164551e-01 -3.774032890796661377e-01 6.944149136543273926e-01 3.900664448738098145e-01
8.989809751510620117e-01 1.444790244102478027e+00 -8.150402307510375977e-01 3.672214150428771973e-01 -5.612061917781829834e-02 7.631446123123168945e-01 7.699078321456909180e-01 -3.837550580501556396e-01 8.400742411613464355e-01 3.170511126518249512e-01
9.779998064041137695e-01 1.493245840072631836e+00 -8.451512455940246582e-01 3.651048839092254639e-01 -1.154616009443998337e-03 7.702265977859497070e-01 7.251926064491271973e-01 -3.845408260822296143e-01 8.897306323051452637e-01 2.693447768688201904e-01
9.852083921432495117e-01 1.497632622718811035e+00 -8.514801263809204102e-01 3.893839716911315918e-01 4.792407620698213577e-03 7.760861515998840332e-01 7.161668539047241211e-01 -3.999883830547332764e-01 8.861508965492248535e-01 2.664556205272674561e-01
9.750440716743469238e-01 1.500252723693847656e+00 -8.474993705749511719e-01 3.788175284862518311e-01 8.233045227825641632e-04 7.701626420021057129e-01 7.187433838844299316e-01 -3.899665176868438721e-01 8.775803446769714355e-01 2.729358673095703125e-01
9.676555991172790527e-01 1.472537994384765625e+00 -8.365691900253295898e-01 3.575479388236999512e-01 -2.341310679912567139e-02 7.882439494132995605e-01 7.196922302246093750e-01 -3.654163181781768799e-01 8.719015717506408691e-01 2.653771638870239258e-01
1.147158384323120117e+00 1.588382005691528320e+00 -7.913390398025512695e-01 3.164629042148590088e-01 2.675194740295410156e-01 1.326513767242431641e+00 4.322597086429595947e-01 -3.094229400157928467e-01 8.385505080223083496e-01 1.212487220764160156e-01
8.695827722549438477e-01 6.669815182685852051e-01 -8.672629594802856445e-01 4.783140420913696289e-01 9.729627966880798340e-01 1.036753416061401367e+00 4.920520782470703125e-01 -4.536836445331573486e-01 1.334470629692077637e+00 1.787595748901367188e-01
8.540845513343811035e-01 9.484156370162963867e-01 -7.318146228790283203e-01 6.257571578025817871e-01 1.424308896064758301e+00 1.594167798757553101e-01 -9.271876811981201172e-01 -6.920468211174011230e-01 1.103272676467895508e+00 1.355931758880615234e-01
8.264961838722229004e-01 9.432134628295898438e-01 -6.673245429992675781e-01 6.691519021987915039e-01 1.377800703048706055e+00 1.026663035154342651e-01 -9.800509810447692871e-01 -7.896503210067749023e-01 1.086039304733276367e+00 2.058198451995849609e-01
8.267883658409118652e-01 9.478360414505004883e-01 -6.749054193496704102e-01 6.591160297393798828e-01 1.369347333908081055e+00 1.005194634199142456e-01 -9.664608836174011230e-01 -7.845208644866943359e-01 1.087492585182189941e+00 2.000223994255065918e-01
8.295647501945495605e-01 9.514925479888916016e-01 -6.747096180915832520e-01 6.595863103866577148e-01 1.374196290969848633e+00 1.096824258565902710e-01 -9.694378972053527832e-01 -7.907128930091857910e-01 1.089465022087097168e+00 1.913980841636657715e-01
9.195596575736999512e-01 7.311195135116577148e-01 -4.692991077899932861e-01 4.938149154186248779e-01 1.205106973648071289e+00 4.903281927108764648e-01 -4.526219367980957031e-01 -4.569924771785736084e-01 1.271438360214233398e+00 3.351432681083679199e-01
1.098015666007995605e+00 1.455017209053039551e+00 -1.199552118778228760e-01 3.574910163879394531e-01 1.164152264595031738e+00 1.429729938507080078e+00 -5.907446742057800293e-01 -4.541449248790740967e-01 1.199610471725463867e+00 2.204448580741882324e-01
1.120354294776916504e+00 1.514635086059570312e+00 -1.099271923303604126e-01 3.419197797775268555e-01 1.156671404838562012e+00 1.503334403038024902e+00 -6.314973235130310059e-01 -4.402019083499908447e-01 1.148079991340637207e+00 2.187727689743041992e-01
1.123249173164367676e+00 1.511091351509094238e+00 -1.062452197074890137e-01 3.312751352787017822e-01 1.154713392257690430e+00 1.490321874618530273e+00 -6.298823952674865723e-01 -4.384599924087524414e-01 1.147434592247009277e+00 2.129099965095520020e-01
1.120604872703552246e+00 1.500213265419006348e+00 -1.084678620100021362e-01 3.452984690666198730e-01 1.163609743118286133e+00 1.478631734848022461e+00 -6.317265629768371582e-01 -4.102465808391571045e-01 1.144793748855590820e+00 2.087795734405517578e-01
1.153148770332336426e+00 1.587059974670410156e+00 -1.199888437986373901e-01 3.156134486198425293e-01 1.112665176391601562e+00 1.418495893478393555e+00 -7.113428711891174316e-01 -4.211047589778900146e-01 1.040595650672912598e+00 2.002234458923339844e-01
1.375155806541442871e+00 1.529581308364868164e+00 6.259258091449737549e-02 4.946672916412353516e-01 6.308023333549499512e-01 5.526108145713806152e-01 -5.948941707611083984e-01 -3.619106113910675049e-01 9.441654086112976074e-01 1.088418960571289062e-01
1.367530465126037598e+00 1.446944952011108398e+00 9.853421151638031006e-02 5.217512845993041992e-01 5.598357319831848145e-01 4.400604367256164551e-01 -6.176583170890808105e-01 -3.178289234638214111e-01 9.118152260780334473e-01 1.400916576385498047e-01
9.337046742439270020e-01 7.516995668411254883e-01 5.483962595462799072e-02 3.142165541648864746e-01 7.955570816993713379e-01 2.371977418661117554e-01 -7.193601131439208984e-01 -2.983254492282867432e-01 6.469739675521850586e-01 3.839161992073059082e-01
9.539987444877624512e-01 6.249543428421020508e-01 2.402208298444747925e-01 8.146879076957702637e-02 8.783752322196960449e-01 3.121255636215209961e-01 -1.168134808540344238e+00 -4.436896741390228271e-01 4.100261330604553223e-01 5.261045098304748535e-01
1.148379683494567871e+00 7.327441573143005371e-01 3.602545857429504395e-01 1.844230294227600098e-01 7.714179754257202148e-01 4.294684529304504395e-01 -1.383870720863342285e+00 -3.591339886188507080e-01 3.541623651981353760e-01 4.215674996376037598e-01
