4.726318418979644775e-01 -1.581453233957290649e-01 4.047755002975463867e-01 4.978086650371551514e-01 -2.688042819499969482e-01 6.537635922431945801e-01 3.638341426849365234e-01 -8.911929130554199219e-01 1.494760364294052124e-01 -4.432248473167419434e-01
5.025773048400878906e-01 -1.377790123224258423e-01 4.037255048751831055e-01 4.647270143032073975e-01 -2.428630441427230835e-01 6.482430696487426758e-01 3.497880101203918457e-01 -9.135427474975585938e-01 1.800221055746078491e-01 -4.637940526008605957e-01
5.051041245460510254e-01 -1.300814300775527954e-01 3.917087316513061523e-01 4.648053944110870361e-01 -2.402749508619308472e-01 6.197338700294494629e-01 3.613104224205017090e-01 -9.170277714729309082e-01 1.852764636278152466e-01 -4.587707817554473877e-01
4.042888879776000977e-01 -1.076116710901260376e-01 3.736318051815032959e-01 5.146371722221374512e-01 -2.658827006816864014e-01 6.825601458549499512e-01 4.044717550277709961e-01 -9.114469885826110840e-01 1.720453351736068726e-01 -4.398413598537445068e-01
3.047050237655639648e-01 -1.019206196069717407e-01 3.258522152900695801e-01 5.624938011169433594e-01 -3.244927525520324707e-01 7.453289031982421875e-01 4.129905700683593750e-01 -8.971933126449584961e-01 1.618686169385910034e-01 -4.462396502494812012e-01
3.112527132034301758e-01 -7.265891134738922119e-02 3.651565611362457275e-01 5.808922052383422852e-01 -3.162623345851898193e-01 8.052361607551574707e-01 3.605398535728454590e-01 -8.550423383712768555e-01 1.619777232408523560e-01 -4.957738518714904785e-01
3.549804091453552246e-01 -8.938612043857574463e-02 3.989865183830261230e-01 6.947216987609863281e-01 -3.845625817775726318e-01 7.777895331382751465e-01 3.228186964988708496e-01 -8.227141499519348145e-01 1.164018958806991577e-01 -5.547277331352233887e-01
4.676599800586700439e-01 -1.209664493799209595e-01 4.278604090213775635e-01 6.746373176574707031e-01 -3.423677980899810791e-01 7.210344076156616211e-01 2.791767120361328125e-01 -9.308119416236877441e-01 6.639485061168670654e-02 -4.980642199516296387e-01
5.113710165023803711e-01 -1.470668464899063110e-01 3.951151371002197266e-01 4.718823134899139404e-01 -2.817445695400238037e-01 6.301149725914001465e-01 2.420222759246826172e-01 -9.080851078033447266e-01 1.151655688881874084e-01 -4.624459743499755859e-01
5.195263624191284180e-01 -1.418346315622329712e-01 3.867904543876647949e-01 4.532406330108642578e-01 -2.758896052837371826e-01 6.077280044555664062e-01 2.498244047164916992e-01 -9.038160443305969238e-01 1.385832577943801880e-01 -4.571875929832458496e-01
5.288783907890319824e-01 -1.513823419809341431e-01 3.889948427677154541e-01 4.465313255786895752e-01 -2.665074169635772705e-01 6.017686128616333008e-01 2.534469366073608398e-01 -8.976547718048095703e-01 1.391837894916534424e-01 -4.537743031978607178e-01
5.259436368942260742e-01 -1.492178589105606079e-01 3.833174109458923340e-01 4.349766671657562256e-01 -2.634556889533996582e-01 6.079452633857727051e-01 2.547387480735778809e-01 -8.957614302635192871e-01 1.447084993124008179e-01 -4.572121500968933105e-01
5.279411077499389648e-01 -1.495838314294815063e-01 3.885040879249572754e-01 4.434954524040222168e-01 -2.652203738689422607e-01 6.031076312065124512e-01 2.455971240997314453e-01 -8.867505192756652832e-01 1.382657736539840698e-01 -4.564302563667297363e-01
4.101034402847290039e-01 -2.303753048181533813e-01 4.478866457939147949e-01 6.092590689659118652e-01 -4.092431366443634033e-01 6.932550668716430664e-01 2.416756749153137207e-01 -8.349590897560119629e-01 -1.139014214277267456e-02 -4.354152679443359375e-01
1.386253386735916138e-01 -1.068064212799072266e+00 8.792656660079956055e-01 5.776169300079345703e-01 -1.105140686035156250e+00 1.359232813119888306e-01 3.864573240280151367e-01 -9.901286363601684570e-01 -4.485905766487121582e-01 1.067927002906799316e+00
2.638841271400451660e-01 -9.285447597503662109e-01 -1.870200484991073608e-01 5.830332636833190918e-01 6.764460802078247070e-01 -6.063057184219360352e-01 -4.143152832984924316e-01 -7.265336513519287109e-01 -1.061155915260314941e+00 1.375505089759826660e+00
2.594307065010070801e-01 -9.332600831985473633e-01 -2.330210655927658081e-01 5.869028568267822266e-01 7.128978371620178223e-01 -6.258726119995117188e-01 -4.490080475807189941e-01 -6.928798556327819824e-01 -1.077869057655334473e+00 1.346295475959777832e+00
2.521128654479980469e-01 -9.323037266731262207e-01 -2.368602603673934937e-01 5.838057994842529297e-01 7.168635725975036621e-01 -6.226711869239807129e-01 -4.525467157363891602e-01 -6.904689073562622070e-01 -1.081721544265747070e+00 1.336829662322998047e+00
2.529498338699340820e-01 -9.319359064102172852e-01 -2.371557205915451050e-01 5.737224817276000977e-01 7.243360280990600586e-01 -6.165850758552551270e-01 -4.626118540763854980e-01 -6.869715452194213867e-01 -1.096534132957458496e+00 1.336094498634338379e+00
2.529220581054687500e-01 -9.311328530311584473e-01 -2.368770688772201538e-01 5.879809260368347168e-01 7.209114432334899902e-01 -6.252108216285705566e-01 -4.522164463996887207e-01 -6.975552439689636230e-01 -1.087091803550720215e+00 1.336485624313354492e+00
2.523677349090576172e-01 -9.342186450958251953e-01 -2.405724972486495972e-01 5.833254456520080566e-01 7.233619689941406250e-01 -6.158932447433471680e-01 -4.561086893081665039e-01 -6.895987987518310547e-01 -1.090491533279418945e+00 1.338121771812438965e+00
2.511367797851562500e-01 -9.324679374694824219e-01 -2.406793087720870972e-01 5.801122188568115234e-01 7.252699732780456543e-01 -6.245436072349548340e-01 -4.618322253227233887e-01 -6.959195733070373535e-01 -1.088474035263061523e+00 1.331524014472961426e+00
2.506324648857116699e-01 -9.344909191131591797e-01 -2.382179051637649536e-01 5.758675932884216309e-01 7.235758900642395020e-01 -6.107345223426818848e-01 -4.551879167556762695e-01 -6.906167864799499512e-01 -1.093321442604064941e+00 1.342500209808349609e+00
2.829030752182006836e-01 -9.914813041687011719e-01 8.273576200008392334e-02 8.810106515884399414e-01 4.200099408626556396e-01 -5.764830708503723145e-01 -2.348976731300354004e-01 -8.630036115646362305e-01 -7.514680027961730957e-01 1.509113550186157227e+00
2.863147258758544922e-01 -9.891841411590576172e-01 9.503667056560516357e-02 8.880087137222290039e-01 4.155159890651702881e-01 -5.891627669334411621e-01 -2.263298630714416504e-01 -8.704761862754821777e-01 -7.548099160194396973e-01 1.506163120269775391e+00
2.913345694541931152e-01 -9.917190074920654297e-01 9.510023891925811768e-02 8.939691185951232910e-01 4.100145995616912842e-01 -5.864740014076232910e-01 -2.292241454124450684e-01 -8.682450056076049805e-01 -7.470242381095886230e-01 1.520059823989868164e+00
2.849171161651611328e-01 -9.931724071502685547e-01 9.286947548389434814e-02 9.126104116439819336e-01 4.037078320980072021e-01 -5.778165459632873535e-01 -2.247893810272216797e-01 -8.753305673599243164e-01 -7.413955330848693848e-01 1.519502520561218262e+00
2.856282591819763184e-01 -9.893897771835327148e-01 9.417824447154998779e-02 8.919391036033630371e-01 4.068031013011932373e-01 -5.923590660095214844e-01 -2.261640429496765137e-01 -8.667719364166259766e-01 -7.358617186546325684e-01 1.507592201232910156e+00
2.852367758750915527e-01 -9.919169545173645020e-01 8.760987222194671631e-02 8.937450647354125977e-01 4.030015170574188232e-01 -5.891955494880676270e-01 -2.193036675453186035e-01 -8.695250749588012695e-01 -7.350910305976867676e-01 1.514899611473083496e+00
2.351120859384536743e-01 -9.288970232009887695e-01 1.946669071912765503e-01 9.925702214241027832e-01 2.828625738620758057e-01 -5.604798197746276855e-01 -1.032902598381042480e-01 -8.896751999855041504e-01 -5.658290982246398926e-01 1.537919521331787109e+00
-3.194903209805488586e-02 -3.283617496490478516e-01 2.280942946672439575e-01 1.231940865516662598e+00 2.047660201787948608e-01 -4.364997446537017822e-01 2.041417956352233887e-01 -9.237685203552246094e-01 -4.091261029243469238e-01 1.688993930816650391e+00
-3.974210023880004883e-01 1.925319284200668335e-01 -1.924092024564743042e-01 8.388521671295166016e-01 3.482152521610260010e-01 -4.689560234546661377e-01 -7.411706447601318359e-02 -6.390148997306823730e-01 -7.493368983268737793e-01 1.319747328758239746e+00
-3.823369741439819336e-01 1.063192933797836304e-01 -1.748738735914230347e-01 7.668387293815612793e-01 3.472673594951629639e-01 -5.070216655731201172e-01 -1.096522212028503418e-01 -6.100546717643737793e-01 -7.584570050239562988e-01 1.242652297019958496e+00
-3.653368949890136719e-01 8.439777791500091553e-02 -1.761782616376876831e-01 7.576652765274047852e-01 3.460280895233154297e-01 -5.293679237365722656e-01 -1.126733422279357910e-01 -5.969044566154479980e-01 -7.596934437751770020e-01 1.227978706359863281e+00
-3.587793707847595215e-01 1.711201518774032593e-01 -1.575225442647933960e-01 8.092989921569824219e-01 3.256247341632843018e-01 -4.884630441665649414e-01 -1.727170124650001526e-02 -6.126773953437805176e-01 -6.906065344810485840e-01 1.378579139709472656e+00
-3.684931397438049316e-01 2.203516811132431030e-01 -1.637538522481918335e-01 8.554136753082275391e-01 3.228758871555328369e-01 -4.837983250617980957e-01 1.835959777235984802e-02 -6.471506953239440918e-01 -6.461011767387390137e-01 1.451453685760498047e+00
-5.199749469757080078e-01 3.984292745590209961e-01 -4.031787812709808350e-02 9.638157486915588379e-01 1.660887748003005981e-01 -4.929248690605163574e-01 5.160134658217430115e-02 -6.719632148742675781e-01 -5.296723246574401855e-01 1.405192971229553223e+00
-5.959855914115905762e-01 3.469721078872680664e-01 -4.364095628261566162e-02 9.076418876647949219e-01 1.882017403841018677e-01 -4.664860963821411133e-01 1.783579215407371521e-02 -6.694902181625366211e-01 -4.988740086555480957e-01 1.247337460517883301e+00
