8.525883555412292480e-01 4.031234979629516602e-01 2.612863481044769287e-02 -2.256979979574680328e-02 -1.278766542673110962e-01 6.510724425315856934e-01 4.744182229042053223e-01 -9.099553227424621582e-01 5.273445695638656616e-02 3.987218439579010010e-01
8.424347639083862305e-01 4.121006131172180176e-01 3.250275552272796631e-02 -3.322087228298187256e-02 -1.283469647169113159e-01 6.502314805984497070e-01 4.840438067913055420e-01 -9.162705540657043457e-01 5.351204425096511841e-02 4.026896059513092041e-01
8.106680512428283691e-01 1.789548248052597046e-01 1.001525074243545532e-01 -4.928588867187500000e-02 -2.008290141820907593e-01 7.020070552825927734e-01 5.974581837654113770e-01 -8.822526931762695312e-01 -5.283213406801223755e-02 5.573465824127197266e-01
1.151084542274475098e+00 -3.218149542808532715e-01 1.349239200353622437e-01 -9.908819198608398438e-02 -1.034179180860519409e-01 9.417325258255004883e-01 8.464537262916564941e-01 -9.732365012168884277e-01 -1.627492755651473999e-01 8.250542283058166504e-01
1.354059338569641113e+00 -5.293378829956054688e-01 1.173441559076309204e-01 -2.545097656548023224e-02 -1.286302655935287476e-01 1.050471544265747070e+00 8.834554553031921387e-01 -9.842482209205627441e-01 -2.298155426979064941e-01 8.410113453865051270e-01
1.349244117736816406e+00 -5.608925819396972656e-01 1.453321725130081177e-01 -1.445254776626825333e-02 -1.331991106271743774e-01 1.098558545112609863e+00 9.346589446067810059e-01 -1.015382170677185059e+00 -2.476727813482284546e-01 8.721462488174438477e-01
1.323569655418395996e+00 -5.513027310371398926e-01 1.566899269819259644e-01 -3.112873621284961700e-02 -1.531343609094619751e-01 1.128666639328002930e+00 9.337023496627807617e-01 -1.005324840545654297e+00 -2.516764700412750244e-01 8.730947375297546387e-01
1.330174326896667480e+00 -5.628120303153991699e-01 1.495631039142608643e-01 -4.441729187965393066e-02 -1.498690396547317505e-01 1.120237708091735840e+00 9.127286076545715332e-01 -1.016113042831420898e+00 -2.478498220443725586e-01 8.700025081634521484e-01
1.329708456993103027e+00 -5.563820600509643555e-01 1.443083137273788452e-01 -2.804646082222461700e-02 -1.531600505113601685e-01 1.135095119476318359e+00 9.231978058815002441e-01 -1.012782096862792969e+00 -2.486981600522994995e-01 8.568127751350402832e-01
1.340925693511962891e+00 -5.586880445480346680e-01 1.349942982196807861e-01 -2.279603667557239532e-02 -1.465827673673629761e-01 1.131948709487915039e+00 9.057354331016540527e-01 -1.013109445571899414e+00 -2.561416327953338623e-01 8.577405214309692383e-01
1.331440806388854980e+00 -5.522879958152770996e-01 1.377294212579727173e-01 -1.897850818932056427e-02 -1.520217508077621460e-01 1.109891414642333984e+00 9.306449294090270996e-01 -1.007459878921508789e+00 -2.471801787614822388e-01 8.735764026641845703e-01
1.333962559700012207e+00 -5.593134164810180664e-01 1.417552977800369263e-01 -3.011554665863513947e-02 -1.519271284341812134e-01 1.119546771049499512e+00 9.435461163520812988e-01 -1.000010728836059570e+00 -2.413111627101898193e-01 8.654848337173461914e-01
1.339171886444091797e+00 -5.538671016693115234e-01 1.365524679422378540e-01 -1.822239346802234650e-02 -1.416951566934585571e-01 1.116236567497253418e+00 9.232478141784667969e-01 -1.003187179565429688e+00 -2.487488985061645508e-01 8.655600547790527344e-01
1.325656652450561523e+00 -5.540006160736083984e-01 1.350124031305313110e-01 -3.105658479034900665e-02 -1.457490473985671997e-01 1.127297878265380859e+00 9.264476299285888672e-01 -1.032242417335510254e+00 -2.427884638309478760e-01 8.742354512214660645e-01
1.140105605125427246e+00 -6.108777523040771484e-01 1.011878699064254761e-01 3.081935457885265350e-02 3.077308833599090576e-02 1.274520874023437500e+00 9.196748733520507812e-01 -9.690662622451782227e-01 -1.369144767522811890e-01 5.645712018013000488e-01
7.693967819213867188e-01 -9.160010814666748047e-01 8.805897831916809082e-02 1.554866731166839600e-01 2.546718418598175049e-01 1.628288269042968750e+00 9.415103793144226074e-01 -8.047992587089538574e-01 -9.243369847536087036e-02 1.442742943763732910e-01
1.325472474098205566e+00 -8.516216278076171875e-01 -3.265430629253387451e-01 5.794546008110046387e-02 1.111401081085205078e+00 1.389110445976257324e+00 6.434534788131713867e-01 -4.078617393970489502e-01 -3.103004395961761475e-01 -3.725617527961730957e-01
1.357643961906433105e+00 -8.457703590393066406e-01 -3.517018258571624756e-01 6.877979636192321777e-02 1.209255456924438477e+00 1.327075004577636719e+00 5.506268143653869629e-01 -3.979025185108184814e-01 -3.366103172302246094e-01 -4.227336347103118896e-01
1.360131502151489258e+00 -8.473918437957763672e-01 -3.531370162963867188e-01 7.709953188896179199e-02 1.206767916679382324e+00 1.339042425155639648e+00 5.455005764961242676e-01 -3.964658081531524658e-01 -3.354253768920898438e-01 -4.240441322326660156e-01
1.353297352790832520e+00 -8.474036455154418945e-01 -3.599781990051269531e-01 7.054731249809265137e-02 1.201612591743469238e+00 1.332929372787475586e+00 5.543771386146545410e-01 -3.988600671291351318e-01 -3.363840878009796143e-01 -4.268666505813598633e-01
1.357049584388732910e+00 -8.488588333129882812e-01 -3.498609662055969238e-01 7.183864712715148926e-02 1.203871130943298340e+00 1.330374360084533691e+00 5.544304251670837402e-01 -4.026204645633697510e-01 -3.354006111621856689e-01 -4.212054014205932617e-01
1.358768224716186523e+00 -8.466310501098632812e-01 -3.472125530242919922e-01 7.200494408607482910e-02 1.202967643737792969e+00 1.333245158195495605e+00 5.510977506637573242e-01 -3.911996185779571533e-01 -3.358601629734039307e-01 -4.198874831199645996e-01
1.362147331237792969e+00 -8.476946949958801270e-01 -3.507679104804992676e-01 7.043209671974182129e-02 1.201873183250427246e+00 1.327474713325500488e+00 5.522664189338684082e-01 -3.936420977115631104e-01 -3.401402235031127930e-01 -4.254823923110961914e-01
1.330719590187072754e+00 -8.627402782440185547e-01 -3.409212827682495117e-01 3.564515709877014160e-02 1.174184083938598633e+00 1.320567131042480469e+00 5.614920258522033691e-01 -4.114997088909149170e-01 -3.341760933399200439e-01 -3.924719095230102539e-01
4.785931408405303955e-01 -1.065430402755737305e+00 -1.895329505205154419e-01 7.056489586830139160e-02 1.037165045738220215e+00 1.152242898941040039e+00 1.013831734657287598e+00 -4.621556103229522705e-01 -4.235750436782836914e-01 3.607912063598632812e-01
4.855242967605590820e-01 -1.006714463233947754e+00 -1.710003763437271118e-01 4.773709177970886230e-02 1.053795933723449707e+00 1.168196320533752441e+00 1.029163479804992676e+00 -4.854076802730560303e-01 -4.230052530765533447e-01 4.165190458297729492e-01
4.924045801162719727e-01 -9.994681477546691895e-01 -1.649757176637649536e-01 3.877505660057067871e-02 1.057287454605102539e+00 1.170866489410400391e+00 1.031032443046569824e+00 -4.847895205020904541e-01 -4.174754321575164795e-01 4.312649965286254883e-01
4.860593080520629883e-01 -1.010898590087890625e+00 -1.655717343091964722e-01 3.640344738960266113e-02 1.053389906883239746e+00 1.155430793762207031e+00 1.027908325195312500e+00 -4.921692907810211182e-01 -4.072587788105010986e-01 4.322630763053894043e-01
4.961904287338256836e-01 -9.973797202110290527e-01 -1.681721657514572144e-01 4.892936348915100098e-02 1.054773569107055664e+00 1.175408720970153809e+00 1.028642773628234863e+00 -4.950576722621917725e-01 -4.197333157062530518e-01 4.338786602020263672e-01
4.912675023078918457e-01 -1.015504837036132812e+00 -1.765069216489791870e-01 5.280062556266784668e-02 1.041572809219360352e+00 1.181007862091064453e+00 1.019215583801269531e+00 -4.960577785968780518e-01 -4.101523160934448242e-01 4.253225922584533691e-01
6.174105405807495117e-01 -9.582257866859436035e-01 -1.887619197368621826e-01 -5.192878842353820801e-02 1.103652477264404297e+00 1.125633001327514648e+00 1.025113821029663086e+00 -4.845565855503082275e-01 -4.391545951366424561e-01 4.460217952728271484e-01
1.253794789314270020e+00 -9.139768481254577637e-01 -3.641501963138580322e-01 -1.518557965755462646e-01 9.976885914802551270e-01 1.036951780319213867e+00 7.904481291770935059e-01 -5.419228672981262207e-01 -7.347242236137390137e-01 4.284433722496032715e-01
1.334514260292053223e+00 -9.345848560333251953e-01 -4.084681868553161621e-01 -1.566664278507232666e-01 9.852040410041809082e-01 1.051037669181823730e+00 7.274541258811950684e-01 -5.542683005332946777e-01 -7.786982655525207520e-01 4.133782982826232910e-01
1.332289576530456543e+00 -9.295075535774230957e-01 -4.185049533843994141e-01 -1.552024185657501221e-01 9.913201332092285156e-01 1.056887626647949219e+00 7.083871960639953613e-01 -5.497137308120727539e-01 -7.868850827217102051e-01 4.137330055236816406e-01
1.248018980026245117e+00 -8.011926412582397461e-01 -4.074855744838714600e-01 -2.256065905094146729e-01 1.031816005706787109e+00 1.019611120223999023e+00 6.254427433013916016e-01 -4.412508904933929443e-01 -7.843715548515319824e-01 3.813583254814147949e-01
7.562316656112670898e-01 -3.952569961547851562e-01 -3.767380416393280029e-01 -2.456493675708770752e-01 1.357372283935546875e+00 7.643039226531982422e-01 5.691416263580322266e-01 -1.707202047109603882e-01 -5.985974669456481934e-01 3.532201051712036133e-01
6.072888374328613281e-01 -3.219858407974243164e-01 -3.495230376720428467e-01 -1.109781563282012939e-01 1.609345078468322754e+00 4.737913012504577637e-01 6.283734440803527832e-01 -1.311934441328048706e-01 -4.833524525165557861e-01 4.221268296241760254e-01
6.620116829872131348e-01 -3.210709095001220703e-01 -3.714042007923126221e-01 -2.460923492908477783e-01 1.620341777801513672e+00 5.068585872650146484e-01 5.168392658233642578e-01 -1.424912661314010620e-01 -5.521684288978576660e-01 4.865058064460754395e-01
6.730189323425292969e-01 -3.363194465637207031e-01 -3.784275054931640625e-01 -2.173425555229187012e-01 1.601837038993835449e+00 5.082535147666931152e-01 5.239232778549194336e-01 -1.287951320409774780e-01 -5.425349473953247070e-01 4.602548480033874512e-01
