1.686479598283767700e-01 3.372107744216918945e-01 -8.856512308120727539e-01 2.456039786338806152e-01 -4.746293723583221436e-01 6.321386694908142090e-01 1.630007624626159668e-01 -1.941352933645248413e-01 7.670570909976959229e-02 2.639423906803131104e-01
1.784067302942276001e-01 3.440849184989929199e-01 -9.175558686256408691e-01 2.615732252597808838e-01 -4.610165059566497803e-01 6.029190421104431152e-01 1.579043865203857422e-01 -1.936098188161849976e-01 6.306657195091247559e-02 2.474405169486999512e-01
1.246455460786819458e-01 3.385424613952636719e-01 -8.494659066200256348e-01 2.214882522821426392e-01 -4.978238642215728760e-01 6.432228684425354004e-01 2.340220212936401367e-01 -1.638513058423995972e-01 9.413938224315643311e-02 3.261041641235351562e-01
9.525652229785919189e-02 3.324895501136779785e-01 -7.957779169082641602e-01 2.139594554901123047e-01 -5.370487570762634277e-01 6.098932027816772461e-01 4.171573817729949951e-01 -1.695101708173751831e-01 1.618857532739639282e-01 3.427952527999877930e-01
2.498288080096244812e-02 3.198843598365783691e-01 -7.013733386993408203e-01 1.862668544054031372e-01 -5.890050530433654785e-01 6.455051898956298828e-01 6.504185795783996582e-01 -1.978224962949752808e-01 2.351094484329223633e-01 4.330387711524963379e-01
2.693050482776015997e-04 3.961293101310729980e-01 -6.881929636001586914e-01 2.334709763526916504e-01 -6.319781541824340820e-01 6.191405057907104492e-01 7.733063697814941406e-01 -1.919810622930526733e-01 3.273014724254608154e-01 4.114241600036621094e-01
-2.451138570904731750e-02 4.570059180259704590e-01 -7.458713054656982422e-01 2.843332886695861816e-01 -4.952042400836944580e-01 5.088738799095153809e-01 7.057522535324096680e-01 -2.121960371732711792e-01 5.278685688972473145e-01 2.484150230884552002e-01
-1.525520160794258118e-02 8.634369373321533203e-01 -6.616339683532714844e-01 3.893595039844512939e-01 -8.713542819023132324e-01 4.958000779151916504e-01 5.370433926582336426e-01 -3.082854449748992920e-01 5.046008825302124023e-01 2.572275400161743164e-01
4.290963336825370789e-02 9.672780036926269531e-01 -6.955459117889404297e-01 5.145201683044433594e-01 -9.966222643852233887e-01 4.571959376335144043e-01 2.273671030998229980e-01 -2.919793128967285156e-01 3.935920894145965576e-01 2.236558794975280762e-01
1.073934286832809448e-01 1.094062566757202148e+00 -5.743638873100280762e-01 5.377947092056274414e-01 -6.660411953926086426e-01 4.906454086303710938e-01 -1.465285420417785645e-01 -2.831726372241973877e-01 5.733739733695983887e-01 6.953743100166320801e-02
2.152567058801651001e-01 8.253107070922851562e-01 -6.274694800376892090e-01 3.960422575473785400e-01 -6.616278290748596191e-01 5.752425193786621094e-01 -1.145217061042785645e+00 -2.763663828372955322e-01 1.365681141614913940e-01 4.336480051279067993e-03
2.256254106760025024e-01 7.927758693695068359e-01 -6.290627121925354004e-01 4.044606685638427734e-01 -6.767958402633666992e-01 5.580144524574279785e-01 -1.224425554275512695e+00 -2.668989896774291992e-01 1.043892055749893188e-01 1.107773557305335999e-02
2.299189716577529907e-01 7.809051871299743652e-01 -6.309658288955688477e-01 3.928512036800384521e-01 -6.744204759597778320e-01 5.592917799949645996e-01 -1.221489548683166504e+00 -2.589650452136993408e-01 1.080220788717269897e-01 -3.078069770708680153e-03
2.328524142503738403e-01 7.809633016586303711e-01 -6.303861141204833984e-01 3.914663493633270264e-01 -6.811795830726623535e-01 5.641578435897827148e-01 -1.221399426460266113e+00 -2.642282843589782715e-01 1.099965423345565796e-01 1.014733687043190002e-02
2.222548872232437134e-01 7.901109457015991211e-01 -6.272755861282348633e-01 3.892839848995208740e-01 -6.876980662345886230e-01 5.578786730766296387e-01 -1.217569947242736816e+00 -2.655185163021087646e-01 1.044925302267074585e-01 1.422822847962379456e-02
1.952523738145828247e-01 3.384729623794555664e-01 -3.119443655014038086e-01 3.896893560886383057e-01 -8.368813991546630859e-01 2.702226638793945312e-01 -1.283034801483154297e+00 -9.398730099201202393e-02 2.058935761451721191e-01 3.230093121528625488e-01
3.902084231376647949e-01 1.913812011480331421e-01 1.667019873857498169e-01 5.937395095825195312e-01 -6.567102074623107910e-01 5.883777737617492676e-01 -4.575551748275756836e-01 -1.767246723175048828e-01 1.013350725173950195e+00 7.524185776710510254e-01
2.953410148620605469e-01 2.798768281936645508e-01 1.711989790201187134e-01 5.109664201736450195e-01 -5.490040183067321777e-01 8.187810182571411133e-01 -4.164754748344421387e-01 -1.580378562211990356e-01 1.115629315376281738e+00 7.102481722831726074e-01
2.880007028579711914e-01 2.742976546287536621e-01 1.652510911226272583e-01 5.016695261001586914e-01 -5.309900641441345215e-01 8.221579790115356445e-01 -4.103019833564758301e-01 -1.640633791685104370e-01 1.114357829093933105e+00 7.092913985252380371e-01
2.575544714927673340e-01 2.982876300811767578e-01 1.437881737947463989e-01 4.730615615844726562e-01 -4.890037775039672852e-01 8.485855460166931152e-01 -3.535617589950561523e-01 -2.196235507726669312e-01 1.151360988616943359e+00 6.836287379264831543e-01
2.376586943864822388e-01 4.537402987480163574e-01 1.448344141244888306e-01 4.000285565853118896e-01 -4.081645309925079346e-01 7.606946825981140137e-01 -1.980301141738891602e-01 -2.360746115446090698e-01 1.245768070220947266e+00 5.237100124359130859e-01
5.810610577464103699e-02 6.229317188262939453e-01 1.076266914606094360e-01 4.342278540134429932e-01 -5.946778655052185059e-01 6.422448158264160156e-01 3.956251740455627441e-01 -4.359098672866821289e-01 1.478085875511169434e+00 5.018827915191650391e-01
2.625824213027954102e-01 6.216666102409362793e-01 2.704308629035949707e-01 5.637505054473876953e-01 -8.529422283172607422e-01 8.303961157798767090e-01 5.540284514427185059e-01 -3.815467655658721924e-01 1.449483036994934082e+00 7.711303830146789551e-01
1.864022463560104370e-01 7.137014865875244141e-01 1.979773789644241333e-01 5.007308721542358398e-01 -7.630180716514587402e-01 6.989568471908569336e-01 6.576026082038879395e-01 -4.212001860141754150e-01 1.575839400291442871e+00 6.068258285522460938e-01
3.780197352170944214e-03 4.378093481063842773e-01 1.453223377466201782e-01 3.199894130229949951e-01 -7.256597876548767090e-01 5.260373950004577637e-01 1.038768529891967773e+00 -3.442398905754089355e-01 1.378077745437622070e+00 6.823121905326843262e-01
8.307944983243942261e-03 2.702997922897338867e-01 2.532972097396850586e-01 3.746391236782073975e-01 -6.602507233619689941e-01 6.890620589256286621e-01 1.036354303359985352e+00 -2.925007641315460205e-01 1.162323355674743652e+00 9.401575326919555664e-01
