6.359382271766662598e-01 6.698354482650756836e-01 -9.939199090003967285e-01 1.644803881645202637e-01 -1.648314744234085083e-01 4.806323051452636719e-01 2.975172996520996094e-01 -4.733912646770477295e-01 3.420157730579376221e-02 7.099303603172302246e-01
6.550374031066894531e-01 6.855131983757019043e-01 -1.010026574134826660e+00 1.644486933946609497e-01 -1.637051254510879517e-01 4.864082932472229004e-01 2.760610878467559814e-01 -4.776088297367095947e-01 1.850157976150512695e-02 7.022556662559509277e-01
6.475433111190795898e-01 6.876199245452880859e-01 -1.005584359169006348e+00 1.853184998035430908e-01 -1.645366996526718140e-01 4.632695317268371582e-01 2.897075712680816650e-01 -4.862733185291290283e-01 1.421421766281127930e-02 7.235220074653625488e-01
6.417169570922851562e-01 6.144439578056335449e-01 -9.904615283012390137e-01 1.465435326099395752e-01 -1.706237941980361938e-01 4.602376222610473633e-01 3.436841666698455811e-01 -4.621914327144622803e-01 3.510017693042755127e-02 7.119907736778259277e-01
6.039717793464660645e-01 5.255743861198425293e-01 -9.749530553817749023e-01 9.310524165630340576e-02 -1.765844970941543579e-01 4.807496070861816406e-01 4.661470055580139160e-01 -4.941359460353851318e-01 9.646929800510406494e-02 7.247359156608581543e-01
4.594270586967468262e-01 4.794492721557617188e-01 -8.695647716522216797e-01 2.976606599986553192e-02 -1.711324602365493774e-01 5.198168754577636719e-01 6.037183403968811035e-01 -4.892499148845672607e-01 1.622599810361862183e-01 8.173354268074035645e-01
2.624263763427734375e-01 6.713410615921020508e-01 -7.770612239837646484e-01 1.701104044914245605e-01 -2.545605003833770752e-01 4.822140932083129883e-01 1.000056743621826172e+00 -6.150708198547363281e-01 2.927878499031066895e-01 1.026019692420959473e+00
2.961130738258361816e-01 8.905288577079772949e-01 -7.500510215759277344e-01 2.450264096260070801e-01 -5.411593317985534668e-01 4.146625399589538574e-01 1.124139547348022461e+00 -6.376917362213134766e-01 4.235866963863372803e-01 8.901395201683044434e-01
4.361498951911926270e-01 9.962475895881652832e-01 -8.238868713378906250e-01 2.708887159824371338e-01 -5.446457266807556152e-01 4.241185188293457031e-01 7.350696325302124023e-01 -6.229639053344726562e-01 3.361153900623321533e-01 7.847555279731750488e-01
2.546188831329345703e-01 1.093061208724975586e+00 -7.301293611526489258e-01 2.309249043464660645e-01 -5.188636183738708496e-01 4.625799655914306641e-01 1.074857950210571289e+00 -4.012202322483062744e-01 6.424485445022583008e-01 6.834345459938049316e-01
9.803065061569213867e-01 1.699696540832519531e+00 3.174037337303161621e-01 3.065035045146942139e-01 -2.179521083831787109e+00 -4.154512584209442139e-01 -1.121372580528259277e+00 2.023064047098159790e-01 6.396792531013488770e-01 5.540359616279602051e-01
1.184876561164855957e+00 9.826198816299438477e-01 7.506210803985595703e-01 1.765753626823425293e-01 -6.129068136215209961e-01 -1.054376482963562012e+00 -1.299773931503295898e+00 -2.236433327198028564e-02 1.801512092351913452e-01 8.149410486221313477e-01
1.177618622779846191e+00 9.733965992927551270e-01 7.407785654067993164e-01 1.865957975387573242e-01 -5.644237995147705078e-01 -1.060440301895141602e+00 -1.292396306991577148e+00 -9.954108856618404388e-03 1.967443972826004028e-01 8.121718764305114746e-01
1.166986823081970215e+00 9.680996537208557129e-01 7.389254570007324219e-01 1.835542321205139160e-01 -5.689404010772705078e-01 -1.054466485977172852e+00 -1.287706613540649414e+00 -1.358030643314123154e-02 2.039626389741897583e-01 8.166457414627075195e-01
1.164325833320617676e+00 9.764538407325744629e-01 7.397596240043640137e-01 1.866125017404556274e-01 -5.679233670234680176e-01 -1.056680321693420410e+00 -1.291042327880859375e+00 -5.743875168263912201e-03 2.001928687095642090e-01 8.118074536323547363e-01
1.062011837959289551e+00 1.368607521057128906e+00 5.274409055709838867e-01 3.165679574012756348e-01 -5.668597817420959473e-01 -1.127554655075073242e+00 -1.173609852790832520e+00 -1.743764430284500122e-01 5.716593265533447266e-01 6.597707271575927734e-01
1.085310339927673340e+00 1.342582821846008301e+00 5.237986445426940918e-01 3.423791527748107910e-01 -5.766008496284484863e-01 -1.128326177597045898e+00 -1.201194882392883301e+00 -1.740754991769790649e-01 5.768725872039794922e-01 6.623768806457519531e-01
1.075308322906494141e+00 1.366832733154296875e+00 5.308614373207092285e-01 3.182050883769989014e-01 -5.665500164031982422e-01 -1.117088437080383301e+00 -1.177629351615905762e+00 -1.665684729814529419e-01 5.695294737815856934e-01 6.598304510116577148e-01
1.082582473754882812e+00 1.372946381568908691e+00 5.286445021629333496e-01 3.226450383663177490e-01 -5.647303462028503418e-01 -1.116607069969177246e+00 -1.173882961273193359e+00 -1.790149360895156860e-01 5.705008506774902344e-01 6.664313673973083496e-01
1.077460169792175293e+00 1.366826772689819336e+00 5.339903235435485840e-01 3.111713826656341553e-01 -5.675457119941711426e-01 -1.118630647659301758e+00 -1.178465247154235840e+00 -1.716943830251693726e-01 5.696519613265991211e-01 6.668274998664855957e-01
1.081456422805786133e+00 1.332233786582946777e+00 5.810764431953430176e-01 3.334760963916778564e-01 -5.859666466712951660e-01 -1.066790342330932617e+00 -9.970054030418395996e-01 -1.873283535242080688e-01 6.919921040534973145e-01 6.825703978538513184e-01
8.949822187423706055e-01 1.607902050018310547e+00 7.778655886650085449e-01 3.538631498813629150e-01 -6.009339690208435059e-01 -1.086280822753906250e+00 -1.502541303634643555e-01 -2.568871676921844482e-01 1.363652229309082031e+00 9.119153022766113281e-01
8.574767112731933594e-01 1.155075788497924805e+00 1.062280654907226562e+00 2.689770758152008057e-01 -6.496043801307678223e-01 -1.126017093658447266e+00 2.574046254158020020e-01 -1.673076599836349487e-01 6.781528592109680176e-01 1.329018473625183105e+00
8.273057937622070312e-01 1.300928235054016113e+00 9.963133335113525391e-01 2.615353763103485107e-01 -6.944947838783264160e-01 -1.128429412841796875e+00 2.863923311233520508e-01 -1.705123931169509888e-01 8.387773036956787109e-01 1.251802802085876465e+00
7.132622003555297852e-01 1.161764383316040039e+00 9.506845474243164062e-01 2.239830195903778076e-01 -6.825879812240600586e-01 -1.112736463546752930e+00 3.734397292137145996e-01 -1.562181562185287476e-01 7.985546588897705078e-01 1.278650164604187012e+00
6.272939443588256836e-01 7.761672139167785645e-01 1.085592746734619141e+00 1.452489495277404785e-01 -6.704034805297851562e-01 -1.003160834312438965e+00 4.043444395065307617e-01 -4.401423037052154541e-02 5.460512042045593262e-01 1.441465854644775391e+00
