8.976463079452514648e-01 5.419046878814697266e-01 1.798163354396820068e-02 1.992736160755157471e-01 8.997075259685516357e-02 1.668684333562850952e-01 4.508187472820281982e-01 -8.793795704841613770e-01 -5.742911994457244873e-02 5.445065498352050781e-01
9.432256817817687988e-01 5.240018367767333984e-01 -3.100349009037017822e-02 2.517670392990112305e-01 8.375273644924163818e-02 9.613890945911407471e-02 4.619033038616180420e-01 -8.375545144081115723e-01 -6.795048713684082031e-03 4.980545639991760254e-01
8.962733149528503418e-01 4.406300783157348633e-01 2.945677936077117920e-02 2.122235149145126343e-01 7.789306342601776123e-02 2.324042171239852905e-01 4.820488095283508301e-01 -9.469819664955139160e-01 -8.408589661121368408e-02 6.069069504737854004e-01
8.400338888168334961e-01 4.133810997009277344e-01 6.136144511401653290e-04 2.260627299547195435e-01 1.045778859406709671e-03 2.171959131956100464e-01 5.321114659309387207e-01 -9.206115603446960449e-01 -1.179269105195999146e-01 6.463637351989746094e-01
7.566530704498291016e-01 4.531185626983642578e-01 -2.515529096126556396e-02 1.991493552923202515e-01 -4.620312154293060303e-02 2.502293586730957031e-01 5.473201870918273926e-01 -8.911710381507873535e-01 -1.372134238481521606e-01 6.572916507720947266e-01
8.244606852531433105e-01 3.690404295921325684e-01 3.404955565929412842e-02 2.030909657478332520e-01 -5.901716649532318115e-02 2.318738549947738647e-01 4.592124819755554199e-01 -8.850131630897521973e-01 -1.997147947549819946e-01 7.113521695137023926e-01
9.218664169311523438e-01 2.070708125829696655e-01 1.095888167619705200e-01 2.941633164882659912e-01 -1.098169237375259399e-01 1.820536106824874878e-01 4.161070585250854492e-01 -9.077253341674804688e-01 -2.930989563465118408e-01 7.966327071189880371e-01
9.695649743080139160e-01 1.949149221181869507e-01 5.161057412624359131e-02 1.593934446573257446e-01 -4.587121307849884033e-02 6.094472110271453857e-02 2.826436758041381836e-01 -8.990510106086730957e-01 -2.585702240467071533e-01 7.514041662216186523e-01
9.801482558250427246e-01 2.499186843633651733e-01 3.782661259174346924e-02 1.070750653743743896e-01 -4.596556536853313446e-04 5.884157121181488037e-02 2.388015985488891602e-01 -9.008257985115051270e-01 -2.193164676427841187e-01 6.658336520195007324e-01
9.934936165809631348e-01 2.632523775100708008e-01 3.512124717235565186e-02 9.884092211723327637e-02 1.536921132355928421e-03 5.541299283504486084e-02 2.328256368637084961e-01 -9.003270864486694336e-01 -2.047438770532608032e-01 6.589756011962890625e-01
9.824523925781250000e-01 2.647880315780639648e-01 3.429903090000152588e-02 1.055825948715209961e-01 -8.955642580986022949e-03 5.523268878459930420e-02 2.331067919731140137e-01 -9.079999327659606934e-01 -2.100670337677001953e-01 6.665315032005310059e-01
9.892315268516540527e-01 2.717583179473876953e-01 3.946442902088165283e-02 1.026900857686996460e-01 1.612499821931123734e-03 6.862233579158782959e-02 2.297241687774658203e-01 -9.037717580795288086e-01 -2.107251286506652832e-01 6.562724113464355469e-01
9.983073472976684570e-01 2.607223987579345703e-01 3.448082506656646729e-02 1.017425954341888428e-01 8.243188261985778809e-03 5.546920001506805420e-02 2.339289784431457520e-01 -9.059973359107971191e-01 -2.052884399890899658e-01 6.564936041831970215e-01
1.263826251029968262e+00 -7.868827879428863525e-02 1.057564169168472290e-01 1.618112623691558838e-01 1.427669525146484375e-01 1.631823033094406128e-01 4.192320704460144043e-01 -9.212778210639953613e-01 -2.934732139110565186e-01 8.223393559455871582e-01
1.874879240989685059e+00 -2.120632082223892212e-01 2.245052158832550049e-02 -5.986313521862030029e-02 1.405757218599319458e-01 1.276776045560836792e-01 -3.328554630279541016e-01 -6.725677847862243652e-01 -4.853583276271820068e-01 4.462236762046813965e-01
1.890821814537048340e+00 -2.141039520502090454e-01 9.639397263526916504e-03 -4.783731698989868164e-02 1.501349657773971558e-01 1.218184083700180054e-01 -3.331368565559387207e-01 -6.525497436523437500e-01 -4.778239428997039795e-01 4.308422207832336426e-01
1.890915870666503906e+00 -2.219175845384597778e-01 2.385614812374114990e-02 -5.527940392494201660e-02 1.515737026929855347e-01 1.325028389692306519e-01 -3.413484096527099609e-01 -6.520527601242065430e-01 -4.797688722610473633e-01 4.285635352134704590e-01
1.892105221748352051e+00 -2.224226742982864380e-01 1.662053167819976807e-02 -5.116954445838928223e-02 1.452036947011947632e-01 1.211405247449874878e-01 -3.385944962501525879e-01 -6.584613919258117676e-01 -4.793848991394042969e-01 4.246682524681091309e-01
1.889071106910705566e+00 -2.180155068635940552e-01 1.111717522144317627e-02 -4.297134280204772949e-02 1.454038172960281372e-01 1.170666068792343140e-01 -3.235048055648803711e-01 -6.637238860130310059e-01 -4.725501835346221924e-01 4.232164025306701660e-01
1.897370457649230957e+00 -2.169701009988784790e-01 2.321060001850128174e-02 -4.730264842510223389e-02 1.476560682058334351e-01 1.284511536359786987e-01 -3.423933982849121094e-01 -6.507456898689270020e-01 -4.842220842838287354e-01 4.235251545906066895e-01
1.893796443939208984e+00 -2.215190082788467407e-01 9.483590722084045410e-03 -4.609271883964538574e-02 1.536309570074081421e-01 1.250734180212020874e-01 -3.424445986747741699e-01 -6.615233421325683594e-01 -4.855700433254241943e-01 4.190224409103393555e-01
1.881993174552917480e+00 -2.168275266885757446e-01 1.855136454105377197e-02 -4.318290948867797852e-02 1.487981528043746948e-01 1.219773739576339722e-01 -3.335847258567810059e-01 -6.592141985893249512e-01 -4.756034910678863525e-01 4.238122701644897461e-01
1.886175513267517090e+00 -2.148060947656631470e-01 1.057256758213043213e-02 -5.540126562118530273e-02 1.471383422613143921e-01 1.256131380796432495e-01 -3.361033797264099121e-01 -6.631308197975158691e-01 -4.831409752368927002e-01 4.214647412300109863e-01
4.315361380577087402e-01 -7.918294072151184082e-01 -2.879757881164550781e-01 5.974985957145690918e-01 -3.600846529006958008e-01 2.209253162145614624e-01 -8.121743202209472656e-01 -1.139155030250549316e+00 -1.303486466407775879e+00 -4.297398030757904053e-01
-1.166625171899795532e-01 -8.133378028869628906e-01 -4.450152516365051270e-01 8.362687826156616211e-01 -5.621582865715026855e-01 5.845570564270019531e-01 -2.209949493408203125e-01 -8.359345793724060059e-01 -1.505132555961608887e+00 -7.990121245384216309e-01
-1.171731203794479370e-01 -8.160068392753601074e-01 -4.380221068859100342e-01 8.568993210792541504e-01 -5.616319775581359863e-01 5.621595382690429688e-01 -2.057821154594421387e-01 -8.287030458450317383e-01 -1.495677351951599121e+00 -7.860471010208129883e-01
-1.131692677736282349e-01 -8.081360459327697754e-01 -4.378866553306579590e-01 8.841806054115295410e-01 -5.730867981910705566e-01 5.525357723236083984e-01 -1.911453008651733398e-01 -8.266605138778686523e-01 -1.490024447441101074e+00 -7.828931808471679688e-01
-1.155449599027633667e-01 -8.127415776252746582e-01 -4.453996717929840088e-01 8.622817993164062500e-01 -5.721481442451477051e-01 5.611619949340820312e-01 -1.973909139633178711e-01 -8.224582076072692871e-01 -1.499090552330017090e+00 -7.905009388923645020e-01
-1.153914183378219604e-01 -8.177943825721740723e-01 -4.417423605918884277e-01 8.498128652572631836e-01 -5.782809257507324219e-01 5.549228191375732422e-01 -2.011022567749023438e-01 -8.364599347114562988e-01 -1.499826073646545410e+00 -7.857068777084350586e-01
-1.533580273389816284e-01 -5.634789466857910156e-01 -5.375601053237915039e-01 8.006640672683715820e-01 -6.641643643379211426e-01 7.116386890411376953e-01 1.019387841224670410e-01 -7.727424502372741699e-01 -1.403513669967651367e+00 -8.349696993827819824e-01
-3.574258685111999512e-01 -1.099572926759719849e-01 -5.993577241897583008e-01 8.271167874336242676e-01 -7.280976176261901855e-01 8.129475116729736328e-01 2.603075504302978516e-01 -7.452276349067687988e-01 -1.342522978782653809e+00 -9.908474683761596680e-01
-4.754356443881988525e-01 -1.855553686618804932e-02 -5.917422771453857422e-01 7.552849054336547852e-01 -9.039755463600158691e-01 5.781951546669006348e-01 -1.242518704384565353e-02 -7.249562144279479980e-01 -1.395241379737854004e+00 -1.093945860862731934e+00
-4.957968592643737793e-01 1.057063043117523193e-02 -5.827366113662719727e-01 7.418909668922424316e-01 -8.942545056343078613e-01 5.753763914108276367e-01 -2.418512478470802307e-02 -7.401352524757385254e-01 -1.394245505332946777e+00 -1.112969279289245605e+00
-4.843930006027221680e-01 -1.040591299533843994e-02 -5.862233638763427734e-01 7.516655921936035156e-01 -9.058577418327331543e-01 5.602094531059265137e-01 -1.324051897972822189e-02 -7.411255240440368652e-01 -1.388476133346557617e+00 -1.096873998641967773e+00
-4.964978694915771484e-01 5.876861512660980225e-02 -5.849410295486450195e-01 8.197645545005798340e-01 -9.030402302742004395e-01 6.744459867477416992e-01 2.420051693916320801e-01 -7.559747695922851562e-01 -1.332335591316223145e+00 -9.771271347999572754e-01
-6.154407262802124023e-01 2.972180247306823730e-01 -6.077339649200439453e-01 8.560199141502380371e-01 -8.564534783363342285e-01 7.825149297714233398e-01 2.513512372970581055e-01 -7.799697518348693848e-01 -1.199123263359069824e+00 -1.092863202095031738e+00
-6.942624449729919434e-01 3.765389919281005859e-01 -6.194033026695251465e-01 8.237513303756713867e-01 -8.705027699470520020e-01 7.354671955108642578e-01 1.595086455345153809e-01 -6.965714097023010254e-01 -1.088631510734558105e+00 -1.208705306053161621e+00
-6.898769736289978027e-01 3.491129279136657715e-01 -6.546544432640075684e-01 8.224402666091918945e-01 -8.457823991775512695e-01 7.039180994033813477e-01 1.942071914672851562e-01 -7.577633261680603027e-01 -1.079924464225769043e+00 -1.206300854682922363e+00
