2.258882969617843628e-01 1.130746454000473022e-01 5.984582901000976562e-01 1.680077761411666870e-01 -9.866718947887420654e-02 4.377592206001281738e-01 6.731736063957214355e-01 -1.351209282875061035e+00 -1.138212531805038452e-01 -7.579622864723205566e-01
2.294701784849166870e-01 1.351919025182723999e-01 6.171123981475830078e-01 1.684905588626861572e-01 -9.081615507602691650e-02 4.368305802345275879e-01 6.537796854972839355e-01 -1.339123487472534180e+00 -1.249457746744155884e-01 -7.646031975746154785e-01
2.303386479616165161e-01 1.338587850332260132e-01 6.316854953765869141e-01 1.934467852115631104e-01 -8.742533624172210693e-02 3.862823843955993652e-01 6.442968249320983887e-01 -1.345231652259826660e+00 -1.282071471214294434e-01 -7.573658823966979980e-01
2.335567027330398560e-01 9.298931062221527100e-02 6.063119173049926758e-01 1.558222323656082153e-01 -9.108100831508636475e-02 3.936466574668884277e-01 7.129558324813842773e-01 -1.328970670700073242e+00 -1.066193655133247375e-01 -7.240651845932006836e-01
1.921417266130447388e-01 5.378566682338714600e-02 5.480253696441650391e-01 1.218141615390777588e-01 -9.772071242332458496e-02 3.984376192092895508e-01 8.130902051925659180e-01 -1.357743144035339355e+00 -5.778802931308746338e-02 -6.334076523780822754e-01
6.321230530738830566e-02 3.249250352382659912e-02 5.315445661544799805e-01 8.788439631462097168e-02 -1.223242431879043579e-01 4.370834231376647949e-01 9.630383253097534180e-01 -1.313668727874755859e+00 -6.951950490474700928e-03 -4.804134964942932129e-01
-4.787689819931983948e-02 1.420186609029769897e-01 6.090453863143920898e-01 1.872523874044418335e-01 -1.499326974153518677e-01 3.558517694473266602e-01 1.304598808288574219e+00 -1.380515813827514648e+00 1.203100085258483887e-01 -3.102475702762603760e-01
-2.629299834370613098e-02 2.682233452796936035e-01 5.818585753440856934e-01 2.122701108455657959e-01 -3.113054633140563965e-01 3.011386692523956299e-01 1.302888631820678711e+00 -1.392088413238525391e+00 2.592848241329193115e-01 -4.230422079563140869e-01
8.581168949604034424e-02 3.204460740089416504e-01 6.332119107246398926e-01 2.032433748245239258e-01 -3.493192493915557861e-01 3.150049149990081787e-01 9.874837994575500488e-01 -1.394042849540710449e+00 1.926551312208175659e-01 -5.961027741432189941e-01
-5.785390362143516541e-02 3.956432938575744629e-01 3.871828317642211914e-01 2.392060160636901855e-01 -1.875858753919601440e-01 3.262499868869781494e-01 1.143584847450256348e+00 -1.413631439208984375e+00 4.520952701568603516e-01 -6.406286358833312988e-01
1.288648992776870728e-01 6.529781222343444824e-01 7.875310778617858887e-01 4.021212160587310791e-01 -2.139323234558105469e+00 -3.836068511009216309e-01 -8.738253712654113770e-01 -6.570829749107360840e-01 4.378400146961212158e-01 -8.656862378120422363e-01
2.942828536033630371e-01 1.738287061452865601e-01 1.503777861595153809e+00 4.370112419128417969e-01 -5.597320199012756348e-01 -1.189396262168884277e+00 -1.261992454528808594e+00 -9.147776365280151367e-01 1.761684268712997437e-01 -5.111558437347412109e-01
2.907473444938659668e-01 1.422594636678695679e-01 1.483366370201110840e+00 4.749079346656799316e-01 -5.844489932060241699e-01 -1.193499803543090820e+00 -1.338747739791870117e+00 -9.000714421272277832e-01 2.003544569015502930e-01 -5.193415880203247070e-01
2.926813662052154541e-01 1.477740257978439331e-01 1.484146714210510254e+00 4.773277342319488525e-01 -6.048710346221923828e-01 -1.191462755203247070e+00 -1.334160089492797852e+00 -9.070566296577453613e-01 2.019234746694564819e-01 -5.061576366424560547e-01
2.897786498069763184e-01 1.444934457540512085e-01 1.469902634620666504e+00 4.713531434535980225e-01 -5.870335698127746582e-01 -1.202648401260375977e+00 -1.326108455657958984e+00 -8.956539630889892578e-01 2.054638266563415527e-01 -5.147525072097778320e-01
2.789000272750854492e-01 4.050536155700683594e-01 1.220201730728149414e+00 5.794666409492492676e-01 -6.204450130462646484e-01 -1.273051023483276367e+00 -1.138428807258605957e+00 -1.151102066040039062e+00 5.493615269660949707e-01 -7.384700179100036621e-01
2.885346710681915283e-01 3.869984149932861328e-01 1.204401850700378418e+00 6.152747869491577148e-01 -6.459496617317199707e-01 -1.263915061950683594e+00 -1.154671549797058105e+00 -1.162251234054565430e+00 5.764049887657165527e-01 -7.401669025421142578e-01
2.903861403465270996e-01 4.025794863700866699e-01 1.211785674095153809e+00 5.953804254531860352e-01 -6.456769108772277832e-01 -1.271005034446716309e+00 -1.132878065109252930e+00 -1.158660411834716797e+00 5.690874457359313965e-01 -7.402357459068298340e-01
2.839359045028686523e-01 3.926366567611694336e-01 1.199280381202697754e+00 6.017527580261230469e-01 -6.529009938240051270e-01 -1.263031840324401855e+00 -1.158381104469299316e+00 -1.155726909637451172e+00 5.732223391532897949e-01 -7.465178966522216797e-01
2.920956015586853027e-01 4.030836820602416992e-01 1.214469552040100098e+00 5.886021852493286133e-01 -6.290721297264099121e-01 -1.267638206481933594e+00 -1.138851404190063477e+00 -1.162323713302612305e+00 5.639265179634094238e-01 -7.483734488487243652e-01
3.210738301277160645e-01 3.877550363540649414e-01 1.281363725662231445e+00 6.070919036865234375e-01 -5.914420485496520996e-01 -1.161638021469116211e+00 -9.396756887435913086e-01 -1.183155655860900879e+00 6.722286343574523926e-01 -7.042307257652282715e-01
2.440617233514785767e-01 4.450119733810424805e-01 1.702413439750671387e+00 6.015043854713439941e-01 -6.327292323112487793e-01 -1.152940750122070312e+00 -5.210161581635475159e-02 -1.281311750411987305e+00 1.329996466636657715e+00 -4.587494134902954102e-01
2.076461017131805420e-01 2.272212356328964233e-01 1.887464404106140137e+00 5.866445302963256836e-01 -5.928737521171569824e-01 -1.260667324066162109e+00 2.539339065551757812e-01 -1.284897089004516602e+00 7.210614085197448730e-01 -1.758728027343750000e-01
1.690837591886520386e-01 3.339074850082397461e-01 1.806709170341491699e+00 5.569168925285339355e-01 -6.284945011138916016e-01 -1.244526743888854980e+00 2.995198965072631836e-01 -1.280085802078247070e+00 8.887451887130737305e-01 -2.278499603271484375e-01
9.696565568447113037e-02 2.802112102508544922e-01 1.691636919975280762e+00 4.964798390865325928e-01 -5.892775654792785645e-01 -1.213290810585021973e+00 3.491585254669189453e-01 -1.241378068923950195e+00 8.848757147789001465e-01 -2.130766510963439941e-01
2.614368870854377747e-02 9.645985066890716553e-02 1.742666840553283691e+00 4.405930340290069580e-01 -5.744116902351379395e-01 -1.193048119544982910e+00 3.934534192085266113e-01 -1.102242588996887207e+00 6.071456074714660645e-01 -3.109913691878318787e-02
