8.772195577621459961e-01 3.159798383712768555e-01 4.329136013984680176e-02 -1.163214743137359619e-01 -3.569624423980712891e-01 8.087728619575500488e-01 4.687762260437011719e-01 -8.994705677032470703e-01 1.017034575343132019e-01 3.296043276786804199e-01
8.789910078048706055e-01 3.321013450622558594e-01 4.122270643711090088e-02 -9.751805663108825684e-02 -3.691507875919342041e-01 8.179024457931518555e-01 4.573584794998168945e-01 -9.065080285072326660e-01 9.062355756759643555e-02 3.296034634113311768e-01
8.810736536979675293e-01 3.323843479156494141e-01 4.451887309551239014e-02 -1.012838110327720642e-01 -3.616993129253387451e-01 7.776125073432922363e-01 4.597318768501281738e-01 -9.030568003654479980e-01 9.241632372140884399e-02 3.423143625259399414e-01
8.790286183357238770e-01 2.766497731208801270e-01 3.998285531997680664e-02 -1.244098693132400513e-01 -3.757457435131072998e-01 7.877838015556335449e-01 5.070277452468872070e-01 -8.759022951126098633e-01 1.058906465768814087e-01 3.422666490077972412e-01
7.973901629447937012e-01 3.128889799118041992e-01 6.644944846630096436e-02 -1.876853257417678833e-01 -3.084372580051422119e-01 6.759825348854064941e-01 5.800946950912475586e-01 -8.929133415222167969e-01 7.015578448772430420e-02 4.600707292556762695e-01
6.653032302856445312e-01 2.573100328445434570e-01 6.848312914371490479e-02 -1.996677815914154053e-01 -3.041863739490509033e-01 7.498799562454223633e-01 7.508572936058044434e-01 -9.175516366958618164e-01 1.235307529568672180e-01 5.375571846961975098e-01
4.639148712158203125e-01 4.465160369873046875e-01 1.540403813123703003e-01 -9.913094341754913330e-02 -3.283195793628692627e-01 6.769200563430786133e-01 1.162958025932312012e+00 -1.043744921684265137e+00 2.258231043815612793e-01 6.665000319480895996e-01
5.022994875907897949e-01 6.481310129165649414e-01 1.192864924669265747e-01 -3.383123874664306641e-02 -5.688855051994323730e-01 5.749793648719787598e-01 1.230302214622497559e+00 -1.097948074340820312e+00 3.359045684337615967e-01 5.146210789680480957e-01
6.691375970840454102e-01 8.173524141311645508e-01 1.517019122838973999e-01 -2.040600962936878204e-02 -6.609259247779846191e-01 5.921018123626708984e-01 9.114595055580139160e-01 -1.112690687179565430e+00 2.900886237621307373e-01 4.109889864921569824e-01
6.905072331428527832e-01 7.675601243972778320e-01 1.474186331033706665e-01 -2.493998594582080841e-02 -6.386702060699462891e-01 5.860809683799743652e-01 8.285545110702514648e-01 -1.094842314720153809e+00 2.514176070690155029e-01 4.271237552165985107e-01
6.887969374656677246e-01 7.798128724098205566e-01 1.437903493642807007e-01 -2.030550129711627960e-02 -6.353449225425720215e-01 5.915966033935546875e-01 8.268200755119323730e-01 -1.095433473587036133e+00 2.482414394617080688e-01 4.315435290336608887e-01
6.998009681701660156e-01 7.795128822326660156e-01 1.523817628622055054e-01 -2.606940455734729767e-02 -6.439068913459777832e-01 5.961360931396484375e-01 8.256108760833740234e-01 -1.093477606773376465e+00 2.515815198421478271e-01 4.223583936691284180e-01
6.922330856323242188e-01 7.746341824531555176e-01 1.515447348356246948e-01 -2.994358725845813751e-02 -6.381825208663940430e-01 5.941710472106933594e-01 8.286290168762207031e-01 -1.087643504142761230e+00 2.470617890357971191e-01 4.236609637737274170e-01
5.255500078201293945e-01 7.618686556816101074e-01 4.408062994480133057e-02 -9.750531055033206940e-03 -5.711434483528137207e-01 5.803878903388977051e-01 1.143120527267456055e+00 -1.115356922149658203e+00 4.129508435726165771e-01 3.891147971153259277e-01
1.097271561622619629e+00 1.322399497032165527e+00 2.621946930885314941e-01 5.744825303554534912e-02 -1.295469522476196289e+00 3.982828557491302490e-01 -1.425287127494812012e-01 -5.072136521339416504e-01 5.228724479675292969e-01 1.975050568580627441e-01
1.479176402091979980e+00 7.258551716804504395e-01 1.143794655799865723e+00 1.934301666915416718e-02 -8.929654359817504883e-01 -7.041922211647033691e-01 -1.340430140495300293e+00 -7.464084029197692871e-01 2.529183924198150635e-01 6.394672393798828125e-02
1.448432564735412598e+00 6.065400838851928711e-01 1.237566113471984863e+00 -5.720941722393035889e-02 -7.185022234916687012e-01 -7.030366659164428711e-01 -1.332761168479919434e+00 -6.903954148292541504e-01 1.693125516176223755e-01 1.171612143516540527e-01
1.432973623275756836e+00 6.227476596832275391e-01 1.249717116355895996e+00 -8.371583372354507446e-02 -7.137069106101989746e-01 -7.032410502433776855e-01 -1.292696356773376465e+00 -6.990875005722045898e-01 1.673090904951095581e-01 1.183126568794250488e-01
1.430567622184753418e+00 6.242561340332031250e-01 1.252299666404724121e+00 -8.423402160406112671e-02 -6.994126439094543457e-01 -6.951833367347717285e-01 -1.299828648567199707e+00 -6.882529258728027344e-01 1.693053692579269409e-01 1.113677620887756348e-01
1.430249333381652832e+00 6.128064990043640137e-01 1.255486130714416504e+00 -8.096762001514434814e-02 -6.975685954093933105e-01 -6.959013342857360840e-01 -1.298284888267517090e+00 -6.917585730552673340e-01 1.701625138521194458e-01 1.152396798133850098e-01
1.436721324920654297e+00 6.188796758651733398e-01 1.253862619400024414e+00 -7.230423390865325928e-02 -7.119778990745544434e-01 -6.996451020240783691e-01 -1.298457145690917969e+00 -6.960128545761108398e-01 1.689609438180923462e-01 1.148300766944885254e-01
1.445798993110656738e+00 6.148914098739624023e-01 1.247122168540954590e+00 -6.735575199127197266e-02 -7.096632719039916992e-01 -6.986273527145385742e-01 -1.309012770652770996e+00 -6.956651210784912109e-01 1.763335764408111572e-01 1.169853210449218750e-01
1.445769906044006348e+00 6.179042458534240723e-01 1.247468709945678711e+00 -7.667797803878784180e-02 -7.085151076316833496e-01 -6.999105215072631836e-01 -1.300007224082946777e+00 -6.940457224845886230e-01 1.665503829717636108e-01 1.175578236579895020e-01
1.490428447723388672e+00 9.677473306655883789e-01 1.031987071037292480e+00 9.661954641342163086e-02 -7.452114224433898926e-01 -6.975263357162475586e-01 -1.138697504997253418e+00 -8.545364737510681152e-01 4.857499897480010986e-01 -1.685440167784690857e-02
1.480334758758544922e+00 9.533253312110900879e-01 1.032144427299499512e+00 8.123415708541870117e-02 -7.539188861846923828e-01 -6.988169550895690918e-01 -1.144943356513977051e+00 -8.534678816795349121e-01 4.775649309158325195e-01 -2.268761023879051208e-02
1.475984692573547363e+00 9.528961777687072754e-01 1.031296372413635254e+00 8.638745546340942383e-02 -7.508108615875244141e-01 -6.997399926185607910e-01 -1.143276810646057129e+00 -8.641975522041320801e-01 4.817587733268737793e-01 -1.372414454817771912e-02
1.478148818016052246e+00 9.591062068939208984e-01 1.040164828300476074e+00 9.190681576728820801e-02 -7.526209354400634766e-01 -6.922932863235473633e-01 -1.132092833518981934e+00 -8.471885919570922852e-01 4.812110364437103271e-01 -1.209461316466331482e-02
1.484912514686584473e+00 9.634362459182739258e-01 1.028957605361938477e+00 8.819583058357238770e-02 -7.496749758720397949e-01 -6.928861737251281738e-01 -1.143621206283569336e+00 -8.615716099739074707e-01 4.853529036045074463e-01 -1.793670281767845154e-02
1.490987420082092285e+00 9.577006101608276367e-01 1.038173675537109375e+00 8.191359043121337891e-02 -7.530600428581237793e-01 -6.908065676689147949e-01 -1.145456552505493164e+00 -8.589373230934143066e-01 4.812461435794830322e-01 -1.853072270750999451e-02
1.500886321067810059e+00 9.578737020492553711e-01 1.018772482872009277e+00 9.240134805440902710e-02 -7.579295635223388672e-01 -6.931308507919311523e-01 -1.069562077522277832e+00 -8.812298178672790527e-01 5.230892300605773926e-01 -1.147108897566795349e-02
1.365161061286926270e+00 1.101739525794982910e+00 1.064203381538391113e+00 1.311476230621337891e-01 -6.706264615058898926e-01 -6.146614551544189453e-01 -5.875262618064880371e-01 -9.108228683471679688e-01 1.137532949447631836e+00 1.228531002998352051e-01
1.035058379173278809e+00 7.627593278884887695e-01 1.532435297966003418e+00 1.256588101387023926e-01 -9.265928864479064941e-01 -7.598231434822082520e-01 4.451270997524261475e-01 -9.071343541145324707e-01 7.943330407142639160e-01 4.653503298759460449e-01
1.067856431007385254e+00 6.764913201332092285e-01 1.685403585433959961e+00 8.847850561141967773e-02 -9.331811070442199707e-01 -7.832437753677368164e-01 3.816723227500915527e-01 -9.315377473831176758e-01 5.805097818374633789e-01 5.490232706069946289e-01
1.112574815750122070e+00 6.701570153236389160e-01 1.631318688392639160e+00 1.133675426244735718e-01 -9.088646173477172852e-01 -7.979329228401184082e-01 3.259576857089996338e-01 -9.294169545173645020e-01 6.050270795822143555e-01 5.364045500755310059e-01
1.047686457633972168e+00 8.102613687515258789e-01 1.509488940238952637e+00 1.080639958381652832e-01 -9.617990851402282715e-01 -7.671542763710021973e-01 4.339496493339538574e-01 -9.030889868736267090e-01 8.187372088432312012e-01 4.665004611015319824e-01
9.411340951919555664e-01 7.191072702407836914e-01 1.434055685997009277e+00 7.601596415042877197e-02 -9.402256011962890625e-01 -7.649888396263122559e-01 4.869483709335327148e-01 -8.955778479576110840e-01 8.005437254905700684e-01 4.692420363426208496e-01
8.011962175369262695e-01 4.226527810096740723e-01 1.486262083053588867e+00 7.960810326039791107e-03 -9.180786013603210449e-01 -7.761279940605163574e-01 5.290513634681701660e-01 -7.272709608078002930e-01 5.568671822547912598e-01 5.943674445152282715e-01
9.495433568954467773e-01 2.827841043472290039e-01 1.662892937660217285e+00 8.875637315213680267e-03 -9.189571142196655273e-01 -7.240896224975585938e-01 3.981899023056030273e-01 -8.072428107261657715e-01 4.384140670299530029e-01 6.884083151817321777e-01
