7.680497765541076660e-01 4.241422414779663086e-01 -8.529402017593383789e-01 6.902901828289031982e-02 -4.198820292949676514e-01 8.175275325775146484e-01 3.625009655952453613e-01 -3.908152878284454346e-01 2.074554562568664551e-01 5.019544363021850586e-01
7.717695832252502441e-01 4.669700264930725098e-01 -8.951592445373535156e-01 8.337752521038055420e-02 -4.226732552051544189e-01 7.795310020446777344e-01 3.803271353244781494e-01 -3.787919580936431885e-01 2.284391671419143677e-01 4.670346677303314209e-01
7.650220394134521484e-01 4.728623628616333008e-01 -9.117689132690429688e-01 4.531787335872650146e-02 -4.076592028141021729e-01 7.949112057685852051e-01 3.373776078224182129e-01 -3.968478143215179443e-01 2.041616737842559814e-01 5.006467700004577637e-01
7.003802657127380371e-01 4.915846586227416992e-01 -8.887682557106018066e-01 5.474907159805297852e-02 -4.402156770229339600e-01 8.085545897483825684e-01 3.687112927436828613e-01 -3.919790685176849365e-01 1.973311156034469604e-01 5.240305066108703613e-01
6.419901847839355469e-01 5.184057354927062988e-01 -8.774160742759704590e-01 6.610450148582458496e-02 -4.747686684131622314e-01 8.706720471382141113e-01 3.931985497474670410e-01 -4.089955985546112061e-01 2.018894255161285400e-01 5.391815900802612305e-01
6.327714323997497559e-01 5.320203304290771484e-01 -8.682357668876647949e-01 9.435920417308807373e-02 -4.693430662155151367e-01 9.227198958396911621e-01 3.832855522632598877e-01 -3.880232870578765869e-01 2.336565703153610229e-01 4.645616710186004639e-01
6.514273285865783691e-01 5.344577431678771973e-01 -8.376139402389526367e-01 1.382206976413726807e-01 -5.131449103355407715e-01 9.711511135101318359e-01 3.170891106128692627e-01 -3.148033916950225830e-01 1.966525316238403320e-01 4.637257158756256104e-01
7.407065033912658691e-01 5.087862014770507812e-01 -8.816865086555480957e-01 1.340963393449783325e-01 -4.907901883125305176e-01 9.170046448707580566e-01 2.876798212528228760e-01 -4.422568976879119873e-01 1.419143080711364746e-01 5.184407830238342285e-01
7.578325867652893066e-01 4.420188069343566895e-01 -9.079603552818298340e-01 4.288892447948455811e-02 -4.562404453754425049e-01 8.007112145423889160e-01 2.502486109733581543e-01 -4.179004728794097900e-01 1.634941250085830688e-01 5.189748406410217285e-01
7.183906435966491699e-01 3.107820749282836914e-01 -8.547447919845581055e-01 6.952780485153198242e-02 -5.533390045166015625e-01 8.112015128135681152e-01 2.599299848079681396e-01 -3.528065979480743408e-01 7.118701934814453125e-02 5.544719099998474121e-01
5.129567384719848633e-01 -3.776646852493286133e-01 -4.225269556045532227e-01 6.056773662567138672e-02 -1.220177412033081055e+00 3.768386244773864746e-01 -2.948488593101501465e-01 -9.062620997428894043e-01 -2.239141762256622314e-01 1.408222436904907227e+00
5.470243692398071289e-01 -8.946387767791748047e-01 -9.817306399345397949e-01 -1.114211678504943848e-01 1.505159884691238403e-01 -3.726025819778442383e-01 -1.410815477371215820e+00 -6.056907176971435547e-01 -8.605251908302307129e-01 1.352301597595214844e+00
5.509215593338012695e-01 -9.047405123710632324e-01 -1.149273872375488281e+00 8.801774680614471436e-02 5.169934630393981934e-01 -6.623279452323913574e-01 -1.683634757995605469e+00 -8.869940638542175293e-01 -8.086808323860168457e-01 1.023290276527404785e+00
5.474123358726501465e-01 -9.071092605590820312e-01 -1.153513908386230469e+00 8.574956655502319336e-02 5.276056528091430664e-01 -6.548148989677429199e-01 -1.689741969108581543e+00 -8.842496871948242188e-01 -8.021283745765686035e-01 1.027994513511657715e+00
5.448985695838928223e-01 -8.838865756988525391e-01 -1.142518162727355957e+00 7.659889757633209229e-02 5.179929137229919434e-01 -6.631863117218017578e-01 -1.676127195358276367e+00 -8.707039356231689453e-01 -8.184850811958312988e-01 1.028082728385925293e+00
6.046422719955444336e-01 -9.695925116539001465e-01 -8.405998945236206055e-01 3.413552045822143555e-01 2.604740262031555176e-01 -6.824461817741394043e-01 -1.434530138969421387e+00 -1.231151580810546875e+00 -5.580788254737854004e-01 1.186823368072509766e+00
6.153144836425781250e-01 -9.524099826812744141e-01 -7.315275669097900391e-01 4.645687043666839600e-01 1.218870133161544800e-01 -6.712131500244140625e-01 -1.342361807823181152e+00 -1.336307883262634277e+00 -4.522404968738555908e-01 1.262389183044433594e+00
6.162188053131103516e-01 -9.365621209144592285e-01 -7.249394655227661133e-01 4.730067551136016846e-01 9.634535014629364014e-02 -6.691132187843322754e-01 -1.318256974220275879e+00 -1.341907978057861328e+00 -4.227923452854156494e-01 1.265934586524963379e+00
6.160890460014343262e-01 -9.344846010208129883e-01 -7.183490395545959473e-01 4.843614399433135986e-01 8.897905051708221436e-02 -6.641529202461242676e-01 -1.318429827690124512e+00 -1.343802690505981445e+00 -4.333554208278656006e-01 1.280172824859619141e+00
6.158512234687805176e-01 -9.373892545700073242e-01 -7.233893871307373047e-01 4.748561978340148926e-01 8.895398676395416260e-02 -6.700257658958435059e-01 -1.308289170265197754e+00 -1.342250108718872070e+00 -4.239052832126617432e-01 1.280151963233947754e+00
5.584818720817565918e-01 -7.946537137031555176e-01 -7.227171063423156738e-01 5.430543422698974609e-01 1.135040819644927979e-02 -6.441053152084350586e-01 -1.257809877395629883e+00 -1.295142292976379395e+00 -4.097112119197845459e-01 1.266995787620544434e+00
3.538106083869934082e-01 -1.865142732858657837e-01 -7.538665533065795898e-01 7.415163516998291016e-01 -5.125184357166290283e-02 -5.816422104835510254e-01 -8.088454604148864746e-01 -1.228976726531982422e+00 -3.099423348903656006e-01 1.544946551322937012e+00
-5.174176767468452454e-02 2.203578799962997437e-01 -1.192924618721008301e+00 4.111006855964660645e-01 3.439392149448394775e-02 -5.334765315055847168e-01 -1.027738928794860840e+00 -9.449998736381530762e-01 -5.914456248283386230e-01 1.109671473503112793e+00
-4.115216806530952454e-02 2.300916761159896851e-01 -1.183051943778991699e+00 3.977645933628082275e-01 5.169819295406341553e-02 -5.368404984474182129e-01 -9.770188927650451660e-01 -9.513974785804748535e-01 -5.653930902481079102e-01 1.128658413887023926e+00
-1.346235349774360657e-02 2.273242324590682983e-01 -1.138655900955200195e+00 4.229391515254974365e-01 4.815603792667388916e-02 -5.464450716972351074e-01 -9.100131392478942871e-01 -9.939484000205993652e-01 -5.216620564460754395e-01 1.237377047538757324e+00
-1.082126349210739136e-01 4.166020154953002930e-01 -1.067149400711059570e+00 5.102760791778564453e-01 -5.285228788852691650e-02 -5.684501528739929199e-01 -8.813962340354919434e-01 -1.058218240737915039e+00 -4.333153367042541504e-01 1.266639232635498047e+00
