3.195838332176208496e-01 1.717983335256576538e-01 7.967067956924438477e-01 4.537096619606018066e-02 -2.781072854995727539e-01 4.460911154747009277e-01 7.228904366493225098e-01 -5.143761634826660156e-01 -1.936644166707992554e-01 -8.173634409904479980e-01
3.140941858291625977e-01 1.895000785589218140e-01 7.976938486099243164e-01 2.376064471900463104e-02 -2.644347846508026123e-01 4.596574902534484863e-01 7.026153206825256348e-01 -5.145776271820068359e-01 -1.875186413526535034e-01 -8.287454247474670410e-01
3.480915427207946777e-01 8.041004836559295654e-02 7.596905231475830078e-01 2.651357464492321014e-02 -3.103497922420501709e-01 4.479963779449462891e-01 7.732607722282409668e-01 -4.835717380046844482e-01 -2.288428694009780884e-01 -7.676978707313537598e-01
2.732679247856140137e-01 5.963228642940521240e-02 7.807763218879699707e-01 3.517729043960571289e-02 -3.456542789936065674e-01 5.531094074249267578e-01 8.003725409507751465e-01 -4.746858179569244385e-01 -2.816159427165985107e-01 -6.773571372032165527e-01
2.035943418741226196e-01 3.200553357601165771e-02 7.220273017883300781e-01 4.343622922897338867e-02 -4.466589987277984619e-01 5.976212620735168457e-01 8.538114428520202637e-01 -4.424459636211395264e-01 -2.964058518409729004e-01 -6.824309825897216797e-01
1.950904577970504761e-01 4.378984868526458740e-02 7.665250897407531738e-01 4.857972264289855957e-02 -4.507015943527221680e-01 6.280998587608337402e-01 8.104783296585083008e-01 -4.427733123302459717e-01 -3.227581679821014404e-01 -7.016942501068115234e-01
2.743956744670867920e-01 -1.312727481126785278e-01 8.111525774002075195e-01 8.728176355361938477e-02 -4.922874271869659424e-01 5.667516589164733887e-01 7.911444902420043945e-01 -3.675614297389984131e-01 -4.779855608940124512e-01 -5.086566805839538574e-01
4.066061973571777344e-01 -1.496167331933975220e-01 8.711794018745422363e-01 8.734992146492004395e-02 -4.686676263809204102e-01 3.927307724952697754e-01 6.714803576469421387e-01 -5.272360444068908691e-01 -5.721510648727416992e-01 -4.095894992351531982e-01
4.129116237163543701e-01 -1.284383684396743774e-01 8.491307497024536133e-01 -9.345025755465030670e-03 -4.216137230396270752e-01 2.935315966606140137e-01 5.200522541999816895e-01 -4.907954633235931396e-01 -5.010076165199279785e-01 -4.948961436748504639e-01
5.283856987953186035e-01 -3.518294692039489746e-01 9.097887873649597168e-01 8.314898610115051270e-02 -3.155328333377838135e-01 4.655254483222961426e-01 8.274247050285339355e-01 -5.410016775131225586e-01 -6.692872643470764160e-01 -3.054991960525512695e-01
1.024689078330993652e+00 -5.558691620826721191e-01 8.418816328048706055e-01 -4.791006445884704590e-02 -3.237202763557434082e-01 1.796207278966903687e-01 -2.479812502861022949e-01 -4.079530835151672363e-01 -1.151658415794372559e+00 -7.453836202621459961e-01
1.036418318748474121e+00 -5.569322109222412109e-01 8.521816730499267578e-01 -5.029782652854919434e-02 -3.164826333522796631e-01 1.767614930868148804e-01 -2.491397261619567871e-01 -4.170665442943572998e-01 -1.143754959106445312e+00 -7.435861229896545410e-01
1.045796275138854980e+00 -5.635423064231872559e-01 8.416873216629028320e-01 -5.386641621589660645e-02 -3.107666671276092529e-01 1.812895983457565308e-01 -2.611181139945983887e-01 -4.256367385387420654e-01 -1.148694872856140137e+00 -7.477971911430358887e-01
1.045567035675048828e+00 -5.654203295707702637e-01 8.474870920181274414e-01 -5.063304305076599121e-02 -3.117434680461883545e-01 1.854223459959030151e-01 -2.589074969291687012e-01 -4.292053878307342529e-01 -1.148846268653869629e+00 -7.475897073745727539e-01
1.037677645683288574e+00 -5.613874793052673340e-01 8.441777229309082031e-01 -5.970111489295959473e-02 -3.101583421230316162e-01 1.874091476202011108e-01 -2.583262920379638672e-01 -4.176221489906311035e-01 -1.156208872795104980e+00 -7.480733990669250488e-01
9.723525643348693848e-01 -5.943546295166015625e-01 8.272118568420410156e-01 -2.068492956459522247e-02 -3.464744687080383301e-01 1.021451205015182495e-01 -4.268793761730194092e-01 -4.480865597724914551e-01 -1.248614430427551270e+00 -7.114350199699401855e-01
6.074946373701095581e-03 -6.938467025756835938e-01 4.341116249561309814e-01 1.077031791210174561e-01 -1.585082858800888062e-01 -8.643330633640289307e-02 -6.395018696784973145e-01 -5.651004910469055176e-01 -1.904873967170715332e+00 -8.356128931045532227e-01
-1.839652210474014282e-01 -6.523973941802978516e-01 3.633041679859161377e-01 1.651394069194793701e-01 -4.123172461986541748e-01 3.298509716987609863e-01 3.675637245178222656e-01 -3.450860083103179932e-01 -1.768179059028625488e+00 -4.846372604370117188e-01
-1.803892403841018677e-01 -6.467306613922119141e-01 3.579229414463043213e-01 1.717082560062408447e-01 -4.256579577922821045e-01 3.479471206665039062e-01 3.697853088378906250e-01 -3.304509222507476807e-01 -1.774860739707946777e+00 -4.792407751083374023e-01
-1.858169436454772949e-01 -6.404591202735900879e-01 3.625727891921997070e-01 1.683056652545928955e-01 -4.238252639770507812e-01 3.482261300086975098e-01 3.654106259346008301e-01 -3.298830091953277588e-01 -1.770956158638000488e+00 -4.885593056678771973e-01
-1.918700188398361206e-01 -4.258643388748168945e-01 2.677138447761535645e-01 1.050665676593780518e-01 -4.147547483444213867e-01 5.371844172477722168e-01 6.872320175170898438e-01 -3.020095527172088623e-01 -1.657736063003540039e+00 -5.686156153678894043e-01
-4.382947087287902832e-01 -9.273876249790191650e-02 2.410822957754135132e-01 2.132199108600616455e-01 -4.360547959804534912e-01 5.651111006736755371e-01 7.819256186485290527e-01 -3.063781261444091797e-01 -1.475794672966003418e+00 -8.820981383323669434e-01
-5.823242664337158203e-01 -6.051316391676664352e-03 2.219411581754684448e-01 1.720616221427917480e-01 -6.347613930702209473e-01 3.655215501785278320e-01 4.636787176132202148e-01 -2.376092821359634399e-01 -1.354735016822814941e+00 -9.510908722877502441e-01
-5.888096094131469727e-01 2.929017413407564163e-03 2.039940804243087769e-01 1.656145751476287842e-01 -6.358649134635925293e-01 4.878745973110198975e-01 6.628423333168029785e-01 -2.751443088054656982e-01 -1.363703966140747070e+00 -8.447490930557250977e-01
-7.130328416824340820e-01 2.096482962369918823e-01 1.717753559350967407e-01 1.834021508693695068e-01 -5.708987712860107422e-01 5.779792666435241699e-01 8.069185614585876465e-01 -3.734960854053497314e-01 -1.181780695915222168e+00 -9.114804863929748535e-01
-8.410117626190185547e-01 3.363866209983825684e-01 1.646574288606643677e-01 2.007758915424346924e-01 -6.386579871177673340e-01 6.018235683441162109e-01 7.547296881675720215e-01 -3.011543750762939453e-01 -9.995573163032531738e-01 -1.034061551094055176e+00
