2.000515908002853394e-01 5.533605217933654785e-01 -1.618485152721405029e-02 7.585397362709045410e-02 -2.256438285112380981e-01 2.153491228818893433e-01 7.882021665573120117e-01 -2.311548441648483276e-01 -2.745045721530914307e-01 -1.260559856891632080e-01
2.368928939104080200e-01 5.567625761032104492e-01 -6.774194538593292236e-02 1.390923559665679932e-01 -2.436909526586532593e-01 1.530492752790451050e-01 7.948023080825805664e-01 -2.164341062307357788e-01 -2.603941261768341064e-01 -1.499654650688171387e-01
1.994451433420181274e-01 4.664537906646728516e-01 -2.213199436664581299e-02 4.778832197189331055e-02 -2.257274985313415527e-01 2.744185924530029297e-01 8.427166938781738281e-01 -2.545220553874969482e-01 -3.292377293109893799e-01 -3.292405232787132263e-02
1.478381901979446411e-01 4.233027696609497070e-01 -5.744428932666778564e-02 6.888319551944732666e-02 -2.813086807727813721e-01 2.810556888580322266e-01 8.972851634025573730e-01 -2.037647217512130737e-01 -3.727754652500152588e-01 -5.444701761007308960e-03
9.261982142925262451e-02 4.644600152969360352e-01 -7.599107921123504639e-02 6.180888414382934570e-02 -3.169179856777191162e-01 3.026869893074035645e-01 9.142466187477111816e-01 -1.941903084516525269e-01 -3.663684427738189697e-01 -8.485849946737289429e-03
1.692854017019271851e-01 3.793361186981201172e-01 -4.069109261035919189e-02 7.155981659889221191e-02 -3.217627704143524170e-01 2.699799537658691406e-01 8.702375292778015137e-01 -1.926307529211044312e-01 -4.445584416389465332e-01 3.679734840989112854e-02
2.521386742591857910e-01 2.343863099813461304e-01 -1.409546006470918655e-03 1.275613307952880859e-01 -3.587819337844848633e-01 2.453666776418685913e-01 8.699893951416015625e-01 -2.194652408361434937e-01 -5.842407345771789551e-01 1.107712984085083008e-01
2.900624275207519531e-01 2.282341569662094116e-01 -3.164653480052947998e-02 5.058521032333374023e-02 -3.059465587139129639e-01 1.200625747442245483e-01 6.647866368293762207e-01 -2.874302566051483154e-01 -5.941396355628967285e-01 1.607179045677185059e-01
3.050251901149749756e-01 2.455443590879440308e-01 -3.502084314823150635e-02 7.093249820172786713e-03 -2.833175361156463623e-01 9.140257537364959717e-02 5.830689668655395508e-01 -2.694528400897979736e-01 -5.564807057380676270e-01 9.922969341278076172e-02
6.784325838088989258e-01 -1.209180504083633423e-01 -2.566497027873992920e-02 -3.593316674232482910e-02 -2.327319234609603882e-01 3.017412312328815460e-02 1.846065521240234375e-01 -3.329142630100250244e-01 -1.027917265892028809e+00 8.152133226394653320e-02
9.246722459793090820e-01 -1.645057350397109985e-01 -4.081560671329498291e-02 -4.756668210029602051e-02 -2.806987762451171875e-01 -6.606830749660730362e-03 -1.928172111511230469e-01 -2.769962251186370850e-01 -1.171407341957092285e+00 -8.591651916503906250e-02
9.233857989311218262e-01 -1.684951931238174438e-01 -4.641552269458770752e-02 -4.740208387374877930e-02 -2.637832462787628174e-01 -1.362101174890995026e-04 -1.850965619087219238e-01 -2.913453876972198486e-01 -1.173276066780090332e+00 -7.453137636184692383e-02
9.283667206764221191e-01 -1.611606031656265259e-01 -3.764413297176361084e-02 -4.345193505287170410e-02 -2.791942059993743896e-01 1.512931194156408310e-03 -1.887434124946594238e-01 -2.801393568515777588e-01 -1.175053119659423828e+00 -7.515448331832885742e-02
9.278814196586608887e-01 -1.607040911912918091e-01 -3.600589931011199951e-02 -5.041366815567016602e-02 -2.683434784412384033e-01 4.530893173068761826e-03 -1.853061318397521973e-01 -2.811109125614166260e-01 -1.166595578193664551e+00 -7.198226451873779297e-02
9.233699440956115723e-01 -1.602751165628433228e-01 -3.459139168262481689e-02 -4.911723732948303223e-02 -2.730584144592285156e-01 2.696798648685216904e-03 -1.920435428619384766e-01 -2.828550040721893311e-01 -1.173710703849792480e+00 -7.702100276947021484e-02
6.950166225433349609e-01 -3.226406574249267578e-01 2.635546028614044189e-02 -1.414777338504791260e-01 -2.059925347566604614e-01 -2.924898564815521240e-01 -9.090438485145568848e-01 -2.279318720102310181e-01 -1.468438506126403809e+00 -4.009732007980346680e-01
-2.247693017125129700e-02 -5.676905512809753418e-01 -1.617523878812789917e-01 2.360191047191619873e-01 -4.688361585140228271e-01 2.588151097297668457e-01 2.249985337257385254e-01 -3.028618991374969482e-01 -1.940988183021545410e+00 -5.540443658828735352e-01
-9.751258790493011475e-02 -5.930318832397460938e-01 -8.909927308559417725e-02 1.766466796398162842e-01 -3.423047661781311035e-01 2.721542716026306152e-01 1.560725569725036621e-01 -2.786855399608612061e-01 -1.957860589027404785e+00 -6.379387974739074707e-01
-9.733898937702178955e-02 -5.925726890563964844e-01 -9.732411801815032959e-02 2.157586514949798584e-01 -3.498487174510955811e-01 2.535601854324340820e-01 1.736932992935180664e-01 -2.623414099216461182e-01 -1.956077337265014648e+00 -6.497051715850830078e-01
-9.170354902744293213e-02 -5.934158563613891602e-01 -1.034307032823562622e-01 2.272961437702178955e-01 -3.520389497280120850e-01 2.569308876991271973e-01 1.710381507873535156e-01 -2.753273546695709229e-01 -1.943633437156677246e+00 -6.454216241836547852e-01
-9.956547617912292480e-02 -2.365905195474624634e-01 -2.574282586574554443e-01 2.156874239444732666e-01 -3.619983494281768799e-01 5.426728129386901855e-01 6.978639960289001465e-01 -2.097773998975753784e-01 -1.836716771125793457e+00 -7.928858399391174316e-01
-3.985085487365722656e-01 2.949635684490203857e-02 -3.297028541564941406e-01 1.654753684997558594e-01 -5.607251524925231934e-01 5.176607370376586914e-01 5.136296153068542480e-01 -1.774373799562454224e-01 -1.678163647651672363e+00 -9.657534360885620117e-01
-4.515975117683410645e-01 8.780406415462493896e-02 -3.452542424201965332e-01 1.600593328475952148e-01 -6.409462690353393555e-01 3.953350782394409180e-01 4.188704490661621094e-01 -1.561121791601181030e-01 -1.617012143135070801e+00 -1.015258908271789551e+00
-4.858569502830505371e-01 1.753004640340805054e-01 -3.462674915790557861e-01 1.952477693557739258e-01 -5.960801243782043457e-01 5.327200889587402344e-01 7.602421641349792480e-01 -2.823455631732940674e-01 -1.540800809860229492e+00 -9.044281244277954102e-01
-6.267921924591064453e-01 4.204140305519104004e-01 -3.947505652904510498e-01 2.086545526981353760e-01 -5.706234574317932129e-01 6.684010028839111328e-01 8.522337079048156738e-01 -2.442027777433395386e-01 -1.338799357414245605e+00 -1.058440208435058594e+00
-7.251852750778198242e-01 4.789040982723236084e-01 -3.690907657146453857e-01 2.151605188846588135e-01 -5.587529540061950684e-01 6.201564669609069824e-01 7.299264073371887207e-01 -2.714882493019104004e-01 -1.320551514625549316e+00 -1.131185889244079590e+00
