4.923276901245117188e-01 7.569950819015502930e-01 -8.874914646148681641e-01 -1.664698570966720581e-01 -3.600554764270782471e-01 6.851595044136047363e-01 1.257461607456207275e-01 -8.722601532936096191e-01 -2.579978108406066895e-02 8.817223906517028809e-01
4.851419925689697266e-01 7.680212855339050293e-01 -8.787381649017333984e-01 -1.877175271511077881e-01 -3.629405796527862549e-01 7.273771762847900391e-01 7.990515232086181641e-02 -9.093067049980163574e-01 -4.293520748615264893e-02 8.964960575103759766e-01
4.550427794456481934e-01 7.534054517745971680e-01 -8.567919731140136719e-01 -1.461471319198608398e-01 -4.094817936420440674e-01 6.625040769577026367e-01 2.537859082221984863e-01 -8.565330505371093750e-01 1.713425666093826294e-02 9.056786894798278809e-01
3.672282397747039795e-01 6.984240412712097168e-01 -7.662153840065002441e-01 -1.669053435325622559e-01 -4.388554990291595459e-01 7.099491357803344727e-01 4.795255959033966064e-01 -8.821861147880554199e-01 9.360527992248535156e-02 9.745648503303527832e-01
3.023951053619384766e-01 6.947113275527954102e-01 -7.046898603439331055e-01 -1.430564671754837036e-01 -4.388397037982940674e-01 7.023236751556396484e-01 7.279884219169616699e-01 -8.763865232467651367e-01 1.721952706575393677e-01 1.047251582145690918e+00
2.587290406227111816e-01 9.038991928100585938e-01 -7.493387460708618164e-01 -8.198769390583038330e-02 -4.917956888675689697e-01 6.711188554763793945e-01 8.409287333488464355e-01 -9.637973308563232422e-01 2.803592383861541748e-01 9.805614352226257324e-01
2.775059938430786133e-01 9.733631610870361328e-01 -8.477814793586730957e-01 -1.386322174221277237e-02 -3.903052508831024170e-01 5.297505259513854980e-01 8.818920850753784180e-01 -1.070503473281860352e+00 5.246490836143493652e-01 7.841420769691467285e-01
4.204126596450805664e-01 1.478472113609313965e+00 -7.602168321609497070e-01 7.964256405830383301e-02 -9.792793989181518555e-01 4.981699585914611816e-01 4.176311194896697998e-01 -9.835408329963684082e-01 4.275790154933929443e-01 7.184451222419738770e-01
4.993249773979187012e-01 1.507389307022094727e+00 -7.343494892120361328e-01 6.131593883037567139e-02 -1.049338579177856445e+00 5.618109107017517090e-01 2.138218879699707031e-01 -9.259960055351257324e-01 3.456583619117736816e-01 7.116751074790954590e-01
4.978712499141693115e-01 1.513817429542541504e+00 -7.234724164009094238e-01 5.802546441555023193e-02 -1.039719343185424805e+00 5.704383850097656250e-01 2.111228704452514648e-01 -9.174011945724487305e-01 3.447008430957794189e-01 7.095590233802795410e-01
5.051777958869934082e-01 1.516124725341796875e+00 -7.375010848045349121e-01 6.445801258087158203e-02 -1.021909117698669434e+00 5.616741776466369629e-01 2.092353403568267822e-01 -9.291784167289733887e-01 3.408506214618682861e-01 7.086164951324462891e-01
4.981530904769897461e-01 1.505418777465820312e+00 -7.391492128372192383e-01 5.746847391128540039e-02 -1.041320562362670898e+00 5.626825094223022461e-01 2.060384154319763184e-01 -9.278335571289062500e-01 3.392301797866821289e-01 7.101461291313171387e-01
5.128014683723449707e-01 1.528918385505676270e+00 -7.379489541053771973e-01 6.290279328823089600e-02 -1.050103306770324707e+00 5.689622759819030762e-01 1.972269415855407715e-01 -9.327744245529174805e-01 3.335795700550079346e-01 7.174778580665588379e-01
6.069239377975463867e-01 1.676585078239440918e+00 -6.467562317848205566e-01 7.787425816059112549e-02 -6.584703326225280762e-01 6.118595600128173828e-01 -2.203454971313476562e-01 -1.027516245841979980e+00 5.063309073448181152e-01 5.475475192070007324e-01
6.849960684776306152e-01 1.384799718856811523e+00 -7.008172869682312012e-01 -7.171997427940368652e-02 -7.118915915489196777e-01 7.310785651206970215e-01 -1.350502371788024902e+00 -9.758713841438293457e-01 -3.602251410484313965e-03 5.366720557212829590e-01
7.012614607810974121e-01 1.320010662078857422e+00 -7.052086591720581055e-01 -9.029176831245422363e-02 -7.563508749008178711e-01 6.594706177711486816e-01 -1.479676127433776855e+00 -9.379429221153259277e-01 -5.478750169277191162e-02 5.342447757720947266e-01
7.061327099800109863e-01 1.322668313980102539e+00 -6.934248805046081543e-01 -9.457650780677795410e-02 -7.607250809669494629e-01 6.617929339408874512e-01 -1.492233157157897949e+00 -9.365909099578857422e-01 -5.887959897518157959e-02 5.256814360618591309e-01
7.023461461067199707e-01 1.319072723388671875e+00 -6.939408779144287109e-01 -8.961987495422363281e-02 -7.667778730392456055e-01 6.674800515174865723e-01 -1.486774802207946777e+00 -9.367593526840209961e-01 -5.179844796657562256e-02 5.366982817649841309e-01
7.029156684875488281e-01 1.323509335517883301e+00 -6.936298608779907227e-01 -9.132654964923858643e-02 -7.678995728492736816e-01 6.662688255310058594e-01 -1.491371393203735352e+00 -9.426683187484741211e-01 -5.553683638572692871e-02 5.260178446769714355e-01
6.939759254455566406e-01 1.319993734359741211e+00 -6.927387714385986328e-01 -8.801880478858947754e-02 -7.668431401252746582e-01 6.722648143768310547e-01 -1.494824528694152832e+00 -9.294916987419128418e-01 -4.862172901630401611e-02 5.384068489074707031e-01
6.969547271728515625e-01 1.315207958221435547e+00 -6.969506144523620605e-01 -8.603946864604949951e-02 -7.769638895988464355e-01 6.651905775070190430e-01 -1.496496796607971191e+00 -9.453280568122863770e-01 -5.840809643268585205e-02 5.307983160018920898e-01
6.986402273178100586e-01 1.319817781448364258e+00 -6.928015351295471191e-01 -8.306542783975601196e-02 -7.705640196800231934e-01 6.681160330772399902e-01 -1.493083715438842773e+00 -9.360185861587524414e-01 -5.398549139499664307e-02 5.275204777717590332e-01
7.013365030288696289e-01 1.321957230567932129e+00 -6.881604194641113281e-01 -9.293398261070251465e-02 -7.766777873039245605e-01 6.783921122550964355e-01 -1.493429064750671387e+00 -9.308943152427673340e-01 -5.285541713237762451e-02 5.413048267364501953e-01
7.569939494132995605e-01 5.473222732543945312e-01 1.252827793359756470e-01 1.594658643007278442e-01 -7.015529274940490723e-01 5.854370594024658203e-01 -4.164797663688659668e-01 -6.891928315162658691e-01 8.787325024604797363e-01 1.212207317352294922e+00
7.454401254653930664e-01 6.689370274543762207e-01 1.393107324838638306e-01 9.197092056274414062e-02 -4.752077758312225342e-01 9.366087913513183594e-01 -3.781884312629699707e-01 -7.055373787879943848e-01 9.810703992843627930e-01 1.302361249923706055e+00
7.296906709671020508e-01 7.010322213172912598e-01 1.326296478509902954e-01 8.274360001087188721e-02 -4.795143902301788330e-01 9.664943218231201172e-01 -3.490113615989685059e-01 -7.134949564933776855e-01 9.854000806808471680e-01 1.316826343536376953e+00
7.221221923828125000e-01 6.964548826217651367e-01 1.338979750871658325e-01 9.081211686134338379e-02 -4.730610549449920654e-01 9.745342135429382324e-01 -3.471438884735107422e-01 -7.120073437690734863e-01 9.836786389350891113e-01 1.317593693733215332e+00
7.244943976402282715e-01 7.003732919692993164e-01 1.311691552400588989e-01 8.317786455154418945e-02 -4.778470098972320557e-01 9.688684940338134766e-01 -3.586709499359130859e-01 -7.099232673645019531e-01 9.849995970726013184e-01 1.307760000228881836e+00
7.261383533477783203e-01 7.002995014190673828e-01 1.383000761270523071e-01 8.075734972953796387e-02 -4.802702963352203369e-01 9.810206294059753418e-01 -3.562768101692199707e-01 -7.094466090202331543e-01 9.843675494194030762e-01 1.312647581100463867e+00
6.192216277122497559e-01 9.794428944587707520e-01 7.436670362949371338e-02 -2.137974090874195099e-02 -3.668201267719268799e-01 8.734549880027770996e-01 -1.137015223503112793e-01 -7.826732397079467773e-01 1.082364678382873535e+00 1.142711997032165527e+00
3.694984912872314453e-01 1.236148476600646973e+00 5.194230377674102783e-02 9.825524687767028809e-02 -5.419822335243225098e-01 6.648303270339965820e-01 5.224875211715698242e-01 -1.117843389511108398e+00 1.353740215301513672e+00 1.220032334327697754e+00
5.991623401641845703e-01 1.228942632675170898e+00 2.768024206161499023e-01 1.103465259075164795e-01 -8.206746578216552734e-01 8.610711693763732910e-01 7.070693373680114746e-01 -9.907742142677307129e-01 1.324228882789611816e+00 1.495373129844665527e+00
6.008545160293579102e-01 1.206828474998474121e+00 2.770991325378417969e-01 9.740115702152252197e-02 -8.156055808067321777e-01 8.600759506225585938e-01 7.264457345008850098e-01 -9.857087731361389160e-01 1.299322128295898438e+00 1.513438463211059570e+00
6.061583757400512695e-01 1.232699394226074219e+00 2.866595983505249023e-01 9.482920169830322266e-02 -8.298929929733276367e-01 8.713718652725219727e-01 7.038645148277282715e-01 -9.839972853660583496e-01 1.289656400680541992e+00 1.514200806617736816e+00
3.918480873107910156e-01 1.309267997741699219e+00 1.097326427698135376e-01 5.237187445163726807e-02 -6.703239679336547852e-01 6.277105212211608887e-01 8.570893406867980957e-01 -1.137286424636840820e+00 1.467651009559631348e+00 1.274092435836791992e+00
1.323497742414474487e-01 8.055326938629150391e-01 9.679915010929107666e-02 -8.043722249567508698e-03 -5.296540856361389160e-01 5.235173106193542480e-01 1.322302103042602539e+00 -1.050312995910644531e+00 1.153222918510437012e+00 1.504992842674255371e+00
2.237250357866287231e-01 5.669317245483398438e-01 2.775267362594604492e-01 -2.483980543911457062e-02 -5.129933953285217285e-01 7.119529843330383301e-01 1.132917284965515137e+00 -8.690414428710937500e-01 1.022883415222167969e+00 1.765936017036437988e+00
2.970765829086303711e-01 5.239585041999816895e-01 3.468813002109527588e-01 -7.102599740028381348e-02 -4.899527132511138916e-01 7.959371805191040039e-01 9.960024952888488770e-01 -8.470085263252258301e-01 1.014116883277893066e+00 1.831383943557739258e+00
