4.160517454147338867e-01 -2.163596302270889282e-01 2.989758849143981934e-01 4.312900602817535400e-01 -3.367109894752502441e-01 8.391876816749572754e-01 3.360785245895385742e-01 -7.279872298240661621e-01 1.826275289058685303e-01 -5.175818204879760742e-01
4.284809827804565430e-01 -2.151335626840591431e-01 2.866455912590026855e-01 4.474253654479980469e-01 -3.348394632339477539e-01 8.187547326087951660e-01 2.995510101318359375e-01 -7.283604145050048828e-01 1.684659421443939209e-01 -5.385336279869079590e-01
3.479460477828979492e-01 -2.191495448350906372e-01 3.390170931816101074e-01 3.913029730319976807e-01 -3.704334795475006104e-01 8.699786067008972168e-01 3.982987403869628906e-01 -7.361076474189758301e-01 1.904237717390060425e-01 -4.384918510913848877e-01
3.122559487819671631e-01 -2.403795868158340454e-01 3.185882866382598877e-01 4.076826572418212891e-01 -4.429937303066253662e-01 7.954869270324707031e-01 6.004315018653869629e-01 -7.130725383758544922e-01 2.570788562297821045e-01 -3.747859597206115723e-01
2.301320880651473999e-01 -2.260294705629348755e-01 3.388739824295043945e-01 3.813372552394866943e-01 -4.939262568950653076e-01 8.155156373977661133e-01 8.568956851959228516e-01 -7.468051910400390625e-01 3.258759081363677979e-01 -2.818428575992584229e-01
2.118021398782730103e-01 -1.616346985101699829e-01 3.064264059066772461e-01 4.180820286273956299e-01 -5.476482510566711426e-01 7.653076648712158203e-01 9.365939497947692871e-01 -7.601776719093322754e-01 4.163126945495605469e-01 -3.071566820144653320e-01
1.545454561710357666e-01 -1.089648753404617310e-01 1.021075993776321411e-01 4.517666995525360107e-01 -4.415771365165710449e-01 5.731324553489685059e-01 8.122334480285644531e-01 -8.567925095558166504e-01 6.479259133338928223e-01 -4.463979005813598633e-01
2.456162124872207642e-01 8.218632638454437256e-02 2.406665831804275513e-01 6.062217950820922852e-01 -9.475564360618591309e-01 5.454936623573303223e-01 4.881167411804199219e-01 -8.460510969161987305e-01 5.765036940574645996e-01 -5.697194933891296387e-01
3.615758121013641357e-01 1.025010198354721069e-01 3.720297813415527344e-01 6.196941733360290527e-01 -9.787735939025878906e-01 6.385413408279418945e-01 3.134163022041320801e-01 -7.921843528747558594e-01 4.857003986835479736e-01 -6.115100979804992676e-01
3.661653399467468262e-01 1.854071468114852905e-01 2.200062423944473267e-01 5.546778440475463867e-01 -6.595724821090698242e-01 7.737534642219543457e-01 -1.285128593444824219e-01 -8.742911219596862793e-01 5.776312947273254395e-01 -7.477964162826538086e-01
4.516600370407104492e-01 8.554171025753021240e-02 2.545870542526245117e-01 4.941248893737792969e-01 -6.951435804367065430e-01 8.979421257972717285e-01 -9.580432772636413574e-01 -8.341453671455383301e-01 1.480862945318222046e-01 -8.429286479949951172e-01
4.882308244705200195e-01 5.371104180812835693e-02 2.588125765323638916e-01 5.043515563011169434e-01 -7.365786433219909668e-01 8.534921407699584961e-01 -1.048038840293884277e+00 -8.215441107749938965e-01 1.211854964494705200e-01 -8.548719286918640137e-01
4.872188568115234375e-01 5.801688134670257568e-02 2.654029130935668945e-01 5.026348233222961426e-01 -7.299422621726989746e-01 8.584324717521667480e-01 -1.040855765342712402e+00 -8.058627843856811523e-01 1.143085211515426636e-01 -8.642512559890747070e-01
4.890826940536499023e-01 5.304895341396331787e-02 2.538003921508789062e-01 5.026779770851135254e-01 -7.269830107688903809e-01 8.622478842735290527e-01 -1.050621986389160156e+00 -8.187811970710754395e-01 1.178358793258666992e-01 -8.736296296119689941e-01
4.851671457290649414e-01 6.235854327678680420e-02 2.589300274848937988e-01 5.115046501159667969e-01 -7.143374681472778320e-01 8.685840368270874023e-01 -1.040278792381286621e+00 -8.096187114715576172e-01 1.199494451284408569e-01 -8.646758198738098145e-01
5.052968263626098633e-01 -1.780604869127273560e-01 4.456679224967956543e-01 5.041720867156982422e-01 -1.026250362396240234e+00 5.811265707015991211e-01 -1.257857322692871094e+00 -6.308048963546752930e-01 1.564572900533676147e-01 -5.303073525428771973e-01
5.200531482696533203e-01 -2.307424694299697876e-01 8.511694669723510742e-01 6.087401509284973145e-01 -1.229918718338012695e+00 9.378674626350402832e-01 -7.983294129371643066e-01 -5.511674880981445312e-01 8.363474011421203613e-01 -3.608953580260276794e-02
4.081643223762512207e-01 -1.324093490839004517e-01 7.715151906013488770e-01 5.347411632537841797e-01 -5.884682536125183105e-01 1.411128997802734375e+00 -5.872395634651184082e-01 -6.116842031478881836e-01 1.318484187126159668e+00 3.677744045853614807e-02
4.262630343437194824e-01 -1.356637626886367798e-01 7.460930347442626953e-01 5.365923643112182617e-01 -6.064565181732177734e-01 1.432269573211669922e+00 -5.950210094451904297e-01 -6.249900460243225098e-01 1.315856695175170898e+00 2.834016457200050354e-02
3.788942396640777588e-01 -9.817661345005035400e-02 7.056588530540466309e-01 4.915496408939361572e-01 -5.724193453788757324e-01 1.438969254493713379e+00 -5.272621512413024902e-01 -6.564284563064575195e-01 1.327190041542053223e+00 -3.324862802401185036e-03
3.747459053993225098e-01 5.490766465663909912e-02 7.367272973060607910e-01 4.743373095989227295e-01 -5.745650529861450195e-01 1.280354261398315430e+00 -3.758322596549987793e-01 -6.740581393241882324e-01 1.444347023963928223e+00 -1.420984864234924316e-01
2.004381567239761353e-01 1.207074970006942749e-01 8.791741728782653809e-01 5.448309183120727539e-01 -7.207145690917968750e-01 9.292443394660949707e-01 3.546574115753173828e-01 -1.091357946395874023e+00 1.562286496162414551e+00 -7.050478458404541016e-02
4.777435660362243652e-01 3.415320813655853271e-02 1.331628561019897461e+00 6.435378789901733398e-01 -9.088651537895202637e-01 1.044267416000366211e+00 5.153864026069641113e-01 -1.017805933952331543e+00 1.485585093498229980e+00 2.029741182923316956e-02
3.517757058143615723e-01 1.084229797124862671e-01 1.086812615394592285e+00 5.662606358528137207e-01 -8.675979971885681152e-01 9.197861552238464355e-01 5.959603190422058105e-01 -1.057810783386230469e+00 1.676482081413269043e+00 -9.087574481964111328e-02
1.386732012033462524e-01 -4.832740128040313721e-02 8.605588674545288086e-01 4.024917781352996826e-01 -7.314987182617187500e-01 6.722813248634338379e-01 9.500430822372436523e-01 -9.535349011421203613e-01 1.489998459815979004e+00 7.325891405344009399e-03
1.503833085298538208e-01 -2.023625522851943970e-01 1.199415087699890137e+00 3.806664347648620605e-01 -6.603196263313293457e-01 8.550128340721130371e-01 8.826532363891601562e-01 -7.248619198799133301e-01 1.265355825424194336e+00 2.628052830696105957e-01
