1.654530018568038940e-01 5.467034578323364258e-01 6.957866251468658447e-02 -1.513911038637161255e-01 -2.774606943130493164e-01 4.231193065643310547e-01 7.162111997604370117e-01 -2.453235238790512085e-01 -2.680775821208953857e-01 -1.441572308540344238e-01
1.618481129407882690e-01 5.320332050323486328e-01 5.584664642810821533e-02 -1.328728199005126953e-01 -2.928716540336608887e-01 3.856728076934814453e-01 7.538757920265197754e-01 -2.246156185865402222e-01 -2.586204707622528076e-01 -1.292595267295837402e-01
3.195429965853691101e-02 5.140916705131530762e-01 1.224362105131149292e-01 -1.080396324396133423e-01 -3.410643637180328369e-01 4.368702769279479980e-01 1.350329518318176270e+00 -1.872264593839645386e-01 5.425550043582916260e-03 5.665306001901626587e-03
2.149431258440017700e-01 9.129883050918579102e-01 7.028474938124418259e-03 3.880850970745086670e-02 -1.310100704431533813e-01 6.440387368202209473e-01 1.128358006477355957e+00 -2.775616943836212158e-01 3.373357057571411133e-01 -3.685008585453033447e-01
2.707279324531555176e-01 1.105902910232543945e+00 -4.477243125438690186e-02 1.239311099052429199e-01 -5.610628426074981689e-02 7.347154617309570312e-01 1.054279208183288574e+00 -3.373356461524963379e-01 4.712674617767333984e-01 -4.969553649425506592e-01
2.902333140373229980e-01 1.135464668273925781e+00 -5.761377513408660889e-02 1.213565617799758911e-01 -1.441107690334320068e-02 7.425193786621093750e-01 1.043720364570617676e+00 -3.493531048297882080e-01 4.866499602794647217e-01 -5.287938714027404785e-01
2.728826999664306641e-01 1.145262002944946289e+00 -6.178744137287139893e-02 1.262022256851196289e-01 -1.931120455265045166e-02 7.360864281654357910e-01 1.051227927207946777e+00 -3.494502902030944824e-01 4.790636003017425537e-01 -5.139713883399963379e-01
2.837185859680175781e-01 1.148375988006591797e+00 -6.393335759639739990e-02 1.217170804738998413e-01 -6.729855667799711227e-03 7.361499071121215820e-01 1.046930313110351562e+00 -3.580605387687683105e-01 4.853859245777130127e-01 -5.308620929718017578e-01
2.787396907806396484e-01 1.134126186370849609e+00 -5.769060552120208740e-02 1.183970868587493896e-01 -3.232787549495697021e-02 7.475658059120178223e-01 1.054962754249572754e+00 -3.455013930797576904e-01 4.742255508899688721e-01 -5.243495702743530273e-01
3.401336073875427246e-01 1.264039039611816406e+00 -1.209840178489685059e-01 1.250783801078796387e-01 2.162378579378128052e-01 1.097228527069091797e+00 8.423018455505371094e-01 -3.860964477062225342e-01 4.988362193107604980e-01 -6.612038612365722656e-01
2.120085209608078003e-01 6.498249173164367676e-01 -3.509146869182586670e-01 3.755099475383758545e-01 7.289387583732604980e-01 1.007181882858276367e+00 8.737593293190002441e-01 -5.078684091567993164e-01 8.738797307014465332e-01 -3.535812497138977051e-01
2.284025102853775024e-01 5.796359777450561523e-01 -1.274111121892929077e-01 7.259677648544311523e-01 1.372312545776367188e+00 -8.147324621677398682e-02 -5.203080773353576660e-01 -8.217586874961853027e-01 8.450134396553039551e-01 -3.629539012908935547e-01
2.360173016786575317e-01 5.744313001632690430e-01 -9.483952820301055908e-02 7.772634029388427734e-01 1.324622273445129395e+00 -1.102535873651504517e-01 -6.243630051612854004e-01 -8.592606782913208008e-01 7.930439114570617676e-01 -3.358067274093627930e-01
2.346182018518447876e-01 5.785532593727111816e-01 -9.857837855815887451e-02 7.703299522399902344e-01 1.321366786956787109e+00 -1.187462359666824341e-01 -6.251221299171447754e-01 -8.578997254371643066e-01 7.989267706871032715e-01 -3.425812423229217529e-01
2.339612990617752075e-01 5.827957391738891602e-01 -9.990517795085906982e-02 7.637780904769897461e-01 1.322477340698242188e+00 -1.140891164541244507e-01 -6.156443953514099121e-01 -8.548283576965332031e-01 7.986526489257812500e-01 -3.365342915058135986e-01
2.875671386718750000e-01 5.667637586593627930e-01 -7.881745696067810059e-03 6.557255387306213379e-01 1.383147478103637695e+00 1.679887026548385620e-01 -3.736430779099464417e-02 -6.252110600471496582e-01 1.077224373817443848e+00 -1.771155297756195068e-01
3.727512955665588379e-01 9.910061359405517578e-01 3.363082408905029297e-01 5.096398591995239258e-01 1.384735345840454102e+00 7.738793492317199707e-01 5.865630693733692169e-03 -5.910425186157226562e-01 1.221938252449035645e+00 -3.212655782699584961e-01
3.754243254661560059e-01 1.008920550346374512e+00 3.471000790596008301e-01 4.899203181266784668e-01 1.379601836204528809e+00 8.175640106201171875e-01 -3.372731618583202362e-03 -5.995748639106750488e-01 1.201138019561767578e+00 -3.306236863136291504e-01
3.778367042541503906e-01 1.022876381874084473e+00 3.468800783157348633e-01 5.002117753028869629e-01 1.383221507072448730e+00 8.235696554183959961e-01 -1.888456754386425018e-03 -6.028640270233154297e-01 1.198380827903747559e+00 -3.337941467761993408e-01
3.659722208976745605e-01 1.014823317527770996e+00 3.547359108924865723e-01 4.949815273284912109e-01 1.365075588226318359e+00 8.224276304244995117e-01 -2.606931142508983612e-03 -5.989848375320434570e-01 1.192883253097534180e+00 -3.292601704597473145e-01
4.278303384780883789e-01 1.152635335922241211e+00 4.091891050338745117e-01 3.736484348773956299e-01 1.359290838241577148e+00 1.013249397277832031e+00 -1.214817166328430176e-01 -5.600650310516357422e-01 9.255899786949157715e-01 -4.210300445556640625e-01
5.449647307395935059e-01 1.142518281936645508e+00 5.201461315155029297e-01 5.584405064582824707e-01 8.290470242500305176e-01 2.919833660125732422e-01 4.591998644173145294e-03 -5.795294642448425293e-01 8.095328807830810547e-01 -4.913326799869537354e-01
5.290762186050415039e-01 1.070709347724914551e+00 5.298494100570678711e-01 6.004456281661987305e-01 7.747479081153869629e-01 2.061800509691238403e-01 -1.503199618309736252e-02 -5.080147385597229004e-01 7.902362942695617676e-01 -4.381347894668579102e-01
2.427605837583541870e-01 4.472262859344482422e-01 5.142077207565307617e-01 3.858223557472229004e-01 9.654514193534851074e-01 2.033351548016071320e-02 -1.740392446517944336e-01 -4.966515004634857178e-01 5.202957987785339355e-01 -1.136921644210815430e-01
2.512740492820739746e-01 2.607586383819580078e-01 7.494739890098571777e-01 1.885047554969787598e-01 1.028784513473510742e+00 9.585879743099212646e-02 -5.453423857688903809e-01 -7.765878438949584961e-01 2.959795892238616943e-01 5.782193318009376526e-02
3.085504174232482910e-01 4.110894799232482910e-01 8.864941000938415527e-01 2.344906479120254517e-01 1.044800400733947754e+00 1.249577254056930542e-01 -6.169734001159667969e-01 -7.440198063850402832e-01 2.076201885938644409e-01 -1.154112443327903748e-02
