1.637422889471054077e-01 5.464419722557067871e-01 7.730170618742704391e-03 -2.228311300277709961e-01 -2.238620817661285400e-01 3.859217166900634766e-01 7.918588519096374512e-01 -3.736551105976104736e-01 -1.965102106332778931e-01 -1.453418135643005371e-01
1.378010064363479614e-01 6.013584733009338379e-01 1.305224001407623291e-02 -2.365143001079559326e-01 -2.111594080924987793e-01 4.198673367500305176e-01 7.639368772506713867e-01 -4.073266088962554932e-01 -1.599775701761245728e-01 -1.587387621402740479e-01
1.673882156610488892e-01 4.776517152786254883e-01 -3.341953456401824951e-02 -2.194049358367919922e-01 -2.408929616212844849e-01 3.822700381278991699e-01 8.201893568038940430e-01 -3.746541440486907959e-01 -2.228947728872299194e-01 -1.099909543991088867e-01
1.220319718122482300e-01 4.365369081497192383e-01 -3.539891541004180908e-02 -2.343967258930206299e-01 -2.679806351661682129e-01 4.597898721694946289e-01 8.848132491111755371e-01 -3.794818222522735596e-01 -2.747525572776794434e-01 -2.349692210555076599e-02
5.373862013220787048e-02 4.513304233551025391e-01 -6.071464717388153076e-02 -2.417307496070861816e-01 -3.275886178016662598e-01 5.019000172615051270e-01 9.212393164634704590e-01 -3.430149853229522705e-01 -2.884599566459655762e-01 -1.002931222319602966e-02
8.455790579319000244e-02 4.464453458786010742e-01 -3.428010642528533936e-02 -2.363081872463226318e-01 -3.122331202030181885e-01 5.060626864433288574e-01 8.595218658447265625e-01 -3.469521105289459229e-01 -3.202631771564483643e-01 -8.807476609945297241e-03
1.643029600381851196e-01 2.473473399877548218e-01 -1.349078118801116943e-02 -2.683253586292266846e-01 -3.358063399791717529e-01 4.905070662498474121e-01 9.075346589088439941e-01 -3.443792760372161865e-01 -4.628798663616180420e-01 7.775986194610595703e-02
2.503851950168609619e-01 2.187129706144332886e-01 8.609369397163391113e-03 -2.464677393436431885e-01 -3.532902896404266357e-01 3.368673920631408691e-01 7.370376586914062500e-01 -5.273113846778869629e-01 -5.492287874221801758e-01 2.135597467422485352e-01
2.366566807031631470e-01 2.307389825582504272e-01 -8.155211806297302246e-03 -2.684972286224365234e-01 -3.395637273788452148e-01 2.600267529487609863e-01 5.871068239212036133e-01 -4.886190891265869141e-01 -4.897622168064117432e-01 1.088914871215820312e-01
2.445742636919021606e-01 2.460350841283798218e-01 -6.273344624787569046e-03 -2.713996469974517822e-01 -3.352818191051483154e-01 2.393668740987777710e-01 5.491704940795898438e-01 -4.818744957447052002e-01 -4.665622115135192871e-01 7.638090848922729492e-02
2.449226826429367065e-01 2.478813976049423218e-01 5.688264500349760056e-03 -2.818810045719146729e-01 -3.285150825977325439e-01 2.449986189603805542e-01 5.424662828445434570e-01 -4.859222471714019775e-01 -4.722502529621124268e-01 7.838475704193115234e-02
2.455049008131027222e-01 2.423109263181686401e-01 -1.026649773120880127e-02 -2.753449380397796631e-01 -3.349430859088897705e-01 2.386596053838729858e-01 5.614600181579589844e-01 -4.831060469150543213e-01 -4.647658467292785645e-01 7.648164033889770508e-02
2.466622740030288696e-01 2.480109184980392456e-01 -4.094526637345552444e-03 -2.798168957233428955e-01 -3.386841118335723877e-01 2.359639853239059448e-01 5.538022518157958984e-01 -4.867748618125915527e-01 -4.530008435249328613e-01 7.191473245620727539e-02
3.258388042449951172e-01 4.798011481761932373e-02 -3.362812101840972900e-02 -2.269358932971954346e-01 -2.359580397605895996e-01 2.979142069816589355e-01 7.753111124038696289e-01 -5.559130907058715820e-01 -5.551661849021911621e-01 2.712540030479431152e-01
7.109923958778381348e-01 -1.416051536798477173e-01 -4.355163872241973877e-02 -3.638526499271392822e-01 -1.961303055286407471e-01 1.479788273572921753e-01 5.964320525527000427e-02 -4.483480751514434814e-01 -9.950848817825317383e-01 3.654671087861061096e-02
8.349275588989257812e-01 -1.688680201768875122e-01 -5.706508457660675049e-02 -3.672394454479217529e-01 -2.213481068611145020e-01 1.228478401899337769e-01 -1.557778120040893555e-01 -4.338123202323913574e-01 -1.061720252037048340e+00 -3.673475608229637146e-02
8.404322266578674316e-01 -1.602858453989028931e-01 -5.663873255252838135e-02 -3.689380884170532227e-01 -2.153487354516983032e-01 1.268908232450485229e-01 -1.467762589454650879e-01 -4.327763915061950684e-01 -1.050823807716369629e+00 -3.969925269484519958e-02
8.442077636718750000e-01 -1.624723821878433228e-01 -5.281694233417510986e-02 -3.628700971603393555e-01 -2.157861739397048950e-01 1.309351176023483276e-01 -1.617430448532104492e-01 -4.300227761268615723e-01 -1.066790938377380371e+00 -4.421883448958396912e-02
8.433659672737121582e-01 -1.662922054529190063e-01 -5.861590802669525146e-02 -3.689694702625274658e-01 -2.128832191228866577e-01 1.307312697172164917e-01 -1.586473584175109863e-01 -4.327613115310668945e-01 -1.059016823768615723e+00 -3.952490910887718201e-02
8.311010599136352539e-01 -1.636468917131423950e-01 -5.537180602550506592e-02 -3.680779635906219482e-01 -2.183949947357177734e-01 1.312426179647445679e-01 -1.553885340690612793e-01 -4.314316213130950928e-01 -1.058605670928955078e+00 -4.498362168669700623e-02
8.367697596549987793e-01 -1.658437997102737427e-01 -5.177880823612213135e-02 -3.662184178829193115e-01 -2.198500037193298340e-01 1.254548877477645874e-01 -1.692849397659301758e-01 -4.310664236545562744e-01 -1.071417212486267090e+00 -4.042851552367210388e-02
8.349312543869018555e-01 -1.626936942338943481e-01 -5.645884573459625244e-02 -3.755521476268768311e-01 -2.185400873422622681e-01 1.318473070859909058e-01 -1.668393015861511230e-01 -4.266164004802703857e-01 -1.065941214561462402e+00 -4.290938004851341248e-02
8.298521041870117188e-01 -1.678304821252822876e-01 -5.556963384151458740e-02 -3.583823144435882568e-01 -2.150927037000656128e-01 1.194009035825729370e-01 -1.629346013069152832e-01 -4.317786991596221924e-01 -1.072710514068603516e+00 -4.228984937071800232e-02
5.301904082298278809e-01 -3.262976408004760742e-01 -2.822772134095430374e-03 -3.516080677509307861e-01 -2.234249562025070190e-01 -1.386291533708572388e-01 -8.755702376365661621e-01 -4.520678222179412842e-01 -1.386572957038879395e+00 -3.417431712150573730e-01
-6.697025895118713379e-02 -6.247475147247314453e-01 -1.716327220201492310e-01 -5.264934897422790527e-02 -4.283381998538970947e-01 3.400077223777770996e-01 2.122061252593994141e-01 -3.374643623828887939e-01 -1.942529439926147461e+00 -5.331627130508422852e-01
-1.147503107786178589e-01 -5.996173024177551270e-01 -1.307646781206130981e-01 -1.064055860042572021e-01 -3.994399607181549072e-01 3.561376929283142090e-01 1.993826031684875488e-01 -3.337067663669586182e-01 -1.912838101387023926e+00 -5.596628189086914062e-01
-1.124636679887771606e-01 -6.065735220909118652e-01 -1.421697884798049927e-01 -1.112622320652008057e-01 -4.119257330894470215e-01 3.599821329116821289e-01 1.772586703300476074e-01 -3.133532702922821045e-01 -1.905992150306701660e+00 -5.523901581764221191e-01
-1.122125238180160522e-01 -5.947687625885009766e-01 -1.291028410196304321e-01 -9.621354937553405762e-02 -3.921556770801544189e-01 3.563511371612548828e-01 2.156137824058532715e-01 -3.257717192173004150e-01 -1.915841221809387207e+00 -5.595881342887878418e-01
-1.132826656103134155e-01 -5.936046838760375977e-01 -1.330126374959945679e-01 -9.606626629829406738e-02 -4.009944796562194824e-01 3.541342616081237793e-01 2.070663571357727051e-01 -3.256680667400360107e-01 -1.914073944091796875e+00 -5.598704218864440918e-01
-1.147067546844482422e-01 -5.699788331985473633e-01 -1.487362533807754517e-01 -1.083785593509674072e-01 -4.040171205997467041e-01 3.734608888626098633e-01 2.376064062118530273e-01 -3.172778189182281494e-01 -1.902740597724914551e+00 -5.700032114982604980e-01
-2.602346241474151611e-01 2.101223170757293701e-02 -2.806211113929748535e-01 3.535656956955790520e-03 -3.732460439205169678e-01 7.260140776634216309e-01 8.223469853401184082e-01 -2.280378788709640503e-01 -1.564294934272766113e+00 -8.830673098564147949e-01
-4.607955217361450195e-01 6.651692092418670654e-02 -3.260037899017333984e-01 -1.352767050266265869e-01 -5.940342545509338379e-01 4.773010015487670898e-01 4.185115098953247070e-01 -2.558015286922454834e-01 -1.611399769783020020e+00 -9.333239197731018066e-01
-4.846602678298950195e-01 9.816060960292816162e-02 -3.116203248500823975e-01 -1.526975333690643311e-01 -5.937688350677490234e-01 4.424121975898742676e-01 3.719539046287536621e-01 -2.456560879945755005e-01 -1.572801113128662109e+00 -9.628906846046447754e-01
-4.852767586708068848e-01 9.893457591533660889e-02 -3.222977221012115479e-01 -1.601494550704956055e-01 -5.981460213661193848e-01 4.412778615951538086e-01 3.702368736267089844e-01 -2.487752884626388550e-01 -1.567707180976867676e+00 -9.622548222541809082e-01
-5.112730264663696289e-01 1.381678432226181030e-01 -3.164443075656890869e-01 -1.400751173496246338e-01 -5.963056683540344238e-01 5.432266592979431152e-01 6.127801537513732910e-01 -2.793122828006744385e-01 -1.540326595306396484e+00 -8.970271348953247070e-01
-6.294175982475280762e-01 3.462927341461181641e-01 -3.596138358116149902e-01 -1.228739321231842041e-01 -5.283744931221008301e-01 6.677122116088867188e-01 7.421751022338867188e-01 -2.864854037761688232e-01 -1.347223401069641113e+00 -1.007037520408630371e+00
-7.436625957489013672e-01 4.689255356788635254e-01 -3.248714208602905273e-01 -1.021490693092346191e-01 -5.634418129920959473e-01 6.730405092239379883e-01 6.802750825881958008e-01 -2.459184974431991577e-01 -1.210844635963439941e+00 -1.106913208961486816e+00
-7.606246471405029297e-01 4.659225940704345703e-01 -3.342869281768798828e-01 -1.034945547580718994e-01 -5.227613449096679688e-01 6.342986822128295898e-01 6.255615949630737305e-01 -2.853228747844696045e-01 -1.197174072265625000e+00 -1.118673682212829590e+00
