6.554613709449768066e-01 7.277284860610961914e-01 -9.563065767288208008e-01 7.848955690860748291e-02 -2.865862250328063965e-01 5.810148119926452637e-01 2.668332457542419434e-01 -7.914183735847473145e-01 -1.660165190696716309e-02 8.118152618408203125e-01
6.051830053329467773e-01 8.002438545227050781e-01 -9.554095268249511719e-01 7.780857384204864502e-02 -2.564855217933654785e-01 6.303735375404357910e-01 2.393178343772888184e-01 -8.119576573371887207e-01 7.430717349052429199e-03 8.001349568367004395e-01
6.719583272933959961e-01 6.887174844741821289e-01 -9.636614322662353516e-01 7.078707218170166016e-02 -2.939928472042083740e-01 5.427797436714172363e-01 2.974106967449188232e-01 -8.013922572135925293e-01 -5.129189789295196533e-02 8.669089674949645996e-01
6.196752190589904785e-01 6.505652666091918945e-01 -9.318659305572509766e-01 6.073006987571716309e-02 -3.219322562217712402e-01 6.258978247642517090e-01 3.360715210437774658e-01 -8.389459252357482910e-01 -9.396414458751678467e-02 9.511268138885498047e-01
5.330449938774108887e-01 6.513406038284301758e-01 -9.435821771621704102e-01 4.041236639022827148e-02 -3.730891644954681396e-01 6.647390723228454590e-01 3.650243580341339111e-01 -7.875939607620239258e-01 -1.213098764419555664e-01 9.786875844001770020e-01
5.722795724868774414e-01 6.165382862091064453e-01 -9.242722988128662109e-01 8.545081317424774170e-02 -4.033207297325134277e-01 6.611862182617187500e-01 3.012129664421081543e-01 -7.887435555458068848e-01 -1.231541484594345093e-01 9.583181142807006836e-01
6.924733519554138184e-01 3.359924554824829102e-01 -8.267085552215576172e-01 6.583261489868164062e-02 -4.155512750148773193e-01 5.713017582893371582e-01 3.002424538135528564e-01 -7.450501322746276855e-01 -2.168762832880020142e-01 1.092996120452880859e+00
7.545735239982604980e-01 3.249731659889221191e-01 -8.919690251350402832e-01 3.465525805950164795e-02 -3.901178538799285889e-01 5.011678338050842285e-01 2.161530256271362305e-01 -8.077238798141479492e-01 -2.599758207798004150e-01 1.132752895355224609e+00
7.431364059448242188e-01 3.674716949462890625e-01 -9.409471154212951660e-01 -9.123028255999088287e-03 -3.310550749301910400e-01 4.136936068534851074e-01 1.111438274383544922e-01 -7.563055157661437988e-01 -2.004534304141998291e-01 9.938042163848876953e-01
7.559277415275573730e-01 3.719605803489685059e-01 -9.368172287940979004e-01 -2.582815475761890411e-02 -3.296843767166137695e-01 4.245816469192504883e-01 8.876037597656250000e-02 -7.541850805282592773e-01 -1.963105350732803345e-01 9.806514978408813477e-01
7.591128945350646973e-01 3.719848394393920898e-01 -9.520061016082763672e-01 -1.759576983749866486e-02 -3.252589106559753418e-01 4.150982499122619629e-01 9.317314624786376953e-02 -7.670279145240783691e-01 -1.948052942752838135e-01 9.787406325340270996e-01
7.600697278976440430e-01 3.723095655441284180e-01 -9.415178298950195312e-01 -2.162799425423145294e-02 -3.334746658802032471e-01 4.275760054588317871e-01 7.924413681030273438e-02 -7.459520101547241211e-01 -1.955995112657546997e-01 9.795348048210144043e-01
7.641656398773193359e-01 3.742382526397705078e-01 -9.471434354782104492e-01 -2.055095322430133820e-02 -3.374253213405609131e-01 4.107885956764221191e-01 8.405566215515136719e-02 -7.464744448661804199e-01 -2.018896937370300293e-01 9.731451869010925293e-01
9.392029643058776855e-01 1.233447641134262085e-01 -8.516375422477722168e-01 9.968189895153045654e-02 -2.641088664531707764e-01 5.080959200859069824e-01 2.287505865097045898e-01 -8.502914905548095703e-01 -2.047548890113830566e-01 1.183726787567138672e+00
1.542349219322204590e+00 -1.316822320222854614e-01 -8.802258372306823730e-01 -1.645034551620483398e-01 -1.834749430418014526e-01 4.372466206550598145e-01 -4.020325243473052979e-01 -6.201957464218139648e-01 -3.866598904132843018e-01 7.851995825767517090e-01
1.686105251312255859e+00 -1.529517322778701782e-01 -9.540914297103881836e-01 -1.840677112340927124e-01 -1.891365498304367065e-01 4.376605749130249023e-01 -6.429138779640197754e-01 -5.835205316543579102e-01 -4.555090367794036865e-01 6.683034896850585938e-01
1.688747763633728027e+00 -1.637404114007949829e-01 -9.572945833206176758e-01 -1.834719479084014893e-01 -1.917528063058853149e-01 4.365811944007873535e-01 -6.430343985557556152e-01 -5.863516926765441895e-01 -4.537952840328216553e-01 6.615191102027893066e-01
1.684264063835144043e+00 -1.662358194589614868e-01 -9.537786245346069336e-01 -1.825814545154571533e-01 -1.873005479574203491e-01 4.331895709037780762e-01 -6.543216109275817871e-01 -5.870639085769653320e-01 -4.418767988681793213e-01 6.526093482971191406e-01
1.679020762443542480e+00 -1.578249484300613403e-01 -9.488722085952758789e-01 -1.741275042295455933e-01 -2.012617439031600952e-01 4.346979260444641113e-01 -6.496900320053100586e-01 -5.800819396972656250e-01 -4.490410685539245605e-01 6.574620008468627930e-01
1.681716799736022949e+00 -1.627726107835769653e-01 -9.516119956970214844e-01 -1.714329421520233154e-01 -1.990804523229598999e-01 4.348133206367492676e-01 -6.475682854652404785e-01 -5.936388969421386719e-01 -4.455572962760925293e-01 6.694608926773071289e-01
1.686359047889709473e+00 -1.522228866815567017e-01 -9.493873119354248047e-01 -1.764353960752487183e-01 -1.911292821168899536e-01 4.288240075111389160e-01 -6.475179195404052734e-01 -5.867274999618530273e-01 -4.430269300937652588e-01 6.578916311264038086e-01
1.692380785942077637e+00 -1.572537571191787720e-01 -9.641540050506591797e-01 -1.703474819660186768e-01 -1.983438581228256226e-01 4.411579370498657227e-01 -6.454787850379943848e-01 -5.876311063766479492e-01 -4.572191238403320312e-01 6.698588728904724121e-01
1.690570354461669922e+00 -1.594560295343399048e-01 -9.561932682991027832e-01 -1.767350286245346069e-01 -1.845054775476455688e-01 4.308587312698364258e-01 -6.511984467506408691e-01 -5.854504108428955078e-01 -4.438556134700775146e-01 6.624024510383605957e-01
8.811838030815124512e-01 -3.582895398139953613e-01 -1.025437355041503906e+00 -7.868395745754241943e-02 -2.295866459608078003e-01 1.861830800771713257e-01 -1.563132286071777344e+00 -5.238155722618103027e-01 -6.302933096885681152e-01 1.517571508884429932e-01
-9.528933465480804443e-02 -9.893240928649902344e-01 -1.352180600166320801e+00 6.859064698219299316e-01 -8.898370862007141113e-01 1.013221859931945801e+00 -3.380414247512817383e-01 -8.743641972541809082e-01 -1.126781582832336426e+00 -6.182190179824829102e-01
-1.583371311426162720e-01 -9.996327757835388184e-01 -1.254921674728393555e+00 6.271329522132873535e-01 -7.829523682594299316e-01 1.008044004440307617e+00 -3.690806627273559570e-01 -7.967420816421508789e-01 -1.081925153732299805e+00 -6.688274741172790527e-01
-1.545544713735580444e-01 -1.004053354263305664e+00 -1.263547539710998535e+00 6.319510936737060547e-01 -7.943653464317321777e-01 1.001983642578125000e+00 -3.612673878669738770e-01 -8.051804900169372559e-01 -1.078356146812438965e+00 -6.688174605369567871e-01
-1.553313285112380981e-01 -1.000721335411071777e+00 -1.259367823600769043e+00 6.347894668579101562e-01 -7.917567491531372070e-01 9.957633614540100098e-01 -3.687719702720642090e-01 -8.029166460037231445e-01 -1.078443765640258789e+00 -6.688828468322753906e-01
-1.570489257574081421e-01 -9.990842342376708984e-01 -1.267011404037475586e+00 6.385176777839660645e-01 -7.841790318489074707e-01 9.975072741508483887e-01 -3.535106778144836426e-01 -8.034969568252563477e-01 -1.081625342369079590e+00 -6.811589002609252930e-01
-1.714436560869216919e-01 -9.478592872619628906e-01 -1.284558176994323730e+00 6.154471635818481445e-01 -8.013222813606262207e-01 1.028895735740661621e+00 -3.367560505867004395e-01 -7.766621708869934082e-01 -1.062468409538269043e+00 -6.865281462669372559e-01
-3.095883727073669434e-01 -1.965063959360122681e-01 -1.530537724494934082e+00 6.314092874526977539e-01 -8.565655350685119629e-01 1.433922648429870605e+00 2.028024196624755859e-01 -6.826159358024597168e-01 -8.376216888427734375e-01 -8.725626468658447266e-01
-5.391482114791870117e-01 -1.016367226839065552e-01 -1.613220572471618652e+00 4.623221457004547119e-01 -1.072526931762695312e+00 1.056612730026245117e+00 -1.670893430709838867e-01 -7.021473050117492676e-01 -8.337339758872985840e-01 -9.473930597305297852e-01
-5.529579520225524902e-01 -6.938196718692779541e-02 -1.644187092781066895e+00 4.746129810810089111e-01 -1.085471749305725098e+00 9.976448416709899902e-01 -1.976203918457031250e-01 -6.908780932426452637e-01 -8.210675120353698730e-01 -9.996269345283508301e-01
-5.585281848907470703e-01 -6.802125275135040283e-02 -1.639203190803527832e+00 4.594030380249023438e-01 -1.077527761459350586e+00 1.005328536033630371e+00 -2.113302946090698242e-01 -6.907544732093811035e-01 -8.208617568016052246e-01 -1.006111264228820801e+00
-5.900010466575622559e-01 -1.532955467700958252e-02 -1.634143471717834473e+00 4.927966594696044922e-01 -1.059806942939758301e+00 1.136056184768676758e+00 1.645624265074729919e-02 -7.303442358970642090e-01 -7.813799381256103516e-01 -8.873723149299621582e-01
-6.771963834762573242e-01 1.323201507329940796e-01 -1.695916771888732910e+00 5.073795318603515625e-01 -1.037900328636169434e+00 1.259517788887023926e+00 1.129537224769592285e-01 -7.086563110351562500e-01 -6.890150308609008789e-01 -9.561282396316528320e-01
-7.509056329727172852e-01 2.642635107040405273e-01 -1.680156946182250977e+00 5.188300609588623047e-01 -1.084789872169494629e+00 1.236225962638854980e+00 5.848830565810203552e-02 -6.128919124603271484e-01 -6.192583441734313965e-01 -1.081216216087341309e+00
-7.451906800270080566e-01 2.523792982101440430e-01 -1.683710575103759766e+00 5.040601491928100586e-01 -1.032286882400512695e+00 1.173232078552246094e+00 5.425029620528221130e-02 -6.433151364326477051e-01 -5.817756652832031250e-01 -1.116648793220520020e+00
