3.696483969688415527e-01 -1.613772064447402954e-01 4.938727021217346191e-01 3.888151943683624268e-01 -2.337626069784164429e-01 6.757195591926574707e-01 2.905795574188232422e-01 -8.188284635543823242e-01 1.206650510430335999e-01 -4.589838087558746338e-01
3.716833889484405518e-01 -1.584797054529190063e-01 5.083623528480529785e-01 4.051415622234344482e-01 -2.322749942541122437e-01 6.718896031379699707e-01 2.743932604789733887e-01 -8.149985074996948242e-01 1.077486574649810791e-01 -4.633833765983581543e-01
3.838964104652404785e-01 -1.523625999689102173e-01 5.140771269798278809e-01 4.165040254592895508e-01 -2.226101011037826538e-01 6.389542818069458008e-01 2.818202376365661621e-01 -8.116433024406433105e-01 1.081154346466064453e-01 -4.575269222259521484e-01
3.757417201995849609e-01 -1.882257610559463501e-01 4.919216632843017578e-01 3.806637227535247803e-01 -2.509619295597076416e-01 6.435912251472473145e-01 3.298724293708801270e-01 -7.942477464675903320e-01 1.221951842308044434e-01 -4.250819087028503418e-01
3.358134031295776367e-01 -2.367377430200576782e-01 4.292100667953491211e-01 3.281901478767395020e-01 -2.593952715396881104e-01 6.385392546653747559e-01 4.280214309692382812e-01 -8.340458869934082031e-01 1.787017136812210083e-01 -3.665015101432800293e-01
1.996497362852096558e-01 -2.494199424982070923e-01 4.275298416614532471e-01 2.561909854412078857e-01 -3.067247569561004639e-01 6.646227240562438965e-01 5.662900209426879883e-01 -7.865973114967346191e-01 2.112206667661666870e-01 -2.348975539207458496e-01
3.490838035941123962e-02 -1.285677701234817505e-01 5.345445275306701660e-01 3.909151852130889893e-01 -4.222069084644317627e-01 5.932776927947998047e-01 9.698289036750793457e-01 -8.516091704368591309e-01 3.029528558254241943e-01 -9.013706445693969727e-02
9.380531311035156250e-02 -2.229572832584381104e-02 4.857233166694641113e-01 4.618211984634399414e-01 -6.377469301223754883e-01 4.978415369987487793e-01 9.590923786163330078e-01 -9.003359675407409668e-01 4.578552842140197754e-01 -2.410216033458709717e-01
2.079571634531021118e-01 1.886127889156341553e-02 5.254265069961547852e-01 4.765972197055816650e-01 -6.488983035087585449e-01 5.232467055320739746e-01 6.558203697204589844e-01 -9.061264395713806152e-01 3.926131725311279297e-01 -3.555082380771636963e-01
7.271160185337066650e-02 1.220818608999252319e-01 3.108882606029510498e-01 4.350645244121551514e-01 -5.421540141105651855e-01 5.123632550239562988e-01 8.945174813270568848e-01 -9.169199466705322266e-01 6.869919896125793457e-01 -3.574462532997131348e-01
4.257962703704833984e-01 3.122215270996093750e-01 7.257614731788635254e-01 6.682438850402832031e-01 -2.367192745208740234e+00 -2.132123261690139771e-01 -1.095843672752380371e+00 -3.502883613109588623e-01 6.356478333473205566e-01 -6.093673110008239746e-01
7.542039752006530762e-01 -1.392413675785064697e-02 1.479189276695251465e+00 6.087841987609863281e-01 -9.901272654533386230e-01 -6.571369767189025879e-01 -1.416189432144165039e+00 -5.823089480400085449e-01 3.174423277378082275e-01 -3.265947699546813965e-01
7.818897962570190430e-01 -1.088549047708511353e-01 1.488195538520812988e+00 6.820291280746459961e-01 -8.748697042465209961e-01 -6.822310090065002441e-01 -1.489968061447143555e+00 -5.452724695205688477e-01 3.789522647857666016e-01 -3.056743144989013672e-01
7.788277268409729004e-01 -1.104464679956436157e-01 1.487529158592224121e+00 6.914358139038085938e-01 -8.747087121009826660e-01 -6.803471446037292480e-01 -1.498351097106933594e+00 -5.503880381584167480e-01 3.763340711593627930e-01 -3.049114942550659180e-01
7.775336503982543945e-01 -1.088093668222427368e-01 1.497032284736633301e+00 6.842041015625000000e-01 -8.778296709060668945e-01 -6.739572882652282715e-01 -1.494580030441284180e+00 -5.531011223793029785e-01 3.773058950901031494e-01 -2.997292280197143555e-01
7.958642244338989258e-01 1.417059749364852905e-01 1.211909651756286621e+00 8.146936297416687012e-01 -9.566126465797424316e-01 -6.574032306671142578e-01 -1.339369654655456543e+00 -7.324510216712951660e-01 7.562219500541687012e-01 -5.316677689552307129e-01
7.836366891860961914e-01 1.479300707578659058e-01 1.221450924873352051e+00 8.005920648574829102e-01 -9.413812756538391113e-01 -6.704886555671691895e-01 -1.323129296302795410e+00 -7.350160479545593262e-01 7.682079076766967773e-01 -5.306456685066223145e-01
7.959841489791870117e-01 1.430182307958602905e-01 1.208936452865600586e+00 8.085680603981018066e-01 -9.370123147964477539e-01 -6.696892976760864258e-01 -1.319918513298034668e+00 -7.466850876808166504e-01 7.747060656547546387e-01 -5.283229947090148926e-01
7.943724989891052246e-01 1.412095874547958374e-01 1.227228403091430664e+00 8.033914566040039062e-01 -9.338600039482116699e-01 -6.570356488227844238e-01 -1.317658543586730957e+00 -7.352933287620544434e-01 7.640345692634582520e-01 -5.335041880607604980e-01
7.852994203567504883e-01 1.419823616743087769e-01 1.215527415275573730e+00 7.998641729354858398e-01 -9.332805275917053223e-01 -6.633442640304565430e-01 -1.327382683753967285e+00 -7.406490445137023926e-01 7.699279785156250000e-01 -5.414713621139526367e-01
8.072696328163146973e-01 1.291717141866683960e-01 1.287126660346984863e+00 7.894794344902038574e-01 -9.051754474639892578e-01 -5.825209617614746094e-01 -1.118460416793823242e+00 -7.641411423683166504e-01 8.556787967681884766e-01 -4.925150573253631592e-01
6.313039064407348633e-01 2.657630443572998047e-01 1.728643059730529785e+00 8.350133895874023438e-01 -9.456326365470886230e-01 -5.818396210670471191e-01 -1.496772766113281250e-01 -8.917071223258972168e-01 1.766335725784301758e+00 -3.272328376770019531e-01
5.638413429260253906e-01 -2.417136728763580322e-02 1.978693485260009766e+00 8.296967744827270508e-01 -9.746753573417663574e-01 -6.843757629394531250e-01 2.084882259368896484e-01 -8.727568387985229492e-01 1.022051930427551270e+00 1.571113243699073792e-02
5.207090377807617188e-01 9.440289437770843506e-02 1.892252802848815918e+00 8.045135140419006348e-01 -1.026171684265136719e+00 -6.584261059761047363e-01 2.503567934036254883e-01 -8.621626496315002441e-01 1.220157504081726074e+00 -4.074084386229515076e-02
4.161648154258728027e-01 2.415083348751068115e-02 1.753050923347473145e+00 7.371499538421630859e-01 -9.782007932662963867e-01 -6.588116288185119629e-01 3.236719369888305664e-01 -8.093491792678833008e-01 1.203295350074768066e+00 -3.133904561400413513e-02
3.678437471389770508e-01 -1.592584401369094849e-01 1.836359143257141113e+00 6.540461778640747070e-01 -9.621468186378479004e-01 -6.331329941749572754e-01 3.612502813339233398e-01 -7.090414166450500488e-01 8.758339285850524902e-01 1.353161334991455078e-01
