2.954177260398864746e-01 2.427449077367782593e-01 -9.368489980697631836e-01 4.357848763465881348e-01 -5.042974352836608887e-01 5.110087394714355469e-01 3.457119166851043701e-01 -2.921594083309173584e-01 2.018261998891830444e-01 1.312263906002044678e-01
3.014900088310241699e-01 2.808128595352172852e-01 -9.557889699935913086e-01 4.484129846096038818e-01 -4.899349808692932129e-01 4.810681343078613281e-01 3.411103188991546631e-01 -2.907060086727142334e-01 2.255440801382064819e-01 1.018618047237396240e-01
3.005878329277038574e-01 2.761235833168029785e-01 -9.580100774765014648e-01 3.922953605651855469e-01 -4.820861518383026123e-01 4.866663217544555664e-01 3.128589987754821777e-01 -2.826948463916778564e-01 2.184251993894577026e-01 1.264339387416839600e-01
2.393509000539779663e-01 2.997848391532897949e-01 -9.412871599197387695e-01 4.045817852020263672e-01 -5.143672227859497070e-01 5.161052942276000977e-01 3.589624166488647461e-01 -3.020143210887908936e-01 2.051918506622314453e-01 1.522819995880126953e-01
1.816398650407791138e-01 3.226042985916137695e-01 -9.151278734207153320e-01 4.423767030239105225e-01 -5.386617779731750488e-01 5.682579874992370605e-01 3.682254552841186523e-01 -2.976190149784088135e-01 2.127759456634521484e-01 1.557756662368774414e-01
1.903311759233474731e-01 3.345481753349304199e-01 -9.074644446372985840e-01 4.723526537418365479e-01 -5.122282505035400391e-01 6.020773649215698242e-01 3.650130629539489746e-01 -2.728956043720245361e-01 2.327935248613357544e-01 1.088557541370391846e-01
2.081200331449508667e-01 3.460781574249267578e-01 -8.900163173675537109e-01 5.221443772315979004e-01 -5.596553683280944824e-01 6.486241817474365234e-01 2.958301901817321777e-01 -2.530119121074676514e-01 1.953076571226119995e-01 9.352138638496398926e-02
2.828331589698791504e-01 3.060762882232666016e-01 -9.545288085937500000e-01 5.174169540405273438e-01 -5.611209273338317871e-01 5.767272114753723145e-01 2.684796452522277832e-01 -3.334442675113677979e-01 1.475719660520553589e-01 1.213070154190063477e-01
3.017352223396301270e-01 2.405623048543930054e-01 -9.881744384765625000e-01 3.955127894878387451e-01 -5.260437130928039551e-01 4.755349159240722656e-01 2.204787135124206543e-01 -3.233810961246490479e-01 1.735166460275650024e-01 1.403838396072387695e-01
3.041820228099822998e-01 2.361432164907455444e-01 -9.996306896209716797e-01 3.821314573287963867e-01 -5.178272128105163574e-01 4.546689987182617188e-01 2.190851569175720215e-01 -3.093121349811553955e-01 1.779617667198181152e-01 1.355666220188140869e-01
3.046077489852905273e-01 2.334843724966049194e-01 -1.008653402328491211e+00 3.689657151699066162e-01 -5.106528401374816895e-01 4.566586017608642578e-01 2.163994908332824707e-01 -3.055611550807952881e-01 1.721047610044479370e-01 1.343390643596649170e-01
2.936618924140930176e-01 2.347143143415451050e-01 -1.005162358283996582e+00 3.806012868881225586e-01 -5.163752436637878418e-01 4.491059780120849609e-01 2.160595059394836426e-01 -3.132839500904083252e-01 1.764926463365554810e-01 1.433882713317871094e-01
3.031992912292480469e-01 2.318185418844223022e-01 -1.010109186172485352e+00 3.817191421985626221e-01 -5.039923787117004395e-01 4.437058568000793457e-01 2.124058604240417480e-01 -3.279815614223480225e-01 1.833132207393646240e-01 1.342345476150512695e-01
2.953036427497863770e-01 2.260379642248153687e-01 -9.865041375160217285e-01 3.813812434673309326e-01 -5.131456255912780762e-01 4.464731812477111816e-01 1.873357295989990234e-01 -3.591016232967376709e-01 1.764847189188003540e-01 1.366759836673736572e-01
2.356327623128890991e-01 -3.321173191070556641e-01 -5.584910511970520020e-01 5.259587168693542480e-01 -1.518156528472900391e+00 2.445208281278610229e-01 -6.754148006439208984e-02 -7.664712071418762207e-01 -1.492418795824050903e-01 9.683068990707397461e-01
3.423606157302856445e-01 -1.220976471900939941e+00 -1.001371026039123535e+00 3.500375449657440186e-01 -4.501565396785736084e-01 -2.223334461450576782e-01 -2.994984984397888184e-01 -5.961368680000305176e-01 -6.632366776466369629e-01 1.383085608482360840e+00
3.584427833557128906e-01 -1.341794252395629883e+00 -1.479528665542602539e+00 9.057180881500244141e-01 4.675769507884979248e-01 -5.176800489425659180e-01 -7.511442899703979492e-01 -8.107631206512451172e-01 -8.327739238739013672e-01 7.768156528472900391e-01
3.659976720809936523e-01 -1.343659162521362305e+00 -1.487963676452636719e+00 9.049783349037170410e-01 4.537081122398376465e-01 -5.443890690803527832e-01 -7.500392794609069824e-01 -7.869206070899963379e-01 -8.310990929603576660e-01 7.736446261405944824e-01
3.696410655975341797e-01 -1.341044902801513672e+00 -1.492548465728759766e+00 9.081254601478576660e-01 4.607322812080383301e-01 -5.438489913940429688e-01 -7.552968859672546387e-01 -7.810524106025695801e-01 -8.222550749778747559e-01 7.767655253410339355e-01
3.684858679771423340e-01 -1.346789479255676270e+00 -1.501393914222717285e+00 9.039866328239440918e-01 4.522193372249603271e-01 -5.352994203567504883e-01 -7.513718008995056152e-01 -7.891564965248107910e-01 -8.365975618362426758e-01 7.759825587272644043e-01
3.636115789413452148e-01 -1.344114065170288086e+00 -1.496065735816955566e+00 8.978513479232788086e-01 4.566572606563568115e-01 -5.410310029983520508e-01 -7.496926188468933105e-01 -7.843093276023864746e-01 -8.346592783927917480e-01 7.667908072471618652e-01
3.575571179389953613e-01 -1.341014027595520020e+00 -1.489573359489440918e+00 8.978126049041748047e-01 4.548735320568084717e-01 -5.294418931007385254e-01 -7.430480122566223145e-01 -7.810254693031311035e-01 -8.349154591560363770e-01 7.752128243446350098e-01
3.607476949691772461e-01 -1.342150926589965820e+00 -1.481472849845886230e+00 9.011042118072509766e-01 4.552810192108154297e-01 -5.390612483024597168e-01 -7.445383667945861816e-01 -7.931458950042724609e-01 -8.344822525978088379e-01 7.661101222038269043e-01
3.886400461196899414e-01 -1.306862831115722656e+00 -1.011812806129455566e+00 1.388153195381164551e+00 1.347863823175430298e-01 -5.643391013145446777e-01 -5.141510367393493652e-01 -9.980873465538024902e-01 -4.384800493717193604e-01 8.723356127738952637e-01
3.897829055786132812e-01 -1.303954839706420898e+00 -1.002658724784851074e+00 1.406930327415466309e+00 1.292981952428817749e-01 -5.605590939521789551e-01 -5.033295750617980957e-01 -1.001757860183715820e+00 -4.200471937656402588e-01 8.896628022193908691e-01
3.809107542037963867e-01 -1.289392471313476562e+00 -9.257826805114746094e-01 1.463576674461364746e+00 8.869086205959320068e-02 -5.423462986946105957e-01 -4.939343333244323730e-01 -1.025292396545410156e+00 -3.874375522136688232e-01 9.169209003448486328e-01
3.792796730995178223e-01 -1.281468391418457031e+00 -9.404746890068054199e-01 1.450507760047912598e+00 8.484740555286407471e-02 -5.465304255485534668e-01 -4.928396940231323242e-01 -1.024099230766296387e+00 -3.866459429264068604e-01 9.119136929512023926e-01
3.869283795356750488e-01 -1.286310911178588867e+00 -9.352322220802307129e-01 1.459018826484680176e+00 8.638145029544830322e-02 -5.462369918823242188e-01 -4.894098639488220215e-01 -1.021458983421325684e+00 -3.837681114673614502e-01 9.185462594032287598e-01
3.754818439483642578e-01 -1.284950017929077148e+00 -9.218856096267700195e-01 1.454652309417724609e+00 8.377347886562347412e-02 -5.368040204048156738e-01 -4.870063662528991699e-01 -1.016673326492309570e+00 -3.857192993164062500e-01 9.123122096061706543e-01
3.813617229461669922e-01 -1.291831254959106445e+00 -9.297106266021728516e-01 1.471353888511657715e+00 8.259128034114837646e-02 -5.436497926712036133e-01 -4.933837056159973145e-01 -1.019356012344360352e+00 -3.740097284317016602e-01 9.185071587562561035e-01
2.361968904733657837e-01 -6.890944838523864746e-01 -7.880120277404785156e-01 1.732133984565734863e+00 1.207424700260162354e-02 -4.950814247131347656e-01 -2.916645407676696777e-01 -9.820762276649475098e-01 -1.819834858179092407e-01 1.058029532432556152e+00
-3.100438117980957031e-01 1.247136443853378296e-01 -1.380255103111267090e+00 1.392543196678161621e+00 4.996110498905181885e-02 -4.166250526905059814e-01 -1.395995616912841797e-01 -7.368324398994445801e-01 -3.199755847454071045e-01 9.115809202194213867e-01
-3.197118043899536133e-01 5.864724982529878616e-03 -1.461184144020080566e+00 1.261508345603942871e+00 4.640783369541168213e-02 -4.560528695583343506e-01 -3.364784717559814453e-01 -6.646839380264282227e-01 -4.714989960193634033e-01 6.275935173034667969e-01
-3.244232535362243652e-01 5.330548156052827835e-03 -1.454437613487243652e+00 1.262385964393615723e+00 5.722285807132720947e-02 -4.465358853340148926e-01 -3.406827449798583984e-01 -6.703962087631225586e-01 -4.664447307586669922e-01 6.261767148971557617e-01
-3.422690033912658691e-01 7.558266818523406982e-02 -1.477828145027160645e+00 1.333111882209777832e+00 7.555975019931793213e-02 -4.191558659076690674e-01 -2.627268433570861816e-01 -7.024725079536437988e-01 -4.239016473293304443e-01 6.921015381813049316e-01
-3.118710517883300781e-01 5.776070058345794678e-02 -1.424314498901367188e+00 1.349969744682312012e+00 4.716207087039947510e-02 -4.158482849597930908e-01 -2.165241241455078125e-01 -7.230115532875061035e-01 -3.724339604377746582e-01 8.124710917472839355e-01
-4.296365976333618164e-01 2.675781250000000000e-01 -1.363420844078063965e+00 1.446416497230529785e+00 -4.004161059856414795e-02 -4.234188199043273926e-01 -1.486573219299316406e-01 -7.485058903694152832e-01 -2.999407649040222168e-01 8.451421260833740234e-01
-5.417644977569580078e-01 2.714231610298156738e-01 -1.248401045799255371e+00 1.424168705940246582e+00 -9.504334628582000732e-02 -3.910487890243530273e-01 -1.833345890045166016e-01 -7.089030742645263672e-01 -2.634148001670837402e-01 6.326957345008850098e-01
