3.510107994079589844e-01 -1.617853790521621704e-01 4.987178444862365723e-01 2.772142887115478516e-01 -2.469690293073654175e-01 7.494711279869079590e-01 3.505064845085144043e-01 -9.259063601493835449e-01 1.368460804224014282e-01 -4.082465171813964844e-01
3.479116261005401611e-01 -1.481186300516128540e-01 5.187872648239135742e-01 2.563320994377136230e-01 -2.331170290708541870e-01 8.198251724243164062e-01 2.876231074333190918e-01 -9.372468590736389160e-01 1.098834499716758728e-01 -4.032109975814819336e-01
3.215039968490600586e-01 -1.579800993204116821e-01 5.057458877563476562e-01 2.977119386196136475e-01 -2.984690964221954346e-01 7.082259058952331543e-01 4.634155631065368652e-01 -9.173811078071594238e-01 1.780311614274978638e-01 -3.566547632217407227e-01
2.410149723291397095e-01 -1.812058836221694946e-01 5.186529159545898438e-01 2.550140321254730225e-01 -3.453492820262908936e-01 7.341278195381164551e-01 6.311144232749938965e-01 -9.108117222785949707e-01 2.187464386224746704e-01 -2.596485912799835205e-01
1.770306378602981567e-01 -1.663991361856460571e-01 5.162867307662963867e-01 2.549426257610321045e-01 -3.866581022739410400e-01 7.138180136680603027e-01 8.803209066390991211e-01 -9.034115672111511230e-01 2.952858209609985352e-01 -1.826219856739044189e-01
1.523394733667373657e-01 -7.239224016666412354e-02 4.568262100219726562e-01 2.980348169803619385e-01 -4.570944011211395264e-01 6.779718995094299316e-01 9.531362056732177734e-01 -9.348612427711486816e-01 3.964815437793731689e-01 -2.326258122920989990e-01
1.334812790155410767e-01 -3.063429892063140869e-02 2.179661542177200317e-01 3.325357437133789062e-01 -3.795877099037170410e-01 5.460057854652404785e-01 9.578149914741516113e-01 -1.090741038322448730e+00 5.933342576026916504e-01 -3.707064390182495117e-01
2.267284244298934937e-01 1.916882842779159546e-01 4.382348060607910156e-01 4.515700042247772217e-01 -9.397414326667785645e-01 5.123211741447448730e-01 4.497717618942260742e-01 -1.017843365669250488e+00 4.819066226482391357e-01 -4.937840104103088379e-01
3.184868097305297852e-01 2.049764245748519897e-01 5.643745064735412598e-01 4.419776499271392822e-01 -9.704340100288391113e-01 5.572715401649475098e-01 3.401687145233154297e-01 -9.577614068984985352e-01 4.130392372608184814e-01 -5.262923836708068848e-01
3.210139870643615723e-01 1.902564615011215210e-01 5.628069043159484863e-01 4.303197860717773438e-01 -9.598041176795959473e-01 5.527136325836181641e-01 3.333282470703125000e-01 -9.543249607086181641e-01 4.154341518878936768e-01 -5.273701548576354980e-01
3.262797296047210693e-01 1.953664869070053101e-01 5.598830580711364746e-01 4.282515347003936768e-01 -9.748947024345397949e-01 5.520446300506591797e-01 3.387887477874755859e-01 -9.623848795890808105e-01 4.190133512020111084e-01 -5.274673700332641602e-01
3.214009702205657959e-01 1.997893899679183960e-01 5.677096247673034668e-01 4.347254931926727295e-01 -9.652336835861206055e-01 5.559745430946350098e-01 3.354778885841369629e-01 -9.599331021308898926e-01 4.082988798618316650e-01 -5.363721251487731934e-01
3.166284561157226562e-01 1.986131519079208374e-01 5.664385557174682617e-01 4.512811601161956787e-01 -9.603095650672912598e-01 5.563318729400634766e-01 3.304882645606994629e-01 -9.619181752204895020e-01 4.109097123146057129e-01 -5.334548354148864746e-01
3.530746698379516602e-01 2.957438230514526367e-01 3.694448471069335938e-01 4.036140739917755127e-01 -6.484233736991882324e-01 7.255403995513916016e-01 -1.275686621665954590e-01 -9.766520261764526367e-01 4.752266407012939453e-01 -6.822171807289123535e-01
3.891857266426086426e-01 2.072671502828598022e-01 4.219699203968048096e-01 3.018961250782012939e-01 -6.840665936470031738e-01 7.480400800704956055e-01 -9.562959074974060059e-01 -8.917750716209411621e-01 2.330721914768218994e-02 -8.047896027565002441e-01
4.246305227279663086e-01 1.683931201696395874e-01 4.179435670375823975e-01 3.153106868267059326e-01 -7.111958861351013184e-01 6.946489810943603516e-01 -1.051045656204223633e+00 -8.594744801521301270e-01 -7.492153672501444817e-04 -8.096018433570861816e-01
4.318659007549285889e-01 1.341897100210189819e-01 4.274394810199737549e-01 3.200896680355072021e-01 -7.345008254051208496e-01 6.637298464775085449e-01 -1.095574140548706055e+00 -8.626520633697509766e-01 -8.515551686286926270e-03 -8.070386052131652832e-01
4.351563453674316406e-01 1.357670873403549194e-01 4.239247739315032959e-01 3.156872987747192383e-01 -7.367818355560302734e-01 6.676156520843505859e-01 -1.090089559555053711e+00 -8.725937008857727051e-01 -1.492634299211204052e-03 -8.073545098304748535e-01
4.315230250358581543e-01 1.343867629766464233e-01 4.302808940410614014e-01 3.184503912925720215e-01 -7.224619984626770020e-01 6.740933656692504883e-01 -1.076374411582946777e+00 -8.627603650093078613e-01 -2.373799681663513184e-03 -8.104400038719177246e-01
4.360693693161010742e-01 1.397861093282699585e-01 4.218094348907470703e-01 3.138729631900787354e-01 -7.277662158012390137e-01 6.784331202507019043e-01 -1.088019967079162598e+00 -8.583498597145080566e-01 2.083167433738708496e-03 -8.016442656517028809e-01
4.246334135532379150e-01 1.363264173269271851e-01 4.245043992996215820e-01 3.204152882099151611e-01 -7.336747646331787109e-01 6.673998832702636719e-01 -1.089684844017028809e+00 -8.596127629280090332e-01 -1.200906932353973389e-02 -8.134322166442871094e-01
4.344391226768493652e-01 1.440136283636093140e-01 4.270258545875549316e-01 3.155170977115631104e-01 -7.368794083595275879e-01 6.698720455169677734e-01 -1.078403592109680176e+00 -8.744656443595886230e-01 -3.447458148002624512e-03 -8.090401291847229004e-01
4.378114342689514160e-01 1.416872590780258179e-01 4.252792298793792725e-01 3.224627673625946045e-01 -7.346874475479125977e-01 6.679174900054931641e-01 -1.092741012573242188e+00 -8.736997842788696289e-01 -4.290521144866943359e-03 -8.122572302818298340e-01
4.252402782440185547e-01 -8.772815763950347900e-02 7.998842597007751465e-01 3.563559949398040771e-01 -1.289463520050048828e+00 9.553269743919372559e-01 -9.113143086433410645e-01 -6.486537456512451172e-01 5.820196270942687988e-01 -6.791335344314575195e-02
4.754871726036071777e-01 -6.744195520877838135e-02 8.319654464721679688e-01 4.879633486270904541e-01 -1.065030097961425781e+00 1.357538819313049316e+00 -7.924747467041015625e-01 -6.958469152450561523e-01 1.040341019630432129e+00 -7.228966802358627319e-03
4.578602612018585205e-01 -7.847990095615386963e-02 8.251565098762512207e-01 4.972822368144989014e-01 -1.062081813812255859e+00 1.365150690078735352e+00 -7.823266983032226562e-01 -7.014193534851074219e-01 1.033004164695739746e+00 1.668933546170592308e-03
4.550065994262695312e-01 -7.864703238010406494e-02 8.220956921577453613e-01 4.815237820148468018e-01 -1.055526375770568848e+00 1.359847664833068848e+00 -7.815955877304077148e-01 -6.926006674766540527e-01 1.029645562171936035e+00 -7.925327867269515991e-03
4.514181613922119141e-01 -7.777823507785797119e-02 8.236517310142517090e-01 4.829429090023040771e-01 -1.059931993484497070e+00 1.361091136932373047e+00 -7.785030007362365723e-01 -6.936441063880920410e-01 1.032988548278808594e+00 -4.569257143884897232e-04
4.606726169586181641e-01 -7.043792307376861572e-02 8.255857229232788086e-01 4.810641407966613770e-01 -1.073192358016967773e+00 1.378831386566162109e+00 -7.826343178749084473e-01 -7.032295465469360352e-01 1.025634407997131348e+00 4.793528467416763306e-03
3.766618371009826660e-01 1.784895360469818115e-02 7.283740043640136719e-01 4.266104698181152344e-01 -9.598576426506042480e-01 1.340478301048278809e+00 -5.916054844856262207e-01 -7.830625772476196289e-01 1.138673424720764160e+00 -8.834964036941528320e-02
2.127239853143692017e-01 2.584986090660095215e-01 6.490407586097717285e-01 4.097977876663208008e-01 -9.770381450653076172e-01 1.172869563102722168e+00 2.112812399864196777e-01 -1.122423410415649414e+00 1.289852023124694824e+00 -2.213171720504760742e-01
5.126059055328369141e-01 1.894466131925582886e-01 1.168788552284240723e+00 4.870460629463195801e-01 -1.357587337493896484e+00 1.217558622360229492e+00 5.488114356994628906e-01 -1.067321300506591797e+00 1.198673129081726074e+00 -5.138581618666648865e-02
5.353761315345764160e-01 1.705654114484786987e-01 1.206374764442443848e+00 4.784307777881622314e-01 -1.337335586547851562e+00 1.222817897796630859e+00 5.688304305076599121e-01 -1.056261777877807617e+00 1.178269505500793457e+00 -4.530965909361839294e-02
5.409868955612182617e-01 1.809320300817489624e-01 1.220848679542541504e+00 4.831901192665100098e-01 -1.346368551254272461e+00 1.243722915649414062e+00 5.615072846412658691e-01 -1.049752831459045410e+00 1.165676832199096680e+00 -3.859543427824974060e-02
3.214194774627685547e-01 2.607610225677490234e-01 8.963010311126708984e-01 4.557990729808807373e-01 -1.212407588958740234e+00 9.837076663970947266e-01 6.725402474403381348e-01 -1.147956728935241699e+00 1.385416626930236816e+00 -1.780940294265747070e-01
9.651724994182586670e-02 1.156626641750335693e-02 7.771925926208496094e-01 3.429259359836578369e-01 -1.030319213867187500e+00 8.065899610519409180e-01 1.163693189620971680e+00 -1.033307909965515137e+00 1.153948187828063965e+00 4.444438591599464417e-02
1.542155891656875610e-01 -1.240251213312149048e-01 1.065125346183776855e+00 3.059477508068084717e-01 -9.632611870765686035e-01 1.031600236892700195e+00 1.113058924674987793e+00 -8.646889328956604004e-01 9.857758879661560059e-01 2.574544548988342285e-01
2.258508354425430298e-01 -1.769549995660781860e-01 1.230393528938293457e+00 2.533095777034759521e-01 -9.160515666007995605e-01 1.192462444305419922e+00 9.437440037727355957e-01 -8.338407278060913086e-01 9.347212910652160645e-01 2.819338440895080566e-01
