3.330088853836059570e-01 1.334945410490036011e-01 6.853170394897460938e-01 8.713929913938045502e-03 -3.135907948017120361e-01 5.658268332481384277e-01 7.333059906959533691e-01 -2.797235548496246338e-01 -1.242233067750930786e-01 -8.739079833030700684e-01
3.477635979652404785e-01 1.621346324682235718e-01 6.885069608688354492e-01 -1.545849535614252090e-02 -2.815818488597869873e-01 5.440031290054321289e-01 7.113177180290222168e-01 -3.030616343021392822e-01 -8.869046717882156372e-02 -8.976494073867797852e-01
3.386048376560211182e-01 1.552101820707321167e-01 6.796506643295288086e-01 -5.569637753069400787e-03 -2.822353243827819824e-01 5.263367891311645508e-01 7.133181095123291016e-01 -3.014265596866607666e-01 -9.778084605932235718e-02 -8.880686163902282715e-01
2.646605074405670166e-01 1.673368066549301147e-01 6.577887535095214844e-01 2.714761905372142792e-02 -3.251272141933441162e-01 5.863665342330932617e-01 7.434085607528686523e-01 -2.931964993476867676e-01 -9.301418811082839966e-02 -8.530707955360412598e-01
1.998506933450698853e-01 1.621703952550888062e-01 5.943300724029541016e-01 6.513872742652893066e-02 -3.468132615089416504e-01 6.603824496269226074e-01 7.718100547790527344e-01 -2.700736522674560547e-01 -7.973732799291610718e-02 -8.602681756019592285e-01
1.774008423089981079e-01 2.004086226224899292e-01 6.140694618225097656e-01 8.039847016334533691e-02 -3.365285694599151611e-01 7.255929112434387207e-01 7.633906602859497070e-01 -2.355211824178695679e-01 -6.843548268079757690e-02 -9.335976839065551758e-01
2.338783144950866699e-01 1.776869148015975952e-01 6.616393923759460449e-01 1.623416841030120850e-01 -4.079754650592803955e-01 7.151830792427062988e-01 7.584636211395263672e-01 -2.368276566267013550e-01 -1.458079069852828979e-01 -9.861445426940917969e-01
3.107898235321044922e-01 1.377434581518173218e-01 7.200891375541687012e-01 1.199300289154052734e-01 -3.823999464511871338e-01 5.965155959129333496e-01 6.889313459396362305e-01 -3.188749253749847412e-01 -2.160174101591110229e-01 -9.239580035209655762e-01
3.661113977432250977e-01 1.195946782827377319e-01 6.758396625518798828e-01 -1.283225510269403458e-02 -3.286618292331695557e-01 5.186826586723327637e-01 6.200246810913085938e-01 -3.131333887577056885e-01 -1.572125107049942017e-01 -8.910211324691772461e-01
3.739173412322998047e-01 1.339847892522811890e-01 6.794334650039672852e-01 -4.985761642456054688e-02 -3.151583671569824219e-01 5.137369036674499512e-01 6.245325803756713867e-01 -3.025746643543243408e-01 -1.430799216032028198e-01 -8.751953840255737305e-01
3.762343525886535645e-01 1.314703673124313354e-01 6.693785190582275391e-01 -3.700685501098632812e-02 -3.148089349269866943e-01 5.027965307235717773e-01 6.187780499458312988e-01 -3.111648857593536377e-01 -1.417313963174819946e-01 -8.890073299407958984e-01
3.736588358879089355e-01 1.333516091108322144e-01 6.644780635833740234e-01 -4.217103123664855957e-02 -3.155596554279327393e-01 4.946879148483276367e-01 6.240479946136474609e-01 -3.048519790172576904e-01 -1.358067542314529419e-01 -8.823108077049255371e-01
3.808648288249969482e-01 1.299112290143966675e-01 6.729144454002380371e-01 -3.684285283088684082e-02 -3.189684450626373291e-01 5.076471567153930664e-01 6.181490421295166016e-01 -3.019412159919738770e-01 -1.439212411642074585e-01 -8.783546090126037598e-01
2.805665135383605957e-01 2.270416915416717529e-02 7.334946990013122559e-01 6.119880080223083496e-02 -4.385805428028106689e-01 5.909280180931091309e-01 6.845758557319641113e-01 -2.216261476278305054e-01 -3.179997801780700684e-01 -8.431420922279357910e-01
1.830390542745590210e-01 -7.442967891693115234e-01 1.180536746978759766e+00 2.924617230892181396e-01 -1.318589806556701660e+00 5.354253947734832764e-02 7.513405680656433105e-01 -8.049554228782653809e-01 -1.012139201164245605e+00 7.514733672142028809e-01
2.792352437973022461e-01 -8.491007089614868164e-01 2.487417012453079224e-01 8.348843455314636230e-02 1.740345507860183716e-01 -5.497940182685852051e-01 6.442040205001831055e-02 -5.325748920440673828e-01 -1.845894098281860352e+00 1.210739016532897949e+00
2.465126067399978638e-01 -7.895125746726989746e-01 1.213286370038986206e-01 1.666450500488281250e-01 4.022131264209747314e-01 -6.535132527351379395e-01 -4.656970873475074768e-02 -5.820555090904235840e-01 -1.896465182304382324e+00 1.062317728996276855e+00
2.398502975702285767e-01 -7.831260561943054199e-01 1.160300225019454956e-01 1.715455651283264160e-01 3.990972340106964111e-01 -6.443272233009338379e-01 -4.629576578736305237e-02 -5.846021771430969238e-01 -1.885654091835021973e+00 1.069856762886047363e+00
2.440617233514785767e-01 -7.889088392257690430e-01 1.212787479162216187e-01 1.726013123989105225e-01 4.018119871616363525e-01 -6.520760655403137207e-01 -4.280782118439674377e-02 -5.861517786979675293e-01 -1.890912294387817383e+00 1.067482829093933105e+00
2.399632483720779419e-01 -7.856414318084716797e-01 1.163902729749679565e-01 1.714651584625244141e-01 4.089333117008209229e-01 -6.404855847358703613e-01 -3.930807486176490784e-02 -5.847714543342590332e-01 -1.894487023353576660e+00 1.067002654075622559e+00
2.420642524957656860e-01 -7.821278572082519531e-01 1.228797286748886108e-01 1.749689877033233643e-01 3.980350494384765625e-01 -6.444718837738037109e-01 -4.622531309723854065e-02 -5.957306623458862305e-01 -1.895302534103393555e+00 1.072008728981018066e+00
2.409510761499404907e-01 -7.905756831169128418e-01 1.236163526773452759e-01 1.685891747474670410e-01 4.059859216213226318e-01 -6.386523842811584473e-01 -4.312199726700782776e-02 -5.931800007820129395e-01 -1.897731423377990723e+00 1.072438120841979980e+00
2.435993701219558716e-01 -7.899093031883239746e-01 1.266279965639114380e-01 1.763106584548950195e-01 4.069158136844635010e-01 -6.441691517829895020e-01 -4.485410824418067932e-02 -5.935147404670715332e-01 -1.898919582366943359e+00 1.071427583694458008e+00
2.963740825653076172e-01 -8.041778802871704102e-01 4.475106596946716309e-01 4.522984325885772705e-01 1.298269778490066528e-01 -6.313778758049011230e-01 1.448627710342407227e-01 -7.688763141632080078e-01 -1.553574919700622559e+00 1.220127224922180176e+00
2.990111112594604492e-01 -8.045582771301269531e-01 4.447471797466278076e-01 4.542573988437652588e-01 1.277386099100112915e-01 -6.257582306861877441e-01 1.455425620079040527e-01 -7.662160396575927734e-01 -1.565848708152770996e+00 1.217571139335632324e+00
2.955564856529235840e-01 -8.050631284713745117e-01 4.468482136726379395e-01 4.549377858638763428e-01 1.210240274667739868e-01 -6.317763924598693848e-01 1.460533142089843750e-01 -7.574273347854614258e-01 -1.552693009376525879e+00 1.218517422676086426e+00
2.972532510757446289e-01 -7.999742627143859863e-01 4.457046687602996826e-01 4.542009830474853516e-01 1.200429946184158325e-01 -6.318168044090270996e-01 1.547909379005432129e-01 -7.686544060707092285e-01 -1.550462603569030762e+00 1.214369297027587891e+00
2.954223155975341797e-01 -8.057072162628173828e-01 4.456173777580261230e-01 4.509349465370178223e-01 1.195795089006423950e-01 -6.333144903182983398e-01 1.470122933387756348e-01 -7.676887512207031250e-01 -1.559206485748291016e+00 1.210591435432434082e+00
2.955269217491149902e-01 -8.043390512466430664e-01 4.429021477699279785e-01 4.511488974094390869e-01 1.204760819673538208e-01 -6.379223465919494629e-01 1.453615427017211914e-01 -7.762257456779479980e-01 -1.549134850502014160e+00 1.214773416519165039e+00
2.335727363824844360e-01 -6.977286338806152344e-01 5.223814249038696289e-01 5.273565649986267090e-01 -2.625986468046903610e-03 -6.105836033821105957e-01 2.508775591850280762e-01 -7.528563737869262695e-01 -1.335023880004882812e+00 1.240932464599609375e+00
-6.951469928026199341e-03 -1.581077724695205688e-01 5.060265064239501953e-01 5.840855836868286133e-01 3.430400975048542023e-04 -4.895265102386474609e-01 5.787411332130432129e-01 -7.742661237716674805e-01 -1.022388100624084473e+00 1.454417586326599121e+00
-3.934035897254943848e-01 2.606171369552612305e-01 9.239847958087921143e-02 2.977476119995117188e-01 1.129319816827774048e-01 -5.420909523963928223e-01 2.672666311264038086e-01 -5.030984282493591309e-01 -1.358971834182739258e+00 1.040771603584289551e+00
-3.716373443603515625e-01 1.724696010351181030e-01 9.479619562625885010e-02 2.573991417884826660e-01 1.204081326723098755e-01 -5.716653466224670410e-01 2.317172884941101074e-01 -4.835997521877288818e-01 -1.397148966789245605e+00 9.744688868522644043e-01
-3.576603531837463379e-01 1.441037505865097046e-01 9.361310303211212158e-02 2.507433891296386719e-01 1.287871152162551880e-01 -5.805097818374633789e-01 2.233854532241821289e-01 -4.751169979572296143e-01 -1.385606646537780762e+00 9.635784626007080078e-01
-3.458970189094543457e-01 2.431927770376205444e-01 1.150950938463211060e-01 2.795485556125640869e-01 1.032756716012954712e-01 -5.430707931518554688e-01 3.391717076301574707e-01 -4.989943206310272217e-01 -1.295808196067810059e+00 1.121161222457885742e+00
-3.616570234298706055e-01 3.086527585983276367e-01 1.245833784341812134e-01 2.981788814067840576e-01 8.491547405719757080e-02 -5.498951077461242676e-01 3.867720365524291992e-01 -5.113584399223327637e-01 -1.230376362800598145e+00 1.184824228286743164e+00
-5.285220742225646973e-01 4.886548519134521484e-01 2.205777913331985474e-01 3.638267517089843750e-01 -4.898510873317718506e-02 -5.431494712829589844e-01 3.643069267272949219e-01 -5.237015485763549805e-01 -1.081010937690734863e+00 1.132632493972778320e+00
-5.653951168060302734e-01 4.088095426559448242e-01 2.232579141855239868e-01 3.272915780544281006e-01 -2.040271461009979248e-02 -5.352017283439636230e-01 3.328810334205627441e-01 -5.308712720870971680e-01 -1.032305359840393066e+00 1.013456225395202637e+00
