6.497655510902404785e-01 6.575512886047363281e-01 -8.993712663650512695e-01 3.225837647914886475e-02 -3.290669918060302734e-01 5.837185978889465332e-01 3.107653558254241943e-01 -2.082567662000656128e-01 1.861296594142913818e-02 7.782213091850280762e-01
6.579558253288269043e-01 6.697576045989990234e-01 -9.263457059860229492e-01 3.919157385826110840e-02 -3.329745531082153320e-01 5.537362694740295410e-01 3.140483498573303223e-01 -2.060877531766891479e-01 1.459595561027526855e-02 7.542788386344909668e-01
6.080588698387145996e-01 6.686161160469055176e-01 -8.804306983947753906e-01 2.251447550952434540e-02 -3.602094650268554688e-01 5.987653136253356934e-01 3.531890213489532471e-01 -2.279068678617477417e-01 2.184613049030303955e-02 8.241437673568725586e-01
5.494343638420104980e-01 6.411971449851989746e-01 -8.361709117889404297e-01 1.411552634090185165e-02 -4.069419205188751221e-01 5.761209130287170410e-01 5.555006265640258789e-01 -2.280817478895187378e-01 9.496955573558807373e-02 8.480926752090454102e-01
4.684115648269653320e-01 5.958774685859680176e-01 -7.436643838882446289e-01 4.798426292836666107e-03 -4.491691291332244873e-01 6.022339463233947754e-01 8.128584027290344238e-01 -2.498372644186019897e-01 1.733340770006179810e-01 9.164138436317443848e-01
4.193370044231414795e-01 6.714665889739990234e-01 -7.298814058303833008e-01 2.633255533874034882e-02 -4.898518025875091553e-01 5.903436541557312012e-01 9.973694086074829102e-01 -2.712893187999725342e-01 2.588954865932464600e-01 9.208726882934570312e-01
3.739904165267944336e-01 7.505279779434204102e-01 -7.917026281356811523e-01 4.507990181446075439e-02 -4.090596139430999756e-01 5.030502676963806152e-01 9.277663826942443848e-01 -2.644332349300384521e-01 4.600160121917724609e-01 6.841343641281127930e-01
4.523972868919372559e-01 1.234801054000854492e+00 -7.735605239868164062e-01 1.678540110588073730e-01 -6.824660301208496094e-01 4.363910555839538574e-01 8.022560477256774902e-01 -3.704091012477874756e-01 5.048324465751647949e-01 6.394071578979492188e-01
6.201274394989013672e-01 1.404587030410766602e+00 -7.505586147308349609e-01 2.351513504981994629e-01 -8.582963943481445312e-01 4.621191620826721191e-01 4.576084017753601074e-01 -3.087074458599090576e-01 4.444217383861541748e-01 6.407188177108764648e-01
7.778729796409606934e-01 1.548917174339294434e+00 -6.554774045944213867e-01 2.438265234231948853e-01 -5.133517384529113770e-01 5.240995287895202637e-01 -5.266273394227027893e-02 -2.983609735965728760e-01 5.781446695327758789e-01 4.673838615417480469e-01
9.059692025184631348e-01 1.310160398483276367e+00 -7.191923856735229492e-01 1.339199542999267578e-01 -5.205900669097900391e-01 6.080537438392639160e-01 -1.049005389213562012e+00 -3.110386431217193604e-01 1.147269159555435181e-01 4.246709346771240234e-01
9.204441905021667480e-01 1.220631599426269531e+00 -7.203530073165893555e-01 1.087182015180587769e-01 -5.510813593864440918e-01 5.624945759773254395e-01 -1.218193650245666504e+00 -2.683925926685333252e-01 3.436402976512908936e-02 4.445968866348266602e-01
9.226366877555847168e-01 1.217324733734130859e+00 -7.268536686897277832e-01 1.066655889153480530e-01 -5.449219346046447754e-01 5.588593482971191406e-01 -1.221570730209350586e+00 -2.858050167560577393e-01 2.866216003894805908e-02 4.537273943424224854e-01
9.168059825897216797e-01 1.223724007606506348e+00 -7.320851087570190430e-01 9.917850047349929810e-02 -5.504356026649475098e-01 5.441586375236511230e-01 -1.225602507591247559e+00 -2.834270298480987549e-01 2.675235271453857422e-02 4.474738836288452148e-01
9.113491773605346680e-01 1.229352474212646484e+00 -7.248037457466125488e-01 1.159679591655731201e-01 -5.428543686866760254e-01 5.484678149223327637e-01 -1.223317980766296387e+00 -2.759941518306732178e-01 3.029488027095794678e-02 4.455331265926361084e-01
9.176959395408630371e-01 1.221881628036499023e+00 -7.286563515663146973e-01 1.094736605882644653e-01 -5.522257089614868164e-01 5.475076436996459961e-01 -1.217129111289978027e+00 -2.823432981967926025e-01 2.672427892684936523e-02 4.540075957775115967e-01
9.782947897911071777e-01 2.745703458786010742e-01 1.095590144395828247e-01 2.981585264205932617e-01 -6.630815267562866211e-01 3.791670799255371094e-01 -3.632155060768127441e-01 -9.874461591243743896e-02 1.001131176948547363e+00 1.195172905921936035e+00
8.395889997482299805e-01 6.308374404907226562e-01 9.163470566272735596e-02 2.558625042438507080e-01 -3.831036388874053955e-01 8.655683994293212891e-01 -2.485187649726867676e-01 -1.429375261068344116e-01 1.097162008285522461e+00 1.183266758918762207e+00
8.135913610458374023e-01 6.343260407447814941e-01 7.205225527286529541e-02 2.374942600727081299e-01 -3.598210513591766357e-01 8.829886913299560547e-01 -2.419745326042175293e-01 -1.640745848417282104e-01 1.082875490188598633e+00 1.181241393089294434e+00
7.662127614021301270e-01 6.912686824798583984e-01 4.572017490863800049e-02 2.214715480804443359e-01 -3.321900069713592529e-01 8.980618119239807129e-01 -1.725286245346069336e-01 -1.938800662755966187e-01 1.090046882629394531e+00 1.163506865501403809e+00
7.682096362113952637e-01 7.109242677688598633e-01 5.665339529514312744e-02 1.753288507461547852e-01 -3.003577888011932373e-01 8.726304173469543457e-01 -1.720029711723327637e-01 -1.733736246824264526e-01 1.093915820121765137e+00 1.104780077934265137e+00
6.079037189483642578e-01 1.127017021179199219e+00 1.763643324375152588e-02 2.593305110931396484e-01 -2.967564761638641357e-01 6.847322583198547363e-01 4.915321469306945801e-01 -4.546773731708526611e-01 1.466672778129577637e+00 9.695677161216735840e-01
7.263590097427368164e-01 1.086446285247802734e+00 2.351859956979751587e-01 2.972388267517089844e-01 -7.332922816276550293e-01 7.832471728324890137e-01 7.734475731849670410e-01 -3.436279296875000000e-01 1.406927585601806641e+00 1.355319380760192871e+00
7.780625820159912109e-01 1.281950950622558594e+00 1.863317340612411499e-01 3.392790853977203369e-01 -6.106799840927124023e-01 7.653728723526000977e-01 6.401851773262023926e-01 -3.888208270072937012e-01 1.555165886878967285e+00 1.248449325561523438e+00
3.081694841384887695e-01 8.678864240646362305e-01 5.729778110980987549e-02 1.234455704689025879e-01 -6.167368888854980469e-01 5.159789919853210449e-01 1.293226718902587891e+00 -3.901591598987579346e-01 1.335616111755371094e+00 1.238251090049743652e+00
2.581999301910400391e-01 6.130635738372802734e-01 1.518490165472030640e-01 1.864801943302154541e-01 -4.870741069316864014e-01 6.268115043640136719e-01 1.362862706184387207e+00 -3.435978591442108154e-01 1.105152487754821777e+00 1.563077569007873535e+00
