2.827026247978210449e-01 1.217583268880844116e-01 -7.445416450500488281e-01 2.230400145053863525e-01 -7.090442776679992676e-01 9.326732754707336426e-01 2.262570261955261230e-01 -7.869123220443725586e-01 2.691931426525115967e-01 1.102020740509033203e-01
2.508569359779357910e-01 1.258532851934432983e-01 -7.257453799247741699e-01 2.056708037853240967e-01 -6.948078274726867676e-01 1.021786451339721680e+00 1.510254144668579102e-01 -8.067634105682373047e-01 2.404460161924362183e-01 1.354739367961883545e-01
2.399181276559829712e-01 1.401274055242538452e-01 -7.135949730873107910e-01 2.383472770452499390e-01 -7.670091390609741211e-01 8.806945681571960449e-01 3.681752681732177734e-01 -7.609166502952575684e-01 3.199599087238311768e-01 1.420415341854095459e-01
1.744792610406875610e-01 9.802053868770599365e-02 -6.319267153739929199e-01 1.755797564983367920e-01 -7.949835658073425293e-01 9.179791808128356934e-01 5.130234956741333008e-01 -7.785707116127014160e-01 3.625083267688751221e-01 2.233116030693054199e-01
1.471977680921554565e-01 1.185446828603744507e-01 -6.016250848770141602e-01 2.001817524433135986e-01 -7.959654927253723145e-01 8.656451106071472168e-01 7.537175416946411133e-01 -7.693850398063659668e-01 4.495370984077453613e-01 2.519349157810211182e-01
1.318999677896499634e-01 2.308913916349411011e-01 -5.950510501861572266e-01 2.250964045524597168e-01 -8.330036997795104980e-01 8.337556123733520508e-01 7.790446877479553223e-01 -8.235350847244262695e-01 5.255681872367858887e-01 1.848554909229278564e-01
7.534016668796539307e-02 3.792660832405090332e-01 -6.675116419792175293e-01 2.472231835126876831e-01 -6.754546761512756348e-01 6.185302138328552246e-01 7.536691427230834961e-01 -8.799412846565246582e-01 6.568092703819274902e-01 1.949187517166137695e-01
1.170505434274673462e-01 7.847138643264770508e-01 -6.133706569671630859e-01 3.895644843578338623e-01 -1.091207385063171387e+00 6.256580948829650879e-01 3.925323486328125000e-01 -9.401893019676208496e-01 5.799991488456726074e-01 1.209940612316131592e-01
1.472750455141067505e-01 8.018333911895751953e-01 -5.963380336761474609e-01 4.128822982311248779e-01 -1.127573490142822266e+00 6.782153248786926270e-01 2.275843918323516846e-01 -9.001374840736389160e-01 4.982999265193939209e-01 1.079756617546081543e-01
1.512407213449478149e-01 7.993990182876586914e-01 -5.980657339096069336e-01 4.205062091350555420e-01 -1.123044013977050781e+00 6.829146146774291992e-01 2.225283980369567871e-01 -9.051455855369567871e-01 4.974829554557800293e-01 1.088199317455291748e-01
1.479329019784927368e-01 7.936599850654602051e-01 -5.968739390373229980e-01 4.133878946304321289e-01 -1.123189806938171387e+00 6.772836446762084961e-01 2.242879867553710938e-01 -9.018138051033020020e-01 4.963791668415069580e-01 9.895104169845581055e-02
1.447049528360366821e-01 7.948201894760131836e-01 -5.997928380966186523e-01 4.139294922351837158e-01 -1.113072514533996582e+00 6.725908517837524414e-01 2.190920412540435791e-01 -8.974550962448120117e-01 4.970684945583343506e-01 1.021902561187744141e-01
1.406865864992141724e-01 7.851095199584960938e-01 -6.006369590759277344e-01 4.140490889549255371e-01 -1.119367957115173340e+00 6.650364995002746582e-01 2.242771983146667480e-01 -8.991991281509399414e-01 5.031482577323913574e-01 9.748870134353637695e-02
2.208633571863174438e-01 9.108438491821289062e-01 -5.609138011932373047e-01 4.306083619594573975e-01 -7.876835465431213379e-01 7.342568635940551758e-01 -2.611380219459533691e-01 -1.063781738281250000e+00 5.944091677665710449e-01 -2.997979149222373962e-02
2.983754575252532959e-01 5.890741944313049316e-01 -5.947129726409912109e-01 3.032713234424591064e-01 -8.213273882865905762e-01 8.027107119560241699e-01 -1.313061833381652832e+00 -9.595584869384765625e-01 1.597422808408737183e-01 -6.572818756103515625e-02
3.029040992259979248e-01 5.808685421943664551e-01 -5.998429059982299805e-01 2.957693040370941162e-01 -8.424800038337707520e-01 7.760081291198730469e-01 -1.327547907829284668e+00 -9.482045173645019531e-01 1.644617766141891479e-01 -7.635429501533508301e-02
3.162668943405151367e-01 5.805386304855346680e-01 -6.016247272491455078e-01 2.983917295932769775e-01 -8.226752281188964844e-01 7.800467610359191895e-01 -1.333965539932250977e+00 -9.405062198638916016e-01 1.625857800245285034e-01 -8.716946840286254883e-02
3.089005351066589355e-01 5.943852066993713379e-01 -6.050289869308471680e-01 3.005128204822540283e-01 -8.415525555610656738e-01 7.807889580726623535e-01 -1.325592279434204102e+00 -9.415909647941589355e-01 1.661164611577987671e-01 -7.741633057594299316e-02
3.070639371871948242e-01 5.850448608398437500e-01 -6.067961454391479492e-01 3.060955703258514404e-01 -8.348554968833923340e-01 7.789263725280761719e-01 -1.331117033958435059e+00 -9.480414390563964844e-01 1.587091535329818726e-01 -7.202985882759094238e-02
3.075335621833801270e-01 5.916206836700439453e-01 -6.038651466369628906e-01 3.085208237171173096e-01 -8.243101239204406738e-01 7.954584956169128418e-01 -1.331036448478698730e+00 -9.369208812713623047e-01 1.617298871278762817e-01 -7.873818278312683105e-02
3.210400342941284180e-01 5.870383381843566895e-01 -6.094088554382324219e-01 3.132986128330230713e-01 -8.336411714553833008e-01 7.817822098731994629e-01 -1.331283330917358398e+00 -9.497957825660705566e-01 1.623022407293319702e-01 -7.861638069152832031e-02
3.198312520980834961e-01 5.845885872840881348e-01 -6.024241447448730469e-01 2.975337803363800049e-01 -8.303018212318420410e-01 7.868829965591430664e-01 -1.337358355522155762e+00 -9.361882805824279785e-01 1.691507250070571899e-01 -8.610397577285766602e-02
3.062363266944885254e-01 5.882309675216674805e-01 -6.005970835685729980e-01 2.938782870769500732e-01 -8.317912220954895020e-01 7.876250743865966797e-01 -1.324902892112731934e+00 -9.531101584434509277e-01 1.583616882562637329e-01 -7.731112837791442871e-02
5.017864108085632324e-01 -3.462840616703033447e-02 1.148425489664077759e-01 5.601677298545837402e-01 -1.089986920356750488e+00 4.979860186576843262e-01 -6.256135106086730957e-01 -4.948252141475677490e-01 9.490813016891479492e-01 6.374699473381042480e-01
4.689562916755676270e-01 1.773710101842880249e-01 1.702072173357009888e-01 4.951247870922088623e-01 -6.554778218269348145e-01 9.367917180061340332e-01 -5.616802573204040527e-01 -7.283648848533630371e-01 1.196117043495178223e+00 6.921667456626892090e-01
4.446868300437927246e-01 1.966976970434188843e-01 1.771823316812515259e-01 5.082662105560302734e-01 -6.500980257987976074e-01 9.542943835258483887e-01 -5.298425555229187012e-01 -7.367016077041625977e-01 1.192641139030456543e+00 6.891808509826660156e-01
4.410311579704284668e-01 1.959245055913925171e-01 1.744478493928909302e-01 5.077658295631408691e-01 -6.523838043212890625e-01 9.640384316444396973e-01 -5.320157408714294434e-01 -7.438757419586181641e-01 1.201128602027893066e+00 6.963217854499816895e-01
4.499871730804443359e-01 1.928244680166244507e-01 1.724590808153152466e-01 5.061492323875427246e-01 -6.599923372268676758e-01 9.506744146347045898e-01 -5.396136641502380371e-01 -7.397397756576538086e-01 1.195357561111450195e+00 6.914078593254089355e-01
4.422260522842407227e-01 1.938962787389755249e-01 1.675663143396377563e-01 5.088305473327636719e-01 -6.503944396972656250e-01 9.541198015213012695e-01 -5.322614312171936035e-01 -7.360933423042297363e-01 1.197987198829650879e+00 6.908673644065856934e-01
3.406518101692199707e-01 3.578863739967346191e-01 1.265667825937271118e-01 3.921999037265777588e-01 -5.199299454689025879e-01 9.115645289421081543e-01 -3.417825102806091309e-01 -8.268259763717651367e-01 1.299156665802001953e+00 5.187975168228149414e-01
1.414975076913833618e-01 6.281100511550903320e-01 6.340990960597991943e-02 4.640220701694488525e-01 -6.110612750053405762e-01 7.520896196365356445e-01 2.854557037353515625e-01 -1.134204506874084473e+00 1.560734868049621582e+00 4.063594639301300049e-01
3.391385674476623535e-01 6.016052961349487305e-01 2.692610025405883789e-01 5.379734039306640625e-01 -9.217755794525146484e-01 9.497569799423217773e-01 4.888392686843872070e-01 -1.045223832130432129e+00 1.526393532752990723e+00 6.942463517189025879e-01
3.534442186355590820e-01 5.866546630859375000e-01 2.780437469482421875e-01 5.256365537643432617e-01 -9.145730137825012207e-01 9.608915448188781738e-01 5.172103047370910645e-01 -1.021636366844177246e+00 1.496900439262390137e+00 7.095611691474914551e-01
3.561302423477172852e-01 5.996108651161193848e-01 2.903847098350524902e-01 5.507872104644775391e-01 -9.103863835334777832e-01 9.650697708129882812e-01 5.081986784934997559e-01 -1.033429741859436035e+00 1.501160144805908203e+00 7.190310359001159668e-01
1.706012040376663208e-01 6.845158934593200684e-01 1.423144191503524780e-01 4.460757672786712646e-01 -7.587962746620178223e-01 7.358596324920654297e-01 6.333118081092834473e-01 -1.194171786308288574e+00 1.694049477577209473e+00 4.878784120082855225e-01
4.805458709597587585e-02 3.444346189498901367e-01 1.369091421365737915e-01 3.360114395618438721e-01 -6.779482960700988770e-01 6.042542457580566406e-01 1.050516009330749512e+00 -1.027746200561523438e+00 1.307849764823913574e+00 6.859278082847595215e-01
8.241762220859527588e-02 1.913276761770248413e-01 2.852366566658020020e-01 3.664376139640808105e-01 -6.633562445640563965e-01 7.803742289543151855e-01 9.719066023826599121e-01 -8.854185938835144043e-01 1.164320588111877441e+00 9.477379918098449707e-01
1.290904432535171509e-01 1.281218379735946655e-01 3.382666110992431641e-01 3.135190308094024658e-01 -6.251461505889892578e-01 8.749830126762390137e-01 8.526497483253479004e-01 -8.669393658638000488e-01 1.157875895500183105e+00 1.003066658973693848e+00
