7.165008783340454102e-01 4.730191230773925781e-01 1.482009738683700562e-01 -2.178859412670135498e-01 -5.830664932727813721e-02 6.502273678779602051e-01 4.180765151977539062e-01 -5.204541087150573730e-01 -5.984220653772354126e-02 5.077647566795349121e-01
7.135128378868103027e-01 4.574222564697265625e-01 1.379779726266860962e-01 -2.103120535612106323e-01 -6.455801427364349365e-02 6.301531791687011719e-01 4.646106958389282227e-01 -4.983931183815002441e-01 -4.465389251708984375e-02 5.075182318687438965e-01
5.208334326744079590e-01 4.311283826828002930e-01 2.310258299112319946e-01 -1.751450300216674805e-01 -1.523511856794357300e-01 6.909703612327575684e-01 1.049942016601562500e+00 -5.029077529907226562e-01 1.604371815919876099e-01 5.871872901916503906e-01
7.720552682876586914e-01 9.189754128456115723e-01 4.176574945449829102e-02 -6.491059064865112305e-02 3.178657591342926025e-02 8.877012729644775391e-01 9.375078082084655762e-01 -6.566117405891418457e-01 4.613513052463531494e-01 2.347895503044128418e-01
8.696285486221313477e-01 1.171616315841674805e+00 -4.708282649517059326e-02 -9.278566576540470123e-03 8.992500603199005127e-02 9.297502636909484863e-01 8.812291026115417480e-01 -7.054350376129150391e-01 5.770652890205383301e-01 1.969211697578430176e-01
9.081138968467712402e-01 1.241488099098205566e+00 -7.054874300956726074e-02 -1.188457105308771133e-02 1.178613454103469849e-01 9.795767664909362793e-01 8.675214052200317383e-01 -7.279701828956604004e-01 5.912657976150512695e-01 1.810137629508972168e-01
9.248803257942199707e-01 1.242830872535705566e+00 -7.069171965122222900e-02 -6.440372206270694733e-03 1.275653988122940063e-01 9.640471339225769043e-01 8.564401865005493164e-01 -7.236033678054809570e-01 5.979115962982177734e-01 1.697741746902465820e-01
9.371543526649475098e-01 1.244552731513977051e+00 -7.406859099864959717e-02 -4.834712482988834381e-03 1.369503587484359741e-01 9.609069228172302246e-01 8.467299938201904297e-01 -7.294598221778869629e-01 5.927369594573974609e-01 1.784518361091613770e-01
9.334387183189392090e-01 1.239546656608581543e+00 -6.575851142406463623e-02 9.210973046720027924e-03 1.172674745321273804e-01 9.813998341560363770e-01 8.609621524810791016e-01 -7.146167755126953125e-01 5.930698513984680176e-01 1.762263178825378418e-01
1.011574387550354004e+00 1.323888063430786133e+00 -1.523026376962661743e-01 2.330393902957439423e-02 2.957676053047180176e-01 1.370279788970947266e+00 6.542626619338989258e-01 -6.822055578231811523e-01 6.233350634574890137e-01 8.511799573898315430e-02
7.459716200828552246e-01 6.247374415397644043e-01 -4.389572143554687500e-01 2.362457811832427979e-01 8.302012085914611816e-01 1.108162999153137207e+00 7.506231665611267090e-01 -7.701263427734375000e-01 1.088042616844177246e+00 2.481913566589355469e-01
5.917295217514038086e-01 7.674386501312255859e-01 -5.391035079956054688e-01 3.359848856925964355e-01 1.499775290489196777e+00 1.834591478109359741e-01 -1.480777263641357422e-01 -1.177543282508850098e+00 8.399530053138732910e-01 1.677362918853759766e-01
5.754323601722717285e-01 7.515077590942382812e-01 -5.112674236297607422e-01 3.264044821262359619e-01 1.479716062545776367e+00 1.443249732255935669e-01 -1.899519562721252441e-01 -1.207245945930480957e+00 8.089886903762817383e-01 1.707382202148437500e-01
5.760719776153564453e-01 7.662369012832641602e-01 -5.089029073715209961e-01 3.304366469383239746e-01 1.481349825859069824e+00 1.455223411321640015e-01 -2.073621153831481934e-01 -1.224370718002319336e+00 8.120518922805786133e-01 1.630558371543884277e-01
5.815961956977844238e-01 7.582660317420959473e-01 -5.069040060043334961e-01 3.294903934001922607e-01 1.477025985717773438e+00 1.498856097459793091e-01 -2.006680965423583984e-01 -1.241609096527099609e+00 8.091519474983215332e-01 1.682333946228027344e-01
7.168392539024353027e-01 6.278719305992126465e-01 -3.301956653594970703e-01 2.445375621318817139e-01 1.325727343559265137e+00 4.205985665321350098e-01 1.775090098381042480e-01 -8.803099393844604492e-01 1.040793538093566895e+00 2.703966498374938965e-01
9.347401261329650879e-01 1.137532472610473633e+00 3.355967998504638672e-02 7.238534092903137207e-02 1.318448901176452637e+00 1.256192922592163086e+00 9.163194894790649414e-02 -8.423084020614624023e-01 9.131752252578735352e-01 1.258060932159423828e-01
9.542368054389953613e-01 1.167309522628784180e+00 4.832865297794342041e-02 4.725280404090881348e-02 1.313571691513061523e+00 1.303215622901916504e+00 6.849223375320434570e-02 -8.371285796165466309e-01 8.698459267616271973e-01 1.200179457664489746e-01
9.477511644363403320e-01 1.181908369064331055e+00 4.781335592269897461e-02 5.436185002326965332e-02 1.321100234985351562e+00 1.301920413970947266e+00 7.031613588333129883e-02 -8.349861502647399902e-01 8.596016764640808105e-01 1.200262904167175293e-01
9.496305584907531738e-01 1.184346675872802734e+00 4.411470890045166016e-02 5.259689688682556152e-02 1.320508360862731934e+00 1.300608396530151367e+00 6.433749198913574219e-02 -8.413475751876831055e-01 8.579940199851989746e-01 1.282708048820495605e-01
9.509677886962890625e-01 1.227011680603027344e+00 4.525060951709747314e-02 3.584676980972290039e-02 1.269544482231140137e+00 1.249185204505920410e+00 6.481349468231201172e-02 -8.471752405166625977e-01 7.870476245880126953e-01 9.723985195159912109e-02
1.132475137710571289e+00 1.234731435775756836e+00 1.694867461919784546e-01 1.802246272563934326e-01 7.971978783607482910e-01 4.981426000595092773e-01 1.888986229896545410e-01 -8.562822937965393066e-01 7.275204658508300781e-01 6.678545475006103516e-02
1.076574921607971191e+00 1.149734735488891602e+00 2.054397016763687134e-01 1.675646752119064331e-01 7.456561923027038574e-01 3.945384621620178223e-01 1.929940581321716309e-01 -8.718727231025695801e-01 6.927908062934875488e-01 1.089348196983337402e-01
6.414324641227722168e-01 5.316499471664428711e-01 2.433692961931228638e-01 4.363299906253814697e-02 8.689534068107604980e-01 1.978610605001449585e-01 8.201223611831665039e-02 -8.077408671379089355e-01 4.855985343456268311e-01 3.023277521133422852e-01
6.689348220825195312e-01 3.875155448913574219e-01 4.677841663360595703e-01 -1.452125012874603271e-01 9.609254002571105957e-01 2.527426481246948242e-01 -2.317151427268981934e-01 -9.744502902030944824e-01 2.321311235427856445e-01 4.578464031219482422e-01
8.682064414024353027e-01 5.431485176086425781e-01 5.595682859420776367e-01 -1.651815623044967651e-01 9.138808846473693848e-01 3.388836383819580078e-01 -4.364893436431884766e-01 -9.333633780479431152e-01 1.521932184696197510e-01 4.091472029685974121e-01
