9.416119754314422607e-02 3.161895275115966797e-01 -8.253931999206542969e-01 9.852921962738037109e-02 -5.430237650871276855e-01 7.263322472572326660e-01 1.012518405914306641e-01 -4.391699135303497314e-01 1.003628820180892944e-01 2.979770004749298096e-01
1.052094548940658569e-01 3.476747274398803711e-01 -8.472006320953369141e-01 7.016998529434204102e-02 -5.205886363983154297e-01 7.283231019973754883e-01 9.192329645156860352e-02 -4.433363974094390869e-01 1.142227351665496826e-01 2.882716059684753418e-01
8.654691278934478760e-02 3.622001409530639648e-01 -8.667527437210083008e-01 5.833208560943603516e-02 -5.280234217643737793e-01 7.118344902992248535e-01 8.438587188720703125e-02 -4.483812749385833740e-01 1.033079475164413452e-01 3.025920987129211426e-01
3.446136042475700378e-02 3.771875500679016113e-01 -8.524047136306762695e-01 7.949236780405044556e-02 -5.446856617927551270e-01 7.497186064720153809e-01 1.049539446830749512e-01 -4.468494951725006104e-01 8.525674045085906982e-02 3.350116312503814697e-01
-6.731200963258743286e-03 3.925604820251464844e-01 -8.408547043800354004e-01 9.199943393468856812e-02 -5.790295600891113281e-01 8.039973378181457520e-01 1.425247192382812500e-01 -4.392086565494537354e-01 1.008076220750808716e-01 3.318967223167419434e-01
-2.294855192303657532e-02 4.323184490203857422e-01 -8.060682415962219238e-01 1.130081415176391602e-01 -5.800353884696960449e-01 8.746851086616516113e-01 9.563040733337402344e-02 -4.316974580287933350e-01 9.822581708431243896e-02 3.147988319396972656e-01
3.586504980921745300e-02 4.395864009857177734e-01 -8.200910091400146484e-01 1.820266842842102051e-01 -6.109859347343444824e-01 8.668282032012939453e-01 6.476527452468872070e-02 -4.190689027309417725e-01 6.392250955104827881e-02 3.005683124065399170e-01
9.079875051975250244e-02 3.727157711982727051e-01 -8.608597517013549805e-01 1.715503931045532227e-01 -5.725645422935485840e-01 7.937626838684082031e-01 1.066040713340044022e-02 -4.834942519664764404e-01 2.704124152660369873e-02 3.236060142517089844e-01
1.044927090406417847e-01 3.134928345680236816e-01 -8.896408677101135254e-01 6.187318265438079834e-02 -5.330647826194763184e-01 6.998812556266784668e-01 -2.381122484803199768e-02 -4.606017172336578369e-01 7.339605689048767090e-02 3.007166981697082520e-01
4.657296463847160339e-02 1.665116399526596069e-01 -7.564992904663085938e-01 1.898160427808761597e-01 -7.739757299423217773e-01 7.501703500747680664e-01 -1.062542479485273361e-02 -5.594688057899475098e-01 -8.000263571739196777e-02 4.781701564788818359e-01
1.494921892881393433e-01 -1.033874988555908203e+00 -5.881230235099792480e-01 1.720343530178070068e-01 -7.098635435104370117e-01 5.137388408184051514e-02 -2.781257629394531250e-01 -6.729580760002136230e-01 -3.681248724460601807e-01 1.503256440162658691e+00
2.507027387619018555e-01 -1.178879976272583008e+00 -1.366430521011352539e+00 4.692354500293731689e-01 3.555575609207153320e-01 -2.251697629690170288e-01 -8.223319649696350098e-01 -8.483200073242187500e-01 -1.007167458534240723e+00 1.118073821067810059e+00
2.417078167200088501e-01 -1.180504798889160156e+00 -1.379715204238891602e+00 4.837410449981689453e-01 3.557140529155731201e-01 -2.190202027559280396e-01 -8.454521298408508301e-01 -8.428803086280822754e-01 -1.018113613128662109e+00 1.111938118934631348e+00
2.414654642343521118e-01 -1.189262986183166504e+00 -1.370271682739257812e+00 4.798006117343902588e-01 3.625284135341644287e-01 -2.173685282468795776e-01 -8.566619753837585449e-01 -8.466652631759643555e-01 -1.020784258842468262e+00 1.110691308975219727e+00
2.416200786828994751e-01 -1.186641931533813477e+00 -1.380774855613708496e+00 4.794887304306030273e-01 3.591946363449096680e-01 -2.235054820775985718e-01 -8.449829220771789551e-01 -8.400612473487854004e-01 -1.017474055290222168e+00 1.104525089263916016e+00
3.003267645835876465e-01 -1.187052607536315918e+00 -9.402154684066772461e-01 8.927745223045349121e-01 6.067819893360137939e-02 -2.265368551015853882e-01 -6.338924765586853027e-01 -1.103199958801269531e+00 -6.356350779533386230e-01 1.294454455375671387e+00
2.930991649627685547e-01 -1.164738416671752930e+00 -8.614357709884643555e-01 9.522275924682617188e-01 2.522126305848360062e-03 -2.269832342863082886e-01 -6.231776475906372070e-01 -1.139564633369445801e+00 -5.645409226417541504e-01 1.317285776138305664e+00
2.976788878440856934e-01 -1.170922517776489258e+00 -8.653989434242248535e-01 9.405459761619567871e-01 1.198187936097383499e-03 -2.297961860895156860e-01 -6.165187954902648926e-01 -1.139865636825561523e+00 -5.711347460746765137e-01 1.321857571601867676e+00
2.889552116394042969e-01 -1.160415768623352051e+00 -8.602194786071777344e-01 9.390921592712402344e-01 9.805713780224323273e-04 -2.265281230211257935e-01 -6.173818707466125488e-01 -1.140826702117919922e+00 -5.716620087623596191e-01 1.318734407424926758e+00
2.887978553771972656e-01 -1.157678365707397461e+00 -8.650814294815063477e-01 9.359132051467895508e-01 -1.309141051024198532e-03 -2.344148904085159302e-01 -6.165280938148498535e-01 -1.136100292205810547e+00 -5.639757513999938965e-01 1.315761208534240723e+00
1.920932084321975708e-01 -8.354842066764831543e-01 -8.233555555343627930e-01 1.053466796875000000e+00 -1.041355580091476440e-01 -1.910638958215713501e-01 -5.799764990806579590e-01 -1.093865990638732910e+00 -5.299033522605895996e-01 1.359180331230163574e+00
-2.534379363059997559e-01 6.958030164241790771e-02 -1.101102232933044434e+00 1.072498917579650879e+00 -1.575082391500473022e-01 -1.615564972162246704e-01 -2.306852936744689941e-01 -9.521173834800720215e-01 -3.638803660869598389e-01 1.550747275352478027e+00
-4.015406370162963867e-01 8.405087888240814209e-02 -1.352431178092956543e+00 8.143385648727416992e-01 -8.287434279918670654e-02 -1.595420092344284058e-01 -4.346691966056823730e-01 -7.520693540573120117e-01 -6.603514552116394043e-01 1.054311037063598633e+00
-4.006627202033996582e-01 1.263215392827987671e-01 -1.302036762237548828e+00 8.271625041961669922e-01 -7.368038594722747803e-02 -1.467687040567398071e-01 -3.658050894737243652e-01 -7.915642857551574707e-01 -5.894496440887451172e-01 1.202252149581909180e+00
-4.284646511077880859e-01 1.959792226552963257e-01 -1.294682621955871582e+00 8.714511394500732422e-01 -8.032499253749847412e-02 -1.475168615579605103e-01 -3.132972717285156250e-01 -8.258808255195617676e-01 -5.465270876884460449e-01 1.274070858955383301e+00
-5.685321092605590820e-01 3.847835063934326172e-01 -1.143572211265563965e+00 9.650919437408447266e-01 -2.497471421957015991e-01 -1.592812389135360718e-01 -3.318137526512145996e-01 -8.219953179359436035e-01 -4.437282383441925049e-01 1.219662547111511230e+00
