9.377888441085815430e-01 3.886882066726684570e-01 -5.371673405170440674e-02 3.837324678897857666e-01 7.232148945331573486e-02 3.532575964927673340e-01 6.727279424667358398e-01 -3.790384232997894287e-01 7.306500524282455444e-02 4.039482176303863525e-01
9.139779210090637207e-01 3.310270309448242188e-01 -1.380975544452667236e-02 4.427281022071838379e-01 5.925907194614410400e-02 3.528079390525817871e-01 7.245067954063415527e-01 -3.983192145824432373e-01 3.962630778551101685e-02 4.464797377586364746e-01
9.779850244522094727e-01 -6.721897423267364502e-02 5.744816362857818604e-02 3.244161307811737061e-01 -2.671240270137786865e-02 4.341362118721008301e-01 9.176421165466308594e-01 -3.666888177394866943e-01 -1.307163238525390625e-01 7.251333594322204590e-01
1.460348129272460938e+00 -4.417966604232788086e-01 5.332306027412414551e-02 2.967831492424011230e-01 8.494965732097625732e-02 7.219138741493225098e-01 1.116576075553894043e+00 -5.648499131202697754e-01 -1.419031471014022827e-01 6.665354371070861816e-01
1.422756195068359375e+00 -5.273150801658630371e-01 8.003534376621246338e-02 2.874186038970947266e-01 2.458915580064058304e-03 8.221991658210754395e-01 1.176263332366943359e+00 -5.838354229927062988e-01 -2.066861242055892944e-01 7.173507809638977051e-01
1.397460460662841797e+00 -5.368112325668334961e-01 9.557420015335083008e-02 2.979897856712341309e-01 -2.701102197170257568e-02 8.663844466209411621e-01 1.208561897277832031e+00 -5.623111128807067871e-01 -2.187707126140594482e-01 7.370796799659729004e-01
1.406973004341125488e+00 -5.380345582962036133e-01 1.019138991832733154e-01 3.216036260128021240e-01 -2.010028064250946045e-02 8.444530367851257324e-01 1.212483048439025879e+00 -5.579889416694641113e-01 -2.133151590824127197e-01 7.451437711715698242e-01
1.418263554573059082e+00 -5.395201444625854492e-01 7.828015089035034180e-02 3.477236628532409668e-01 -5.388304125517606735e-03 8.224331736564636230e-01 1.213765501976013184e+00 -5.587132573127746582e-01 -2.077269107103347778e-01 7.303609251976013184e-01
1.409854769706726074e+00 -5.412741899490356445e-01 9.922440350055694580e-02 3.428141772747039795e-01 -1.846923958510160446e-03 8.044021725654602051e-01 1.216409802436828613e+00 -5.632091164588928223e-01 -2.081014066934585571e-01 7.601909041404724121e-01
1.252691626548767090e+00 -5.708143711090087891e-01 7.188284397125244141e-02 4.095452725887298584e-01 1.706521064043045044e-01 8.963975310325622559e-01 1.263354063034057617e+00 -5.444340109825134277e-01 -1.029044091701507568e-01 4.977776110172271729e-01
8.067789673805236816e-01 -8.473196029663085938e-01 7.174177467823028564e-02 5.233302116394042969e-01 2.971774041652679443e-01 1.369427680969238281e+00 1.220818161964416504e+00 -4.681164920330047607e-01 -1.568051874637603760e-01 7.713282108306884766e-02
1.364495754241943359e+00 -8.893065452575683594e-01 -3.978025317192077637e-01 3.708978593349456787e-01 1.137921690940856934e+00 1.010736942291259766e+00 6.207995414733886719e-01 -9.207479655742645264e-02 -5.077081322669982910e-01 -4.916127920150756836e-01
9.910435080528259277e-01 -9.111214280128479004e-01 -4.328404963016510010e-01 3.719398379325866699e-01 1.086846590042114258e+00 8.757573366165161133e-01 3.265722990036010742e-01 -4.771916568279266357e-02 -7.238709330558776855e-01 -5.529430508613586426e-01
9.993330240249633789e-01 -9.383694529533386230e-01 -4.516229629516601562e-01 3.931206464767456055e-01 1.086512327194213867e+00 8.787723779678344727e-01 3.148152828216552734e-01 -4.618112742900848389e-02 -7.067412137985229492e-01 -5.694205164909362793e-01
1.004139304161071777e+00 -9.137285947799682617e-01 -4.335788488388061523e-01 3.817080259323120117e-01 1.091841697692871094e+00 8.628893494606018066e-01 3.285996317863464355e-01 -4.241244494915008545e-02 -7.222857475280761719e-01 -5.540290474891662598e-01
5.191763043403625488e-01 -9.786863327026367188e-01 -3.859979510307312012e-01 4.159585535526275635e-01 9.716286063194274902e-01 8.705410957336425781e-01 4.448851943016052246e-01 -9.730117022991180420e-02 -7.968035936355590820e-01 -3.567000627517700195e-01
3.817362785339355469e-01 -1.096102952957153320e+00 -2.218150645494461060e-01 4.808892309665679932e-01 9.156652092933654785e-01 8.038048148155212402e-01 8.581643104553222656e-01 -1.263018101453781128e-01 -7.596190571784973145e-01 1.951865553855895996e-01
3.798407614231109619e-01 -1.088918447494506836e+00 -2.122657597064971924e-01 4.845677912235260010e-01 9.057533144950866699e-01 8.162698745727539062e-01 8.569548130035400391e-01 -1.223046034574508667e-01 -7.646237015724182129e-01 2.117257714271545410e-01
3.816641569137573242e-01 -1.093930482864379883e+00 -2.184612303972244263e-01 4.756099879741668701e-01 9.063960909843444824e-01 8.147758841514587402e-01 8.605424761772155762e-01 -1.302217692136764526e-01 -7.569662332534790039e-01 2.164494991302490234e-01
3.890288770198822021e-01 -1.100827813148498535e+00 -2.202070504426956177e-01 4.818076193332672119e-01 9.088186621665954590e-01 8.093442320823669434e-01 8.590372204780578613e-01 -1.263525933027267456e-01 -7.639535665512084961e-01 2.107439041137695312e-01
4.360508024692535400e-01 -1.033185124397277832e+00 -2.277811169624328613e-01 3.947116434574127197e-01 9.106426835060119629e-01 8.034675121307373047e-01 8.508343100547790527e-01 -1.195025891065597534e-01 -7.283590435981750488e-01 2.330454587936401367e-01
9.530820846557617188e-01 -1.003566265106201172e+00 -4.992924928665161133e-01 2.643702328205108643e-01 8.076702356338500977e-01 7.009664177894592285e-01 6.232240796089172363e-01 -9.204606711864471436e-02 -1.066637516021728516e+00 1.709437370300292969e-01
1.033468127250671387e+00 -9.979178309440612793e-01 -5.459240078926086426e-01 2.772787511348724365e-01 8.157808184623718262e-01 7.130708694458007812e-01 5.541399121284484863e-01 -7.827226817607879639e-02 -1.122387647628784180e+00 1.538170576095581055e-01
7.129703164100646973e-01 -5.496779680252075195e-01 -5.887717008590698242e-01 2.161395251750946045e-01 1.142976284027099609e+00 6.024661064147949219e-01 3.615879416465759277e-01 1.068954020738601685e-01 -9.496769309043884277e-01 7.698088884353637695e-02
3.906162977218627930e-01 -3.920933008193969727e-01 -4.871216416358947754e-01 3.400805294513702393e-01 1.326076745986938477e+00 4.895200729370117188e-01 1.899713873863220215e-01 1.358562856912612915e-01 -9.306457638740539551e-01 6.531643867492675781e-02
3.675432205200195312e-01 -4.037446975708007812e-01 -4.943681955337524414e-01 3.885231316089630127e-01 1.383175969123840332e+00 3.396239280700683594e-01 1.792649030685424805e-01 1.452454477548599243e-01 -9.659966230392456055e-01 1.370815634727478027e-01
