7.690152525901794434e-01 4.946848154067993164e-01 1.380558758974075317e-01 -2.133386731147766113e-01 -2.044133096933364868e-01 5.474650859832763672e-01 4.217193424701690674e-01 -6.513276696205139160e-01 -5.299146473407745361e-02 5.159501433372497559e-01
7.697473764419555664e-01 4.788929224014282227e-01 1.360285133123397827e-01 -2.152470499277114868e-01 -2.118008285760879517e-01 5.306077003479003906e-01 4.393003582954406738e-01 -6.299940943717956543e-01 -4.206162691116333008e-02 5.129547715187072754e-01
5.727223753929138184e-01 4.662782549858093262e-01 2.266850024461746216e-01 -2.145487368106842041e-01 -2.520607113838195801e-01 5.856299996376037598e-01 9.517861008644104004e-01 -6.231976747512817383e-01 1.195096373558044434e-01 6.229754090309143066e-01
8.031672239303588867e-01 9.591392278671264648e-01 4.006960988044738770e-02 -8.611845970153808594e-02 -5.312825739383697510e-02 8.284333944320678711e-01 9.593698382377624512e-01 -8.005141615867614746e-01 4.541639685630798340e-01 2.644565701484680176e-01
8.901377916336059570e-01 1.246011495590209961e+00 -4.574978351593017578e-02 -3.756386041641235352e-02 -1.589052379131317139e-02 8.805094361305236816e-01 8.950892686843872070e-01 -8.636949062347412109e-01 5.756400227546691895e-01 2.452098131179809570e-01
9.792844057083129883e-01 1.329011797904968262e+00 -9.261782467365264893e-02 -3.288461267948150635e-02 6.081916391849517822e-02 9.136477112770080566e-01 8.579344749450683594e-01 -8.962380290031433105e-01 6.054258346557617188e-01 1.970681548118591309e-01
9.613536596298217773e-01 1.329884767532348633e+00 -9.391263127326965332e-02 -3.309333324432373047e-02 4.763703048229217529e-02 8.979355692863464355e-01 8.677301406860351562e-01 -9.013590812683105469e-01 5.959987044334411621e-01 2.062132954597473145e-01
9.655850529670715332e-01 1.329779744148254395e+00 -8.462730050086975098e-02 -3.328979015350341797e-02 5.101527273654937744e-02 9.143199324607849121e-01 8.565823435783386230e-01 -8.842247128486633301e-01 5.983958244323730469e-01 2.086758017539978027e-01
9.690765738487243652e-01 1.331335902214050293e+00 -8.790358901023864746e-02 -2.298319526016712189e-02 6.180666387081146240e-02 9.065278172492980957e-01 8.633175492286682129e-01 -8.886335492134094238e-01 6.025512218475341797e-01 1.942518353462219238e-01
9.658296108245849609e-01 1.326413273811340332e+00 -9.279170632362365723e-02 -3.710041940212249756e-02 4.934139549732208252e-02 8.935160636901855469e-01 8.621329665184020996e-01 -8.886094093322753906e-01 5.980889201164245605e-01 1.983526945114135742e-01
9.779803752899169922e-01 1.325971245765686035e+00 -9.204393625259399414e-02 -3.257854282855987549e-02 6.401123106479644775e-02 8.950532674789428711e-01 8.614434599876403809e-01 -8.907510042190551758e-01 6.078223586082458496e-01 1.957547068595886230e-01
9.700449109077453613e-01 1.332558512687683105e+00 -9.268942475318908691e-02 -3.365102410316467285e-02 4.865889251232147217e-02 9.026749134063720703e-01 8.604844212532043457e-01 -8.942853808403015137e-01 5.985007882118225098e-01 2.035527229309082031e-01
9.708184599876403809e-01 1.315420031547546387e+00 -9.061822295188903809e-02 -3.974309563636779785e-02 6.058783829212188721e-02 9.006472229957580566e-01 8.555539250373840332e-01 -8.843005299568176270e-01 6.000522375106811523e-01 1.963505744934082031e-01
9.796357154846191406e-01 1.363896608352661133e+00 -1.139362007379531860e-01 -6.264936923980712891e-02 8.716256916522979736e-02 1.022251129150390625e+00 8.086698055267333984e-01 -8.927066326141357422e-01 5.955892801284790039e-01 1.585965752601623535e-01
8.307417035102844238e-01 1.147255659103393555e+00 -2.746424078941345215e-01 -1.218305677175521851e-01 6.239485144615173340e-01 2.071237087249755859e+00 5.507313013076782227e-01 -9.245478510856628418e-01 6.668203473091125488e-01 1.453377604484558105e-01
7.092759013175964355e-01 7.719996571540832520e-01 -5.552203655242919922e-01 3.893903493881225586e-01 1.466506004333496094e+00 2.490954846143722534e-01 -4.116982594132423401e-02 -1.439658284187316895e+00 9.994925856590270996e-01 1.114324927330017090e-01
6.377615928649902344e-01 7.221611142158508301e-01 -3.349427878856658936e-01 5.333827733993530273e-01 1.315837621688842773e+00 -1.872934214770793915e-02 -3.286905884742736816e-01 -1.683444619178771973e+00 8.784513473510742188e-01 3.022671639919281006e-01
6.413393616676330566e-01 7.180906534194946289e-01 -3.306581974029541016e-01 5.222526192665100098e-01 1.317657709121704102e+00 -1.689310185611248016e-02 -3.189279437065124512e-01 -1.686018705368041992e+00 8.837416768074035645e-01 2.960636615753173828e-01
6.421353816986083984e-01 7.156156301498413086e-01 -3.327981233596801758e-01 5.266928076744079590e-01 1.314698815345764160e+00 -1.806808821856975555e-02 -3.256127238273620605e-01 -1.698012590408325195e+00 8.758957982063293457e-01 3.058654367923736572e-01
6.440129280090332031e-01 7.299580574035644531e-01 -3.377186357975006104e-01 5.338901877403259277e-01 1.321018934249877930e+00 -2.267749421298503876e-02 -3.256853818893432617e-01 -1.683398246765136719e+00 8.815047144889831543e-01 2.944146990776062012e-01
6.377285718917846680e-01 7.203831672668457031e-01 -3.329792618751525879e-01 5.365460515022277832e-01 1.328130722045898438e+00 -2.028091065585613251e-02 -3.225060105323791504e-01 -1.693676233291625977e+00 8.740796446800231934e-01 3.066477477550506592e-01
6.406896710395812988e-01 7.202720642089843750e-01 -3.321020007133483887e-01 5.345224142074584961e-01 1.325968027114868164e+00 -1.922114007174968719e-02 -3.287387490272521973e-01 -1.684727191925048828e+00 8.721942305564880371e-01 2.996810376644134521e-01
6.386173963546752930e-01 7.257560491561889648e-01 -3.376836776733398438e-01 5.429835319519042969e-01 1.327719211578369141e+00 -1.919875852763652802e-02 -3.261370062828063965e-01 -1.693546056747436523e+00 8.785793185234069824e-01 3.073233067989349365e-01
7.898476123809814453e-01 4.337736368179321289e-01 -7.017810642719268799e-02 2.182040065526962280e-01 1.036579251289367676e+00 5.259113907814025879e-01 1.777456998825073242e-01 -1.060839533805847168e+00 1.299019217491149902e+00 4.383561313152313232e-01
9.501389265060424805e-01 8.696691989898681641e-01 1.124283969402313232e-01 1.598005592823028564e-01 1.174087285995483398e+00 9.928869009017944336e-01 1.869084239006042480e-01 -1.311984896659851074e+00 1.376193046569824219e+00 2.861786484718322754e-01
9.545233249664306641e-01 8.679163455963134766e-01 1.088823676109313965e-01 1.533608436584472656e-01 1.180183053016662598e+00 1.000322699546813965e+00 1.840091347694396973e-01 -1.301368236541748047e+00 1.360333085060119629e+00 2.809863686561584473e-01
9.498627185821533203e-01 8.719539642333984375e-01 1.161448359489440918e-01 1.486002653837203979e-01 1.162919640541076660e+00 1.007681965827941895e+00 1.852464675903320312e-01 -1.318356990814208984e+00 1.355547308921813965e+00 2.999211251735687256e-01
9.472671747207641602e-01 8.803063035011291504e-01 1.141989678144454956e-01 1.509971618652343750e-01 1.168901443481445312e+00 1.009215354919433594e+00 1.828640103340148926e-01 -1.319325208663940430e+00 1.355445384979248047e+00 2.879320681095123291e-01
9.518063068389892578e-01 8.850945234298706055e-01 1.157037317752838135e-01 1.491014808416366577e-01 1.171089649200439453e+00 1.012235641479492188e+00 1.832578182220458984e-01 -1.325190782546997070e+00 1.355566501617431641e+00 2.894007265567779541e-01
9.635638594627380371e-01 9.183826446533203125e-01 1.428543478250503540e-01 1.281293332576751709e-01 1.161377549171447754e+00 1.090940475463867188e+00 1.798892021179199219e-01 -1.286523461341857910e+00 1.278948664665222168e+00 2.759766876697540283e-01
1.280081868171691895e+00 1.224348545074462891e+00 2.976682782173156738e-01 2.999008297920227051e-01 8.204853534698486328e-01 7.113866209983825684e-01 1.726935505867004395e-01 -1.169197320938110352e+00 1.006876826286315918e+00 1.515896618366241455e-01
1.134073495864868164e+00 1.023202180862426758e+00 2.921954691410064697e-01 3.312818706035614014e-01 7.034006714820861816e-01 3.021135926246643066e-01 2.780581116676330566e-01 -1.297053337097167969e+00 9.334848523139953613e-01 2.186589539051055908e-01
1.137520194053649902e+00 1.008637189865112305e+00 3.006168901920318604e-01 3.255250751972198486e-01 6.976757645606994629e-01 2.939887046813964844e-01 2.739304304122924805e-01 -1.277567028999328613e+00 9.351235032081604004e-01 2.110337615013122559e-01
1.128541111946105957e+00 9.976373910903930664e-01 2.999344766139984131e-01 3.253381252288818359e-01 6.996822953224182129e-01 2.787398695945739746e-01 2.594652771949768066e-01 -1.279247403144836426e+00 9.269124865531921387e-01 2.267691791057586670e-01
7.074263691902160645e-01 4.786249399185180664e-01 3.410464525222778320e-01 1.668603718280792236e-01 7.817253470420837402e-01 1.019325107336044312e-01 1.108170747756958008e-01 -1.242743611335754395e+00 6.799171566963195801e-01 4.536583721637725830e-01
6.828716397285461426e-01 3.191914558410644531e-01 6.017542481422424316e-01 -6.716776639223098755e-02 7.629145979881286621e-01 1.481948941946029663e-01 -1.952813267707824707e-01 -1.337115287780761719e+00 4.060374796390533447e-01 6.368100047111511230e-01
8.658301234245300293e-01 4.400147199630737305e-01 7.661256790161132812e-01 -9.191112220287322998e-02 7.035878300666809082e-01 2.586936950683593750e-01 -3.921246528625488281e-01 -1.420387268066406250e+00 3.053034842014312744e-01 5.914712548255920410e-01
8.503438830375671387e-01 4.709725379943847656e-01 7.960386872291564941e-01 -1.109161227941513062e-01 7.130001187324523926e-01 2.737371921539306641e-01 -3.875751495361328125e-01 -1.472231626510620117e+00 2.828101813793182373e-01 6.034095883369445801e-01
