7.109411358833312988e-01 5.287622213363647461e-01 1.272701770067214966e-01 -2.027851045131683350e-01 5.728438962250947952e-03 6.136015653610229492e-01 4.254698157310485840e-01 -6.089960336685180664e-01 -8.489231020212173462e-02 5.662400126457214355e-01
7.021460533142089844e-01 5.690324902534484863e-01 1.228932589292526245e-01 -2.180861383676528931e-01 2.951650321483612061e-02 5.941046476364135742e-01 4.236278831958770752e-01 -6.088665127754211426e-01 -6.118381023406982422e-02 5.698459744453430176e-01
6.972107291221618652e-01 5.807716250419616699e-01 1.114647835493087769e-01 -2.067505121231079102e-01 2.625177800655364990e-02 5.504933595657348633e-01 4.127343595027923584e-01 -6.136547923088073730e-01 -6.630627065896987915e-02 5.769228935241699219e-01
6.166742444038391113e-01 6.264819502830505371e-01 7.846160233020782471e-02 -2.015659809112548828e-01 -8.035376667976379395e-03 6.087809801101684570e-01 4.482581913471221924e-01 -6.333060860633850098e-01 -9.071191400289535522e-02 6.088431477546691895e-01
5.576589107513427734e-01 6.234087347984313965e-01 4.628054797649383545e-02 -1.732814013957977295e-01 -4.395698010921478271e-02 6.596335768699645996e-01 4.638154208660125732e-01 -6.326047778129577637e-01 -6.746789067983627319e-02 5.958214402198791504e-01
5.462831258773803711e-01 6.559050083160400391e-01 7.190744578838348389e-02 -1.708030849695205688e-01 -2.565501630306243896e-02 7.326108813285827637e-01 4.122859239578247070e-01 -6.180151700973510742e-01 -5.368076264858245850e-02 5.612805485725402832e-01
6.113516092300415039e-01 6.678665876388549805e-01 1.032480150461196899e-01 -1.116458624601364136e-01 -6.593190133571624756e-02 7.057287693023681641e-01 3.835250139236450195e-01 -5.920038223266601562e-01 -9.703428298234939575e-02 5.665268898010253906e-01
6.930369734764099121e-01 6.010810136795043945e-01 1.111995428800582886e-01 -1.182019859552383423e-01 -2.854426205158233643e-02 6.455723047256469727e-01 3.389970362186431885e-01 -6.518511176109313965e-01 -1.598188579082489014e-01 6.129632592201232910e-01
7.290775179862976074e-01 5.417025089263916016e-01 9.475387632846832275e-02 -2.185315787792205811e-01 1.237626373767852783e-02 5.630493760108947754e-01 3.065365552902221680e-01 -6.016992926597595215e-01 -1.061344370245933533e-01 5.640344619750976562e-01
6.874042749404907227e-01 3.110764026641845703e-01 1.805386394262313843e-01 -1.538493931293487549e-01 -1.971803158521652222e-01 6.293565630912780762e-01 3.155936002731323242e-01 -6.387050151824951172e-01 -3.177299499511718750e-01 7.241286635398864746e-01
4.401135444641113281e-01 -8.089295029640197754e-01 2.268008142709732056e-01 -2.946366667747497559e-01 -4.948061406612396240e-01 2.911226637661457062e-02 -4.539596438407897949e-01 -5.537182688713073730e-01 -7.972124814987182617e-01 1.280171155929565430e+00
4.865520000457763672e-01 -7.327364683151245117e-01 -3.002038598060607910e-01 -1.272829771041870117e-01 3.610664904117584229e-01 -4.615631699562072754e-01 -1.239155173301696777e+00 -7.244760990142822266e-01 -1.252513885498046875e+00 1.118764877319335938e+00
4.873238205909729004e-01 -7.378202676773071289e-01 -3.003432750701904297e-01 -1.148485243320465088e-01 3.728673458099365234e-01 -4.666829109191894531e-01 -1.239645361900329590e+00 -7.320481538772583008e-01 -1.252472996711730957e+00 1.118219614028930664e+00
4.866516590118408203e-01 -7.372938394546508789e-01 -3.005382120609283447e-01 -1.200335323810577393e-01 3.716019392013549805e-01 -4.603958725929260254e-01 -1.247013449668884277e+00 -7.444947361946105957e-01 -1.261966347694396973e+00 1.113837122917175293e+00
4.858672618865966797e-01 -7.293326258659362793e-01 -3.039020299911499023e-01 -1.205614507198333740e-01 3.789211809635162354e-01 -4.614085555076599121e-01 -1.243358492851257324e+00 -7.341228127479553223e-01 -1.249386668205261230e+00 1.116501212120056152e+00
5.464514493942260742e-01 -7.864110469818115234e-01 -5.996422469615936279e-02 9.522199630737304688e-02 1.141066402196884155e-01 -4.608129858970642090e-01 -1.065984129905700684e+00 -9.193642735481262207e-01 -9.651119112968444824e-01 1.303829908370971680e+00
5.405536890029907227e-01 -7.830768823623657227e-01 -3.939257562160491943e-02 1.104036867618560791e-01 9.561096131801605225e-02 -4.544426798820495605e-01 -1.047461748123168945e+00 -9.472662210464477539e-01 -9.320041537284851074e-01 1.321655273437500000e+00
5.371049642562866211e-01 -7.683205008506774902e-01 -1.763372123241424561e-02 1.386844217777252197e-01 4.469646513462066650e-02 -4.619366824626922607e-01 -1.015904784202575684e+00 -9.476632475852966309e-01 -8.875536918640136719e-01 1.350840210914611816e+00
5.383037328720092773e-01 -7.738111019134521484e-01 -1.466239988803863525e-02 1.301044821739196777e-01 4.274724423885345459e-02 -4.543528854846954346e-01 -1.016137599945068359e+00 -9.505984187126159668e-01 -8.970555067062377930e-01 1.347150444984436035e+00
5.348365306854248047e-01 -7.707762718200683594e-01 -1.710228621959686279e-02 1.132605373859405518e-01 4.701001942157745361e-02 -4.569219648838043213e-01 -1.018939852714538574e+00 -9.500274658203125000e-01 -8.824532628059387207e-01 1.345044851303100586e+00
4.104548692703247070e-01 -5.615951418876647949e-01 -3.280936181545257568e-02 1.807899475097656250e-01 -9.941463172435760498e-02 -4.270155429840087891e-01 -9.299529790878295898e-01 -9.301935434341430664e-01 -8.612343668937683105e-01 1.406746387481689453e+00
9.265585243701934814e-02 1.842542737722396851e-01 -1.432740539312362671e-01 1.479063332080841064e-01 -1.176184862852096558e-01 -3.969303369522094727e-01 -5.660406351089477539e-01 -8.535162210464477539e-01 -6.741237044334411621e-01 1.616350173950195312e+00
-8.421026170253753662e-02 2.350774854421615601e-01 -3.562682867050170898e-01 -2.764845080673694611e-02 -3.829692304134368896e-02 -3.883990049362182617e-01 -8.322018980979919434e-01 -6.977612376213073730e-01 -9.716830253601074219e-01 1.218969345092773438e+00
-6.592838466167449951e-02 2.713570594787597656e-01 -3.307564258575439453e-01 -4.284565150737762451e-02 -4.844473302364349365e-02 -3.888475298881530762e-01 -7.420053482055664062e-01 -7.346817851066589355e-01 -9.138095378875732422e-01 1.307296752929687500e+00
-7.927863299846649170e-02 3.355531692504882812e-01 -3.259474039077758789e-01 7.368489168584346771e-03 -6.242124736309051514e-02 -3.911713063716888428e-01 -7.016168236732482910e-01 -7.618697285652160645e-01 -8.638508319854736328e-01 1.393439412117004395e+00
-1.955549567937850952e-01 4.872308969497680664e-01 -2.351651042699813843e-01 8.444920182228088379e-02 -2.032134681940078735e-01 -4.099760055541992188e-01 -6.928493976593017578e-01 -7.703108787536621094e-01 -7.392294406890869141e-01 1.339011907577514648e+00
