1.829246431589126587e-01 5.409315228462219238e-01 -2.490331232547760010e-02 2.155042998492717743e-02 -2.068042308092117310e-01 3.828842639923095703e-01 8.123000860214233398e-01 -3.615416884422302246e-01 -2.346127033233642578e-01 -1.375668644905090332e-01
1.865246146917343140e-01 5.427856445312500000e-01 -2.035646140575408936e-02 3.633174300193786621e-02 -2.101498395204544067e-01 3.603305816650390625e-01 8.127023577690124512e-01 -3.523660898208618164e-01 -2.419162541627883911e-01 -1.497738063335418701e-01
1.813095659017562866e-01 2.971361875534057617e-01 1.970812212675809860e-03 -5.230742692947387695e-02 -2.386454641819000244e-01 5.023863911628723145e-01 1.030052781105041504e+00 -3.656792640686035156e-01 -4.412532448768615723e-01 4.146421328186988831e-02
5.301203727722167969e-01 -1.046274453401565552e-01 -1.445879042148590088e-02 -1.345523297786712646e-01 -1.822274327278137207e-01 6.790708899497985840e-01 1.424539446830749512e+00 -5.155234932899475098e-01 -5.892859697341918945e-01 1.952866315841674805e-01
6.406753063201904297e-01 -2.664167881011962891e-01 -2.529324591159820557e-02 -7.627823948860168457e-02 -2.180108129978179932e-01 7.938795685768127441e-01 1.540762305259704590e+00 -5.356885790824890137e-01 -6.247822642326354980e-01 1.931941509246826172e-01
6.267337203025817871e-01 -2.895777225494384766e-01 -1.957507431507110596e-02 -2.222785539925098419e-02 -2.523991763591766357e-01 7.986785173416137695e-01 1.611230611801147461e+00 -5.488835573196411133e-01 -6.405627131462097168e-01 2.425815463066101074e-01
6.216323375701904297e-01 -2.881606221199035645e-01 -1.449735462665557861e-02 -3.409281373023986816e-02 -2.651250660419464111e-01 8.210508823394775391e-01 1.599942922592163086e+00 -5.552185177803039551e-01 -6.449777483940124512e-01 2.277066111564636230e-01
6.181963086128234863e-01 -2.819883823394775391e-01 -9.238615632057189941e-03 -4.768553376197814941e-02 -2.591015398502349854e-01 8.284165859222412109e-01 1.611156463623046875e+00 -5.445991158485412598e-01 -6.438245773315429688e-01 2.373607158660888672e-01
6.227442026138305664e-01 -2.841834425926208496e-01 -8.959963917732238770e-03 -4.997822642326354980e-02 -2.577259838581085205e-01 8.421887159347534180e-01 1.609750390052795410e+00 -5.511644482612609863e-01 -6.448504924774169922e-01 2.439437508583068848e-01
6.056262850761413574e-01 -2.797923088073730469e-01 2.101080119609832764e-02 -8.235052227973937988e-02 -1.994909197092056274e-01 8.514763116836547852e-01 1.617270946502685547e+00 -5.871309041976928711e-01 -5.904462337493896484e-01 1.953721642494201660e-01
2.204947322607040405e-01 -4.810234308242797852e-01 2.214823216199874878e-01 9.209582209587097168e-02 1.156791448593139648e-01 1.110473394393920898e+00 1.821055173873901367e+00 -4.478040039539337158e-01 -4.397987723350524902e-01 1.547276973724365234e-01
6.629014611244201660e-01 -5.310316085815429688e-01 -1.852425932884216309e-01 5.291262269020080566e-02 4.056142270565032959e-01 1.162816524505615234e+00 1.421493649482727051e+00 -1.508731693029403687e-01 -8.188355565071105957e-01 -6.282709240913391113e-01
8.187677860260009766e-01 -5.805274248123168945e-01 -2.123321592807769775e-01 -3.698191046714782715e-02 6.083658337593078613e-01 9.557048082351684570e-01 1.016895294189453125e+00 -1.372187584638595581e-01 -9.641801118850708008e-01 -9.310981035232543945e-01
8.096006512641906738e-01 -5.744219422340393066e-01 -2.088311761617660522e-01 -1.525923702865839005e-02 6.207178235054016113e-01 9.335047602653503418e-01 1.000526309013366699e+00 -1.239667385816574097e-01 -9.613883495330810547e-01 -9.265944361686706543e-01
8.010048270225524902e-01 -5.830374956130981445e-01 -2.051232755184173584e-01 -3.798905014991760254e-02 6.167399883270263672e-01 9.344906210899353027e-01 9.906374812126159668e-01 -1.372690647840499878e-01 -9.538412690162658691e-01 -9.265996813774108887e-01
7.097932100296020508e-01 -6.208127737045288086e-01 -2.270312160253524780e-01 -8.807757496833801270e-02 5.307028889656066895e-01 9.168836474418640137e-01 9.855875968933105469e-01 -1.622544974088668823e-01 -1.009740471839904785e+00 -9.110420942306518555e-01
2.485326677560806274e-01 -8.002407550811767578e-01 -9.353283047676086426e-02 4.754254221916198730e-02 3.909685611724853516e-01 8.254001140594482422e-01 1.414595007896423340e+00 -1.626146882772445679e-01 -1.030965447425842285e+00 -1.218031644821166992e-01
2.228180021047592163e-01 -7.800689935684204102e-01 -6.480108201503753662e-02 8.710399270057678223e-02 4.018948376178741455e-01 8.334615230560302734e-01 1.429701089859008789e+00 -1.880346983671188354e-01 -1.011999487876892090e+00 -2.767049893736839294e-02
2.228124290704727173e-01 -7.726789712905883789e-01 -5.523453652858734131e-02 6.870415806770324707e-02 4.109340608119964600e-01 8.416905999183654785e-01 1.425191402435302734e+00 -1.943587511777877808e-01 -1.002364397048950195e+00 -1.955198869109153748e-02
2.217592895030975342e-01 -7.759565114974975586e-01 -5.480404198169708252e-02 7.578656077384948730e-02 4.077787995338439941e-01 8.341512084007263184e-01 1.433040261268615723e+00 -1.942446678876876831e-01 -1.009087204933166504e+00 -1.291447505354881287e-02
2.112774401903152466e-01 -7.242749333381652832e-01 -5.097551643848419189e-02 3.002938441932201385e-02 4.042846262454986572e-01 8.473579287528991699e-01 1.424177646636962891e+00 -1.675559133291244507e-01 -9.565977454185485840e-01 -3.337961062788963318e-02
6.125810146331787109e-01 -7.370564937591552734e-01 -3.185257315635681152e-01 -7.897379994392395020e-02 3.419658839702606201e-01 7.031376957893371582e-01 1.120086908340454102e+00 -1.471918076276779175e-01 -1.365527033805847168e+00 -4.272967204451560974e-02
7.173627614974975586e-01 -7.452588677406311035e-01 -3.909848928451538086e-01 -1.282241642475128174e-01 3.059396743774414062e-01 6.937223672866821289e-01 1.035233736038208008e+00 -1.268872469663619995e-01 -1.454685926437377930e+00 -2.090906724333763123e-02
4.984828829765319824e-01 -3.757815957069396973e-01 -4.366913437843322754e-01 -1.661134064197540283e-01 5.047333240509033203e-01 6.223780512809753418e-01 8.501166105270385742e-01 4.782022535800933838e-02 -1.285740971565246582e+00 -2.204948663711547852e-01
2.066424041986465454e-01 -1.679409295320510864e-01 -3.421456217765808105e-01 -1.906098099425435066e-03 7.597286105155944824e-01 4.276503324508666992e-01 7.897997498512268066e-01 1.323086768388748169e-01 -1.020052671432495117e+00 -2.732162475585937500e-01
1.906875818967819214e-01 -1.964333802461624146e-01 -2.986515462398529053e-01 -6.135922670364379883e-02 8.370524644851684570e-01 3.740396499633789062e-01 5.795267224311828613e-01 6.753708422183990479e-02 -1.145614504814147949e+00 -1.127210259437561035e-01
