3.404641151428222656e-01 1.452838629484176636e-01 7.192828059196472168e-01 1.515299677848815918e-01 -1.946262568235397339e-01 3.746458888053894043e-01 7.767052054405212402e-01 -5.751146674156188965e-01 -1.307376176118850708e-01 -8.245415091514587402e-01
3.561071753501892090e-01 1.535509675741195679e-01 7.036216259002685547e-01 1.643153429031372070e-01 -1.976532638072967529e-01 3.941833376884460449e-01 7.641826868057250977e-01 -5.782403945922851562e-01 -1.233414337038993835e-01 -8.430112600326538086e-01
3.487942516803741455e-01 1.583412736654281616e-01 7.191584110260009766e-01 1.830902397632598877e-01 -1.997232437133789062e-01 3.706005215644836426e-01 7.537009119987487793e-01 -5.721337795257568359e-01 -1.287039071321487427e-01 -8.303156495094299316e-01
3.590593039989471436e-01 1.250763982534408569e-01 7.201001644134521484e-01 1.579487919807434082e-01 -1.869120001792907715e-01 3.442443013191223145e-01 7.989547252655029297e-01 -5.643433928489685059e-01 -1.292477399110794067e-01 -7.975947260856628418e-01
3.103172481060028076e-01 8.325146138668060303e-02 6.642085313796997070e-01 1.124876141548156738e-01 -2.096996754407882690e-01 3.621354103088378906e-01 8.943742513656616211e-01 -5.962343811988830566e-01 -8.279383927583694458e-02 -7.234327793121337891e-01
1.933629512786865234e-01 5.926226079463958740e-02 6.326277256011962891e-01 6.362196803092956543e-02 -2.630362808704376221e-01 4.256414771080017090e-01 1.039165735244750977e+00 -5.618575215339660645e-01 -2.290306985378265381e-02 -5.746396780014038086e-01
1.918430253863334656e-02 1.729029864072799683e-01 7.498128414154052734e-01 1.603848338127136230e-01 -3.299647867679595947e-01 3.869084119796752930e-01 1.411331892013549805e+00 -5.856037735939025879e-01 8.848617970943450928e-02 -3.640658259391784668e-01
6.919941306114196777e-02 2.725765705108642578e-01 6.685554385185241699e-01 2.203093618154525757e-01 -4.800884425640106201e-01 3.104571700096130371e-01 1.445465087890625000e+00 -6.089521050453186035e-01 2.556674778461456299e-01 -4.613115787506103516e-01
1.817376166582107544e-01 3.566863536834716797e-01 7.174949645996093750e-01 2.446730583906173706e-01 -5.373350381851196289e-01 2.851862311363220215e-01 1.145441651344299316e+00 -6.307259202003479004e-01 2.256327718496322632e-01 -6.383229494094848633e-01
1.966434568166732788e-01 3.526139259338378906e-01 7.263798117637634277e-01 2.422678619623184204e-01 -5.068787932395935059e-01 2.725884914398193359e-01 1.087725639343261719e+00 -6.399782896041870117e-01 1.811683624982833862e-01 -6.691430211067199707e-01
1.975501626729965210e-01 3.465092778205871582e-01 7.356567382812500000e-01 2.378089427947998047e-01 -5.027647614479064941e-01 2.844796180725097656e-01 1.071256279945373535e+00 -6.349597573280334473e-01 1.686622649431228638e-01 -6.674076914787292480e-01
1.999819725751876831e-01 3.572547435760498047e-01 7.393930554389953613e-01 2.539266645908355713e-01 -5.063133835792541504e-01 2.858635187149047852e-01 1.089005589485168457e+00 -6.438707709312438965e-01 1.707363575696945190e-01 -6.592845320701599121e-01
1.985005587339401245e-01 3.487924337387084961e-01 7.383084893226623535e-01 2.363639324903488159e-01 -5.054688453674316406e-01 2.760876119136810303e-01 1.078995227813720703e+00 -6.432310938835144043e-01 1.715650409460067749e-01 -6.612078547477722168e-01
9.296672046184539795e-02 3.144104480743408203e-01 5.553144216537475586e-01 2.588958442211151123e-01 -5.039965510368347168e-01 2.951924502849578857e-01 1.350670576095581055e+00 -6.384786963462829590e-01 3.600004911422729492e-01 -6.042121052742004395e-01
2.247109562158584595e-01 7.936737537384033203e-01 6.595070362091064453e-01 4.161388278007507324e-01 -9.984756112098693848e-01 9.415152668952941895e-02 -5.626726523041725159e-02 -1.720652133226394653e-01 3.776382803916931152e-01 -1.316013336181640625e+00
2.991442382335662842e-01 3.412312865257263184e-01 1.085284352302551270e+00 7.863788604736328125e-01 -9.155787825584411621e-01 -1.247186064720153809e+00 -1.199814438819885254e+00 -6.107760071754455566e-01 3.348406255245208740e-01 -8.040628433227539062e-01
3.056845963001251221e-01 1.960472911596298218e-01 1.265682816505432129e+00 7.212965488433837891e-01 -6.595181822776794434e-01 -1.277278065681457520e+00 -1.235229372978210449e+00 -5.162885189056396484e-01 1.985350698232650757e-01 -6.826606392860412598e-01
3.053522706031799316e-01 1.887657493352890015e-01 1.262957692146301270e+00 7.194427251815795898e-01 -6.624502539634704590e-01 -1.278989076614379883e+00 -1.231083869934082031e+00 -5.227467417716979980e-01 2.090108245611190796e-01 -6.907329559326171875e-01
2.895899415016174316e-01 1.992778629064559937e-01 1.278626441955566406e+00 7.170771956443786621e-01 -6.523288488388061523e-01 -1.276907682418823242e+00 -1.244181871414184570e+00 -5.158255696296691895e-01 2.031391263008117676e-01 -6.876367330551147461e-01
2.974668443202972412e-01 1.938257068395614624e-01 1.276234149932861328e+00 7.135238647460937500e-01 -6.481751799583435059e-01 -1.278786420822143555e+00 -1.231612443923950195e+00 -5.034641623497009277e-01 1.949074417352676392e-01 -6.918799281120300293e-01
2.982763946056365967e-01 2.007061690092086792e-01 1.267426133155822754e+00 7.218393087387084961e-01 -6.532397270202636719e-01 -1.281172871589660645e+00 -1.224683165550231934e+00 -5.223823189735412598e-01 2.040114551782608032e-01 -6.898918747901916504e-01
2.990840971469879150e-01 1.988223046064376831e-01 1.275078654289245605e+00 7.140848636627197266e-01 -6.535142064094543457e-01 -1.273794889450073242e+00 -1.234403729438781738e+00 -5.134013295173645020e-01 2.029309123754501343e-01 -6.896584630012512207e-01
2.958289980888366699e-01 1.954983323812484741e-01 1.267151951789855957e+00 7.222411632537841797e-01 -6.482173204421997070e-01 -1.283475279808044434e+00 -1.229504704475402832e+00 -5.226666927337646484e-01 1.992707252502441406e-01 -6.835798621177673340e-01
2.856307923793792725e-01 4.433975219726562500e-01 1.025963187217712402e+00 8.336040973663330078e-01 -7.376857995986938477e-01 -1.327900528907775879e+00 -1.054793000221252441e+00 -7.071185708045959473e-01 5.770586133003234863e-01 -8.876324892044067383e-01
3.011038601398468018e-01 4.513853788375854492e-01 1.017493605613708496e+00 8.274650573730468750e-01 -7.326411604881286621e-01 -1.325349092483520508e+00 -1.049801349639892578e+00 -7.104311585426330566e-01 5.778681039810180664e-01 -8.855505585670471191e-01
2.877530157566070557e-01 4.549452066421508789e-01 1.028371095657348633e+00 8.290091753005981445e-01 -7.472518086433410645e-01 -1.332513093948364258e+00 -1.052775025367736816e+00 -7.037648558616638184e-01 5.810129046440124512e-01 -8.848277330398559570e-01
2.884226441383361816e-01 4.429916143417358398e-01 1.019944787025451660e+00 8.281838893890380859e-01 -7.409452199935913086e-01 -1.328286886215209961e+00 -1.050601840019226074e+00 -6.966628432273864746e-01 5.786806344985961914e-01 -8.868288397789001465e-01
2.862110137939453125e-01 4.433012008666992188e-01 1.023261070251464844e+00 8.192732930183410645e-01 -7.320885062217712402e-01 -1.332380294799804688e+00 -1.061220049858093262e+00 -6.989929676055908203e-01 5.757268071174621582e-01 -8.900570869445800781e-01
2.929763495922088623e-01 4.487558007240295410e-01 1.027897000312805176e+00 8.273505568504333496e-01 -7.423103451728820801e-01 -1.326014041900634766e+00 -1.055980324745178223e+00 -6.973072290420532227e-01 5.815526843070983887e-01 -8.922865986824035645e-01
3.158867359161376953e-01 4.318484663963317871e-01 1.007516980171203613e+00 8.579450249671936035e-01 -7.536776661872863770e-01 -1.328904986381530762e+00 -1.025918722152709961e+00 -7.319801449775695801e-01 6.194791197776794434e-01 -8.708418011665344238e-01
2.603529095649719238e-01 5.929191112518310547e-01 1.194545388221740723e+00 8.827649354934692383e-01 -7.002536654472351074e-01 -1.193146824836730957e+00 -6.177840828895568848e-01 -7.059911489486694336e-01 1.207502365112304688e+00 -8.049250245094299316e-01
1.599455475807189941e-01 3.514849543571472168e-01 1.627647280693054199e+00 7.960485219955444336e-01 -6.741772890090942383e-01 -1.327094554901123047e+00 2.916421890258789062e-01 -8.146329522132873535e-01 8.758512139320373535e-01 -3.335798978805541992e-01
2.161612361669540405e-01 2.569466829299926758e-01 1.818439126014709473e+00 8.187445402145385742e-01 -6.503859758377075195e-01 -1.368345022201538086e+00 2.685673832893371582e-01 -8.580586910247802734e-01 5.884268879890441895e-01 -2.716295123100280762e-01
2.430008351802825928e-01 2.461663931608200073e-01 1.815216898918151855e+00 8.464500904083251953e-01 -6.549667716026306152e-01 -1.376236081123352051e+00 2.235537767410278320e-01 -8.547561764717102051e-01 5.859407186508178711e-01 -2.708733677864074707e-01
1.679860502481460571e-01 3.443187475204467773e-01 1.683187484741210938e+00 7.728612422943115234e-01 -7.158479094505310059e-01 -1.358954429626464844e+00 3.030410408973693848e-01 -8.491054177284240723e-01 7.832744717597961426e-01 -2.885023951530456543e-01
1.230088397860527039e-01 3.132667541503906250e-01 1.571237206459045410e+00 7.228124737739562988e-01 -6.816367506980895996e-01 -1.335167407989501953e+00 3.366763591766357422e-01 -7.832029461860656738e-01 8.184595704078674316e-01 -2.913611531257629395e-01
3.012771904468536377e-02 1.547860354185104370e-01 1.571764111518859863e+00 6.526274681091308594e-01 -6.513218283653259277e-01 -1.298756599426269531e+00 4.063310623168945312e-01 -6.696000695228576660e-01 5.897347927093505859e-01 -1.505560278892517090e-01
1.837206631898880005e-01 3.260717261582612991e-03 1.749408602714538574e+00 6.665079593658447266e-01 -7.019923329353332520e-01 -1.259304881095886230e+00 3.405735492706298828e-01 -6.839170455932617188e-01 4.571424722671508789e-01 -5.267136916518211365e-02
