8.940786123275756836e-01 4.836395978927612305e-01 -6.566718686372041702e-03 3.023822009563446045e-01 1.311114579439163208e-01 2.756833434104919434e-01 6.086151599884033203e-01 -2.031662911176681519e-01 -2.952086925506591797e-02 5.221020579338073730e-01
9.129624366760253906e-01 4.936036467552185059e-01 -4.246397316455841064e-02 3.197413980960845947e-01 1.342656165361404419e-01 1.991370171308517456e-01 6.170120835304260254e-01 -1.706614345312118530e-01 -3.449164330959320068e-03 4.903744161128997803e-01
8.781002759933471680e-01 4.016451835632324219e-01 -2.629861701279878616e-03 2.640377581119537354e-01 1.292896717786788940e-01 3.039487004280090332e-01 6.276599168777465820e-01 -2.323052138090133667e-01 -7.291521131992340088e-02 5.949451327323913574e-01
8.171122670173645020e-01 3.405047655105590820e-01 -1.452906429767608643e-02 2.290139496326446533e-01 5.315949022769927979e-02 3.248956203460693359e-01 6.916447281837463379e-01 -1.815200299024581909e-01 -9.671006351709365845e-02 6.360545754432678223e-01
7.373307943344116211e-01 3.936399221420288086e-01 -3.844876587390899658e-02 2.339698225259780884e-01 2.595056593418121338e-02 3.484986424446105957e-01 6.862146854400634766e-01 -1.866096109151840210e-01 -1.008008345961570740e-01 6.209254860877990723e-01
8.153805732727050781e-01 3.013091087341308594e-01 6.157442461699247360e-03 2.307778596878051758e-01 -5.296006333082914352e-03 2.880623340606689453e-01 6.071838736534118652e-01 -1.679875701665878296e-01 -1.634390503168106079e-01 6.640762686729431152e-01
9.239383339881896973e-01 1.603701561689376831e-01 7.054056227207183838e-02 3.076651692390441895e-01 -4.974879324436187744e-02 2.457521408796310425e-01 5.869359374046325684e-01 -2.136735171079635620e-01 -2.586096823215484619e-01 7.735423445701599121e-01
9.764312505722045898e-01 1.355113834142684937e-01 9.386613965034484863e-03 2.113641500473022461e-01 -1.742751896381378174e-02 1.142029017210006714e-01 4.730853438377380371e-01 -2.822601497173309326e-01 -2.563919126987457275e-01 7.694944739341735840e-01
1.017281889915466309e+00 1.644304841756820679e-01 1.098438631743192673e-03 1.631321907043457031e-01 1.261945068836212158e-02 1.145621985197067261e-01 4.291940331459045410e-01 -2.672215998172760010e-01 -2.219047248363494873e-01 7.170040011405944824e-01
1.484943747520446777e+00 -1.345495134592056274e-01 2.901427447795867920e-02 3.513002395629882812e-02 1.188525110483169556e-01 9.480838477611541748e-02 2.655154094099998474e-02 -2.145669907331466675e-01 -4.675907194614410400e-01 5.804530978202819824e-01
1.781395792961120605e+00 -1.653217822313308716e-01 -2.925126254558563232e-02 -1.736030168831348419e-02 9.778824448585510254e-02 7.009659707546234131e-02 -3.451275825500488281e-01 -1.254792660474777222e-01 -5.715723633766174316e-01 3.912631273269653320e-01
1.769435286521911621e+00 -1.703923493623733521e-01 -3.105722367763519287e-02 -3.027537651360034943e-02 9.220440685749053955e-02 7.699643075466156006e-02 -3.539059162139892578e-01 -1.226931065320968628e-01 -5.708851218223571777e-01 3.919833302497863770e-01
1.781733751296997070e+00 -1.689351946115493774e-01 -3.013347089290618896e-02 -1.871821470558643341e-02 1.002467125654220581e-01 7.696853578090667725e-02 -3.668982982635498047e-01 -1.208038181066513062e-01 -5.813602805137634277e-01 3.834322094917297363e-01
1.781236171722412109e+00 -1.719378978013992310e-01 -2.691997587680816650e-02 -1.951590366661548615e-02 9.147134423255920410e-02 7.517616450786590576e-02 -3.713842034339904785e-01 -1.216401308774948120e-01 -5.780560970306396484e-01 3.822467923164367676e-01
1.771272778511047363e+00 -1.731147319078445435e-01 -2.797408401966094971e-02 -3.359547257423400879e-02 9.361095726490020752e-02 8.350156247615814209e-02 -3.547771573066711426e-01 -1.284534782171249390e-01 -5.729525089263916016e-01 3.935685753822326660e-01
1.110362172126770020e+00 -4.265036582946777344e-01 -3.133510053157806396e-02 1.636668853461742401e-02 9.760816395282745361e-02 -1.413873583078384399e-01 -1.283027648925781250e+00 -1.396566480398178101e-01 -9.325048327445983887e-01 -8.669990301132202148e-02
-7.337589561939239502e-02 -7.430902719497680664e-01 -4.743206202983856201e-01 7.651075124740600586e-01 -5.824552774429321289e-01 4.963436126708984375e-01 -2.294232249259948730e-01 -4.237692058086395264e-01 -1.461348176002502441e+00 -7.834414839744567871e-01
-1.989706009626388550e-01 -7.618028521537780762e-01 -3.355604112148284912e-01 7.055940628051757812e-01 -2.767417132854461670e-01 5.218564867973327637e-01 -2.171418666839599609e-01 -3.447190821170806885e-01 -1.372185349464416504e+00 -8.474739789962768555e-01
-1.939747482538223267e-01 -7.632142305374145508e-01 -3.512052297592163086e-01 7.485893964767456055e-01 -2.914553582668304443e-01 4.985020756721496582e-01 -1.968148946762084961e-01 -3.255621492862701416e-01 -1.375417590141296387e+00 -8.584992289543151855e-01
-1.940949708223342896e-01 -7.638334631919860840e-01 -3.479035198688507080e-01 7.447670102119445801e-01 -2.840626537799835205e-01 5.000220537185668945e-01 -1.962482929229736328e-01 -3.190645277500152588e-01 -1.366391539573669434e+00 -8.477169275283813477e-01
-2.013642042875289917e-01 -3.841602206230163574e-01 -4.745489060878753662e-01 7.490485906600952148e-01 -3.300471901893615723e-01 7.714886069297790527e-01 2.391861081123352051e-01 -2.370828837156295776e-01 -1.317635655403137207e+00 -9.475571513175964355e-01
-5.393651723861694336e-01 -1.559181511402130127e-02 -5.278027057647705078e-01 7.592681646347045898e-01 -4.506690800189971924e-01 7.100712656974792480e-01 1.616371870040893555e-01 -2.252746075391769409e-01 -1.299896597862243652e+00 -1.115170836448669434e+00
-6.079195737838745117e-01 3.088454902172088623e-02 -5.385197401046752930e-01 7.113393545150756836e-01 -5.176532864570617676e-01 5.701926946640014648e-01 5.801564082503318787e-02 -1.855498999357223511e-01 -1.279340863227844238e+00 -1.206822037696838379e+00
-6.413906812667846680e-01 9.445725381374359131e-02 -5.512629747390747070e-01 7.766996622085571289e-01 -4.694477021694183350e-01 6.843042969703674316e-01 3.241024613380432129e-01 -2.397751957178115845e-01 -1.175608634948730469e+00 -1.035635352134704590e+00
-7.623659372329711914e-01 3.009313941001892090e-01 -5.855907201766967773e-01 7.953865528106689453e-01 -3.905853033065795898e-01 7.689288258552551270e-01 3.900518417358398438e-01 -1.966743022203445435e-01 -1.063544869422912598e+00 -1.119849085807800293e+00
-8.260269165039062500e-01 3.541814684867858887e-01 -5.573445558547973633e-01 7.589329481124877930e-01 -3.726816177368164062e-01 7.289874553680419922e-01 2.816862463951110840e-01 -1.647837907075881958e-01 -1.008983135223388672e+00 -1.229510664939880371e+00
