3.334038853645324707e-01 1.430222839117050171e-01 6.985727548599243164e-01 8.489423990249633789e-02 -2.386297583580017090e-01 4.991726875305175781e-01 7.743660211563110352e-01 -3.786240220069885254e-01 -1.248241513967514038e-01 -8.671382069587707520e-01
3.345927596092224121e-01 1.408364027738571167e-01 7.009400129318237305e-01 8.364126086235046387e-02 -2.521914541721343994e-01 4.893395900726318359e-01 7.836102843284606934e-01 -3.650809824466705322e-01 -1.245780438184738159e-01 -8.604863882064819336e-01
2.386844158172607422e-01 1.070753782987594604e-01 6.762219071388244629e-01 5.379644036293029785e-02 -3.356124460697174072e-01 5.101366639137268066e-01 1.065723896026611328e+00 -3.212694227695465088e-01 -2.538877725601196289e-02 -6.954128146171569824e-01
2.333398908376693726e-01 3.453419208526611328e-01 4.743338525295257568e-01 1.216686367988586426e-01 -1.950017511844635010e-01 7.096743583679199219e-01 1.380953788757324219e+00 -3.738705813884735107e-01 3.853325843811035156e-01 -9.398323893547058105e-01
3.065253794193267822e-01 5.230606794357299805e-01 3.596761524677276611e-01 2.635570764541625977e-01 -1.116233170032501221e-01 8.130941987037658691e-01 1.092831254005432129e+00 -4.317695200443267822e-01 5.067071318626403809e-01 -1.290396213531494141e+00
3.346007466316223145e-01 5.762624144554138184e-01 3.141111433506011963e-01 3.225707411766052246e-01 -4.055763781070709229e-02 8.513836264610290527e-01 1.102956414222717285e+00 -4.635251462459564209e-01 5.768784284591674805e-01 -1.406686425209045410e+00
3.315060138702392578e-01 5.831140279769897461e-01 2.986187934875488281e-01 3.332436382770538330e-01 -1.744410395622253418e-02 8.493978977203369141e-01 1.090555191040039062e+00 -4.842551350593566895e-01 5.787080526351928711e-01 -1.446130633354187012e+00
3.363215923309326172e-01 5.895359516143798828e-01 3.049137294292449951e-01 3.321500718593597412e-01 -1.501806080341339111e-02 8.499884009361267090e-01 1.101970553398132324e+00 -4.819819331169128418e-01 5.823805928230285645e-01 -1.427618861198425293e+00
3.479875922203063965e-01 5.907653570175170898e-01 2.984780073165893555e-01 3.421780765056610107e-01 -1.559601724147796631e-02 8.647741675376892090e-01 1.107794046401977539e+00 -4.653425812721252441e-01 5.866926312446594238e-01 -1.435209274291992188e+00
3.462018072605133057e-01 6.068967580795288086e-01 2.643960714340209961e-01 2.882827222347259521e-01 7.819141447544097900e-02 1.059642195701599121e+00 9.875678420066833496e-01 -4.916790425777435303e-01 5.717336535453796387e-01 -1.545373916625976562e+00
2.737397551536560059e-01 4.294664859771728516e-01 -1.152322161942720413e-03 3.738541901111602783e-01 5.967021584510803223e-01 2.219707489013671875e+00 7.265903949737548828e-01 -4.986964762210845947e-01 9.175523519515991211e-01 -1.304076075553894043e+00
1.506558507680892944e-01 1.613169759511947632e-01 -1.656868010759353638e-01 7.262446880340576172e-01 1.079712390899658203e+00 3.135455250740051270e-01 -3.833246231079101562e-01 -6.913303732872009277e-01 9.431175589561462402e-01 -1.404735088348388672e+00
1.583703309297561646e-01 1.371843069791793823e-01 -7.546721398830413818e-02 7.524892091751098633e-01 1.107321262359619141e+00 1.394897848367691040e-01 -5.527271032333374023e-01 -8.006267547607421875e-01 9.042199254035949707e-01 -1.350131869316101074e+00
1.588241010904312134e-01 1.387425512075424194e-01 -7.870934903621673584e-02 7.463359236717224121e-01 1.112406492233276367e+00 1.351071447134017944e-01 -5.548630356788635254e-01 -8.096023201942443848e-01 9.065334200859069824e-01 -1.352427363395690918e+00
1.618004590272903442e-01 1.428773254156112671e-01 -7.385806739330291748e-02 7.609931230545043945e-01 1.115885972976684570e+00 1.425060778856277466e-01 -5.573132634162902832e-01 -8.061138391494750977e-01 9.047050476074218750e-01 -1.341688871383666992e+00
1.774374395608901978e-01 1.549926847219467163e-01 -7.734297215938568115e-02 7.503287792205810547e-01 1.139305830001831055e+00 1.634031981229782104e-01 -5.161136388778686523e-01 -7.878538966178894043e-01 9.252083897590637207e-01 -1.335060358047485352e+00
4.015368223190307617e-01 5.174474120140075684e-01 4.422301650047302246e-01 6.336483955383300781e-01 1.213586807250976562e+00 1.151193857192993164e+00 -7.452464103698730469e-02 -6.020803451538085938e-01 1.241117119789123535e+00 -1.189667582511901855e+00
4.240693151950836182e-01 5.389183759689331055e-01 4.816959202289581299e-01 5.382041931152343750e-01 1.187729597091674805e+00 1.382369279861450195e+00 -1.331899762153625488e-01 -5.732180476188659668e-01 1.047509312629699707e+00 -1.269422888755798340e+00
4.217634201049804688e-01 5.445692539215087891e-01 4.819143116474151611e-01 5.420533418655395508e-01 1.188694238662719727e+00 1.391700029373168945e+00 -1.344538331031799316e-01 -5.699588656425476074e-01 1.041866660118103027e+00 -1.271175980567932129e+00
4.301130771636962891e-01 5.419201850891113281e-01 4.819263219833374023e-01 5.413829088211059570e-01 1.190321922302246094e+00 1.380197644233703613e+00 -1.366132497787475586e-01 -5.661604404449462891e-01 1.040623903274536133e+00 -1.260959625244140625e+00
3.888221979141235352e-01 5.424433350563049316e-01 4.253858923912048340e-01 6.130863428115844727e-01 1.215968966484069824e+00 1.197435617446899414e+00 -7.935994863510131836e-02 -6.069543361663818359e-01 1.171042084693908691e+00 -1.227194666862487793e+00
6.459538936614990234e-01 6.848871707916259766e-01 6.812618374824523926e-01 6.540458202362060547e-01 6.448341012001037598e-01 7.764674425125122070e-01 -1.826545596122741699e-01 -4.366470277309417725e-01 8.363514542579650879e-01 -1.538715720176696777e+00
5.585697889328002930e-01 6.584197878837585449e-01 6.905428767204284668e-01 6.673973202705383301e-01 4.839167296886444092e-01 3.618814945220947266e-01 -1.064137220382690430e-01 -4.181401729583740234e-01 7.892152667045593262e-01 -1.439891099929809570e+00
2.264833897352218628e-01 2.603495121002197266e-01 6.072440743446350098e-01 4.302880167961120605e-01 6.664134860038757324e-01 1.600989252328872681e-01 -1.946497559547424316e-01 -4.797588586807250977e-01 5.511650443077087402e-01 -9.229398369789123535e-01
2.316795140504837036e-01 5.574218928813934326e-02 8.187670707702636719e-01 2.394343912601470947e-01 9.704039096832275391e-01 2.092330902814865112e-01 -4.149578213691711426e-01 -5.230736136436462402e-01 2.511281967163085938e-01 -6.383422613143920898e-01
4.340671300888061523e-01 1.211132854223251343e-01 9.791705608367919922e-01 2.662613689899444580e-01 8.616778850555419922e-01 3.208754062652587891e-01 -6.587216258049011230e-01 -5.370720028877258301e-01 1.733314841985702515e-01 -7.657282948493957520e-01
