3.088287711143493652e-01 3.994860649108886719e-01 -2.325737327337265015e-01 -2.642882168292999268e-01 -2.477432340383529663e-01 2.752886898815631866e-02 8.534960746765136719e-01 -7.513644099235534668e-01 4.384517669677734375e-03 -3.426566123962402344e-01
3.063087165355682373e-01 3.959355354309082031e-01 -2.236988991498947144e-01 -2.779872119426727295e-01 -2.390872389078140259e-01 2.653496153652667999e-02 8.304218649864196777e-01 -7.594642043113708496e-01 -1.273974031209945679e-02 -3.398027420043945312e-01
3.114355206489562988e-01 4.095479249954223633e-01 -2.255941480398178101e-01 -2.723114490509033203e-01 -2.384831756353378296e-01 1.028870232403278351e-02 8.222914338111877441e-01 -7.593280076980590820e-01 -2.031102776527404785e-02 -3.456357121467590332e-01
3.113953173160552979e-01 3.817316293716430664e-01 -2.161294966936111450e-01 -2.888382971286773682e-01 -2.580923140048980713e-01 1.336442120373249054e-02 8.480759859085083008e-01 -7.536240816116333008e-01 -1.691198348999023438e-02 -3.252182006835937500e-01
3.050507903099060059e-01 3.440619111061096191e-01 -2.252736240625381470e-01 -2.666472196578979492e-01 -2.680954635143280029e-01 2.086572535336017609e-02 9.308896064758300781e-01 -7.486470341682434082e-01 1.329875737428665161e-02 -2.927891612052917480e-01
2.159970849752426147e-01 3.108283877372741699e-01 -2.256957739591598511e-01 -3.189336359500885010e-01 -2.569784820079803467e-01 7.174240052700042725e-02 1.006028771400451660e+00 -7.363960146903991699e-01 6.517599523067474365e-02 -2.222518920898437500e-01
9.724532067775726318e-02 3.493199944496154785e-01 -1.764192432165145874e-01 -2.760705649852752686e-01 -2.576293945312500000e-01 6.145237386226654053e-02 1.243632197380065918e+00 -6.970115900039672852e-01 1.683897227048873901e-01 -1.102479100227355957e-01
6.519064307212829590e-02 4.240139126777648926e-01 -1.630494445562362671e-01 -2.195694148540496826e-01 -3.288006186485290527e-01 -1.017336361110210419e-02 1.418872356414794922e+00 -7.487332820892333984e-01 3.105141222476959229e-01 -7.960903644561767578e-02
1.718679219484329224e-01 6.390457153320312500e-01 -6.750540435314178467e-02 -1.723865419626235962e-01 -4.855438470840454102e-01 1.503245718777179718e-02 1.236515402793884277e+00 -7.813326120376586914e-01 3.248884975910186768e-01 -1.992315053939819336e-01
1.930171400308609009e-01 6.361157894134521484e-01 -1.005964428186416626e-01 -1.645381748676300049e-01 -4.993902742862701416e-01 -1.096670143306255341e-02 1.121268033981323242e+00 -8.219088912010192871e-01 2.792959213256835938e-01 -2.312621474266052246e-01
2.084613889455795288e-01 6.312976479530334473e-01 -9.943054616451263428e-02 -1.738381683826446533e-01 -4.865257143974304199e-01 -1.083509437739849091e-02 1.109694242477416992e+00 -8.151826262474060059e-01 2.845721542835235596e-01 -2.470793724060058594e-01
2.026468068361282349e-01 6.274341940879821777e-01 -1.014017015695571899e-01 -1.774744689464569092e-01 -4.910864531993865967e-01 -1.429588906466960907e-02 1.104630231857299805e+00 -8.125194907188415527e-01 2.798651158809661865e-01 -2.371758222579956055e-01
2.066202312707901001e-01 6.359118223190307617e-01 -9.795947372913360596e-02 -1.709534376859664917e-01 -4.861365556716918945e-01 -9.007764980196952820e-03 1.113277196884155273e+00 -8.245961070060729980e-01 2.808389961719512939e-01 -2.386540174484252930e-01
1.912277787923812866e-01 5.549052953720092773e-01 -1.389479488134384155e-01 -1.842479109764099121e-01 -4.330636560916900635e-01 -1.146288029849529266e-02 1.139410853385925293e+00 -7.779642939567565918e-01 2.559598982334136963e-01 -2.224184572696685791e-01
1.316631883382797241e-01 8.424426317214965820e-01 -1.621271818876266479e-01 -1.354352384805679321e-01 -2.136195749044418335e-01 7.876886427402496338e-02 8.407928943634033203e-01 -6.840173602104187012e-01 5.308132767677307129e-01 -4.234323203563690186e-01
3.421452939510345459e-01 7.659871578216552734e-01 1.456533223390579224e-01 7.953916490077972412e-02 -1.554681897163391113e+00 -9.767072796821594238e-01 -7.183711528778076172e-01 -5.091456770896911621e-01 5.141205191612243652e-01 -5.406417250633239746e-01
3.472774624824523926e-01 4.715791940689086914e-01 3.081940412521362305e-01 6.467229686677455902e-03 -7.607813477516174316e-01 -1.585929512977600098e+00 -9.543069601058959961e-01 -5.694826841354370117e-01 3.297583460807800293e-01 -3.201968669891357422e-01
3.472778499126434326e-01 4.687150120735168457e-01 3.329170346260070801e-01 1.096802111715078354e-02 -7.498277425765991211e-01 -1.573927164077758789e+00 -9.702116250991821289e-01 -5.733347535133361816e-01 3.092730045318603516e-01 -3.162353634834289551e-01
3.471288084983825684e-01 4.643681049346923828e-01 3.337785601615905762e-01 -6.290238816291093826e-04 -7.623676061630249023e-01 -1.570563316345214844e+00 -9.652792811393737793e-01 -5.682095289230346680e-01 3.098090291023254395e-01 -3.141500353813171387e-01
3.503088951110839844e-01 4.606350064277648926e-01 3.351245522499084473e-01 4.501595161855220795e-03 -7.518568634986877441e-01 -1.573778152465820312e+00 -9.731385111808776855e-01 -5.733609199523925781e-01 3.018009960651397705e-01 -3.080883622169494629e-01
3.459616601467132568e-01 4.663078784942626953e-01 3.265616893768310547e-01 6.608120165765285492e-03 -7.457545399665832520e-01 -1.576018333435058594e+00 -9.559271335601806641e-01 -5.687696337699890137e-01 3.109243810176849365e-01 -3.104907870292663574e-01
3.589123785495758057e-01 4.693547487258911133e-01 3.283770084381103516e-01 -4.003004170954227448e-03 -7.504034638404846191e-01 -1.571544647216796875e+00 -9.674135446548461914e-01 -5.782098770141601562e-01 3.049996197223663330e-01 -3.152596354484558105e-01
3.476182818412780762e-01 4.679679870605468750e-01 3.328447341918945312e-01 8.919528685510158539e-03 -7.474179267883300781e-01 -1.570957899093627930e+00 -9.683709144592285156e-01 -5.732128024101257324e-01 3.093861341476440430e-01 -3.020639419555664062e-01
3.402460515499114990e-01 5.947809219360351562e-01 2.606278657913208008e-01 6.945855170488357544e-02 -7.785279750823974609e-01 -1.627377986907958984e+00 -8.771417737007141113e-01 -6.464868783950805664e-01 5.031239986419677734e-01 -3.789858222007751465e-01
2.825769782066345215e-01 6.111093759536743164e-01 2.342429906129837036e-01 8.057980984449386597e-02 -7.506489753723144531e-01 -1.541198968887329102e+00 -7.502689957618713379e-01 -6.462594866752624512e-01 6.244335770606994629e-01 -3.639605641365051270e-01
2.844495177268981934e-01 6.178374886512756348e-01 2.330817133188247681e-01 7.093884050846099854e-02 -7.571904063224792480e-01 -1.547927618026733398e+00 -7.401209473609924316e-01 -6.507999300956726074e-01 6.219294071197509766e-01 -3.642185926437377930e-01
2.847605645656585693e-01 6.178377866744995117e-01 2.340071350336074829e-01 7.867621630430221558e-02 -7.550023794174194336e-01 -1.550524950027465820e+00 -7.493361830711364746e-01 -6.547682881355285645e-01 6.218853592872619629e-01 -3.576258420944213867e-01
2.938371300697326660e-01 6.272827982902526855e-01 2.365348488092422485e-01 7.864761352539062500e-02 -7.533048987388610840e-01 -1.542371988296508789e+00 -7.352385520935058594e-01 -6.463347077369689941e-01 6.266689896583557129e-01 -3.537059426307678223e-01
2.811379730701446533e-01 6.188021302223205566e-01 2.353320866823196411e-01 8.027467131614685059e-02 -7.453226447105407715e-01 -1.540704965591430664e+00 -7.338491082191467285e-01 -6.505437493324279785e-01 6.206063032150268555e-01 -3.610630035400390625e-01
2.855864465236663818e-01 6.135050654411315918e-01 2.347387820482254028e-01 7.968989759683609009e-02 -7.603685259819030762e-01 -1.533365964889526367e+00 -7.457448840141296387e-01 -6.589635014533996582e-01 6.245045661926269531e-01 -3.715034127235412598e-01
3.015016615390777588e-01 5.989734530448913574e-01 2.898018360137939453e-01 1.014475822448730469e-01 -6.990827918052673340e-01 -1.359459757804870605e+00 -5.499489903450012207e-01 -6.370169520378112793e-01 8.832381367683410645e-01 -2.629522681236267090e-01
1.572006344795227051e-01 6.441310644149780273e-01 5.593855977058410645e-01 5.388934910297393799e-02 -6.773578524589538574e-01 -1.422678351402282715e+00 2.712715864181518555e-01 -7.031225562095642090e-01 1.062846899032592773e+00 -5.774145945906639099e-02
1.831135600805282593e-01 4.801848530769348145e-01 7.001566886901855469e-01 1.006242185831069946e-01 -7.340943217277526855e-01 -1.497215032577514648e+00 3.804782032966613770e-01 -7.655166983604431152e-01 6.010887622833251953e-01 9.951698780059814453e-02
1.900101155042648315e-01 4.808533787727355957e-01 7.203768491744995117e-01 1.021484732627868652e-01 -7.324814200401306152e-01 -1.508280754089355469e+00 3.732560276985168457e-01 -7.793799638748168945e-01 5.666342377662658691e-01 1.034206748008728027e-01
1.816259473562240601e-01 4.866877794265747070e-01 6.613729000091552734e-01 6.354449689388275146e-02 -7.807504534721374512e-01 -1.506175041198730469e+00 3.936765789985656738e-01 -7.720203399658203125e-01 6.429642438888549805e-01 8.884888887405395508e-02
1.751666218042373657e-01 5.618928670883178711e-01 6.077189445495605469e-01 9.223949909210205078e-02 -7.490331530570983887e-01 -1.468668818473815918e+00 3.677700757980346680e-01 -7.284592986106872559e-01 8.089583516120910645e-01 4.850590601563453674e-02
6.728011369705200195e-02 3.369060158729553223e-01 5.620023012161254883e-01 4.238562285900115967e-02 -7.254378795623779297e-01 -1.390936017036437988e+00 4.453434944152832031e-01 -6.439807415008544922e-01 6.672852635383605957e-01 1.071730256080627441e-01
1.580700725317001343e-01 2.630347609519958496e-01 7.343828678131103516e-01 4.504051804542541504e-02 -7.229459881782531738e-01 -1.396395683288574219e+00 4.018629193305969238e-01 -6.823943257331848145e-01 4.393080174922943115e-01 2.076421380043029785e-01
2.342179566621780396e-01 2.538350820541381836e-01 8.118857145309448242e-01 6.664142012596130371e-02 -7.340458035469055176e-01 -1.423876166343688965e+00 3.477148413658142090e-01 -7.381709814071655273e-01 3.821540474891662598e-01 2.090550065040588379e-01
