3.638322651386260986e-01 3.551853299140930176e-01 -2.982483804225921631e-01 -1.045377105474472046e-01 -2.287230938673019409e-01 -5.858720839023590088e-02 9.266831874847412109e-01 -5.407522320747375488e-01 1.350829750299453735e-02 -2.689655423164367676e-01
3.433326780796051025e-01 4.002833366394042969e-01 -2.903965711593627930e-01 -1.409325450658798218e-01 -1.932390779256820679e-01 -2.626593224704265594e-02 9.001084566116333008e-01 -5.436158776283264160e-01 3.784564882516860962e-02 -2.929432690143585205e-01
3.718411326408386230e-01 2.835227251052856445e-01 -3.265599012374877930e-01 -8.914509415626525879e-02 -2.391719669103622437e-01 -6.753824651241302490e-02 9.651527404785156250e-01 -5.366133451461791992e-01 -1.282723248004913330e-02 -2.418618798255920410e-01
2.896672189235687256e-01 2.910010218620300293e-01 -2.955190241336822510e-01 -1.504031121730804443e-01 -2.459911853075027466e-01 3.308574855327606201e-02 9.786948561668395996e-01 -5.696882605552673340e-01 -5.532984435558319092e-02 -1.803627014160156250e-01
2.293938249349594116e-01 3.057527542114257812e-01 -3.354380726814270020e-01 -1.347122043371200562e-01 -2.900608181953430176e-01 3.663627803325653076e-02 9.972654581069946289e-01 -5.341947674751281738e-01 -7.606619596481323242e-02 -1.793988943099975586e-01
2.606526911258697510e-01 3.054056763648986816e-01 -3.094454407691955566e-01 -1.262055337429046631e-01 -2.985160052776336670e-01 5.358104407787322998e-02 9.514146447181701660e-01 -5.185344815254211426e-01 -9.129279851913452148e-02 -2.178575396537780762e-01
3.288519978523254395e-01 1.010796874761581421e-01 -2.867967188358306885e-01 -1.300222575664520264e-01 -2.791443169116973877e-01 5.635355412960052490e-02 1.017764210700988770e+00 -5.217900872230529785e-01 -2.404630035161972046e-01 -6.878709793090820312e-02
4.175145030021667480e-01 6.135331094264984131e-02 -2.747465670108795166e-01 -1.049453020095825195e-01 -3.100029826164245605e-01 -2.398504130542278290e-02 9.185425043106079102e-01 -6.464257240295410156e-01 -3.343388140201568604e-01 9.813249111175537109e-02
4.081848263740539551e-01 9.167729318141937256e-02 -2.905409932136535645e-01 -1.622137874364852905e-01 -3.033013641834259033e-01 -9.220518171787261963e-02 7.833169102668762207e-01 -5.624225735664367676e-01 -2.623366713523864746e-01 -7.380183786153793335e-03
4.140701889991760254e-01 9.513686597347259521e-02 -2.730864584445953369e-01 -1.748460680246353149e-01 -2.978273332118988037e-01 -9.807558357715606689e-02 7.428879141807556152e-01 -5.621963143348693848e-01 -2.461349219083786011e-01 -3.546183928847312927e-02
4.265745878219604492e-01 8.968280255794525146e-02 -2.861004471778869629e-01 -1.651310175657272339e-01 -2.991121709346771240e-01 -1.094380170106887817e-01 7.602002024650573730e-01 -5.697303414344787598e-01 -2.469011098146438599e-01 -2.813183888792991638e-02
4.228923022747039795e-01 9.262977540493011475e-02 -2.874713838100433350e-01 -1.748227179050445557e-01 -3.019192218780517578e-01 -1.075009852647781372e-01 7.518298029899597168e-01 -5.599878430366516113e-01 -2.437681704759597778e-01 -3.211611136794090271e-02
4.266123175621032715e-01 9.183047711849212646e-02 -2.855333983898162842e-01 -1.622444242238998413e-01 -2.997582852840423584e-01 -1.088777333498001099e-01 7.547821402549743652e-01 -5.660082101821899414e-01 -2.460343539714813232e-01 -2.011304721236228943e-02
4.748632311820983887e-01 -6.980516016483306885e-02 -2.768592536449432373e-01 -1.420785486698150635e-01 -2.553071081638336182e-01 -6.144960224628448486e-02 8.989763259887695312e-01 -5.982427000999450684e-01 -3.234921097755432129e-01 1.485236287117004395e-01
7.613921165466308594e-01 -2.297414690256118774e-01 -2.792829275131225586e-01 -2.351137697696685791e-01 -2.215844839811325073e-01 -1.573808938264846802e-01 3.880931138992309570e-01 -5.555028319358825684e-01 -5.915419459342956543e-01 1.646531000733375549e-02
9.783854484558105469e-01 -2.632390856742858887e-01 -2.996661663055419922e-01 -2.480224668979644775e-01 -2.649726569652557373e-01 -1.831001192331314087e-01 6.310510635375976562e-02 -5.116815567016601562e-01 -6.818158030509948730e-01 -1.048678755760192871e-01
9.724561572074890137e-01 -2.615140676498413086e-01 -2.961834967136383057e-01 -2.445338666439056396e-01 -2.619239389896392822e-01 -1.895182877779006958e-01 5.849718675017356873e-02 -5.092766284942626953e-01 -6.861854195594787598e-01 -1.155234575271606445e-01
9.780851602554321289e-01 -2.600697278976440430e-01 -3.048554062843322754e-01 -2.354027628898620605e-01 -2.709096074104309082e-01 -1.894753128290176392e-01 6.618928909301757812e-02 -5.094578862190246582e-01 -6.803999543190002441e-01 -1.122552752494812012e-01
9.787556529045104980e-01 -2.631133794784545898e-01 -2.989485561847686768e-01 -2.489870488643646240e-01 -2.674781680107116699e-01 -1.903234869241714478e-01 7.165354490280151367e-02 -5.103474259376525879e-01 -6.779932379722595215e-01 -1.141080260276794434e-01
9.780603647232055664e-01 -2.554718255996704102e-01 -2.918344140052795410e-01 -2.460903227329254150e-01 -2.585204541683197021e-01 -1.929662376642227173e-01 6.022941693663597107e-02 -5.106490254402160645e-01 -6.843714118003845215e-01 -1.174021959304809570e-01
9.791690111160278320e-01 -2.577990293502807617e-01 -3.035026788711547852e-01 -2.423723042011260986e-01 -2.608923912048339844e-01 -1.916141062974929810e-01 6.032353267073631287e-02 -5.099505186080932617e-01 -6.723691821098327637e-01 -1.099026203155517578e-01
9.773141741752624512e-01 -2.510281801223754883e-01 -2.893645167350769043e-01 -2.432768046855926514e-01 -2.714056670665740967e-01 -1.955976039171218872e-01 6.392866373062133789e-02 -5.096947550773620605e-01 -6.826930642127990723e-01 -1.106639504432678223e-01
9.747173190116882324e-01 -2.645795345306396484e-01 -2.957155406475067139e-01 -2.475383579730987549e-01 -2.596212625503540039e-01 -1.910245567560195923e-01 5.678516253829002380e-02 -5.104134082794189453e-01 -6.854369044303894043e-01 -1.187697649002075195e-01
7.593738436698913574e-01 -3.170050978660583496e-01 -2.490348070859909058e-01 -2.295549809932708740e-01 -1.424773186445236206e-01 -5.293540358543395996e-01 -6.522437930107116699e-01 -4.188749492168426514e-01 -9.269563555717468262e-01 -4.927732944488525391e-01
1.524461433291435242e-02 -6.785680055618286133e-01 -4.223905503749847412e-01 1.058795750141143799e-01 -5.705538988113403320e-01 2.831857092678546906e-02 4.736577868461608887e-01 -5.322226285934448242e-01 -1.495218157768249512e+00 -6.760377287864685059e-01
5.572747439146041870e-03 -7.149380445480346680e-01 -3.644402027130126953e-01 8.576092123985290527e-02 -5.402944684028625488e-01 -5.935742054134607315e-03 3.608500957489013672e-01 -5.408275723457336426e-01 -1.528452515602111816e+00 -6.732409000396728516e-01
1.032806560397148132e-02 -7.127224206924438477e-01 -3.714500367641448975e-01 1.104001700878143311e-01 -5.258291363716125488e-01 -2.598233334720134735e-02 3.686159849166870117e-01 -5.313153862953186035e-01 -1.510864138603210449e+00 -6.675872802734375000e-01
3.951381891965866089e-03 -7.174167633056640625e-01 -3.689457774162292480e-01 1.066891252994537354e-01 -5.346387028694152832e-01 -2.748541347682476044e-02 3.702353239059448242e-01 -5.219767689704895020e-01 -1.501626372337341309e+00 -6.662237644195556641e-01
1.052136346697807312e-02 -7.146587967872619629e-01 -3.766027390956878662e-01 1.107138097286224365e-01 -5.323255062103271484e-01 -2.856464497745037079e-02 3.671637177467346191e-01 -5.253039598464965820e-01 -1.509538650512695312e+00 -6.714299321174621582e-01
9.293491166317835450e-05 -7.154233455657958984e-01 -3.741125464439392090e-01 1.059173047542572021e-01 -5.509034395217895508e-01 -1.911856047809123993e-02 3.545752763748168945e-01 -5.300726294517517090e-01 -1.517846465110778809e+00 -6.807342171669006348e-01
-4.213975742459297180e-02 -1.723455935716629028e-01 -5.802251696586608887e-01 5.870774388313293457e-02 -5.881921648979187012e-01 2.839328646659851074e-01 9.909431338310241699e-01 -4.774869382381439209e-01 -1.224591612815856934e+00 -9.585291147232055664e-01
-2.645759284496307373e-01 -9.828820824623107910e-03 -5.946539044380187988e-01 4.058513045310974121e-02 -7.646178603172302246e-01 8.024571835994720459e-02 6.218421459197998047e-01 -4.116143286228179932e-01 -1.325979828834533691e+00 -1.057385087013244629e+00
-3.344081044197082520e-01 5.884334910660982132e-03 -6.376448273658752441e-01 1.039686705917119980e-02 -8.464360833168029785e-01 3.310571610927581787e-02 5.226575732231140137e-01 -4.161543548107147217e-01 -1.091001868247985840e+00 -1.155012726783752441e+00
-3.412737250328063965e-01 1.846246421337127686e-02 -6.429245471954345703e-01 1.558545138686895370e-02 -8.490334749221801758e-01 1.531593687832355499e-02 5.095605254173278809e-01 -4.212088286876678467e-01 -1.075726866722106934e+00 -1.172361731529235840e+00
-3.175060153007507324e-01 7.260248530656099319e-03 -6.549013853073120117e-01 9.234159253537654877e-03 -8.485098481178283691e-01 1.108932942152023315e-01 7.353116869926452637e-01 -4.646232426166534424e-01 -1.090126991271972656e+00 -1.071032285690307617e+00
-4.146099388599395752e-01 2.247630208730697632e-01 -6.648282408714294434e-01 -5.140614230185747147e-04 -7.488959431648254395e-01 1.753972619771957397e-01 8.071065545082092285e-01 -5.291512012481689453e-01 -9.259920716285705566e-01 -1.227093815803527832e+00
-5.271115303039550781e-01 3.533638715744018555e-01 -6.552191972732543945e-01 6.418034434318542480e-02 -7.831987142562866211e-01 1.740711182355880737e-01 7.681300640106201172e-01 -4.457704126834869385e-01 -7.673240303993225098e-01 -1.346966385841369629e+00
-5.632685422897338867e-01 3.540247678756713867e-01 -6.624953746795654297e-01 3.127640485763549805e-02 -7.388783097267150879e-01 1.404300183057785034e-01 6.789708137512207031e-01 -4.855335950851440430e-01 -7.386537194252014160e-01 -1.337167620658874512e+00
-5.376676917076110840e-01 3.110351562500000000e-01 -6.690472364425659180e-01 6.070986390113830566e-02 -7.404460310935974121e-01 7.077454030513763428e-02 6.620565056800842285e-01 -4.720692932605743408e-01 -7.868517041206359863e-01 -1.323638558387756348e+00
