2.875624895095825195e-01 4.192829728126525879e-01 -2.029286772012710571e-01 -1.926700323820114136e-01 -3.791685402393341064e-02 -9.307010471820831299e-02 7.974613308906555176e-01 -9.402273297309875488e-01 -3.150486946105957031e-02 -2.086950540542602539e-01
2.742688655853271484e-01 4.243127107620239258e-01 -1.842062920331954956e-01 -2.308944761753082275e-01 -1.916860044002532959e-02 -5.877612531185150146e-02 7.543830871582031250e-01 -9.617881178855895996e-01 -4.704480618238449097e-02 -2.125165760517120361e-01
2.877564430236816406e-01 4.040071368217468262e-01 -1.981473118066787720e-01 -1.581732332706451416e-01 -8.181531727313995361e-02 -1.167560666799545288e-01 8.703452944755554199e-01 -8.994929790496826172e-01 1.000319421291351318e-02 -1.928636431694030762e-01
2.296208590269088745e-01 3.890058994293212891e-01 -1.543920487165451050e-01 -1.891197711229324341e-01 -8.656384050846099854e-02 -5.299176275730133057e-02 1.023473262786865234e+00 -9.223440289497375488e-01 5.865169316530227661e-02 -1.113707423210144043e-01
1.754627078771591187e-01 3.787498474121093750e-01 -1.495625227689743042e-01 -1.829703599214553833e-01 -7.554571330547332764e-02 -2.019838802516460419e-02 1.209576606750488281e+00 -9.100611805915832520e-01 1.187203377485275269e-01 -4.991656169295310974e-02
1.414468735456466675e-01 4.890644550323486328e-01 -1.617603152990341187e-01 -1.577451527118682861e-01 -7.597671449184417725e-02 -2.423314563930034637e-02 1.227262377738952637e+00 -9.112676382064819336e-01 2.362909764051437378e-01 -1.100694537162780762e-01
7.597754895687103271e-02 5.375318527221679688e-01 -2.301124781370162964e-01 -8.322098851203918457e-02 -1.360191404819488525e-02 -7.257349789142608643e-02 1.268386721611022949e+00 -9.117037653923034668e-01 4.202009737491607666e-01 -1.619880199432373047e-01
2.280198782682418823e-01 1.009488344192504883e+00 -8.466763794422149658e-02 -3.216816484928131104e-02 -5.035051703453063965e-01 -2.857450246810913086e-01 7.643492221832275391e-01 -8.126537203788757324e-01 3.192675113677978516e-01 -3.464210331439971924e-01
2.840876281261444092e-01 1.055860042572021484e+00 -6.892560422420501709e-02 -5.475540459156036377e-02 -5.516595244407653809e-01 -2.949036061763763428e-01 6.426745057106018066e-01 -8.176925182342529297e-01 2.778114974498748779e-01 -4.227226972579956055e-01
2.876894474029541016e-01 1.059739589691162109e+00 -7.113571465015411377e-02 -4.578599333763122559e-02 -5.543627738952636719e-01 -2.819074988365173340e-01 6.454201936721801758e-01 -8.166055679321289062e-01 2.761168777942657471e-01 -4.189054071903228760e-01
2.876835167407989502e-01 1.058876156806945801e+00 -7.219742238521575928e-02 -4.123243689537048340e-02 -5.567992329597473145e-01 -2.949272394180297852e-01 6.512686610221862793e-01 -8.148261904716491699e-01 2.809830009937286377e-01 -4.143602848052978516e-01
2.883111238479614258e-01 1.059525966644287109e+00 -7.003636658191680908e-02 -4.691460728645324707e-02 -5.551211833953857422e-01 -2.859242558479309082e-01 6.443199515342712402e-01 -8.039143681526184082e-01 2.773335874080657959e-01 -4.151506423950195312e-01
2.789412438869476318e-01 1.060300707817077637e+00 -7.659308612346649170e-02 -5.153802037239074707e-02 -5.581603050231933594e-01 -2.957359552383422852e-01 6.453074812889099121e-01 -8.140072226524353027e-01 2.728376388549804688e-01 -4.234261512756347656e-01
3.322761654853820801e-01 1.168417453765869141e+00 -3.680051863193511963e-02 -1.302307397127151489e-01 -3.253699839115142822e-01 -1.630209833383560181e-01 1.189558506011962891e-01 -8.470565676689147949e-01 3.463135063648223877e-01 -6.533340811729431152e-01
3.290413618087768555e-01 1.049146652221679688e+00 -1.072168201208114624e-01 -1.852504312992095947e-01 -4.440325796604156494e-01 -1.827112883329391479e-01 -4.904605746269226074e-01 -8.029116988182067871e-01 1.477451296523213387e-04 -7.264937758445739746e-01
3.484091758728027344e-01 1.047619462013244629e+00 -1.182764917612075806e-01 -1.774647980928421021e-01 -4.349000453948974609e-01 -1.979767084121704102e-01 -4.917531609535217285e-01 -7.903266549110412598e-01 6.957396864891052246e-03 -7.287722826004028320e-01
3.589818477630615234e-01 9.840229749679565430e-01 -1.319609433412551880e-01 -1.795568764209747314e-01 -4.846561253070831299e-01 -2.393126934766769409e-01 -5.750679969787597656e-01 -7.808864712715148926e-01 -2.099157869815826416e-02 -7.227347493171691895e-01
3.585926294326782227e-01 9.867885708808898926e-01 -1.322342306375503540e-01 -1.708684712648391724e-01 -4.878034591674804688e-01 -2.289315462112426758e-01 -5.734331011772155762e-01 -7.792705893516540527e-01 -1.617556810379028320e-02 -7.156910300254821777e-01
3.480581641197204590e-01 9.872740507125854492e-01 -1.397851556539535522e-01 -1.723981052637100220e-01 -4.889595508575439453e-01 -2.332061529159545898e-01 -5.713122487068176270e-01 -7.819175124168395996e-01 -1.247663795948028564e-02 -7.059189677238464355e-01
3.547192811965942383e-01 9.816461801528930664e-01 -1.297654658555984497e-01 -1.803921461105346680e-01 -4.775572419166564941e-01 -2.353082150220870972e-01 -5.698577761650085449e-01 -7.795416712760925293e-01 -1.845540106296539307e-02 -7.172978520393371582e-01
3.642815351486206055e-01 9.917985796928405762e-01 -1.314886063337326050e-01 -1.750988662242889404e-01 -4.792179763317108154e-01 -2.291272133588790894e-01 -5.711522698402404785e-01 -7.793163657188415527e-01 -2.060678601264953613e-02 -7.171177268028259277e-01
3.571223616600036621e-01 9.927055239677429199e-01 -1.341838985681533813e-01 -1.769699752330780029e-01 -4.856684505939483643e-01 -2.316898256540298462e-01 -5.708256363868713379e-01 -7.812560796737670898e-01 -1.664640009403228760e-02 -7.136452794075012207e-01
3.569754958152770996e-01 9.926672577857971191e-01 -1.350322514772415161e-01 -1.810378879308700562e-01 -4.920071065425872803e-01 -2.364345937967300415e-01 -5.743258595466613770e-01 -7.799101471900939941e-01 -1.795853674411773682e-02 -7.143497467041015625e-01
3.363246321678161621e-01 3.809762001037597656e-01 3.531484603881835938e-01 -1.851732134819030762e-01 -1.177460432052612305e+00 4.059532880783081055e-01 -6.159768700599670410e-01 -2.530868649482727051e-01 6.414060592651367188e-01 2.254024744033813477e-01
5.133876204490661621e-01 2.955232858657836914e-01 4.232771992683410645e-01 -4.568057507276535034e-02 -9.744202494621276855e-01 6.404239535331726074e-01 -5.547788739204406738e-01 -1.972601264715194702e-01 1.014621376991271973e+00 3.236777186393737793e-01
5.021803379058837891e-01 2.937632203102111816e-01 4.187588691711425781e-01 -3.694061189889907837e-02 -9.699236750602722168e-01 6.820401549339294434e-01 -5.397268533706665039e-01 -2.115596532821655273e-01 1.054813265800476074e+00 3.248180150985717773e-01
5.065310001373291016e-01 2.983248233795166016e-01 4.210205674171447754e-01 -4.101184010505676270e-02 -9.773591756820678711e-01 6.792128682136535645e-01 -5.364494919776916504e-01 -2.173340320587158203e-01 1.062232136726379395e+00 3.178965449333190918e-01
5.180964469909667969e-01 2.891486883163452148e-01 4.197402000427246094e-01 -3.404955565929412842e-02 -9.784616827964782715e-01 6.802005171775817871e-01 -5.466729998588562012e-01 -2.106690257787704468e-01 1.052482843399047852e+00 3.249294161796569824e-01
5.006182789802551270e-01 2.880810499191284180e-01 4.196984171867370605e-01 -3.817666321992874146e-02 -9.727671742439270020e-01 6.804270744323730469e-01 -5.475241541862487793e-01 -2.063791453838348389e-01 1.049219965934753418e+00 3.173931241035461426e-01
4.764667749404907227e-01 3.629716634750366211e-01 3.890392780303955078e-01 -1.078313961625099182e-01 -8.978036642074584961e-01 6.900812983512878418e-01 -4.147225618362426758e-01 -2.461514770984649658e-01 1.141150712966918945e+00 2.397264838218688965e-01
3.151076436042785645e-01 6.752060651779174805e-01 3.944849967956542969e-01 -1.957668513059616089e-01 -9.790788292884826660e-01 6.270120739936828613e-01 3.463297486305236816e-01 -3.281276524066925049e-01 1.224592566490173340e+00 1.239698529243469238e-01
4.479023814201354980e-01 6.473743319511413574e-01 6.607733964920043945e-01 -1.242403835058212280e-01 -1.325174570083618164e+00 7.407185435295104980e-01 6.206405758857727051e-01 -3.188924789428710938e-01 1.163282036781311035e+00 3.327227830886840820e-01
4.536670148372650146e-01 6.304489970207214355e-01 6.817160844802856445e-01 -1.275717616081237793e-01 -1.301109313964843750e+00 7.504628300666809082e-01 6.342611312866210938e-01 -3.119129836559295654e-01 1.141134858131408691e+00 3.360863327980041504e-01
4.561260342597961426e-01 6.318894624710083008e-01 6.785765886306762695e-01 -1.367583721876144409e-01 -1.300224781036376953e+00 7.496963143348693848e-01 6.342784166336059570e-01 -3.082427084445953369e-01 1.138293862342834473e+00 3.347020149230957031e-01
3.595220446586608887e-01 6.849673390388488770e-01 5.187577009201049805e-01 -1.165560185909271240e-01 -1.185840129852294922e+00 5.977100729942321777e-01 7.553791999816894531e-01 -3.302408754825592041e-01 1.303454875946044922e+00 2.189850807189941406e-01
1.752605885267257690e-01 3.746653795242309570e-01 4.841275215148925781e-01 -1.537775248289108276e-01 -1.067538738250732422e+00 5.024983286857604980e-01 1.154457330703735352e+00 -3.074564635753631592e-01 1.114854454994201660e+00 4.333222508430480957e-01
2.063201516866683960e-01 2.874525189399719238e-01 6.378896236419677734e-01 -1.450322866439819336e-01 -1.065005779266357422e+00 6.032187938690185547e-01 1.031243562698364258e+00 -2.590559422969818115e-01 9.524478316307067871e-01 5.812630057334899902e-01
2.600255906581878662e-01 2.834587097167968750e-01 7.367361187934875488e-01 -1.710742264986038208e-01 -1.073347687721252441e+00 6.426537036895751953e-01 9.442306160926818848e-01 -2.503978312015533447e-01 9.055461287498474121e-01 6.076070666313171387e-01
