3.816945552825927734e-01 3.560383319854736328e-01 -3.318075537681579590e-01 8.569478057324886322e-03 -9.809806942939758301e-02 -1.437606960535049438e-01 9.447595477104187012e-01 -8.400406241416931152e-01 5.128698050975799561e-02 -2.493855357170104980e-01
3.633140921592712402e-01 3.421604633331298828e-01 -3.272143602371215820e-01 1.193967368453741074e-02 -1.028372347354888916e-01 -1.381381303071975708e-01 9.544861912727355957e-01 -8.309869170188903809e-01 5.261576175689697266e-02 -2.461335659027099609e-01
3.937980234622955322e-01 3.914617002010345459e-02 -3.029955327510833740e-01 -3.637453913688659668e-02 -1.409480571746826172e-01 -6.250871717929840088e-02 1.217555522918701172e+00 -8.531243801116943359e-01 -1.336386948823928833e-01 9.391669183969497681e-03
6.872047185897827148e-01 -3.481438755989074707e-01 -3.112385571002960205e-01 -8.650988340377807617e-02 -8.918677270412445068e-02 9.896664321422576904e-02 1.600126862525939941e+00 -1.089131593704223633e+00 -1.229282096028327942e-01 9.658199548721313477e-02
6.830543875694274902e-01 -4.705492258071899414e-01 -2.875370383262634277e-01 -1.015627384185791016e-01 -1.147519201040267944e-01 1.769968718290328979e-01 1.711136460304260254e+00 -1.117396831512451172e+00 -1.959566622972488403e-01 1.755235195159912109e-01
6.773654818534851074e-01 -5.095766782760620117e-01 -2.861102223396301270e-01 -6.662306189537048340e-02 -1.470888406038284302e-01 1.804092973470687866e-01 1.791758060455322266e+00 -1.088497996330261230e+00 -2.005494236946105957e-01 2.003237009048461914e-01
6.682747602462768555e-01 -5.144338607788085938e-01 -2.945768833160400391e-01 -5.564051866531372070e-02 -1.605528295040130615e-01 1.668199747800827026e-01 1.801173329353332520e+00 -1.093147039413452148e+00 -1.965351849794387817e-01 2.200564742088317871e-01
6.819887161254882812e-01 -5.024877190589904785e-01 -2.903060913085937500e-01 -4.395157098770141602e-02 -1.418567597866058350e-01 1.722306460142135620e-01 1.776783347129821777e+00 -1.094889879226684570e+00 -2.017057687044143677e-01 1.947382092475891113e-01
6.855550408363342285e-01 -5.147600769996643066e-01 -2.971465289592742920e-01 -3.924214839935302734e-02 -1.472155898809432983e-01 1.750824302434921265e-01 1.789999485015869141e+00 -1.099974274635314941e+00 -1.987850517034530640e-01 2.076458334922790527e-01
6.773884296417236328e-01 -5.171546936035156250e-01 -2.905514240264892578e-01 -3.712746500968933105e-02 -1.464996188879013062e-01 1.633419245481491089e-01 1.792035698890686035e+00 -1.097978830337524414e+00 -1.962765753269195557e-01 2.053829431533813477e-01
6.879929900169372559e-01 -5.089412927627563477e-01 -2.997437715530395508e-01 -3.989180922508239746e-02 -1.426271349191665649e-01 1.687452644109725952e-01 1.789440870285034180e+00 -1.094440460205078125e+00 -2.036025822162628174e-01 2.027846574783325195e-01
6.849238872528076172e-01 -5.106068253517150879e-01 -3.021380007266998291e-01 -3.711387515068054199e-02 -1.420969069004058838e-01 1.741128414869308472e-01 1.792191386222839355e+00 -1.099539279937744141e+00 -1.980129182338714600e-01 2.046445012092590332e-01
6.888002157211303711e-01 -5.094683170318603516e-01 -2.955647110939025879e-01 -4.824849963188171387e-02 -1.423254162073135376e-01 1.764563769102096558e-01 1.790765523910522461e+00 -1.104762911796569824e+00 -1.968167126178741455e-01 1.948485374450683594e-01
7.090527415275573730e-01 -5.165478587150573730e-01 -2.868747115135192871e-01 6.280689500272274017e-03 -1.001821756362915039e-01 1.274900287389755249e-01 1.781883001327514648e+00 -1.116656064987182617e+00 -1.517284214496612549e-01 1.767817139625549316e-01
3.874128460884094238e-01 -6.853382587432861328e-01 -9.762774407863616943e-02 1.446385383605957031e-01 1.553384065628051758e-01 4.084886312484741211e-01 2.135051965713500977e+00 -9.962075352668762207e-01 -1.446618139743804932e-02 1.461729407310485840e-01
6.671515703201293945e-01 -7.059809565544128418e-01 -4.340133368968963623e-01 1.313302218914031982e-01 4.423317909240722656e-01 4.736942648887634277e-01 1.780850648880004883e+00 -6.690765023231506348e-01 -2.843270897865295410e-01 -5.942155718803405762e-01
8.117857575416564941e-01 -8.071489930152893066e-01 -5.048519372940063477e-01 7.321088574826717377e-03 7.244463562965393066e-01 3.021565079689025879e-01 1.287582755088806152e+00 -5.288463234901428223e-01 -4.998498857021331787e-01 -1.006566166877746582e+00
8.235791921615600586e-01 -8.046282529830932617e-01 -4.984496235847473145e-01 2.145066671073436737e-02 7.306813001632690430e-01 3.041462898254394531e-01 1.298278689384460449e+00 -5.254545807838439941e-01 -5.013976097106933594e-01 -1.012224316596984863e+00
8.351538181304931641e-01 -8.036347627639770508e-01 -5.018776655197143555e-01 1.448568608611822128e-02 7.412536740303039551e-01 2.958384156227111816e-01 1.301814556121826172e+00 -5.247665643692016602e-01 -4.866551160812377930e-01 -1.011267185211181641e+00
8.293234705924987793e-01 -7.989654541015625000e-01 -5.035969018936157227e-01 8.678822778165340424e-03 7.331081032752990723e-01 3.054979443550109863e-01 1.311217904090881348e+00 -5.278871655464172363e-01 -4.936753809452056885e-01 -1.006883978843688965e+00
8.237565159797668457e-01 -8.000330924987792969e-01 -5.059082508087158203e-01 7.282881997525691986e-03 7.431895136833190918e-01 2.996796965599060059e-01 1.289085865020751953e+00 -5.229188203811645508e-01 -4.894176721572875977e-01 -1.006614565849304199e+00
8.370218276977539062e-01 -7.984471321105957031e-01 -5.048465132713317871e-01 2.487721852958202362e-02 7.373306155204772949e-01 3.144629597663879395e-01 1.297137379646301270e+00 -5.194528698921203613e-01 -5.048373341560363770e-01 -1.013916850090026855e+00
8.335987925529479980e-01 -8.083685636520385742e-01 -5.162869095802307129e-01 2.210929803550243378e-02 7.322753071784973145e-01 3.035514354705810547e-01 1.301557779312133789e+00 -5.268240571022033691e-01 -4.963799118995666504e-01 -1.010369062423706055e+00
3.085999488830566406e-01 -9.088895320892333984e-01 -4.343101680278778076e-01 5.568727850914001465e-02 6.116181015968322754e-01 2.944877743721008301e-01 1.292360186576843262e+00 -6.074528098106384277e-01 -6.874456405639648438e-01 -6.323704123497009277e-01
2.296913415193557739e-01 -1.020184993743896484e+00 -2.955736517906188965e-01 1.661798059940338135e-01 5.573065876960754395e-01 3.197967410087585449e-01 1.779302000999450684e+00 -5.860385298728942871e-01 -5.521782040596008301e-01 -5.287211760878562927e-02
2.271891087293624878e-01 -1.013053774833679199e+00 -2.983658611774444580e-01 1.508255302906036377e-01 5.627328157424926758e-01 3.174652457237243652e-01 1.745324134826660156e+00 -5.943422317504882812e-01 -5.536431670188903809e-01 -3.832316026091575623e-02
2.295952886343002319e-01 -1.008500456809997559e+00 -2.927057445049285889e-01 1.514100730419158936e-01 5.619993209838867188e-01 3.152885437011718750e-01 1.757984638214111328e+00 -5.840384364128112793e-01 -5.491611957550048828e-01 -3.781348094344139099e-02
2.317050844430923462e-01 -1.011319756507873535e+00 -2.972808480262756348e-01 1.575845181941986084e-01 5.594968199729919434e-01 3.240383863449096680e-01 1.771865963935852051e+00 -5.896989107131958008e-01 -5.500321984291076660e-01 -3.756236657500267029e-02
2.336345613002777100e-01 -1.005869388580322266e+00 -2.987969815731048584e-01 1.461873352527618408e-01 5.651363730430603027e-01 3.182448148727416992e-01 1.776022672653198242e+00 -5.890898704528808594e-01 -5.464952588081359863e-01 -2.968906983733177185e-02
2.326084822416305542e-01 -1.003345727920532227e+00 -2.888119518756866455e-01 1.690598428249359131e-01 5.570881366729736328e-01 3.207328915596008301e-01 1.770492196083068848e+00 -5.981573462486267090e-01 -5.529401302337646484e-01 -2.068203315138816833e-02
5.614144802093505859e-01 -1.018619418144226074e+00 -5.425019860267639160e-01 -3.565797209739685059e-02 5.005037784576416016e-01 2.543033957481384277e-01 1.615950942039489746e+00 -6.005300283432006836e-01 -7.631510496139526367e-01 -3.746664151549339294e-02
7.323724031448364258e-01 -9.100148081779479980e-01 -6.157277822494506836e-01 -7.890209555625915527e-02 4.592962861061096191e-01 1.989002674818038940e-01 1.387673854827880859e+00 -5.920013189315795898e-01 -9.287626147270202637e-01 -3.291004523634910583e-02
7.425839304924011230e-01 -9.196090102195739746e-01 -6.287409663200378418e-01 -6.420579552650451660e-02 4.546989202499389648e-01 1.906763762235641479e-01 1.387045025825500488e+00 -5.958116650581359863e-01 -9.336017370223999023e-01 -3.046631440520286560e-02
7.462462186813354492e-01 -9.101706743240356445e-01 -6.317127943038940430e-01 -4.478415846824645996e-02 4.544943571090698242e-01 1.941906064748764038e-01 1.389660716056823730e+00 -5.896289944648742676e-01 -9.345970749855041504e-01 -4.861384257674217224e-02
5.662309527397155762e-01 -5.155194401741027832e-01 -6.691821813583374023e-01 -4.702517390251159668e-02 6.528522968292236328e-01 1.346390098333358765e-01 1.176157593727111816e+00 -3.476770818233489990e-01 -8.042476773262023926e-01 -2.405499815940856934e-01
3.194568157196044922e-01 -3.389778137207031250e-01 -5.962036848068237305e-01 3.232446312904357910e-02 8.203744888305664062e-01 2.555020339787006378e-02 1.042741656303405762e+00 -1.710405200719833374e-01 -6.761100292205810547e-01 -3.075952529907226562e-01
2.903253436088562012e-01 -3.304411172866821289e-01 -5.441655516624450684e-01 -2.577302046120166779e-02 8.991097211837768555e-01 -2.994371764361858368e-02 8.588044047355651855e-01 -2.169550508260726929e-01 -7.536563277244567871e-01 -1.936977505683898926e-01
3.379846215248107910e-01 -3.603670001029968262e-01 -5.898541808128356934e-01 4.009497165679931641e-02 9.013913869857788086e-01 -1.301714032888412476e-01 9.167911410331726074e-01 -1.530628651380538940e-01 -7.554705739021301270e-01 -1.820803284645080566e-01
