4.437392652034759521e-01 -7.252039015293121338e-02 2.492946535348892212e-01 -1.328305006027221680e-01 -2.780061662197113037e-01 1.225015968084335327e-01 8.260044455528259277e-01 -1.042837858200073242e+00 1.519635468721389771e-01 -1.020355343818664551e+00
4.103175699710845947e-01 -8.760477602481842041e-02 2.734532356262207031e-01 -1.231681108474731445e-01 -3.048837780952453613e-01 1.399468034505844116e-01 8.367005586624145508e-01 -1.071109414100646973e+00 1.225675046443939209e-01 -9.684450030326843262e-01
4.236314594745635986e-01 -3.677643537521362305e-01 3.415708541870117188e-01 -9.572222828865051270e-02 -4.308163225650787354e-01 1.586291044950485229e-01 1.031493902206420898e+00 -1.025694608688354492e+00 -7.289770990610122681e-02 -6.518657207489013672e-01
7.778317928314208984e-01 -7.389230728149414062e-01 3.364745676517486572e-01 -2.156662642955780029e-01 -3.052097260951995850e-01 3.434978127479553223e-01 1.307904124259948730e+00 -1.234475851058959961e+00 -1.286613047122955322e-01 -4.662994742393493652e-01
7.899523377418518066e-01 -8.253149986267089844e-01 3.457249104976654053e-01 -1.805910170078277588e-01 -3.655325770378112793e-01 3.984709382057189941e-01 1.370194792747497559e+00 -1.252183794975280762e+00 -1.878409534692764282e-01 -3.509921729564666748e-01
7.748986482620239258e-01 -8.481072187423706055e-01 3.383305966854095459e-01 -1.688971817493438721e-01 -4.111665189266204834e-01 4.151411056518554688e-01 1.422153115272521973e+00 -1.223947048187255859e+00 -2.003737241029739380e-01 -3.383210003376007080e-01
7.709949016571044922e-01 -8.457857370376586914e-01 3.307528793811798096e-01 -1.708193123340606689e-01 -4.084149003028869629e-01 4.148790240287780762e-01 1.413229346275329590e+00 -1.241825580596923828e+00 -2.016788274049758911e-01 -3.439016044139862061e-01
7.785100936889648438e-01 -8.359926939010620117e-01 3.357465267181396484e-01 -1.573446094989776611e-01 -4.029442071914672852e-01 4.091586470603942871e-01 1.408956170082092285e+00 -1.228589296340942383e+00 -1.950138360261917114e-01 -3.563232123851776123e-01
7.885022163391113281e-01 -8.457086682319641113e-01 3.365783095359802246e-01 -1.542520225048065186e-01 -3.966065347194671631e-01 4.129427075386047363e-01 1.411634683609008789e+00 -1.232505440711975098e+00 -2.061847001314163208e-01 -3.418990373611450195e-01
7.869427204132080078e-01 -8.527647256851196289e-01 3.392105996608734131e-01 -1.532903015613555908e-01 -4.029414355754852295e-01 4.125527143478393555e-01 1.418443441390991211e+00 -1.233083605766296387e+00 -2.017667442560195923e-01 -3.371829986572265625e-01
7.932082414627075195e-01 -8.491480350494384766e-01 3.344666361808776855e-01 -1.511967480182647705e-01 -4.010035693645477295e-01 4.108127951622009277e-01 1.421089410781860352e+00 -1.239993810653686523e+00 -2.062762230634689331e-01 -3.340432643890380859e-01
7.876921296119689941e-01 -8.559694290161132812e-01 3.360835909843444824e-01 -1.531251370906829834e-01 -4.091697037220001221e-01 3.920957446098327637e-01 1.422328710556030273e+00 -1.237611770629882812e+00 -1.884837001562118530e-01 -3.301976025104522705e-01
7.865883111953735352e-01 -8.522297739982604980e-01 3.290885090827941895e-01 -1.586912572383880615e-01 -4.000525176525115967e-01 3.994128704071044922e-01 1.421290993690490723e+00 -1.236589908599853516e+00 -1.935788244009017944e-01 -3.352627158164978027e-01
8.003820776939392090e-01 -8.503597974777221680e-01 3.156145215034484863e-01 -1.550740301609039307e-01 -3.348919749259948730e-01 3.918862342834472656e-01 1.424071550369262695e+00 -1.282758235931396484e+00 -1.678809374570846558e-01 -3.651485443115234375e-01
4.126470088958740234e-01 -9.846786856651306152e-01 3.232949972152709961e-01 -4.258891940116882324e-02 -2.146637439727783203e-02 6.247493624687194824e-01 1.681597352027893066e+00 -1.145256519317626953e+00 -1.208541840314865112e-01 -1.784584820270538330e-01
8.960384726524353027e-01 -1.061898708343505859e+00 7.713511120527982712e-03 -1.656704843044281006e-01 6.249828934669494629e-01 4.515941739082336426e-01 1.143914341926574707e+00 -5.307180881500244141e-01 -5.069817304611206055e-01 -8.986686468124389648e-01
1.036920428276062012e+00 -1.011592388153076172e+00 3.297705948352813721e-02 -2.237350642681121826e-01 9.082644581794738770e-01 3.239984512329101562e-01 8.440675139427185059e-01 -4.170974791049957275e-01 -6.597105860710144043e-01 -1.057928800582885742e+00
1.038473725318908691e+00 -1.010220289230346680e+00 3.498028218746185303e-02 -2.203184664249420166e-01 9.118942618370056152e-01 3.288670182228088379e-01 8.416216969490051270e-01 -4.193915426731109619e-01 -6.533125638961791992e-01 -1.050532221794128418e+00
1.021846652030944824e+00 -1.009570121765136719e+00 5.109791457653045654e-02 -2.274263799190521240e-01 9.128735065460205078e-01 3.192960619926452637e-01 8.381488323211669922e-01 -4.209348857402801514e-01 -6.647254824638366699e-01 -1.047980189323425293e+00
1.034152626991271973e+00 -1.016721725463867188e+00 3.695751726627349854e-02 -2.232477366924285889e-01 9.036193490028381348e-01 3.239200711250305176e-01 8.500354886054992676e-01 -4.230878651142120361e-01 -6.483388543128967285e-01 -1.041824102401733398e+00
1.033597111701965332e+00 -1.015124320983886719e+00 3.705914318561553955e-02 -2.298389375209808350e-01 9.006330370903015137e-01 3.395653963088989258e-01 8.498527407646179199e-01 -4.148825705051422119e-01 -6.684014201164245605e-01 -1.048020720481872559e+00
1.031720519065856934e+00 -1.018103718757629395e+00 3.166903555393218994e-02 -2.393842041492462158e-01 9.015331268310546875e-01 3.272248506546020508e-01 8.427872657775878906e-01 -4.248619973659515381e-01 -6.569471955299377441e-01 -1.049708008766174316e+00
1.036848425865173340e+00 -1.012949228286743164e+00 3.794328868389129639e-02 -2.236836254596710205e-01 9.074892401695251465e-01 3.289892673492431641e-01 8.388547301292419434e-01 -4.193529784679412842e-01 -6.612014174461364746e-01 -1.056707859039306641e+00
4.253940284252166748e-01 -1.316130638122558594e+00 1.257351487874984741e-01 -2.616027891635894775e-01 8.634607791900634766e-01 1.898695081472396851e-01 8.939126133918762207e-01 -3.982597887516021729e-01 -8.989404439926147461e-01 -5.481923818588256836e-01
3.390353620052337646e-01 -1.382554531097412109e+00 3.000688850879669189e-01 -1.845066249370574951e-01 7.843917608261108398e-01 1.870960444211959839e-01 1.217447400093078613e+00 -4.245544373989105225e-01 -7.469777464866638184e-01 -1.718848571181297302e-02
3.413569927215576172e-01 -1.384192347526550293e+00 2.957640886306762695e-01 -1.906590759754180908e-01 7.806626558303833008e-01 1.871943920850753784e-01 1.217827558517456055e+00 -4.326492846012115479e-01 -7.477141022682189941e-01 -6.353076547384262085e-03
3.427096605300903320e-01 -1.375378847122192383e+00 3.035258352756500244e-01 -1.895659863948822021e-01 7.889903783798217773e-01 1.876765936613082886e-01 1.224204540252685547e+00 -4.269730150699615479e-01 -7.447140812873840332e-01 -4.189575556665658951e-04
3.434024155139923096e-01 -1.373015284538269043e+00 3.058299422264099121e-01 -1.968381702899932861e-01 7.904594540596008301e-01 1.867916435003280640e-01 1.229373097419738770e+00 -4.283536374568939209e-01 -7.515187859535217285e-01 -2.057310426607728004e-03
3.389857411384582520e-01 -1.381190538406372070e+00 2.998342216014862061e-01 -1.952853500843048096e-01 7.890917658805847168e-01 1.742009371519088745e-01 1.217117428779602051e+00 -4.279578030109405518e-01 -7.429230213165283203e-01 -8.519228547811508179e-03
3.485936224460601807e-01 -1.329534053802490234e+00 3.105168938636779785e-01 -2.260731756687164307e-01 7.880924940109252930e-01 1.853179186582565308e-01 1.202062487602233887e+00 -4.203903377056121826e-01 -7.267438173294067383e-01 2.333349362015724182e-02
7.549557089805603027e-01 -1.263461947441101074e+00 1.105922311544418335e-01 -2.839710414409637451e-01 7.890318036079406738e-01 1.189200729131698608e-01 9.315007328987121582e-01 -4.207946360111236572e-01 -1.063652038574218750e+00 -8.996593952178955078e-02
9.102934598922729492e-01 -1.205546975135803223e+00 6.914092600345611572e-02 -3.263895213603973389e-01 7.677038311958312988e-01 1.028531044721603394e-01 8.148761391639709473e-01 -4.289840161800384521e-01 -1.175488948822021484e+00 -6.491953134536743164e-02
9.109088778495788574e-01 -1.211592912673950195e+00 6.317381560802459717e-02 -3.221949636936187744e-01 7.700654268264770508e-01 1.052948087453842163e-01 8.096739649772644043e-01 -4.274826347827911377e-01 -1.173953533172607422e+00 -6.985646486282348633e-02
9.207844734191894531e-01 -1.191074371337890625e+00 7.286839187145233154e-02 -3.197908103466033936e-01 7.735282778739929199e-01 1.092628091573715210e-01 7.783743739128112793e-01 -4.241465628147125244e-01 -1.173437476158142090e+00 -7.616180181503295898e-02
7.305108308792114258e-01 -7.733567357063293457e-01 9.963281452655792236e-02 -3.702293634414672852e-01 1.084273576736450195e+00 7.565806806087493896e-02 6.605997085571289062e-01 -2.317363470792770386e-01 -9.706731438636779785e-01 -2.773833870887756348e-01
5.324705243110656738e-01 -6.352262496948242188e-01 1.579109281301498413e-01 -3.128693997859954834e-01 1.215344190597534180e+00 -4.110629856586456299e-02 6.012302041053771973e-01 -9.823636710643768311e-02 -8.921549916267395020e-01 -2.852859497070312500e-01
4.812895059585571289e-01 -6.329373121261596680e-01 1.491932421922683716e-01 -3.172477185726165771e-01 1.196861386299133301e+00 -1.239349693059921265e-01 4.745330810546875000e-01 -3.773258626461029053e-02 -9.736794829368591309e-01 -1.895464062690734863e-01
5.363839268684387207e-01 -6.701580882072448730e-01 1.086322218179702759e-01 -2.421108186244964600e-01 1.191643238067626953e+00 -2.327108234167098999e-01 5.373602509498596191e-01 2.803201973438262939e-02 -9.212428927421569824e-01 -1.777420639991760254e-01
