1.192960143089294434e+00 1.676681488752365112e-01 -1.901575177907943726e-01 -1.644322462379932404e-02 -2.101157158613204956e-01 9.972189366817474365e-02 6.047052145004272461e-01 -4.130086004734039307e-01 2.374507337808609009e-01 2.066711783409118652e-01
1.149865746498107910e+00 1.446882337331771851e-01 -1.675323992967605591e-01 -2.816431410610675812e-02 -2.141143530607223511e-01 1.206591576337814331e-01 6.049768328666687012e-01 -4.285702407360076904e-01 2.090548127889633179e-01 2.315278053283691406e-01
1.159076809883117676e+00 -1.589272767305374146e-01 -1.013039201498031616e-01 -1.723021455109119415e-02 -2.853730618953704834e-01 1.215132921934127808e-01 7.663089632987976074e-01 -3.952743709087371826e-01 8.820038288831710815e-02 4.896734356880187988e-01
1.504897832870483398e+00 -4.520922899246215820e-01 8.408144116401672363e-03 -1.185180842876434326e-01 -6.371594965457916260e-02 3.178672194480895996e-01 9.798727631568908691e-01 -5.212069153785705566e-01 3.175839781761169434e-03 6.355277895927429199e-01
1.505091190338134766e+00 -5.883380770683288574e-01 2.000285685062408447e-02 -1.465272996574640274e-02 -1.105897575616836548e-01 3.498345017433166504e-01 1.120115280151367188e+00 -5.433283448219299316e-01 -5.525587499141693115e-02 7.184342741966247559e-01
1.468045115470886230e+00 -5.988338589668273926e-01 3.142122924327850342e-02 -3.722348809242248535e-02 -1.763738542795181274e-01 4.584859013557434082e-01 1.143384337425231934e+00 -5.589755177497863770e-01 -5.857706815004348755e-02 7.193661332130432129e-01
1.471055865287780762e+00 -5.833470821380615234e-01 3.613178431987762451e-02 -3.924399614334106445e-02 -1.502949744462966919e-01 4.269332885742187500e-01 1.144448876380920410e+00 -5.486344695091247559e-01 -6.608834862709045410e-02 7.260564565658569336e-01
1.471133589744567871e+00 -5.870019197463989258e-01 3.358669579029083252e-02 -2.682095952332019806e-02 -1.420379728078842163e-01 4.071873426437377930e-01 1.130422234535217285e+00 -5.402287840843200684e-01 -5.940122157335281372e-02 7.187138795852661133e-01
1.469999670982360840e+00 -6.055048704147338867e-01 2.556328475475311279e-02 -3.719046711921691895e-02 -1.411387771368026733e-01 3.699426054954528809e-01 1.153923630714416504e+00 -5.528255701065063477e-01 -5.349922180175781250e-02 7.363227009773254395e-01
1.367260217666625977e+00 -6.335147619247436523e-01 5.762174259871244431e-03 6.026390194892883301e-02 -4.998742043972015381e-02 4.444692134857177734e-01 1.183295845985412598e+00 -5.442829728126525879e-01 5.334664136171340942e-02 5.294364094734191895e-01
8.645657300949096680e-01 -9.679299592971801758e-01 -5.147226154804229736e-02 2.571543753147125244e-01 1.136877685785293579e-01 9.778262972831726074e-01 1.250552535057067871e+00 -4.804059565067291260e-01 6.484723836183547974e-02 1.571122324094176292e-03
1.437002182006835938e+00 -9.204021096229553223e-01 -4.672097563743591309e-01 6.898209452629089355e-02 1.084875822067260742e+00 6.445862650871276855e-01 7.601689696311950684e-01 -1.178206652402877808e-01 -2.808400094509124756e-01 -4.530598521232604980e-01
1.282864451408386230e+00 -9.435619115829467773e-01 -4.992764592170715332e-01 8.281645178794860840e-02 1.160017013549804688e+00 5.953876376152038574e-01 5.939467549324035645e-01 -6.229357421398162842e-02 -4.311408102512359619e-01 -5.188160538673400879e-01
1.300841450691223145e+00 -9.302809238433837891e-01 -4.864743351936340332e-01 9.042629599571228027e-02 1.163525342941284180e+00 5.867120027542114258e-01 6.127295494079589844e-01 -5.568008124828338623e-02 -4.225946366786956787e-01 -5.104505419731140137e-01
1.296516656875610352e+00 -9.410736560821533203e-01 -4.942745268344879150e-01 1.057827770709991455e-01 1.156408071517944336e+00 5.803823471069335938e-01 6.169435977935791016e-01 -5.705873668193817139e-02 -4.249259531497955322e-01 -5.006844401359558105e-01
7.541561126708984375e-01 -1.045789480209350586e+00 -4.650298357009887695e-01 1.196021735668182373e-01 1.028336048126220703e+00 6.317240595817565918e-01 6.642580628395080566e-01 -5.994109809398651123e-02 -5.438660979270935059e-01 -3.378743529319763184e-01
4.533703923225402832e-01 -1.166120767593383789e+00 -3.085408210754394531e-01 1.370894014835357666e-01 9.409709572792053223e-01 5.609849691390991211e-01 1.189885258674621582e+00 -7.381169497966766357e-02 -5.211498737335205078e-01 2.659404277801513672e-01
4.661712050437927246e-01 -1.175734639167785645e+00 -3.163168132305145264e-01 1.627580225467681885e-01 9.450992941856384277e-01 5.705304145812988281e-01 1.181207895278930664e+00 -7.745604217052459717e-02 -5.256375074386596680e-01 2.536566853523254395e-01
4.595157504081726074e-01 -1.179075479507446289e+00 -3.131350278854370117e-01 1.555143296718597412e-01 9.329435229301452637e-01 5.795738101005554199e-01 1.177111148834228516e+00 -8.018176257610321045e-02 -5.283685326576232910e-01 2.718180418014526367e-01
4.606286883354187012e-01 -1.174335360527038574e+00 -3.158155679702758789e-01 1.744696199893951416e-01 9.361920356750488281e-01 5.743495225906372070e-01 1.200519204139709473e+00 -7.246057689189910889e-02 -5.270678997039794922e-01 2.660630941390991211e-01
5.438603162765502930e-01 -1.224170207977294922e+00 -4.103487730026245117e-01 1.020056903362274170e-01 8.753858208656311035e-01 6.492052078247070312e-01 1.162542939186096191e+00 -2.641658484935760498e-02 -6.081684231758117676e-01 9.824448823928833008e-02
1.049851536750793457e+00 -1.029313564300537109e+00 -5.532515645027160645e-01 -4.717943072319030762e-02 9.025916457176208496e-01 4.941849112510681152e-01 8.590914607048034668e-01 -1.031527966260910034e-01 -8.382398486137390137e-01 2.258627414703369141e-01
1.201496005058288574e+00 -1.036699175834655762e+00 -6.155160069465637207e-01 -5.226752161979675293e-02 9.180408120155334473e-01 4.639571309089660645e-01 8.122562170028686523e-01 -9.399466216564178467e-02 -8.966856598854064941e-01 2.485111355781555176e-01
9.933595657348632812e-01 -6.484925746917724609e-01 -6.465432643890380859e-01 -3.567883372306823730e-02 1.219535350799560547e+00 3.489554524421691895e-01 6.218698620796203613e-01 1.356781870126724243e-01 -7.807402014732360840e-01 1.865771412849426270e-01
6.644544601440429688e-01 -4.562408030033111572e-01 -5.850191116333007812e-01 5.596652626991271973e-02 1.473385095596313477e+00 1.880796402692794800e-01 5.448969006538391113e-01 2.795391380786895752e-01 -6.427631974220275879e-01 1.689662337303161621e-01
6.015399098396301270e-01 -5.236015319824218750e-01 -5.958622097969055176e-01 4.345088265836238861e-03 1.426407337188720703e+00 1.905418485403060913e-01 4.090835452079772949e-01 2.786588370800018311e-01 -6.404299139976501465e-01 1.727906465530395508e-01
