6.191688179969787598e-01 -3.345181941986083984e-01 2.139048129320144653e-01 1.028305198997259140e-02 -2.888698279857635498e-01 1.246766895055770874e-01 4.378501176834106445e-01 -9.441326856613159180e-01 3.499173820018768311e-01 -6.383999586105346680e-01
6.107656359672546387e-01 -3.249604105949401855e-01 2.267526239156723022e-01 2.201920561492443085e-02 -2.971757650375366211e-01 1.200663298368453979e-01 4.198085665702819824e-01 -9.396339058876037598e-01 3.442177176475524902e-01 -6.466130614280700684e-01
6.154666543006896973e-01 -3.218070268630981445e-01 2.233071774244308472e-01 1.569229178130626678e-02 -3.003465831279754639e-01 1.011363714933395386e-01 4.246351122856140137e-01 -9.480403661727905273e-01 3.477953970432281494e-01 -6.518474221229553223e-01
6.213012337684631348e-01 -3.431335687637329102e-01 2.345180064439773560e-01 1.217910554260015488e-02 -2.913911044597625732e-01 9.530137479305267334e-02 4.432079195976257324e-01 -9.197590351104736328e-01 3.418861329555511475e-01 -6.348152756690979004e-01
6.042714118957519531e-01 -3.730095624923706055e-01 2.119033485651016235e-01 -3.513992996886372566e-03 -2.954894602298736572e-01 1.027045696973800659e-01 5.320273041725158691e-01 -9.379029273986816406e-01 3.789958357810974121e-01 -5.831727385520935059e-01
5.083621740341186523e-01 -3.897966742515563965e-01 1.965376287698745728e-01 -5.668279528617858887e-02 -3.054170012474060059e-01 1.560336202383041382e-01 6.191613674163818359e-01 -9.161835312843322754e-01 4.177711009979248047e-01 -4.790104627609252930e-01
3.615548312664031982e-01 -3.548149466514587402e-01 2.242368608713150024e-01 1.503019360825419426e-03 -3.691399991512298584e-01 1.233721822500228882e-01 8.581305146217346191e-01 -8.471295833587646484e-01 5.053917169570922852e-01 -3.623260259628295898e-01
3.138926923274993896e-01 -2.668249607086181641e-01 1.887299567461013794e-01 5.686721205711364746e-02 -4.718771576881408691e-01 3.702370822429656982e-02 1.054752230644226074e+00 -9.242320656776428223e-01 6.830773949623107910e-01 -3.592705130577087402e-01
4.350021481513977051e-01 -1.040387302637100220e-01 2.714187800884246826e-01 1.156351566314697266e-01 -6.430897116661071777e-01 6.131385266780853271e-02 8.616632223129272461e-01 -9.822465777397155762e-01 7.010903954505920410e-01 -4.980604052543640137e-01
4.613689184188842773e-01 -1.248870044946670532e-01 2.612344622611999512e-01 1.169115453958511353e-01 -6.268044114112854004e-01 3.648893535137176514e-02 7.642201781272888184e-01 -1.021418929100036621e+00 6.435602903366088867e-01 -5.261517763137817383e-01
4.733194708824157715e-01 -1.271555572748184204e-01 2.540323138236999512e-01 1.177254021167755127e-01 -6.288506388664245605e-01 4.174946248531341553e-02 7.753747105598449707e-01 -1.015839338302612305e+00 6.418059468269348145e-01 -5.206384062767028809e-01
4.679627716541290283e-01 -1.294196993112564087e-01 2.565688788890838623e-01 1.246076226234436035e-01 -6.302729845046997070e-01 4.097361862659454346e-02 7.811986207962036133e-01 -1.022662401199340820e+00 6.417440772056579590e-01 -5.126922726631164551e-01
4.653323888778686523e-01 -1.238643079996109009e-01 2.610255479812622070e-01 1.024814099073410034e-01 -6.282270550727844238e-01 4.590709507465362549e-02 7.680891156196594238e-01 -1.027710556983947754e+00 6.420261263847351074e-01 -5.139770507812500000e-01
4.524433016777038574e-01 -2.023657709360122681e-01 2.161281853914260864e-01 1.064694225788116455e-01 -5.803102254867553711e-01 3.803266584873199463e-02 8.033486604690551758e-01 -9.551963210105895996e-01 6.141470074653625488e-01 -5.056045055389404297e-01
4.172535240650177002e-01 6.023107469081878662e-02 4.417021572589874268e-02 6.727740168571472168e-02 -4.328171312808990479e-01 2.362374514341354370e-01 4.593461155891418457e-01 -8.060535788536071777e-01 9.457722306251525879e-01 -7.949714660644531250e-01
8.888612985610961914e-01 -1.478905230760574341e-01 5.140520334243774414e-01 4.209887683391571045e-01 -1.661444187164306641e+00 -8.465211987495422363e-01 -1.347217917442321777e+00 -7.056378722190856934e-01 7.557838559150695801e-01 -8.460528254508972168e-01
1.027742505073547363e+00 -4.261115193367004395e-01 8.426201343536376953e-01 2.562131285667419434e-01 -8.089383840560913086e-01 -1.078671216964721680e+00 -1.397520303726196289e+00 -5.834226012229919434e-01 5.950880050659179688e-01 -6.049787402153015137e-01
1.008269309997558594e+00 -4.450082182884216309e-01 8.230275511741638184e-01 2.929097115993499756e-01 -8.429688215255737305e-01 -1.089268445968627930e+00 -1.404496312141418457e+00 -5.840107202529907227e-01 6.137386560440063477e-01 -6.014338135719299316e-01
1.010442852973937988e+00 -4.427432417869567871e-01 8.314402699470520020e-01 2.896298468112945557e-01 -8.432891964912414551e-01 -1.089234948158264160e+00 -1.413653373718261719e+00 -5.842664837837219238e-01 6.023821830749511719e-01 -6.082927584648132324e-01
1.016043186187744141e+00 -4.482862949371337891e-01 8.219444155693054199e-01 3.007065355777740479e-01 -8.384414315223693848e-01 -1.092422962188720703e+00 -1.420396566390991211e+00 -5.826792716979980469e-01 6.101548075675964355e-01 -6.062328815460205078e-01
1.013308763504028320e+00 -4.494668841361999512e-01 8.172023892402648926e-01 2.798581123352050781e-01 -8.406749963760375977e-01 -1.094994544982910156e+00 -1.409079074859619141e+00 -5.844231247901916504e-01 6.127557754516601562e-01 -5.994731783866882324e-01
1.018283724784851074e+00 -4.414119720458984375e-01 8.320379853248596191e-01 2.850559651851654053e-01 -8.349517583847045898e-01 -1.086872458457946777e+00 -1.416270732879638672e+00 -5.775811076164245605e-01 6.043975949287414551e-01 -6.063476204872131348e-01
1.017262578010559082e+00 -4.462034106254577637e-01 8.229830265045166016e-01 2.907756865024566650e-01 -8.390818834304809570e-01 -1.088411569595336914e+00 -1.410498261451721191e+00 -5.873113274574279785e-01 6.136036515235900879e-01 -6.062784790992736816e-01
9.611376523971557617e-01 -1.921815425157546997e-01 5.554836988449096680e-01 3.881209194660186768e-01 -8.595044016838073730e-01 -1.121669054031372070e+00 -1.202777743339538574e+00 -7.548186182975769043e-01 1.051753997802734375e+00 -8.121273517608642578e-01
9.672586917877197266e-01 -2.053617388010025024e-01 5.606951117515563965e-01 3.902363181114196777e-01 -8.648266196250915527e-01 -1.112043380737304688e+00 -1.218261599540710449e+00 -7.593961358070373535e-01 1.052457094192504883e+00 -8.069661259651184082e-01
9.789206385612487793e-01 -1.941297203302383423e-01 5.616723299026489258e-01 3.946651518344879150e-01 -8.647913336753845215e-01 -1.107810854911804199e+00 -1.208768725395202637e+00 -7.683106064796447754e-01 1.055963873863220215e+00 -8.020642995834350586e-01
9.786217212677001953e-01 -2.062628418207168579e-01 5.586208701133728027e-01 3.854253590106964111e-01 -8.605006933212280273e-01 -1.105744600296020508e+00 -1.206651091575622559e+00 -7.594204545021057129e-01 1.063661813735961914e+00 -7.991690635681152344e-01
9.779706597328186035e-01 -1.979425102472305298e-01 5.631468296051025391e-01 3.836569786071777344e-01 -8.708720803260803223e-01 -1.106819152832031250e+00 -1.209064602851867676e+00 -7.671656608581542969e-01 1.057490110397338867e+00 -8.028457760810852051e-01
9.610974788665771484e-01 -1.994844824075698853e-01 5.505497455596923828e-01 3.997497558593750000e-01 -8.549925684928894043e-01 -1.110127210617065430e+00 -1.206482291221618652e+00 -7.653672099113464355e-01 1.053906798362731934e+00 -8.084522485733032227e-01
9.865138530731201172e-01 -2.008960992097854614e-01 5.648814439773559570e-01 3.893041908740997314e-01 -8.592196106910705566e-01 -1.105420351028442383e+00 -1.212237715721130371e+00 -7.632246017456054688e-01 1.045069098472595215e+00 -8.027051091194152832e-01
9.290887713432312012e-01 -1.904813796281814575e-01 6.600688695907592773e-01 3.708844780921936035e-01 -7.877354025840759277e-01 -8.938735723495483398e-01 -9.283111095428466797e-01 -7.633656859397888184e-01 1.369025588035583496e+00 -6.680934429168701172e-01
6.570584177970886230e-01 -4.370810091495513916e-02 1.161320567131042480e+00 3.331980407238006592e-01 -7.430500388145446777e-01 -1.035338163375854492e+00 1.392103433609008789e-01 -7.983694672584533691e-01 1.748563885688781738e+00 -3.925278782844543457e-01
7.050492763519287109e-01 -2.328031808137893677e-01 1.401042580604553223e+00 3.848930299282073975e-01 -7.782077193260192871e-01 -1.089621067047119141e+00 3.126606941223144531e-01 -8.802228569984436035e-01 1.213203430175781250e+00 -2.319748401641845703e-01
7.288674712181091309e-01 -2.458451539278030396e-01 1.423531889915466309e+00 4.026201665401458740e-01 -7.790681719779968262e-01 -1.101949930191040039e+00 3.107673525810241699e-01 -8.954879641532897949e-01 1.165341734886169434e+00 -2.137377858161926270e-01
6.901371479034423828e-01 -2.077374607324600220e-01 1.324041962623596191e+00 3.516319990158081055e-01 -8.254529237747192383e-01 -1.103495597839355469e+00 3.364571332931518555e-01 -8.643625378608703613e-01 1.295306563377380371e+00 -2.416036128997802734e-01
6.737873554229736328e-01 -1.411237865686416626e-01 1.268204808235168457e+00 3.560387194156646729e-01 -7.971573472023010254e-01 -1.064982652664184570e+00 2.737450003623962402e-01 -8.025529384613037109e-01 1.463507533073425293e+00 -2.811109423637390137e-01
5.435674786567687988e-01 -3.326301574707031250e-01 1.136308550834655762e+00 2.480789572000503540e-01 -7.634240388870239258e-01 -1.041382908821105957e+00 3.493250012397766113e-01 -7.213258743286132812e-01 1.220368385314941406e+00 -1.508348584175109863e-01
6.870626211166381836e-01 -4.380993843078613281e-01 1.385985493659973145e+00 2.835954725742340088e-01 -8.068565726280212402e-01 -1.030104756355285645e+00 3.134922385215759277e-01 -7.657223343849182129e-01 9.343525171279907227e-01 -5.994617566466331482e-02
