1.183031201362609863e+00 2.754957675933837891e-01 -2.569289803504943848e-01 1.064145714044570923e-01 -8.257453143596649170e-02 -2.253091484308242798e-01 5.559427142143249512e-01 -9.077073931694030762e-01 1.774092614650726318e-01 3.397213220596313477e-01
1.172058939933776855e+00 2.749317884445190430e-01 -2.530704140663146973e-01 8.992890268564224243e-02 -6.865815818309783936e-02 -2.205651551485061646e-01 5.479134917259216309e-01 -9.145173430442810059e-01 1.768988966941833496e-01 3.365575075149536133e-01
1.222602367401123047e+00 2.028318494558334351e-01 -2.531119287014007568e-01 1.070676743984222412e-01 -7.644389569759368896e-02 -2.413289994001388550e-01 5.754711031913757324e-01 -8.902130722999572754e-01 1.678715795278549194e-01 3.819028735160827637e-01
1.113447546958923340e+00 2.242691367864608765e-01 -2.222051471471786499e-01 8.884532749652862549e-02 -9.411017596721649170e-02 -2.024022489786148071e-01 5.672062039375305176e-01 -9.205480217933654785e-01 1.075196489691734314e-01 4.372753500938415527e-01
1.024876475334167480e+00 2.498469203710556030e-01 -2.626663744449615479e-01 7.568213343620300293e-02 -1.436781734228134155e-01 -1.979033201932907104e-01 6.008464097976684570e-01 -9.110876917839050293e-01 8.416752517223358154e-02 4.401107728481292725e-01
1.019341111183166504e+00 2.285935729742050171e-01 -2.414133101701736450e-01 1.177185773849487305e-01 -1.715538054704666138e-01 -1.415394991636276245e-01 5.436047911643981934e-01 -8.897854089736938477e-01 7.515747845172882080e-02 4.230368733406066895e-01
1.108289837837219238e+00 7.961735129356384277e-03 -1.402864009141921997e-01 1.514531821012496948e-01 -1.665257662534713745e-01 -1.638535410165786743e-01 5.598009228706359863e-01 -8.062117695808410645e-01 -1.725628972053527832e-02 5.843943357467651367e-01
1.195850253105163574e+00 -1.425995957106351852e-03 -1.467553824186325073e-01 1.335359811782836914e-01 -1.769557744264602661e-01 -2.565943896770477295e-01 4.672460854053497314e-01 -9.010611176490783691e-01 -9.159776568412780762e-02 6.622107028961181641e-01
1.239871859550476074e+00 1.178215444087982178e-02 -1.709779053926467896e-01 1.963667385280132294e-02 -1.559457331895828247e-01 -2.990721166133880615e-01 3.702127337455749512e-01 -8.553374409675598145e-01 -2.524842321872711182e-02 5.551422238349914551e-01
1.248440146446228027e+00 2.822159230709075928e-02 -1.705837100744247437e-01 1.938542537391185760e-02 -1.664900630712509155e-01 -3.182163536548614502e-01 3.680628538131713867e-01 -8.500782251358032227e-01 -1.194294542074203491e-02 5.453137755393981934e-01
1.249366998672485352e+00 2.990649640560150146e-02 -1.764416545629501343e-01 9.112431667745113373e-03 -1.642322987318038940e-01 -3.222842216491699219e-01 3.510242104530334473e-01 -8.419662714004516602e-01 -1.491068303585052490e-02 5.397338271141052246e-01
1.251964688301086426e+00 4.146395623683929443e-02 -1.704946011304855347e-01 2.487061731517314911e-02 -1.612324863672256470e-01 -3.163119256496429443e-01 3.594292998313903809e-01 -8.448103070259094238e-01 -1.359443366527557373e-02 5.483378171920776367e-01
1.242008805274963379e+00 3.107665479183197021e-02 -1.786663383245468140e-01 1.762157492339611053e-02 -1.593630164861679077e-01 -3.221978843212127686e-01 3.665235042572021484e-01 -8.430085778236389160e-01 -1.043739169836044312e-02 5.525246262550354004e-01
1.284524083137512207e+00 -5.546797811985015869e-02 -1.664948910474777222e-01 3.221414983272552490e-02 -1.543192714452743530e-01 -3.153042793273925781e-01 3.904651999473571777e-01 -8.567709326744079590e-01 -1.584193855524063110e-02 5.820646882057189941e-01
1.900090456008911133e+00 -3.388406634330749512e-01 -1.449088305234909058e-01 -4.514792561531066895e-02 -5.868747364729642868e-03 -2.449660450220108032e-01 8.771300315856933594e-02 -6.221113204956054688e-01 -1.956925988197326660e-01 5.270941257476806641e-01
2.036261558532714844e+00 -3.674361705780029297e-01 -1.735487431287765503e-01 -6.734463572502136230e-02 -9.142890572547912598e-03 -2.627819776535034180e-01 -1.410031318664550781e-01 -6.165355443954467773e-01 -2.223475277423858643e-01 3.608080744743347168e-01
2.054640769958496094e+00 -3.652725815773010254e-01 -1.788290292024612427e-01 -5.728559195995330811e-02 1.044254004955291748e-02 -2.632831335067749023e-01 -1.593284010887145996e-01 -6.140959262847900391e-01 -2.298051416873931885e-01 3.293506503105163574e-01
2.048518180847167969e+00 -3.665715456008911133e-01 -1.799760907888412476e-01 -6.306225061416625977e-02 1.046556234359741211e-02 -2.595878243446350098e-01 -1.426532268524169922e-01 -6.144724488258361816e-01 -2.281019985675811768e-01 3.442500233650207520e-01
2.066258668899536133e+00 -3.676323294639587402e-01 -1.856506317853927612e-01 -5.943256616592407227e-02 1.543105114251375198e-03 -2.657281756401062012e-01 -1.679757237434387207e-01 -6.063573956489562988e-01 -2.385431975126266479e-01 3.387774229049682617e-01
2.053689956665039062e+00 -3.691651821136474609e-01 -1.731466501951217651e-01 -6.684377789497375488e-02 8.434355258941650391e-03 -2.636317610740661621e-01 -1.683803796768188477e-01 -6.107469797134399414e-01 -2.357733547687530518e-01 3.335390686988830566e-01
2.047899246215820312e+00 -3.651069998741149902e-01 -1.740171164274215698e-01 -5.294951796531677246e-02 1.673087943345308304e-03 -2.597840428352355957e-01 -1.555123329162597656e-01 -6.173072457313537598e-01 -2.334334552288055420e-01 3.400605916976928711e-01
2.058791637420654297e+00 -3.747498989105224609e-01 -1.735512763261795044e-01 -6.883288919925689697e-02 1.019538938999176025e-02 -2.616590857505798340e-01 -1.588082313537597656e-01 -6.006908416748046875e-01 -2.329500466585159302e-01 3.412939906120300293e-01
2.054149866104125977e+00 -3.678345680236816406e-01 -1.820948868989944458e-01 -5.726160109043121338e-02 9.673093445599079132e-04 -2.557475566864013672e-01 -1.523976325988769531e-01 -6.122037172317504883e-01 -2.386910170316696167e-01 3.480824828147888184e-01
1.961929202079772949e+00 -4.046357274055480957e-01 -2.155555039644241333e-01 -1.007103323936462402e-01 1.547113526612520218e-03 -3.332983851432800293e-01 -4.354623854160308838e-01 -5.847766995429992676e-01 -3.066363930702209473e-01 2.755697369575500488e-01
4.301710128784179688e-01 -8.507919311523437500e-01 -4.215116798877716064e-01 5.927363634109497070e-01 -4.602203071117401123e-01 -1.722222119569778442e-01 -9.500547051429748535e-01 -1.135878682136535645e+00 -1.250196099281311035e+00 -6.959144473075866699e-01
-8.141665160655975342e-02 -9.257603287696838379e-01 -6.957768201828002930e-01 9.338002800941467285e-01 -7.090452909469604492e-01 1.785611063241958618e-01 -1.635754480957984924e-02 -7.933343052864074707e-01 -1.185118436813354492e+00 -1.017727732658386230e+00
-9.029962122440338135e-02 -9.258248209953308105e-01 -6.914813518524169922e-01 9.046090245246887207e-01 -6.886715292930603027e-01 1.879578679800033569e-01 -1.553166192024946213e-02 -8.110912442207336426e-01 -1.168393015861511230e+00 -1.016783356666564941e+00
-8.948193490505218506e-02 -9.382261633872985840e-01 -6.833993196487426758e-01 9.014755487442016602e-01 -6.995732188224792480e-01 1.972607225179672241e-01 -2.534526959061622620e-02 -8.187637925148010254e-01 -1.187297463417053223e+00 -1.013503313064575195e+00
-8.787707984447479248e-02 -9.292121529579162598e-01 -6.857812404632568359e-01 9.041752815246582031e-01 -7.071015238761901855e-01 1.987764090299606323e-01 -2.797800675034523010e-02 -8.108681440353393555e-01 -1.189594864845275879e+00 -1.010440111160278320e+00
-9.251506626605987549e-02 -9.289109706878662109e-01 -6.833481788635253906e-01 9.014515280723571777e-01 -6.999149322509765625e-01 2.052436321973800659e-01 -2.199823036789894104e-02 -8.210749626159667969e-01 -1.176507115364074707e+00 -1.005893826484680176e+00
-1.008561104536056519e-01 -5.268139839172363281e-01 -8.385264873504638672e-01 8.765878677368164062e-01 -8.154132962226867676e-01 4.216307997703552246e-01 4.201567769050598145e-01 -7.628486752510070801e-01 -1.104198336601257324e+00 -1.127892374992370605e+00
-3.767383992671966553e-01 -1.641614586114883423e-01 -8.176869153976440430e-01 8.528149127960205078e-01 -8.956732153892517090e-01 3.858208656311035156e-01 2.396353483200073242e-01 -7.556486725807189941e-01 -1.146592736244201660e+00 -1.217241406440734863e+00
-4.596468210220336914e-01 -1.075923591852188110e-01 -8.365194201469421387e-01 7.778164744377136230e-01 -9.759255051612854004e-01 1.906602531671524048e-01 1.330515146255493164e-01 -7.175188064575195312e-01 -1.083071351051330566e+00 -1.341553568840026855e+00
-4.731551706790924072e-01 -9.355594217777252197e-02 -8.243521451950073242e-01 7.625693082809448242e-01 -9.808452725410461426e-01 1.868805736303329468e-01 1.272132396697998047e-01 -7.252375483512878418e-01 -1.095551729202270508e+00 -1.363773465156555176e+00
-4.257085621356964111e-01 -1.364725381135940552e-01 -8.276135325431823730e-01 8.172888755798339844e-01 -9.548942446708679199e-01 2.791658639907836914e-01 2.140972018241882324e-01 -7.566662430763244629e-01 -1.131121277809143066e+00 -1.242778420448303223e+00
-4.815507233142852783e-01 2.038525044918060303e-02 -8.538430929183959961e-01 8.346147537231445312e-01 -9.537227749824523926e-01 2.553110420703887939e-01 3.859226703643798828e-01 -7.688934803009033203e-01 -1.014505028724670410e+00 -1.273549437522888184e+00
-6.049810051918029785e-01 2.199229449033737183e-01 -8.959280252456665039e-01 9.136203527450561523e-01 -9.303523302078247070e-01 3.065287470817565918e-01 4.119768142700195312e-01 -7.028073668479919434e-01 -8.439621925354003906e-01 -1.430795907974243164e+00
-6.576357483863830566e-01 2.398903220891952515e-01 -9.118528366088867188e-01 8.497864007949829102e-01 -9.265924692153930664e-01 2.327076941728591919e-01 3.028932213783264160e-01 -6.980298757553100586e-01 -8.094919323921203613e-01 -1.490660190582275391e+00
-6.256375312805175781e-01 1.989424079656600952e-01 -9.212789535522460938e-01 8.511259555816650391e-01 -9.171121120452880859e-01 2.094595283269882202e-01 3.180540204048156738e-01 -7.370378375053405762e-01 -8.240914940834045410e-01 -1.460916280746459961e+00
