3.185616731643676758e-01 1.782892197370529175e-01 -1.223989963531494141e+00 1.518445909023284912e-01 -5.211305022239685059e-01 8.736442029476165771e-02 2.203364372253417969e-01 -6.661253571510314941e-01 2.654640376567840576e-01 9.088620543479919434e-02
3.240256309509277344e-01 1.907769292593002319e-01 -1.229840636253356934e+00 1.608641445636749268e-01 -5.250417590141296387e-01 8.981554210186004639e-02 1.700070500373840332e-01 -6.470299959182739258e-01 2.462666034698486328e-01 9.222513437271118164e-02
2.741357684135437012e-01 1.824561208486557007e-01 -1.177384734153747559e+00 1.351854205131530762e-01 -5.578917264938354492e-01 1.118169277906417847e-01 2.891528010368347168e-01 -6.432408094406127930e-01 2.871992588043212891e-01 1.334027349948883057e-01
2.407772690057754517e-01 1.581825464963912964e-01 -1.119316935539245605e+00 1.480724662542343140e-01 -5.826549530029296875e-01 9.778641164302825928e-02 4.490319490432739258e-01 -6.463764905929565430e-01 3.539582490921020508e-01 1.835664808750152588e-01
2.004366666078567505e-01 1.608365625143051147e-01 -1.047865271568298340e+00 1.556218564510345459e-01 -6.055395603179931641e-01 1.144267171621322632e-01 6.488801240921020508e-01 -6.640102267265319824e-01 4.369877576828002930e-01 2.426343560218811035e-01
1.755181998014450073e-01 2.222395390272140503e-01 -1.004135608673095703e+00 1.416666507720947266e-01 -6.097087860107421875e-01 1.395310610532760620e-01 6.812720894813537598e-01 -6.691638827323913574e-01 5.280587077140808105e-01 2.174522280693054199e-01
1.374024003744125366e-01 1.948318928480148315e-01 -1.001650571823120117e+00 1.600736379623413086e-01 -4.720801413059234619e-01 5.194295942783355713e-02 7.433174848556518555e-01 -7.200571894645690918e-01 7.759446501731872559e-01 1.486160755157470703e-01
1.539141386747360229e-01 6.230995655059814453e-01 -9.275120496749877930e-01 2.611183822154998779e-01 -9.273712635040283203e-01 -1.709146611392498016e-02 4.747263193130493164e-01 -7.971670031547546387e-01 7.022660970687866211e-01 5.882811918854713440e-02
1.956064850091934204e-01 7.092515230178833008e-01 -9.835708737373352051e-01 3.097629249095916748e-01 -1.007583737373352051e+00 6.343202199786901474e-03 2.621881961822509766e-01 -7.644476890563964844e-01 6.100131869316101074e-01 2.015507593750953674e-02
2.906666994094848633e-01 7.731063365936279297e-01 -8.295456767082214355e-01 2.773217856884002686e-01 -6.836722493171691895e-01 8.242820203304290771e-02 -2.496008872985839844e-01 -7.265367507934570312e-01 7.543335556983947754e-01 -1.828563809394836426e-01
3.560775518417358398e-01 5.450564622879028320e-01 -9.086294174194335938e-01 2.341993153095245361e-01 -7.502635121345520020e-01 6.465040147304534912e-02 -1.068536877632141113e+00 -6.812804341316223145e-01 3.336231112480163574e-01 -2.327602505683898926e-01
3.558117151260375977e-01 4.832285642623901367e-01 -9.123772382736206055e-01 2.298017740249633789e-01 -8.056549429893493652e-01 2.947001345455646515e-02 -1.179753780364990234e+00 -6.809353232383728027e-01 2.791744172573089600e-01 -2.179444730281829834e-01
3.745545148849487305e-01 4.637787342071533203e-01 -9.160829782485961914e-01 2.124010026454925537e-01 -8.145933747291564941e-01 1.858101971447467804e-02 -1.193036437034606934e+00 -6.724609732627868652e-01 2.670995593070983887e-01 -2.260526716709136963e-01
3.730401992797851562e-01 4.645627140998840332e-01 -9.058362841606140137e-01 2.141961157321929932e-01 -8.050140738487243652e-01 2.338777668774127960e-02 -1.188884377479553223e+00 -6.794744729995727539e-01 2.710951864719390869e-01 -2.240618467330932617e-01
3.705368041992187500e-01 4.750787019729614258e-01 -9.121064543724060059e-01 2.235919982194900513e-01 -8.177005648612976074e-01 2.089895494282245636e-02 -1.188736200332641602e+00 -6.857514977455139160e-01 2.680842876434326172e-01 -2.198705971240997314e-01
3.788240551948547363e-01 4.250125288963317871e-01 -8.287928104400634766e-01 2.535489499568939209e-01 -8.169794678688049316e-01 -1.841927878558635712e-02 -1.229908585548400879e+00 -6.088104844093322754e-01 2.827169299125671387e-01 -1.261375248432159424e-01
5.498543977737426758e-01 -1.170470863580703735e-01 7.874591648578643799e-02 2.388975322246551514e-01 -1.008005142211914062e+00 1.475549787282943726e-01 -5.338363051414489746e-01 -4.078947603702545166e-01 1.226150393486022949e+00 6.097682714462280273e-01
4.515885710716247559e-01 7.248447835445404053e-02 7.730026543140411377e-02 2.273892313241958618e-01 -7.031736969947814941e-01 4.735722541809082031e-01 -4.708703160285949707e-01 -3.120341300964355469e-01 1.360894083976745605e+00 5.501216650009155273e-01
4.704713225364685059e-01 6.947527825832366943e-02 7.441063225269317627e-02 2.194286286830902100e-01 -7.022895216941833496e-01 4.766145348548889160e-01 -4.775953888893127441e-01 -3.125481605529785156e-01 1.368592262268066406e+00 5.494441986083984375e-01
4.626601934432983398e-01 6.876526772975921631e-02 7.066835463047027588e-02 2.236655205488204956e-01 -7.024636864662170410e-01 4.759072065353393555e-01 -4.756525754928588867e-01 -3.239339888095855713e-01 1.367860794067382812e+00 5.449445843696594238e-01
3.800597786903381348e-01 2.103696912527084351e-01 5.871619284152984619e-02 1.089460775256156921e-01 -5.460888743400573730e-01 4.643878936767578125e-01 -2.671701312065124512e-01 -3.924888968467712402e-01 1.505242228507995605e+00 3.648253679275512695e-01
2.351028770208358765e-01 4.214839339256286621e-01 3.652204573154449463e-02 1.438611894845962524e-01 -6.736151576042175293e-01 4.065719842910766602e-01 2.021652460098266602e-01 -5.308113098144531250e-01 1.757865428924560547e+00 3.207627534866333008e-01
3.838745355606079102e-01 3.653057813644409180e-01 1.797933131456375122e-01 2.020434141159057617e-01 -9.767444729804992676e-01 5.114437937736511230e-01 3.773471713066101074e-01 -4.560740292072296143e-01 1.671374678611755371e+00 6.015724539756774902e-01
3.432534337043762207e-01 4.489190578460693359e-01 1.042305976152420044e-01 2.069750726222991943e-01 -8.808504939079284668e-01 4.531430602073669434e-01 4.531396627426147461e-01 -5.389786958694458008e-01 1.850604891777038574e+00 4.791827499866485596e-01
1.594265252351760864e-01 2.126536816358566284e-01 7.106114923954010010e-02 6.811304390430450439e-02 -8.241828083992004395e-01 3.107293844223022461e-01 7.807396054267883301e-01 -4.306698739528656006e-01 1.661437392234802246e+00 5.662346482276916504e-01
1.519040018320083618e-01 8.663879334926605225e-02 1.446607261896133423e-01 1.047143042087554932e-01 -8.127504587173461914e-01 4.176721572875976562e-01 7.668784856796264648e-01 -3.699241578578948975e-01 1.384778618812561035e+00 8.163495659828186035e-01
