6.203386187553405762e-01 -2.935609817504882812e-01 1.584900170564651489e-01 3.062502443790435791e-01 -1.639388352632522583e-01 4.269231855869293213e-02 4.201660752296447754e-01 -1.129268884658813477e+00 3.027606010437011719e-01 -6.650157570838928223e-01
6.262068152427673340e-01 -2.793372869491577148e-01 1.644256263971328735e-01 3.043642938137054443e-01 -1.677298396825790405e-01 3.368563950061798096e-02 4.017584323883056641e-01 -1.132529973983764648e+00 2.949548661708831787e-01 -6.680102944374084473e-01
6.280631422996520996e-01 -2.853721380233764648e-01 1.786801666021347046e-01 3.022975623607635498e-01 -1.585577428340911865e-01 3.094296343624591827e-02 4.018793702125549316e-01 -1.133479595184326172e+00 2.855274975299835205e-01 -6.560375690460205078e-01
6.278440356254577637e-01 -3.095756769180297852e-01 1.803214699029922485e-01 2.945016920566558838e-01 -1.735724061727523804e-01 2.879385836422443390e-02 4.396315217018127441e-01 -1.105198144912719727e+00 2.947699129581451416e-01 -6.311953663825988770e-01
5.906084775924682617e-01 -3.473033905029296875e-01 1.496992558240890503e-01 2.615981996059417725e-01 -1.879668533802032471e-01 3.461222350597381592e-02 5.268713831901550293e-01 -1.136590361595153809e+00 3.395816683769226074e-01 -5.734679698944091797e-01
4.510948956012725830e-01 -3.643414974212646484e-01 1.267773658037185669e-01 2.114542126655578613e-01 -1.985647678375244141e-01 6.105358898639678955e-02 6.497247815132141113e-01 -1.079845428466796875e+00 3.972858190536499023e-01 -4.562636613845825195e-01
2.907579243183135986e-01 -2.884379029273986816e-01 2.162182480096817017e-01 2.326251715421676636e-01 -2.180704921483993530e-01 5.845753848552703857e-02 9.172816872596740723e-01 -1.116803169250488281e+00 4.918971359729766846e-01 -3.309272527694702148e-01
2.997366487979888916e-01 -1.679600626230239868e-01 1.577959209680557251e-01 3.212571740150451660e-01 -3.725742697715759277e-01 -1.744933240115642548e-02 1.051560282707214355e+00 -1.203006982803344727e+00 6.897752881050109863e-01 -3.748627901077270508e-01
4.457891583442687988e-01 -3.649844229221343994e-02 1.885507851839065552e-01 3.742925822734832764e-01 -4.723229706287384033e-01 -1.819385401904582977e-02 7.953041195869445801e-01 -1.255515933036804199e+00 6.657733321189880371e-01 -5.649775266647338867e-01
2.474736720323562622e-01 -3.252138197422027588e-02 7.626409828662872314e-02 3.521198928356170654e-01 -3.593175113201141357e-01 -6.416781339794397354e-03 9.236683845520019531e-01 -1.193463325500488281e+00 8.403335809707641602e-01 -5.305678248405456543e-01
4.770032763481140137e-01 2.443787902593612671e-01 2.802957892417907715e-01 2.929341793060302734e-01 -2.016597986221313477e+00 -3.557761609554290771e-01 -5.660802721977233887e-01 -5.256714820861816406e-01 7.768093943595886230e-01 -8.497968316078186035e-01
9.309325218200683594e-01 -1.130903512239456177e-01 7.115560770034790039e-01 5.501140952110290527e-01 -1.191578388214111328e+00 -9.631476998329162598e-01 -1.377583146095275879e+00 -8.031468987464904785e-01 6.255466938018798828e-01 -6.754645705223083496e-01
9.973112344741821289e-01 -3.198239803314208984e-01 8.706349134445190430e-01 5.308419466018676758e-01 -8.432729840278625488e-01 -1.031147599220275879e+00 -1.425249934196472168e+00 -7.156485915184020996e-01 5.488402247428894043e-01 -5.572095513343811035e-01
9.813756942749023438e-01 -3.267980217933654785e-01 8.766238093376159668e-01 5.414960980415344238e-01 -8.440936207771301270e-01 -1.024836301803588867e+00 -1.427969813346862793e+00 -7.300757169723510742e-01 5.520738363265991211e-01 -5.530995726585388184e-01
9.861567616462707520e-01 -3.220713138580322266e-01 8.631998896598815918e-01 5.173966884613037109e-01 -8.421190977096557617e-01 -1.033367753028869629e+00 -1.421937346458435059e+00 -7.154647707939147949e-01 5.475658774375915527e-01 -5.687078237533569336e-01
1.000271797180175781e+00 -3.041062355041503906e-01 8.618651032447814941e-01 5.344496965408325195e-01 -8.521427512168884277e-01 -1.022617697715759277e+00 -1.404366731643676758e+00 -7.284582853317260742e-01 5.634062290191650391e-01 -5.654745697975158691e-01
9.654393792152404785e-01 -5.323721468448638916e-02 6.877464056015014648e-01 5.850773453712463379e-01 -8.309382796287536621e-01 -9.850012063980102539e-01 -1.182084441184997559e+00 -8.458902239799499512e-01 9.173688292503356934e-01 -7.161939740180969238e-01
9.695315361022949219e-01 -5.359698832035064697e-02 6.746476888656616211e-01 5.888489484786987305e-01 -8.433805704116821289e-01 -9.868100881576538086e-01 -1.181890368461608887e+00 -8.501166105270385742e-01 9.242523908615112305e-01 -7.241021990776062012e-01
9.568458795547485352e-01 -4.802311956882476807e-02 6.862884759902954102e-01 5.871876478195190430e-01 -8.493162989616394043e-01 -9.907504320144653320e-01 -1.190880775451660156e+00 -8.522232770919799805e-01 9.119262099266052246e-01 -7.220273613929748535e-01
9.687771201133728027e-01 -5.773891508579254150e-02 6.862694621086120605e-01 5.837648510932922363e-01 -8.471530079841613770e-01 -9.853632450103759766e-01 -1.191377997398376465e+00 -8.554909229278564453e-01 9.260185360908508301e-01 -7.112440466880798340e-01
9.731114506721496582e-01 -3.786505758762359619e-02 6.609775424003601074e-01 5.822805166244506836e-01 -8.364182710647583008e-01 -9.807429909706115723e-01 -1.123434185981750488e+00 -8.666282296180725098e-01 9.686139822006225586e-01 -7.222689986228942871e-01
7.939772605895996094e-01 1.265456527471542358e-01 9.013908505439758301e-01 5.443309545516967773e-01 -7.175161242485046387e-01 -7.783648371696472168e-01 -6.477232575416564941e-01 -8.135870695114135742e-01 1.555378675460815430e+00 -6.188521981239318848e-01
6.556632518768310547e-01 -4.083861410617828369e-02 1.339162111282348633e+00 5.503115653991699219e-01 -8.037204146385192871e-01 -1.010761022567749023e+00 3.696170151233673096e-01 -9.416615962982177734e-01 1.313183546066284180e+00 -2.302502393722534180e-01
6.672966480255126953e-01 -7.001139223575592041e-02 1.354754328727722168e+00 5.273455381393432617e-01 -8.562445044517517090e-01 -1.044949769973754883e+00 4.087670147418975830e-01 -9.832885861396789551e-01 1.240007996559143066e+00 -1.965358853340148926e-01
6.837813854217529297e-01 -1.992417871952056885e-02 1.276412487030029297e+00 5.676758289337158203e-01 -8.443925976753234863e-01 -1.003229141235351562e+00 3.314566314220428467e-01 -9.420852661132812500e-01 1.425428032875061035e+00 -2.403600811958312988e-01
5.318359136581420898e-01 -2.219534069299697876e-01 1.172891497611999512e+00 4.101969897747039795e-01 -8.218022584915161133e-01 -9.597840905189514160e-01 4.102526307106018066e-01 -8.507887125015258789e-01 1.140988111495971680e+00 -9.550058841705322266e-02
