3.774030804634094238e-01 3.555477857589721680e-01 -3.426169455051422119e-01 7.713612914085388184e-02 -3.623627126216888428e-02 -2.960724532604217529e-01 8.455236554145812988e-01 -7.607316970825195312e-01 1.617538928985595703e-02 -2.677398025989532471e-01
3.731146454811096191e-01 3.407064676284790039e-01 -3.422560095787048340e-01 9.168061614036560059e-02 -4.199898242950439453e-02 -3.058680295944213867e-01 8.624979257583618164e-01 -7.399013042449951172e-01 1.280636340379714966e-02 -2.511212527751922607e-01
3.653428256511688232e-01 1.018864959478378296e-01 -3.034516870975494385e-01 4.776145517826080322e-02 -8.638295531272888184e-02 -2.208393961191177368e-01 1.079025506973266602e+00 -7.795760631561279297e-01 -1.284856200218200684e-01 -5.897986516356468201e-02
6.535407900810241699e-01 -3.250528573989868164e-01 -3.334654569625854492e-01 -8.736879564821720123e-03 -6.427018344402313232e-02 -8.421559631824493408e-02 1.549931645393371582e+00 -9.255314469337463379e-01 -1.177132204174995422e-01 8.342564105987548828e-02
6.920713782310485840e-01 -4.782896041870117188e-01 -3.229672014713287354e-01 1.792919449508190155e-02 -1.006137281656265259e-01 -2.840585820376873016e-02 1.678586721420288086e+00 -9.727080464363098145e-01 -1.830365359783172607e-01 1.469078660011291504e-01
6.751822233200073242e-01 -5.061006546020507812e-01 -3.190907835960388184e-01 5.794331431388854980e-02 -1.443370133638381958e-01 -1.022268645465373993e-02 1.747199773788452148e+00 -9.561735987663269043e-01 -1.979299038648605347e-01 1.904309391975402832e-01
6.744416356086730957e-01 -5.000430345535278320e-01 -3.211999535560607910e-01 5.829104781150817871e-02 -1.297930032014846802e-01 -1.369996182620525360e-02 1.745648741722106934e+00 -9.654626250267028809e-01 -2.009122818708419800e-01 1.771240830421447754e-01
6.833965182304382324e-01 -5.058934092521667480e-01 -3.219648003578186035e-01 6.382864713668823242e-02 -1.405471116304397583e-01 -1.710088364779949188e-02 1.740272402763366699e+00 -9.501580595970153809e-01 -1.976524442434310913e-01 1.842799186706542969e-01
6.732507348060607910e-01 -5.164895057678222656e-01 -3.216592371463775635e-01 6.201750040054321289e-02 -1.367111206054687500e-01 -1.914055459201335907e-02 1.758762478828430176e+00 -9.546205997467041016e-01 -1.904952973127365112e-01 2.032194137573242188e-01
6.179097890853881836e-01 -4.887872934341430664e-01 -2.994628250598907471e-01 4.960122704505920410e-02 -5.222968757152557373e-02 1.690654642879962921e-02 1.766804337501525879e+00 -9.196389317512512207e-01 -1.050713509321212769e-01 8.850914239883422852e-02
2.395402342081069946e-01 -7.859321832656860352e-01 -2.650445401668548584e-01 2.842088043689727783e-01 1.083161830902099609e-01 3.275350928306579590e-01 2.028301954269409180e+00 -9.026630520820617676e-01 -7.938186824321746826e-02 -1.846778690814971924e-01
9.561048150062561035e-01 -7.514457702636718750e-01 -5.412520170211791992e-01 1.245938837528228760e-01 7.888813614845275879e-01 1.754163354635238647e-01 1.453435063362121582e+00 -4.290378987789154053e-01 -3.793264329433441162e-01 -9.635598063468933105e-01
9.312604665756225586e-01 -7.791557312011718750e-01 -5.290346145629882812e-01 1.502380669116973877e-01 8.396398425102233887e-01 1.466646641492843628e-01 1.370370984077453613e+00 -3.830546438694000244e-01 -4.227601587772369385e-01 -1.007718443870544434e+00
9.148541092872619629e-01 -7.725926637649536133e-01 -5.137394070625305176e-01 1.604873836040496826e-01 8.498546481132507324e-01 1.412919014692306519e-01 1.346322536468505859e+00 -3.715117871761322021e-01 -4.257847666740417480e-01 -9.955397248268127441e-01
9.197854995727539062e-01 -7.766677737236022949e-01 -5.113726854324340820e-01 1.538516581058502197e-01 8.480889201164245605e-01 1.435775607824325562e-01 1.338971257209777832e+00 -3.702285587787628174e-01 -4.237501323223114014e-01 -9.946631789207458496e-01
6.186860799789428711e-01 -8.042366504669189453e-01 -5.277045965194702148e-01 1.183466017246246338e-01 7.450012564659118652e-01 1.286381930112838745e-01 1.325182557106018066e+00 -4.492107927799224854e-01 -4.847740232944488525e-01 -9.204930663108825684e-01
2.784814834594726562e-01 -1.052065253257751465e+00 -3.566730618476867676e-01 2.511529624462127686e-01 5.940861105918884277e-01 1.545856744050979614e-01 1.835277080535888672e+00 -4.636280834674835205e-01 -4.704403877258300781e-01 -1.512051820755004883e-01
2.568861842155456543e-01 -1.039500594139099121e+00 -3.389523625373840332e-01 2.736966907978057861e-01 6.045842766761779785e-01 1.500961035490036011e-01 1.847191810607910156e+00 -4.770096838474273682e-01 -4.511472284793853760e-01 -1.055527329444885254e-01
2.460413724184036255e-01 -1.030804991722106934e+00 -3.317248225212097168e-01 2.781249582767486572e-01 6.068005561828613281e-01 1.544892638921737671e-01 1.843792557716369629e+00 -4.864386022090911865e-01 -4.535958766937255859e-01 -8.360582590103149414e-02
2.540709972381591797e-01 -1.025741338729858398e+00 -3.224754035472869873e-01 2.793721854686737061e-01 6.146226525306701660e-01 1.595060378313064575e-01 1.856282711029052734e+00 -4.838340580463409424e-01 -4.583084881305694580e-01 -8.295583724975585938e-02
2.482816129922866821e-01 -9.730026125907897949e-01 -3.273783922195434570e-01 2.245590984821319580e-01 6.080213189125061035e-01 1.528149694204330444e-01 1.837694764137268066e+00 -4.550150334835052490e-01 -4.123676717281341553e-01 -1.104165911674499512e-01
6.525161862373352051e-01 -9.582209587097167969e-01 -6.104789972305297852e-01 1.441283524036407471e-01 5.358284711837768555e-01 6.696955859661102295e-02 1.575975775718688965e+00 -5.175881981849670410e-01 -7.353657484054565430e-01 -6.612640619277954102e-02
7.950583696365356445e-01 -9.064007997512817383e-01 -6.671607494354248047e-01 8.325597643852233887e-02 5.189223885536193848e-01 4.293213784694671631e-02 1.444403409957885742e+00 -5.143069028854370117e-01 -8.350103497505187988e-01 -3.959428891539573669e-02
6.549019217491149902e-01 -5.823025703430175781e-01 -6.987352371215820312e-01 1.614990644156932831e-02 6.676772832870483398e-01 5.102138221263885498e-02 1.268986105918884277e+00 -3.682387769222259521e-01 -7.688872814178466797e-01 -1.950036883354187012e-01
3.417904078960418701e-01 -3.159789443016052246e-01 -6.131353378295898438e-01 1.311964094638824463e-01 9.420154690742492676e-01 -5.374963581562042236e-02 1.107283711433410645e+00 -2.031231373548507690e-01 -5.933465361595153809e-01 -3.071053028106689453e-01
3.469134867191314697e-01 -3.910540938377380371e-01 -6.195396184921264648e-01 1.790834367275238037e-01 9.760136008262634277e-01 -1.598399728536605835e-01 9.916580319404602051e-01 -1.642579287290573120e-01 -6.388642191886901855e-01 -2.123375535011291504e-01
