4.507803320884704590e-01 -1.078272014856338501e-01 -1.222662329673767090e+00 1.179368644952774048e-01 -6.783863306045532227e-01 1.691738814115524292e-01 3.906829953193664551e-01 -8.624110817909240723e-01 5.571348071098327637e-01 -1.064558625221252441e-01
4.439345002174377441e-01 -1.182432323694229126e-01 -1.214873433113098145e+00 1.036983579397201538e-01 -6.903275847434997559e-01 1.611553281545639038e-01 4.026779234409332275e-01 -8.627319931983947754e-01 5.488362908363342285e-01 -9.824222326278686523e-02
3.693715929985046387e-01 -1.501864343881607056e-01 -1.075035333633422852e+00 6.687296926975250244e-02 -7.252365946769714355e-01 2.233599871397018433e-01 6.520525813102722168e-01 -8.467733860015869141e-01 6.642959713935852051e-01 -1.056864485144615173e-02
4.935939908027648926e-01 1.895384639501571655e-01 -1.084108471870422363e+00 1.526019722223281860e-01 -4.240302741527557373e-01 3.461472988128662109e-01 6.038669943809509277e-01 -8.339949250221252441e-01 9.193114638328552246e-01 -2.196454405784606934e-01
6.056818962097167969e-01 3.640660047531127930e-01 -1.080157637596130371e+00 1.992121785879135132e-01 -3.365959823131561279e-01 4.374329447746276855e-01 4.894585907459259033e-01 -8.261977434158325195e-01 1.086501955986022949e+00 -3.875229358673095703e-01
6.411336064338684082e-01 4.215657711029052734e-01 -1.118562817573547363e+00 1.859533935785293579e-01 -2.512263357639312744e-01 4.807035326957702637e-01 4.807852804660797119e-01 -8.525396585464477539e-01 1.130060076713562012e+00 -4.818074703216552734e-01
6.303659677505493164e-01 4.226531982421875000e-01 -1.110829710960388184e+00 1.732682287693023682e-01 -2.484748512506484985e-01 4.793881177902221680e-01 4.685467779636383057e-01 -8.566501736640930176e-01 1.131311297416687012e+00 -4.699234366416931152e-01
6.251385211944580078e-01 4.216684103012084961e-01 -1.107545256614685059e+00 1.636381149291992188e-01 -2.591849267482757568e-01 4.772115349769592285e-01 4.724704623222351074e-01 -8.552693724632263184e-01 1.130059838294982910e+00 -4.605616927146911621e-01
6.371793150901794434e-01 4.240076541900634766e-01 -1.124839186668395996e+00 1.563530564308166504e-01 -2.440104931592941284e-01 4.762119650840759277e-01 4.636982083320617676e-01 -8.487983345985412598e-01 1.127083420753479004e+00 -4.804332256317138672e-01
6.271193623542785645e-01 4.141055345535278320e-01 -1.112552046775817871e+00 1.683873534202575684e-01 -2.447386234998703003e-01 4.619701504707336426e-01 4.691060781478881836e-01 -8.580930829048156738e-01 1.128686785697937012e+00 -4.719682037830352783e-01
6.260904073715209961e-01 4.228016138076782227e-01 -1.106757760047912598e+00 1.709275543689727783e-01 -2.399449199438095093e-01 4.862958192825317383e-01 4.695600569248199463e-01 -8.575422167778015137e-01 1.123042225837707520e+00 -4.679630100727081299e-01
6.349041461944580078e-01 4.245237112045288086e-01 -1.114637255668640137e+00 1.590383648872375488e-01 -2.437439113855361938e-01 4.848462939262390137e-01 4.801206588745117188e-01 -8.572427034378051758e-01 1.133328795433044434e+00 -4.724973440170288086e-01
6.332504749298095703e-01 4.204312562942504883e-01 -1.115521192550659180e+00 1.638118326663970947e-01 -2.552844583988189697e-01 4.770594835281372070e-01 4.688478708267211914e-01 -8.567865490913391113e-01 1.130949854850769043e+00 -4.609085917472839355e-01
6.575858592987060547e-01 4.083298444747924805e-01 -1.138739109039306641e+00 1.680175513029098511e-01 -2.550558149814605713e-01 4.719391465187072754e-01 4.393190741539001465e-01 -8.260131478309631348e-01 1.099776625633239746e+00 -4.976018071174621582e-01
6.603621244430541992e-01 6.572531461715698242e-01 -8.048192262649536133e-01 -2.231633216142654419e-01 3.234243094921112061e-01 1.625754117965698242e+00 -4.321194067597389221e-02 -5.649964809417724609e-01 8.736481070518493652e-01 -5.271371006965637207e-01
5.959258079528808594e-01 3.369538784027099609e-01 -8.762537240982055664e-01 5.132415890693664551e-02 8.479263782501220703e-01 2.931947112083435059e-01 -4.842825531959533691e-01 -6.288462877273559570e-01 1.352265000343322754e+00 -3.968241214752197266e-01
5.708135962486267090e-01 2.410744279623031616e-01 -5.678665637969970703e-01 1.466894745826721191e-01 8.941720128059387207e-01 6.876961886882781982e-02 -1.163226008415222168e+00 -7.358725070953369141e-01 1.307355761528015137e+00 -3.101578950881958008e-01
5.668029785156250000e-01 2.352480739355087280e-01 -5.650194883346557617e-01 1.420724242925643921e-01 8.804071545600891113e-01 6.653474271297454834e-02 -1.167914509773254395e+00 -7.327174544334411621e-01 1.309213519096374512e+00 -3.111333250999450684e-01
5.661307573318481445e-01 2.370362132787704468e-01 -5.621646642684936523e-01 1.510476917028427124e-01 8.858743906021118164e-01 6.834219396114349365e-02 -1.166890501976013184e+00 -7.377819418907165527e-01 1.305609583854675293e+00 -3.012501597404479980e-01
5.707198977470397949e-01 2.327232807874679565e-01 -5.630267858505249023e-01 1.437522470951080322e-01 8.882102966308593750e-01 7.033525407314300537e-02 -1.160901427268981934e+00 -7.329354882240295410e-01 1.307306647300720215e+00 -3.097490966320037842e-01
5.638805627822875977e-01 2.313192933797836304e-01 -5.657861828804016113e-01 1.479844152927398682e-01 8.740886449813842773e-01 6.958244740962982178e-02 -1.158196091651916504e+00 -7.486295104026794434e-01 1.313095927238464355e+00 -3.075733780860900879e-01
5.641390681266784668e-01 2.243561595678329468e-01 -5.532676577568054199e-01 1.436486691236495972e-01 8.789594769477844238e-01 6.357531249523162842e-02 -1.165043115615844727e+00 -7.358602881431579590e-01 1.311794161796569824e+00 -3.114810883998870850e-01
5.734819769859313965e-01 2.307972759008407593e-01 -5.573191642761230469e-01 1.483688950538635254e-01 8.800497055053710938e-01 6.196378171443939209e-02 -1.176500678062438965e+00 -7.337695360183715820e-01 1.304176807403564453e+00 -3.041739165782928467e-01
6.308584809303283691e-01 1.778349727392196655e-01 -2.868412435054779053e-01 6.652726233005523682e-02 7.459704279899597168e-01 4.272884130477905273e-01 -7.244140505790710449e-01 -4.992644488811492920e-01 1.453562378883361816e+00 -1.320246458053588867e-01
8.920423388481140137e-01 6.839694380760192871e-01 -4.727363586425781250e-02 -2.157771773636341095e-02 8.125676512718200684e-01 1.244279980659484863e+00 -9.163684844970703125e-01 -5.795457363128662109e-01 1.432446241378784180e+00 -2.958016395568847656e-01
9.000607132911682129e-01 7.154479026794433594e-01 -3.943811357021331787e-02 -3.832033276557922363e-02 8.088770508766174316e-01 1.294735431671142578e+00 -9.559492468833923340e-01 -5.782515406608581543e-01 1.374552845954895020e+00 -3.053465485572814941e-01
9.010539054870605469e-01 7.023087143898010254e-01 -3.717720508575439453e-02 -5.630987882614135742e-02 8.027986288070678711e-01 1.296993017196655273e+00 -9.659726023674011230e-01 -5.701357126235961914e-01 1.374533772468566895e+00 -3.187192082405090332e-01
9.010455012321472168e-01 7.070678472518920898e-01 -3.665651381015777588e-02 -5.778524279594421387e-02 8.069756627082824707e-01 1.279002189636230469e+00 -9.695640802383422852e-01 -5.600271821022033691e-01 1.367792963981628418e+00 -3.119493722915649414e-01
9.023162722587585449e-01 7.131620049476623535e-01 -3.694227337837219238e-02 -4.812014102935791016e-02 8.158843517303466797e-01 1.284673690795898438e+00 -9.587653279304504395e-01 -5.608894824981689453e-01 1.372264862060546875e+00 -3.078207671642303467e-01
8.989772200584411621e-01 7.019714713096618652e-01 -2.987651526927947998e-02 -5.046716332435607910e-02 8.121774196624755859e-01 1.281559705734252930e+00 -9.549817442893981934e-01 -5.497827529907226562e-01 1.368446469306945801e+00 -3.126028776168823242e-01
1.018911480903625488e+00 7.979834675788879395e-01 9.261296689510345459e-02 -1.486056745052337646e-01 5.727102756500244141e-01 1.118115901947021484e+00 -1.117976307868957520e+00 -3.833204209804534912e-01 1.083100676536560059e+00 -4.387326836585998535e-01
9.659902453422546387e-01 7.033427953720092773e-01 6.403248012065887451e-02 3.673076629638671875e-02 3.924994170665740967e-01 2.895710468292236328e-01 -9.572424292564392090e-01 -4.444832801818847656e-01 1.069065570831298828e+00 -4.501450359821319580e-01
9.781749248504638672e-01 6.711283922195434570e-01 8.053658902645111084e-02 7.409961521625518799e-02 3.801111876964569092e-01 2.578301429748535156e-01 -9.560986161231994629e-01 -3.991220295429229736e-01 1.062686800956726074e+00 -4.470719099044799805e-01
9.805299043655395508e-01 6.654555797576904297e-01 7.703997194766998291e-02 7.196363806724548340e-02 3.778695166110992432e-01 2.602806687355041504e-01 -9.517816901206970215e-01 -4.010259807109832764e-01 1.063137173652648926e+00 -4.491554498672485352e-01
7.066681385040283203e-01 3.481485247611999512e-01 7.290424406528472900e-02 3.139674663543701172e-02 4.706024229526519775e-01 1.025329083204269409e-01 -1.017676949501037598e+00 -4.330447912216186523e-01 8.671516776084899902e-01 -1.795340776443481445e-01
6.167179942131042480e-01 5.464456975460052490e-02 1.124795824289321899e-01 -2.401660569012165070e-02 5.396150350570678711e-01 1.454129070043563843e-01 -1.361483812332153320e+00 -4.713123142719268799e-01 6.871485710144042969e-01 -2.208250388503074646e-02
6.696555614471435547e-01 1.383333653211593628e-01 2.229702025651931763e-01 -6.878467649221420288e-02 4.678385853767395020e-01 1.505981534719467163e-01 -1.500228643417358398e+00 -5.439260601997375488e-01 6.258003115653991699e-01 -4.102158173918724060e-02
6.561809778213500977e-01 1.969712823629379272e-01 2.411438375711441040e-01 -9.499512612819671631e-02 4.719709455966949463e-01 1.615192741155624390e-01 -1.534205436706542969e+00 -5.546407103538513184e-01 5.874174833297729492e-01 -5.719768628478050232e-02
