8.218441605567932129e-01 4.187128543853759766e-01 -1.001221299171447754e+00 -2.864722311496734619e-01 -6.420614123344421387e-01 4.344372153282165527e-01 2.873327136039733887e-01 -3.937745392322540283e-01 2.216417044401168823e-01 5.360404849052429199e-01
8.410274386405944824e-01 4.183698892593383789e-01 -1.047689795494079590e+00 -2.739970386028289795e-01 -6.354733705520629883e-01 3.921055793762207031e-01 2.550792694091796875e-01 -3.839955627918243408e-01 2.128768116235733032e-01 5.071411728858947754e-01
7.607573866844177246e-01 4.063367843627929688e-01 -9.596874117851257324e-01 -3.148413598537445068e-01 -6.480313539505004883e-01 4.811648726463317871e-01 3.177069425582885742e-01 -4.164137542247772217e-01 2.310404628515243530e-01 5.884979367256164551e-01
7.421339750289916992e-01 3.866634368896484375e-01 -9.301358461380004883e-01 -2.792667746543884277e-01 -7.111256122589111328e-01 4.263114333152770996e-01 4.949296712875366211e-01 -4.049406349658966064e-01 2.897528111934661865e-01 5.892677903175354004e-01
6.539154648780822754e-01 3.702924251556396484e-01 -8.539839982986450195e-01 -2.698219120502471924e-01 -7.340866327285766602e-01 4.657909870147705078e-01 7.115842700004577637e-01 -4.121390283107757568e-01 3.566265404224395752e-01 6.594344973564147949e-01
6.125369668006896973e-01 4.426660537719726562e-01 -8.417877554893493652e-01 -2.451377511024475098e-01 -7.356780171394348145e-01 4.498091340065002441e-01 8.205815553665161133e-01 -4.176086485385894775e-01 4.490227699279785156e-01 6.356929540634155273e-01
5.325022935867309570e-01 4.432237744331359863e-01 -8.820973634719848633e-01 -2.001243978738784790e-01 -5.651053190231323242e-01 3.529177904129028320e-01 8.897722363471984863e-01 -4.100727736949920654e-01 7.296416759490966797e-01 4.825600087642669678e-01
5.997529029846191406e-01 9.792258739471435547e-01 -8.830279707908630371e-01 -1.349355876445770264e-01 -1.015774726867675781e+00 2.986787855625152588e-01 7.030788064002990723e-01 -5.803692936897277832e-01 6.875513195991516113e-01 4.682784974575042725e-01
7.127703428268432617e-01 1.076739311218261719e+00 -8.698706626892089844e-01 -1.285872906446456909e-01 -1.116122484207153320e+00 3.587751388549804688e-01 3.925209045410156250e-01 -5.306690931320190430e-01 5.996457934379577637e-01 4.389845728874206543e-01
8.660667538642883301e-01 1.180065393447875977e+00 -8.016633391380310059e-01 -8.969332277774810791e-02 -7.325676679611206055e-01 3.867369294166564941e-01 -5.907291546463966370e-02 -5.703651309013366699e-01 7.783053517341613770e-01 2.812046110630035400e-01
9.912351965904235840e-01 9.353314638137817383e-01 -8.510217070579528809e-01 -1.559009104967117310e-01 -7.616772651672363281e-01 4.600985646247863770e-01 -9.852349758148193359e-01 -5.683320164680480957e-01 3.778866827487945557e-01 2.420344948768615723e-01
1.023726820945739746e+00 8.621237277984619141e-01 -8.628794550895690918e-01 -1.627903729677200317e-01 -8.229802846908569336e-01 3.979488015174865723e-01 -1.170913100242614746e+00 -5.376270413398742676e-01 2.853843867778778076e-01 2.219927906990051270e-01
1.038258075714111328e+00 8.626008629798889160e-01 -8.587189316749572754e-01 -1.687478125095367432e-01 -8.297657966613769531e-01 4.051540493965148926e-01 -1.176084637641906738e+00 -5.422094464302062988e-01 2.855448722839355469e-01 2.280395328998565674e-01
1.030910015106201172e+00 8.656665086746215820e-01 -8.604819774627685547e-01 -1.598259657621383667e-01 -8.275623321533203125e-01 4.067127704620361328e-01 -1.166865468025207520e+00 -5.320519804954528809e-01 2.965527176856994629e-01 2.309480607509613037e-01
1.028836727142333984e+00 8.756954669952392578e-01 -8.635346293449401855e-01 -1.631567925214767456e-01 -8.342732787132263184e-01 4.133197069168090820e-01 -1.172268271446228027e+00 -5.371237397193908691e-01 2.859202623367309570e-01 2.218117117881774902e-01
1.004920363426208496e+00 7.127426266670227051e-01 -7.119936943054199219e-01 -9.476721286773681641e-02 -8.626168966293334961e-01 2.900637984275817871e-01 -1.141062855720520020e+00 -4.685958623886108398e-01 3.465647101402282715e-01 3.964351713657379150e-01
1.141811966896057129e+00 1.499181836843490601e-01 9.423793852329254150e-02 -5.749848484992980957e-02 -8.782272934913635254e-01 2.882584333419799805e-01 -4.594568610191345215e-01 -3.049002587795257568e-01 1.158699154853820801e+00 9.516438841819763184e-01
1.005425930023193359e+00 3.142837285995483398e-01 4.041834175586700439e-02 -9.040768444538116455e-02 -6.234169602394104004e-01 6.801533102989196777e-01 -4.021410346031188965e-01 -2.520258128643035889e-01 1.258211731910705566e+00 9.173491597175598145e-01
1.007878184318542480e+00 3.084510564804077148e-01 4.016004502773284912e-02 -9.002609550952911377e-02 -6.227084398269653320e-01 6.687343120574951172e-01 -4.052252173423767090e-01 -2.449830621480941772e-01 1.259068131446838379e+00 9.105104804039001465e-01
9.999986886978149414e-01 3.158600330352783203e-01 3.717984259128570557e-02 -9.360219538211822510e-02 -6.106129884719848633e-01 6.723849773406982422e-01 -4.011562466621398926e-01 -2.477390915155410767e-01 1.261092424392700195e+00 9.104759693145751953e-01
9.101766347885131836e-01 4.730092287063598633e-01 1.857383549213409424e-02 -1.721806228160858154e-01 -4.421835243701934814e-01 6.079995632171630859e-01 -1.906867623329162598e-01 -3.042312264442443848e-01 1.368992328643798828e+00 7.595916390419006348e-01
6.541804075241088867e-01 7.106383442878723145e-01 1.025857031345367432e-02 -1.139057427644729614e-01 -7.085127830505371094e-01 4.595362544059753418e-01 4.093689918518066406e-01 -4.681299030780792236e-01 1.636402845382690430e+00 8.432024121284484863e-01
8.965054154396057129e-01 7.330131530761718750e-01 1.951126605272293091e-01 -8.568277955055236816e-02 -9.575231075286865234e-01 6.293051242828369141e-01 5.609570741653442383e-01 -3.613875210285186768e-01 1.576336264610290527e+00 1.114245057106018066e+00
8.029033541679382324e-01 8.663107156753540039e-01 1.061617285013198853e-01 -1.083020716905593872e-01 -8.603264093399047852e-01 5.551844239234924316e-01 6.115821003913879395e-01 -4.903153181076049805e-01 1.717552304267883301e+00 9.804961085319519043e-01
4.727651774883270264e-01 4.901203513145446777e-01 5.002321302890777588e-02 -1.629536300897598267e-01 -7.641317248344421387e-01 4.014367461204528809e-01 1.078376889228820801e+00 -3.931784331798553467e-01 1.537402987480163574e+00 1.102433323860168457e+00
5.278645157814025879e-01 2.919226884841918945e-01 1.629330664873123169e-01 -1.572154164314270020e-01 -7.081263661384582520e-01 5.534727573394775391e-01 9.633715152740478516e-01 -3.239629268646240234e-01 1.320732355117797852e+00 1.372215032577514648e+00
