5.954381823539733887e-01 -9.969188272953033447e-02 1.841741949319839478e-01 3.046375215053558350e-01 -6.343932449817657471e-02 -3.305568993091583252e-01 9.653574824333190918e-01 -4.925464689731597900e-01 1.311828494071960449e-01 -1.121373534202575684e+00
6.170799732208251953e-01 -7.096518576145172119e-02 1.744167953729629517e-01 2.928394079208374023e-01 -2.679193019866943359e-02 -3.379724621772766113e-01 9.570948481559753418e-01 -4.989606440067291260e-01 1.555815190076828003e-01 -1.141362667083740234e+00
6.152526140213012695e-01 -8.677197992801666260e-02 1.621558815240859985e-01 3.014615774154663086e-01 -4.917304217815399170e-02 -3.757071495056152344e-01 9.573166966438293457e-01 -4.820071756839752197e-01 1.561848521232604980e-01 -1.137030005455017090e+00
5.486353039741516113e-01 -7.393075525760650635e-02 1.553600579500198364e-01 3.333793580532073975e-01 -6.607124209403991699e-02 -3.348472714424133301e-01 9.651468396186828613e-01 -4.814855158329010010e-01 1.565565913915634155e-01 -1.144800186157226562e+00
4.872670769691467285e-01 -6.091107428073883057e-02 1.312757283449172974e-01 3.631524741649627686e-01 -8.690518140792846680e-02 -2.792254090309143066e-01 9.742957353591918945e-01 -4.571259915828704834e-01 1.698903441429138184e-01 -1.167702317237854004e+00
4.729901850223541260e-01 -4.059846699237823486e-02 1.245882660150527954e-01 4.015945494174957275e-01 -4.638120532035827637e-02 -2.376576513051986694e-01 9.954516291618347168e-01 -4.204326570034027100e-01 1.984318941831588745e-01 -1.226342082023620605e+00
5.188699960708618164e-01 -5.248315632343292236e-02 1.688966304063796997e-01 4.881684482097625732e-01 -1.093869656324386597e-01 -2.397603839635848999e-01 9.512852430343627930e-01 -4.218359291553497314e-01 1.235816106200218201e-01 -1.282138466835021973e+00
5.969513654708862305e-01 -8.845032751560211182e-02 1.895055919885635376e-01 4.755791127681732178e-01 -1.469543874263763428e-01 -2.734029591083526611e-01 9.203162789344787598e-01 -5.069503188133239746e-01 3.996875882148742676e-02 -1.181700229644775391e+00
6.386519074440002441e-01 -1.156756430864334106e-01 1.614260822534561157e-01 3.189493119716644287e-01 -1.038286685943603516e-01 -3.565986156463623047e-01 8.760457038879394531e-01 -5.068708062171936035e-01 6.722724437713623047e-02 -1.106488823890686035e+00
6.473816633224487305e-01 -1.263349205255508423e-01 1.522292047739028931e-01 2.792159318923950195e-01 -1.023050397634506226e-01 -3.646782636642456055e-01 8.643782734870910645e-01 -5.119781494140625000e-01 7.383303344249725342e-02 -1.101474165916442871e+00
6.423946022987365723e-01 -1.219918876886367798e-01 1.548252552747726440e-01 2.845641672611236572e-01 -9.744611382484436035e-02 -3.707332015037536621e-01 8.669258952140808105e-01 -5.081692337989807129e-01 7.879731059074401855e-02 -1.095671534538269043e+00
6.413463354110717773e-01 -1.306043416261672974e-01 1.526514738798141479e-01 2.771327793598175049e-01 -1.069784462451934814e-01 -3.737516403198242188e-01 8.842923045158386230e-01 -5.048395395278930664e-01 7.694293558597564697e-02 -1.101466894149780273e+00
6.471153497695922852e-01 -1.259200125932693481e-01 1.554448157548904419e-01 2.800579369068145752e-01 -9.619545936584472656e-02 -3.688342571258544922e-01 8.718354105949401855e-01 -5.068218708038330078e-01 8.114336431026458740e-02 -1.094600319862365723e+00
5.881972312927246094e-01 -1.926424652338027954e-01 2.129251211881637573e-01 4.301497042179107666e-01 -2.225576490163803101e-01 -2.965537607669830322e-01 8.880200982093811035e-01 -4.560322463512420654e-01 -4.405561089515686035e-02 -1.105410337448120117e+00
3.020354509353637695e-01 -9.022941589355468750e-01 6.942987442016601562e-01 5.928529500961303711e-01 -1.369080662727355957e+00 -5.386717915534973145e-01 1.000609755516052246e+00 -1.072673320770263672e+00 -5.365256667137145996e-01 4.098721444606781006e-01
5.082706212997436523e-01 -8.589149713516235352e-01 -1.607841104269027710e-01 -6.223477423191070557e-02 6.861646473407745361e-02 -1.250128626823425293e+00 3.673845529556274414e-01 -4.373487532138824463e-01 -1.215225577354431152e+00 1.151028752326965332e+00
4.693459868431091309e-01 -7.651186585426330566e-01 -2.909470498561859131e-01 6.244747899472713470e-03 3.346368670463562012e-01 -1.439242482185363770e+00 2.714209556579589844e-01 -4.514160454273223877e-01 -1.258357167243957520e+00 1.022693395614624023e+00
4.694561958312988281e-01 -7.310516834259033203e-01 -3.108354806900024414e-01 1.500572171062231064e-02 3.344989418983459473e-01 -1.423512220382690430e+00 2.667946219444274902e-01 -4.534831345081329346e-01 -1.314010024070739746e+00 1.019537568092346191e+00
4.751531481742858887e-01 -7.314664721488952637e-01 -3.029638230800628662e-01 1.345980074256658554e-02 3.432501852512359619e-01 -1.433237075805664062e+00 2.638684511184692383e-01 -4.641767442226409912e-01 -1.312706112861633301e+00 1.015648245811462402e+00
4.744554758071899414e-01 -7.235031127929687500e-01 -3.039646744728088379e-01 1.447343733161687851e-02 3.379920125007629395e-01 -1.428674936294555664e+00 2.639361023902893066e-01 -4.639467895030975342e-01 -1.319485664367675781e+00 1.016059160232543945e+00
4.708173274993896484e-01 -7.250477075576782227e-01 -2.967213690280914307e-01 1.446127798408269882e-02 3.385726809501647949e-01 -1.425836801528930664e+00 2.661535143852233887e-01 -4.621570408344268799e-01 -1.326028704643249512e+00 1.011967897415161133e+00
4.733883738517761230e-01 -7.261859178543090820e-01 -2.976031601428985596e-01 1.244792249053716660e-02 3.394017219543457031e-01 -1.430940985679626465e+00 2.792615294456481934e-01 -4.737406075000762939e-01 -1.312435984611511230e+00 1.013445019721984863e+00
4.765232801437377930e-01 -7.301742434501647949e-01 -3.085483014583587646e-01 1.323151495307683945e-02 3.399765193462371826e-01 -1.433525323867797852e+00 2.678582668304443359e-01 -4.708979427814483643e-01 -1.316149830818176270e+00 1.014204382896423340e+00
5.057950615882873535e-01 -7.682192325592041016e-01 -5.367048084735870361e-02 2.516088485717773438e-01 5.942644178867340088e-02 -1.444304943084716797e+00 4.345225095748901367e-01 -6.114709973335266113e-01 -1.043172836303710938e+00 1.135570645332336426e+00
4.992189407348632812e-01 -7.680181860923767090e-01 -3.788028657436370850e-02 2.718335092067718506e-01 3.888727724552154541e-02 -1.435336112976074219e+00 4.447248578071594238e-01 -6.196990013122558594e-01 -1.025066256523132324e+00 1.145101547241210938e+00
5.006130933761596680e-01 -7.744390368461608887e-01 -3.085084259510040283e-02 2.707925736904144287e-01 2.525486052036285400e-02 -1.435353040695190430e+00 4.595964550971984863e-01 -6.152964234352111816e-01 -1.005785465240478516e+00 1.153742194175720215e+00
4.981523752212524414e-01 -7.698239088058471680e-01 -2.817182242870330811e-02 2.574159502983093262e-01 3.172932565212249756e-02 -1.434748172760009766e+00 4.642809033393859863e-01 -6.210024952888488770e-01 -9.869751930236816406e-01 1.155645728111267090e+00
5.043042302131652832e-01 -7.822748422622680664e-01 -2.550475299358367920e-02 2.738552093505859375e-01 2.828209102153778076e-02 -1.440318703651428223e+00 4.632230997085571289e-01 -6.090052723884582520e-01 -9.992157816886901855e-01 1.155231714248657227e+00
5.014361143112182617e-01 -7.705362439155578613e-01 -3.754331171512603760e-02 2.549608349800109863e-01 2.754975855350494385e-02 -1.437324762344360352e+00 4.618741869926452637e-01 -6.187024712562561035e-01 -9.871148467063903809e-01 1.153606176376342773e+00
4.680085182189941406e-01 -7.374222874641418457e-01 3.368885815143585205e-02 3.132292628288269043e-01 -3.613881766796112061e-02 -1.399471521377563477e+00 5.268685221672058105e-01 -6.293121576309204102e-01 -8.699739575386047363e-01 1.170523405075073242e+00
2.426850348711013794e-01 -2.624047994613647461e-01 8.089931309223175049e-02 4.549489021301269531e-01 -7.160644233226776123e-02 -1.235283017158508301e+00 8.812230825424194336e-01 -7.399952411651611328e-01 -5.633339881896972656e-01 1.401269078254699707e+00
-1.939851790666580200e-01 2.532495260238647461e-01 -3.737835288047790527e-01 1.829153597354888916e-01 6.424720585346221924e-02 -1.207930088043212891e+00 6.059527993202209473e-01 -5.298885703086853027e-01 -8.430461287498474121e-01 1.032311797142028809e+00
-1.809884756803512573e-01 1.555301994085311890e-01 -3.731077313423156738e-01 1.241051852703094482e-01 8.132357895374298096e-02 -1.268257975578308105e+00 5.329723358154296875e-01 -5.092573761940002441e-01 -9.005207419395446777e-01 9.510096907615661621e-01
-1.647229641675949097e-01 1.325589269399642944e-01 -3.790789246559143066e-01 1.306394636631011963e-01 6.391848623752593994e-02 -1.299749612808227539e+00 5.301399827003479004e-01 -4.819629490375518799e-01 -8.715495467185974121e-01 9.462383389472961426e-01
-1.627451628446578979e-01 2.341681569814682007e-01 -3.452299833297729492e-01 1.446337997913360596e-01 5.858476459980010986e-02 -1.217944860458374023e+00 6.345958113670349121e-01 -5.105378031730651855e-01 -8.172121644020080566e-01 1.074751257896423340e+00
-1.603590101003646851e-01 2.742587327957153320e-01 -3.218225240707397461e-01 1.709558963775634766e-01 5.305261909961700439e-02 -1.193852066993713379e+00 6.883452534675598145e-01 -5.407286882400512695e-01 -7.872854471206665039e-01 1.141608119010925293e+00
-3.077905178070068359e-01 4.088528156280517578e-01 -2.691787481307983398e-01 2.435263395309448242e-01 -5.967305600643157959e-02 -1.190354466438293457e+00 6.895354986190795898e-01 -5.672947764396667480e-01 -6.797519326210021973e-01 1.056904673576354980e+00
-3.629157543182373047e-01 3.271780014038085938e-01 -2.792502641677856445e-01 2.113458514213562012e-01 -4.828558862209320068e-02 -1.202403068542480469e+00 6.416502594947814941e-01 -5.556307435035705566e-01 -6.501551866531372070e-01 9.326111674308776855e-01
