4.164147377014160156e-01 7.451544702053070068e-02 -1.333392024040222168e+00 3.574122190475463867e-01 -4.906246662139892578e-01 -5.578054487705230713e-02 3.494893908500671387e-01 -7.031181454658508301e-01 3.662488758563995361e-01 1.550171151757240295e-02
4.350162744522094727e-01 1.039292663335800171e-01 -1.350326895713806152e+00 3.456528484821319580e-01 -4.717624783515930176e-01 -5.341906845569610596e-02 3.570444881916046143e-01 -7.120186090469360352e-01 3.796188533306121826e-01 -1.011871919035911560e-02
4.406186342239379883e-01 1.104650348424911499e-01 -1.374846816062927246e+00 3.159376382827758789e-01 -4.722912609577178955e-01 -7.318882644176483154e-02 3.408226668834686279e-01 -7.084425091743469238e-01 3.715622425079345703e-01 1.463148510083556175e-03
3.897541761398315430e-01 1.367726176977157593e-01 -1.360780715942382812e+00 3.317694365978240967e-01 -4.991521537303924561e-01 -4.405541718006134033e-02 3.699668943881988525e-01 -7.120476365089416504e-01 3.650600910186767578e-01 1.917580142617225647e-02
3.311086297035217285e-01 1.665586084127426147e-01 -1.336838960647583008e+00 3.787293732166290283e-01 -5.251598954200744629e-01 -5.355216562747955322e-02 3.890377581119537354e-01 -6.967350244522094727e-01 3.606343865394592285e-01 2.019170299172401428e-02
3.247556686401367188e-01 1.737824529409408569e-01 -1.304675936698913574e+00 3.806922435760498047e-01 -5.094101428985595703e-01 2.204783447086811066e-02 3.750498890876770020e-01 -6.727488636970520020e-01 3.776718676090240479e-01 -2.608060464262962341e-02
3.346245884895324707e-01 1.881602257490158081e-01 -1.269263744354248047e+00 4.751537144184112549e-01 -5.468908548355102539e-01 6.801302731037139893e-02 3.250415921211242676e-01 -5.974096059799194336e-01 3.404236733913421631e-01 -5.056732520461082458e-02
4.286632537841796875e-01 1.496844738721847534e-01 -1.345280051231384277e+00 4.866186082363128662e-01 -5.390084981918334961e-01 1.826386339962482452e-02 2.760422825813293457e-01 -7.069737315177917480e-01 2.866404950618743896e-01 8.302602916955947876e-03
4.459211826324462891e-01 8.931921422481536865e-02 -1.388648390769958496e+00 3.972922861576080322e-01 -5.161439180374145508e-01 -5.085806548595428467e-02 2.621960639953613281e-01 -7.108568549156188965e-01 3.008330166339874268e-01 3.746307268738746643e-02
4.363411664962768555e-01 4.946814477443695068e-02 -1.363672137260437012e+00 4.111655354499816895e-01 -5.400531291961669922e-01 -6.716315448284149170e-02 2.162801027297973633e-01 -6.971533894538879395e-01 2.680035829544067383e-01 4.562676325440406799e-02
4.046217203140258789e-01 -4.725723266601562500e-01 -1.041939616203308105e+00 4.393756091594696045e-01 -7.326162457466125488e-01 -6.879945099353790283e-02 3.371775746345520020e-01 -7.208276987075805664e-01 1.196074932813644409e-01 4.856587648391723633e-01
6.360133290290832520e-01 -1.085421085357666016e+00 -1.410716772079467773e+00 6.202411651611328125e-02 -2.290991097688674927e-01 -6.387627124786376953e-01 -2.485961914062500000e-01 -5.585988759994506836e-01 -4.240565001964569092e-01 1.055060863494873047e+00
6.283760666847229004e-01 -9.026594161987304688e-01 -1.864405751228332520e+00 6.005033850669860840e-02 4.213726222515106201e-01 -9.336264729499816895e-01 -6.940284967422485352e-01 -5.940824747085571289e-01 -7.365855574607849121e-01 6.271116733551025391e-01
6.278548836708068848e-01 -9.023252725601196289e-01 -1.874274611473083496e+00 5.679470300674438477e-02 4.171393215656280518e-01 -9.420974850654602051e-01 -6.675235033035278320e-01 -6.012752652168273926e-01 -7.334238290786743164e-01 6.218630671501159668e-01
6.278720498085021973e-01 -9.049087166786193848e-01 -1.882477998733520508e+00 5.803933739662170410e-02 4.169247448444366455e-01 -9.275879263877868652e-01 -6.757194399833679199e-01 -5.945855379104614258e-01 -7.332701683044433594e-01 6.256155371665954590e-01
6.252973675727844238e-01 -9.079745411872863770e-01 -1.860461592674255371e+00 5.819621682167053223e-02 4.081167578697204590e-01 -9.272039532661437988e-01 -6.784722208976745605e-01 -5.955305099487304688e-01 -7.324329018592834473e-01 6.362390518188476562e-01
7.174163460731506348e-01 -9.778746366500854492e-01 -1.460049510002136230e+00 3.163612484931945801e-01 4.646839201450347900e-02 -1.010155320167541504e+00 -4.153169989585876465e-01 -8.567730188369750977e-01 -4.344854652881622314e-01 7.756913304328918457e-01
7.091686129570007324e-01 -9.759481549263000488e-01 -1.431303620338439941e+00 3.538864552974700928e-01 2.140984404832124710e-03 -1.002128362655639648e+00 -3.912301659584045410e-01 -8.908105492591857910e-01 -4.005508422851562500e-01 7.924709916114807129e-01
7.120792269706726074e-01 -9.828157424926757812e-01 -1.423066496849060059e+00 3.525231778621673584e-01 1.440499909222126007e-04 -1.007822155952453613e+00 -3.888134360313415527e-01 -8.897561430931091309e-01 -4.000871479511260986e-01 7.929056286811828613e-01
7.090185284614562988e-01 -9.733439683914184570e-01 -1.415341854095458984e+00 3.544513881206512451e-01 7.872139103710651398e-04 -9.977397322654724121e-01 -3.991343379020690918e-01 -8.863739371299743652e-01 -3.990605175495147705e-01 7.951760888099670410e-01
7.108429670333862305e-01 -9.745535850524902344e-01 -1.409939885139465332e+00 3.556720316410064697e-01 4.899953491985797882e-04 -1.000846862792968750e+00 -3.933945298194885254e-01 -8.935248255729675293e-01 -3.925823569297790527e-01 8.001446127891540527e-01
5.722790360450744629e-01 -4.687229990959167480e-01 -1.297369122505187988e+00 5.882011651992797852e-01 -1.632468849420547485e-01 -9.446170330047607422e-01 -1.419470310211181641e-01 -1.032044887542724609e+00 -2.179446816444396973e-01 1.091826319694519043e+00
8.974384516477584839e-03 2.073860019445419312e-01 -1.742098689079284668e+00 3.708888888359069824e-01 -6.722687184810638428e-02 -8.063638806343078613e-01 -8.163160085678100586e-02 -7.848865389823913574e-01 -4.150693714618682861e-01 7.736011147499084473e-01
1.363701745867729187e-02 1.584844440221786499e-01 -1.807033896446228027e+00 3.583690524101257324e-01 -5.163191258907318115e-02 -8.169344663619995117e-01 -1.957548856735229492e-01 -7.224966883659362793e-01 -5.069032907485961914e-01 6.584357619285583496e-01
3.629387542605400085e-02 1.343833059072494507e-01 -1.734981179237365723e+00 3.300376534461975098e-01 -8.610425889492034912e-02 -8.197756409645080566e-01 -1.148305535316467285e-01 -7.255937457084655762e-01 -4.407454431056976318e-01 7.604309320449829102e-01
-3.917245939373970032e-02 2.970733046531677246e-01 -1.688279509544372559e+00 4.101766049861907959e-01 -1.206552535295486450e-01 -8.087064623832702637e-01 -4.145390167832374573e-02 -8.326420187950134277e-01 -3.918733000755310059e-01 8.174417614936828613e-01
