3.618427217006683350e-01 3.474272489547729492e-01 -3.300355374813079834e-01 -3.278505802154541016e-02 -1.928682476282119751e-01 -2.097301334142684937e-01 8.433690071105957031e-01 -6.026389002799987793e-01 -5.123763112351298332e-04 -3.185711801052093506e-01
3.425728082656860352e-01 3.630341887474060059e-01 -3.222509920597076416e-01 -3.329955041408538818e-02 -1.794637590646743774e-01 -2.114747911691665649e-01 8.246056437492370605e-01 -6.075795888900756836e-01 8.137390017509460449e-03 -3.225579261779785156e-01
3.786302804946899414e-01 2.840327024459838867e-01 -3.478589653968811035e-01 -1.094570849090814590e-02 -2.009453028440475464e-01 -2.303074747323989868e-01 8.747423291206359863e-01 -5.769096016883850098e-01 -2.398190647363662720e-02 -2.653557956218719482e-01
3.014491200447082520e-01 2.926452755928039551e-01 -3.319058418273925781e-01 -3.718246519565582275e-02 -2.253078520298004150e-01 -1.663567870855331421e-01 8.675588965415954590e-01 -5.794705152511596680e-01 -6.218767911195755005e-02 -2.414121627807617188e-01
2.356503158807754517e-01 3.005546927452087402e-01 -3.795379102230072021e-01 -2.145411260426044464e-02 -2.666315138339996338e-01 -1.754465252161026001e-01 9.095028042793273926e-01 -5.695651173591613770e-01 -8.595129102468490601e-02 -2.313044667243957520e-01
2.435101419687271118e-01 3.198342323303222656e-01 -3.528591096401214600e-01 -1.444922480732202530e-02 -2.584147155284881592e-01 -1.481627672910690308e-01 8.781444430351257324e-01 -5.580871701240539551e-01 -9.025484323501586914e-02 -2.568266093730926514e-01
3.240357339382171631e-01 1.166894286870956421e-01 -3.014011085033416748e-01 -8.380861021578311920e-03 -2.849554717540740967e-01 -1.224851459264755249e-01 9.363454580307006836e-01 -5.487998127937316895e-01 -2.260638922452926636e-01 -8.486825227737426758e-02
4.231645464897155762e-01 7.128356397151947021e-02 -3.105764091014862061e-01 1.623436622321605682e-02 -2.855224907398223877e-01 -1.806658953428268433e-01 8.586445450782775879e-01 -6.340548396110534668e-01 -3.195130527019500732e-01 1.818687096238136292e-02
4.184394776821136475e-01 7.943604886531829834e-02 -2.993976771831512451e-01 -7.971096038818359375e-02 -2.795131802558898926e-01 -2.331929355859756470e-01 7.186507582664489746e-01 -5.847716927528381348e-01 -2.553679645061492920e-01 -5.131584033370018005e-02
4.902305603027343750e-01 -7.551194727420806885e-02 -2.929767370223999023e-01 -5.369336344301700592e-03 -1.027079969644546509e-01 -1.519196182489395142e-01 1.041097164154052734e+00 -6.921204328536987305e-01 -2.969938218593597412e-01 1.401032209396362305e-01
9.651473760604858398e-01 -2.383477836847305298e-01 -3.247494101524353027e-01 -1.327487528324127197e-01 -2.329307496547698975e-01 -2.827924489974975586e-01 1.897636651992797852e-01 -5.041790604591369629e-01 -6.216675043106079102e-01 -1.268922090530395508e-01
9.847508668899536133e-01 -2.430219203233718872e-01 -3.259525895118713379e-01 -1.188556849956512451e-01 -2.367600649595260620e-01 -2.834022641181945801e-01 1.340153217315673828e-01 -4.965662062168121338e-01 -6.443778872489929199e-01 -1.440246105194091797e-01
9.876365065574645996e-01 -2.449967414140701294e-01 -3.240630328655242920e-01 -1.210525631904602051e-01 -2.448964416980743408e-01 -2.863172292709350586e-01 1.386032104492187500e-01 -4.995432794094085693e-01 -6.355355381965637207e-01 -1.456412672996520996e-01
9.765390753746032715e-01 -2.528637647628784180e-01 -3.252930641174316406e-01 -1.265344023704528809e-01 -2.332223504781723022e-01 -2.806616127490997314e-01 1.403037905693054199e-01 -5.115032792091369629e-01 -6.377385258674621582e-01 -1.376827955245971680e-01
9.783341884613037109e-01 -2.436235100030899048e-01 -3.256652951240539551e-01 -1.209407746791839600e-01 -2.389422506093978882e-01 -2.848973274230957031e-01 1.290317177772521973e-01 -5.076891183853149414e-01 -6.462417244911193848e-01 -1.503782272338867188e-01
9.665489196777343750e-01 -2.543888092041015625e-01 -3.180313706398010254e-01 -1.426055431365966797e-01 -2.379769235849380493e-01 -2.901308536529541016e-01 1.030703783035278320e-01 -5.075399279594421387e-01 -6.536243557929992676e-01 -1.533393263816833496e-01
2.675576806068420410e-01 -6.970170140266418457e-01 -4.074073731899261475e-01 2.288261950016021729e-01 -3.340833187103271484e-01 -4.068277776241302490e-01 -3.397070169448852539e-01 -9.077600240707397461e-01 -1.334624767303466797e+00 -7.769265770912170410e-01
-1.311360672116279602e-02 -7.213696241378784180e-01 -4.679808914661407471e-01 2.589249908924102783e-01 -4.939348399639129639e-01 -6.650145351886749268e-02 3.789558410644531250e-01 -7.554885745048522949e-01 -1.398934364318847656e+00 -7.761263251304626465e-01
-1.095991209149360657e-02 -7.189882993698120117e-01 -4.665243923664093018e-01 2.700252234935760498e-01 -5.091123580932617188e-01 -6.506891548633575439e-02 3.931803703308105469e-01 -7.506527900695800781e-01 -1.390603899955749512e+00 -7.722786068916320801e-01
-1.032393053174018860e-02 -7.101190686225891113e-01 -4.676636755466461182e-01 2.665381133556365967e-01 -5.150726437568664551e-01 -6.181116402149200439e-02 4.008839130401611328e-01 -7.402819991111755371e-01 -1.396864056587219238e+00 -7.705670595169067383e-01
-3.861014917492866516e-02 -6.170113086700439453e-01 -5.221793055534362793e-01 2.344770729541778564e-01 -5.209437012672424316e-01 -1.508296839892864227e-02 5.052848458290100098e-01 -7.221326231956481934e-01 -1.345451474189758301e+00 -8.103572726249694824e-01
-1.490379124879837036e-01 -1.056531220674514771e-01 -7.173532247543334961e-01 1.700803935527801514e-01 -6.179574131965637207e-01 1.583946496248245239e-01 9.644449353218078613e-01 -7.164441347122192383e-01 -1.084188342094421387e+00 -1.054303050041198730e+00
-2.678492069244384766e-01 -2.558065950870513916e-02 -6.994025111198425293e-01 1.974281072616577148e-01 -8.036769628524780273e-01 -6.940276920795440674e-02 5.640034079551696777e-01 -6.219268441200256348e-01 -1.185232520103454590e+00 -1.107003092765808105e+00
-2.453896254301071167e-01 -5.674017965793609619e-02 -7.012510299682617188e-01 1.728396713733673096e-01 -7.905542254447937012e-01 4.977463185787200928e-02 7.359560728073120117e-01 -6.713358759880065918e-01 -1.215051531791687012e+00 -1.007045507431030273e+00
-3.243227005004882812e-01 1.966385692358016968e-01 -7.146066427230834961e-01 2.160741388797760010e-01 -7.526311278343200684e-01 3.920690715312957764e-02 8.600627779960632324e-01 -7.009629011154174805e-01 -1.034784674644470215e+00 -1.157516598701477051e+00
-4.464083313941955566e-01 3.552716970443725586e-01 -6.947774291038513184e-01 2.638124525547027588e-01 -7.685560584068298340e-01 3.402565419673919678e-02 8.145539760589599609e-01 -6.216257214546203613e-01 -8.727626204490661621e-01 -1.331801772117614746e+00
