1.030704140663146973e+00 3.182406425476074219e-01 -1.260974854230880737e-01 -1.973121762275695801e-01 -1.230906099081039429e-01 -6.468577682971954346e-02 4.143710136413574219e-01 -6.971377730369567871e-01 1.106063500046730042e-01 3.553673326969146729e-01
1.011734843254089355e+00 2.947620749473571777e-01 -1.192260533571243286e-01 -1.937160491943359375e-01 -1.424061208963394165e-01 -6.620962917804718018e-02 4.238443374633789062e-01 -6.993644833564758301e-01 1.008429974317550659e-01 3.817834854125976562e-01
1.069098472595214844e+00 -1.043428480625152588e-02 -2.179341018199920654e-02 -1.896824538707733154e-01 -2.070968896150588989e-01 -1.197226159274578094e-02 5.839505791664123535e-01 -7.052561044692993164e-01 1.545151323080062866e-02 5.560210943222045898e-01
1.437110424041748047e+00 -5.028580427169799805e-01 -4.281089175492525101e-03 -1.743758320808410645e-01 -9.850876033306121826e-02 2.248613685369491577e-01 8.557677865028381348e-01 -7.950627803802490234e-01 6.227865815162658691e-02 6.518977284431457520e-01
1.429747700691223145e+00 -6.476359367370605469e-01 3.246276080608367920e-02 -1.717970967292785645e-01 -1.533728986978530884e-01 3.295478224754333496e-01 9.714642167091369629e-01 -8.338055014610290527e-01 -1.616820693016052246e-02 7.624009847640991211e-01
1.422789812088012695e+00 -6.677662730216979980e-01 3.169827163219451904e-02 -1.425249576568603516e-01 -1.824974268674850464e-01 3.467003703117370605e-01 1.014846086502075195e+00 -8.245448470115661621e-01 -2.682628482580184937e-02 7.811262607574462891e-01
1.405194997787475586e+00 -6.758310794830322266e-01 3.710307180881500244e-02 -1.258408427238464355e-01 -1.819044500589370728e-01 3.143075108528137207e-01 1.030366063117980957e+00 -8.165332674980163574e-01 -2.665136754512786865e-02 7.880876660346984863e-01
1.403546690940856934e+00 -6.701087355613708496e-01 2.857516705989837646e-02 -1.217515170574188232e-01 -1.682189851999282837e-01 3.044267296791076660e-01 1.013011097908020020e+00 -8.129661679267883301e-01 -2.570005506277084351e-02 7.770451307296752930e-01
1.428080797195434570e+00 -6.720351576805114746e-01 2.227361500263214111e-02 -1.234798729419708252e-01 -1.669338196516036987e-01 3.130987882614135742e-01 1.030831456184387207e+00 -8.296212553977966309e-01 -2.290692180395126343e-02 7.838380932807922363e-01
1.424177408218383789e+00 -6.680852770805358887e-01 3.115729987621307373e-02 -1.215415894985198975e-01 -1.709662824869155884e-01 3.093557953834533691e-01 1.006797671318054199e+00 -8.171643018722534180e-01 -2.078191190958023071e-02 7.712119221687316895e-01
1.417877316474914551e+00 -6.702014803886413574e-01 3.634534776210784912e-02 -1.176992058753967285e-01 -1.700699776411056519e-01 3.104324936866760254e-01 1.025236248970031738e+00 -8.191861510276794434e-01 -2.087738364934921265e-02 7.850391268730163574e-01
1.423428893089294434e+00 -6.720274686813354492e-01 2.478905022144317627e-02 -1.176203787326812744e-01 -1.619987636804580688e-01 3.155658841133117676e-01 1.020643830299377441e+00 -8.340214490890502930e-01 -2.842969447374343872e-02 7.824862003326416016e-01
1.419962763786315918e+00 -6.756201386451721191e-01 2.568964660167694092e-02 -1.278897225856781006e-01 -1.729193776845932007e-01 3.141605854034423828e-01 1.026744008064270020e+00 -8.203200697898864746e-01 -2.767506241798400879e-02 7.819488644599914551e-01
1.442743301391601562e+00 -6.828070878982543945e-01 2.813126146793365479e-02 -1.056254804134368896e-01 -1.218061000108718872e-01 2.810588479042053223e-01 1.024466037750244141e+00 -8.499382138252258301e-01 1.084206998348236084e-02 7.410455346107482910e-01
8.578484058380126953e-01 -9.409376978874206543e-01 1.778106540441513062e-01 1.707821786403656006e-01 1.361220180988311768e-01 5.818337202072143555e-01 1.417106628417968750e+00 -8.402941823005676270e-01 1.172576397657394409e-01 6.453477740287780762e-01
1.206381797790527344e+00 -1.051085829734802246e+00 -3.748530745506286621e-01 8.047261834144592285e-02 8.624563813209533691e-01 6.324680447578430176e-01 1.032378911972045898e+00 -3.373900353908538818e-01 -4.176443815231323242e-02 -1.174356341361999512e-01
1.334161281585693359e+00 -1.122638463973999023e+00 -5.708622336387634277e-01 2.297547273337841034e-02 1.318519234657287598e+00 5.029939413070678711e-01 5.910862088203430176e-01 -2.177025526762008667e-01 -2.780479490756988525e-01 -5.101407170295715332e-01
1.342424750328063965e+00 -1.103501319885253906e+00 -5.589742660522460938e-01 1.580795459449291229e-02 1.317832112312316895e+00 5.274540185928344727e-01 5.909461379051208496e-01 -2.051854580640792847e-01 -2.782436907291412354e-01 -5.169506669044494629e-01
1.355128169059753418e+00 -1.125480890274047852e+00 -5.675263404846191406e-01 2.699222974479198456e-02 1.313499450683593750e+00 5.177406072616577148e-01 5.877088904380798340e-01 -2.030792683362960815e-01 -2.748296558856964111e-01 -5.155342221260070801e-01
1.342554569244384766e+00 -1.118600606918334961e+00 -5.596303939819335938e-01 1.978114061057567596e-02 1.317270517349243164e+00 5.237653851509094238e-01 5.833352804183959961e-01 -2.039926499128341675e-01 -2.804543375968933105e-01 -5.115432739257812500e-01
1.345234751701354980e+00 -1.118173122406005859e+00 -5.689858794212341309e-01 1.855084113776683807e-02 1.325129985809326172e+00 5.232773423194885254e-01 5.753802061080932617e-01 -2.089049071073532104e-01 -2.759315073490142822e-01 -5.152913331985473633e-01
1.348833680152893066e+00 -1.111462831497192383e+00 -5.676823854446411133e-01 2.253290824592113495e-02 1.323925018310546875e+00 5.284332036972045898e-01 5.875138044357299805e-01 -2.013301104307174683e-01 -2.814340293407440186e-01 -5.101035237312316895e-01
1.334530711174011230e+00 -1.118732333183288574e+00 -5.647131204605102539e-01 1.109918858855962753e-02 1.318854451179504395e+00 5.260270237922668457e-01 5.805336236953735352e-01 -2.045932263135910034e-01 -2.834460735321044922e-01 -5.193490386009216309e-01
6.632517576217651367e-01 -1.288798213005065918e+00 -4.162067770957946777e-01 -6.239444948732852936e-03 1.227588534355163574e+00 5.984225869178771973e-01 6.330068707466125488e-01 -1.523408144712448120e-01 -4.889811575412750244e-01 -3.393920660018920898e-01
4.774985909461975098e-01 -1.347072124481201172e+00 -3.396197557449340820e-01 5.739220976829528809e-02 1.158824443817138672e+00 4.864605665206909180e-01 1.123489618301391602e+00 -2.411184757947921753e-01 -4.059002995491027832e-01 2.132286429405212402e-01
4.782291650772094727e-01 -1.350846171379089355e+00 -3.431749641895294189e-01 4.858830571174621582e-02 1.154645919799804688e+00 4.834779500961303711e-01 1.127365946769714355e+00 -2.408125847578048706e-01 -4.010816216468811035e-01 2.203865647315979004e-01
4.731239080429077148e-01 -1.345785379409790039e+00 -3.403732478618621826e-01 5.472663044929504395e-02 1.154303312301635742e+00 4.801829457283020020e-01 1.122890233993530273e+00 -2.429782599210739136e-01 -3.997378349304199219e-01 2.181192040443420410e-01
4.807154536247253418e-01 -1.349307775497436523e+00 -3.453101217746734619e-01 5.124369263648986816e-02 1.159215927124023438e+00 4.777981042861938477e-01 1.122078776359558105e+00 -2.358463257551193237e-01 -3.952097594738006592e-01 2.161810994148254395e-01
4.845976233482360840e-01 -1.346856117248535156e+00 -3.431765437126159668e-01 5.984798073768615723e-02 1.157729983329772949e+00 4.922962784767150879e-01 1.112180113792419434e+00 -2.439523190259933472e-01 -4.046112596988677979e-01 2.197834849357604980e-01
4.826472997665405273e-01 -1.334626436233520508e+00 -3.417772948741912842e-01 3.256478905677795410e-02 1.150073051452636719e+00 4.680686593055725098e-01 1.131860971450805664e+00 -2.485272139310836792e-01 -3.958422541618347168e-01 2.453853487968444824e-01
9.992019534111022949e-01 -1.323541760444641113e+00 -5.904884934425354004e-01 -8.940544724464416504e-02 1.176208734512329102e+00 4.520961642265319824e-01 9.549419283866882324e-01 -2.863082587718963623e-01 -5.908048152923583984e-01 1.718692779541015625e-01
1.259052515029907227e+00 -1.207678079605102539e+00 -6.529621481895446777e-01 -1.975120604038238525e-01 1.161380171775817871e+00 4.094408750534057617e-01 7.922464013099670410e-01 -2.657586634159088135e-01 -7.373576760292053223e-01 1.726074814796447754e-01
1.263540148735046387e+00 -1.208997845649719238e+00 -6.637078523635864258e-01 -1.993649899959564209e-01 1.157019615173339844e+00 3.982993960380554199e-01 7.856780290603637695e-01 -2.607627809047698975e-01 -7.339820265769958496e-01 1.626527309417724609e-01
1.265593886375427246e+00 -1.208585262298583984e+00 -6.606553792953491211e-01 -1.724589169025421143e-01 1.153538703918457031e+00 3.941981792449951172e-01 7.950723767280578613e-01 -2.589075863361358643e-01 -7.358326315879821777e-01 1.660898327827453613e-01
1.029732704162597656e+00 -7.658523321151733398e-01 -6.927267313003540039e-01 -1.594479978084564209e-01 1.424772262573242188e+00 3.449198603630065918e-01 6.316665410995483398e-01 -2.614407241344451904e-02 -6.413125395774841309e-01 1.069910526275634766e-01
6.948505043983459473e-01 -5.560637712478637695e-01 -6.340376138687133789e-01 -2.607596106827259064e-02 1.630334138870239258e+00 1.861567944288253784e-01 5.461429953575134277e-01 1.544664055109024048e-01 -5.359048247337341309e-01 9.027731418609619141e-02
6.427158713340759277e-01 -5.357190370559692383e-01 -6.245694756507873535e-01 -1.062487661838531494e-01 1.679078340530395508e+00 1.641141027212142944e-01 4.131867885589599609e-01 1.041089445352554321e-01 -6.203565597534179688e-01 1.853659749031066895e-01
6.947538852691650391e-01 -5.615872144699096680e-01 -6.688762903213500977e-01 -5.351492762565612793e-02 1.683336019515991211e+00 6.330476701259613037e-02 4.619473814964294434e-01 1.766913086175918579e-01 -6.121370792388916016e-01 1.998371481895446777e-01
