1.126596570014953613e+00 2.686866521835327148e-01 -1.542771160602569580e-01 -6.312777847051620483e-02 -1.151592284440994263e-01 -4.218493402004241943e-02 5.593237280845642090e-01 -4.508788287639617920e-01 1.383634060621261597e-01 3.087172508239746094e-01
1.141642928123474121e+00 3.151954412460327148e-01 -1.593260318040847778e-01 -5.964220315217971802e-02 -8.997048437595367432e-02 -5.187286436557769775e-02 5.410955548286437988e-01 -4.315343797206878662e-01 1.534733176231384277e-01 2.975286841392517090e-01
1.136151790618896484e+00 3.248329758644104004e-01 -1.823156625032424927e-01 -6.986095011234283447e-02 -1.022531837224960327e-01 -7.748560607433319092e-02 5.367162823677062988e-01 -4.232020676136016846e-01 1.489615887403488159e-01 3.104296922683715820e-01
1.069001317024230957e+00 3.643233776092529297e-01 -1.947966963052749634e-01 -3.915670514106750488e-02 -1.226455122232437134e-01 -4.169137775897979736e-02 5.652998685836791992e-01 -4.400222599506378174e-01 1.353115588426589966e-01 3.233147263526916504e-01
9.658397436141967773e-01 4.087458252906799316e-01 -2.062677592039108276e-01 -5.346803367137908936e-02 -1.228388100862503052e-01 2.435545809566974640e-02 5.711429119110107422e-01 -4.390368759632110596e-01 1.281070560216903687e-01 3.243167400360107422e-01
9.693758487701416016e-01 3.915683031082153320e-01 -2.021783441305160522e-01 -2.381904609501361847e-02 -1.417165845632553101e-01 9.658585488796234131e-02 5.626146197319030762e-01 -4.127416908740997314e-01 1.640949249267578125e-01 2.624356746673583984e-01
1.025129199028015137e+00 3.714237213134765625e-01 -1.643368154764175415e-01 2.763151191174983978e-02 -1.852095872163772583e-01 1.273036450147628784e-01 5.214177370071411133e-01 -3.861437737941741943e-01 1.269847005605697632e-01 2.563526034355163574e-01
1.106255054473876953e+00 3.696594238281250000e-01 -1.464898586273193359e-01 4.994359612464904785e-02 -1.412893086671829224e-01 1.686607487499713898e-02 4.724109768867492676e-01 -4.223780930042266846e-01 4.969727247953414917e-02 3.696286082267761230e-01
1.145560503005981445e+00 3.071314692497253418e-01 -1.765267699956893921e-01 -5.301602184772491455e-02 -1.114937216043472290e-01 -8.878423273563385010e-02 4.370965361595153809e-01 -4.105735719203948975e-01 6.572684645652770996e-02 3.683515191078186035e-01
1.056262612342834473e+00 2.106957286596298218e-01 -9.565363824367523193e-02 1.021875767037272453e-03 -2.101188451051712036e-01 -2.097024116665124893e-03 4.202016592025756836e-01 -3.892180621623992920e-01 -4.448896646499633789e-02 4.473615884780883789e-01
6.899402737617492676e-01 -8.145663738250732422e-01 1.697400063276290894e-01 -1.576202809810638428e-01 -7.563626766204833984e-01 -3.040504455566406250e-01 -3.638905659317970276e-02 -4.566660821437835693e-01 -3.940489888191223145e-01 9.686087369918823242e-01
7.615062594413757324e-01 -6.760432124137878418e-01 -5.304071307182312012e-01 -2.601384222507476807e-01 4.019452631473541260e-01 -9.735306501388549805e-01 -9.935131669044494629e-01 -4.269865453243255615e-01 -1.110047459602355957e+00 8.257709145545959473e-01
7.566474676132202148e-01 -6.852047443389892578e-01 -5.294160842895507812e-01 -2.466595321893692017e-01 4.104007184505462646e-01 -9.749572277069091797e-01 -1.015261054039001465e+00 -4.253903329372406006e-01 -1.078093647956848145e+00 8.267529010772705078e-01
7.553611397743225098e-01 -6.799467206001281738e-01 -5.301126241683959961e-01 -2.521267831325531006e-01 4.036572575569152832e-01 -9.821363091468811035e-01 -9.966085553169250488e-01 -4.220781326293945312e-01 -1.072570681571960449e+00 8.259984254837036133e-01
7.514836192131042480e-01 -6.826073527336120605e-01 -5.247248411178588867e-01 -2.593534290790557861e-01 4.116197824478149414e-01 -9.783545136451721191e-01 -1.010136604309082031e+00 -4.162593185901641846e-01 -1.067219614982604980e+00 8.278041481971740723e-01
8.145214319229125977e-01 -7.212498188018798828e-01 -3.019145727157592773e-01 -1.018943190574645996e-01 1.312748342752456665e-01 -1.029118061065673828e+00 -8.048550486564636230e-01 -5.855338573455810547e-01 -8.414763808250427246e-01 9.902166724205017090e-01
8.113970756530761719e-01 -7.180342674255371094e-01 -2.424128800630569458e-01 -7.134541869163513184e-02 4.128845036029815674e-02 -1.015696525573730469e+00 -7.729671597480773926e-01 -6.073596477508544922e-01 -7.997525334358215332e-01 1.024306297302246094e+00
8.137120008468627930e-01 -7.185187339782714844e-01 -2.426763623952865601e-01 -5.551338195800781250e-02 4.814375936985015869e-02 -1.020535111427307129e+00 -7.619660496711730957e-01 -6.170800328254699707e-01 -7.909107804298400879e-01 1.033663392066955566e+00
8.109459280967712402e-01 -7.170968055725097656e-01 -2.321006506681442261e-01 -6.640523672103881836e-02 2.200876176357269287e-02 -1.021070003509521484e+00 -7.473087906837463379e-01 -6.279634833335876465e-01 -7.759215235710144043e-01 1.039102554321289062e+00
8.114205598831176758e-01 -7.139661312103271484e-01 -2.323969453573226929e-01 -7.390043139457702637e-02 2.252145111560821533e-02 -1.010663986206054688e+00 -7.565704584121704102e-01 -6.213504672050476074e-01 -7.778492569923400879e-01 1.041221261024475098e+00
7.590218186378479004e-01 -6.626591682434082031e-01 -2.256727665662765503e-01 -2.411762066185474396e-02 -6.620775163173675537e-02 -9.899801611900329590e-01 -6.436205506324768066e-01 -6.348807215690612793e-01 -7.176643013954162598e-01 1.070632576942443848e+00
5.675688385963439941e-01 -1.587456613779067993e-01 -2.718937993049621582e-01 5.991488695144653320e-02 -2.115799635648727417e-01 -9.232463240623474121e-01 -3.032863736152648926e-01 -6.930506825447082520e-01 -5.713871121406555176e-01 1.403262853622436523e+00
1.323123127222061157e-01 3.284262418746948242e-01 -5.897524356842041016e-01 -1.551293581724166870e-01 -5.603669583797454834e-02 -9.096815586090087891e-01 -5.507649183273315430e-01 -4.621464312076568604e-01 -8.376968502998352051e-01 1.002270102500915527e+00
1.360474377870559692e-01 3.105437755584716797e-01 -5.729492902755737305e-01 -1.500233709812164307e-01 -5.900655686855316162e-02 -8.889498710632324219e-01 -5.527535080909729004e-01 -4.819965958595275879e-01 -8.506257534027099609e-01 1.018869161605834961e+00
1.588295847177505493e-01 2.910780906677246094e-01 -5.521141886711120605e-01 -1.684343665838241577e-01 -8.010135591030120850e-02 -9.035122394561767578e-01 -4.894821047782897949e-01 -4.701154232025146484e-01 -8.108578324317932129e-01 1.066679596900939941e+00
7.521070539951324463e-02 4.822405576705932617e-01 -5.127174854278564453e-01 -9.058564901351928711e-02 -1.528106182813644409e-01 -9.264748692512512207e-01 -4.285619854927062988e-01 -4.876901507377624512e-01 -6.911359429359436035e-01 1.111253619194030762e+00
