1.249587416648864746e+00 1.120251268148422241e-01 -2.754082679748535156e-01 9.113460779190063477e-02 -1.426241844892501831e-01 2.573655452579259872e-03 6.553743481636047363e-01 -6.945119500160217285e-01 3.122585713863372803e-01 1.757330298423767090e-01
1.268723130226135254e+00 1.205760091543197632e-01 -2.922837138175964355e-01 1.086071431636810303e-01 -1.508994251489639282e-01 -1.812980882823467255e-02 6.371709704399108887e-01 -6.823156476020812988e-01 2.998602092266082764e-01 1.618420481681823730e-01
1.181568026542663574e+00 1.315107196569442749e-01 -2.242796868085861206e-01 5.638329684734344482e-02 -1.565902382135391235e-01 5.018894374370574951e-02 6.837925910949707031e-01 -6.954670548439025879e-01 3.031898438930511475e-01 2.335635423660278320e-01
1.088223814964294434e+00 2.315020412206649780e-01 -1.595252901315689087e-01 5.279599688947200775e-03 -7.608284056186676025e-02 -1.271006315946578979e-01 7.507300972938537598e-01 -6.562298536300659180e-01 2.543074786663055420e-01 3.541252017021179199e-01
9.991077780723571777e-01 2.099764794111251831e-01 -1.325717419385910034e-01 4.503577016294002533e-03 -1.093621701002120972e-01 -5.130623281002044678e-02 9.748749732971191406e-01 -6.822205185890197754e-01 3.254400193691253662e-01 3.921620249748229980e-01
9.662426710128784180e-01 2.814342379570007324e-01 -1.654562205076217651e-01 4.070045053958892822e-02 -1.312085837125778198e-01 -5.270017683506011963e-02 1.052263259887695312e+00 -6.849403977394104004e-01 4.129166305065155029e-01 3.585019707679748535e-01
8.731381893157958984e-01 3.382278680801391602e-01 -2.664029896259307861e-01 5.234767496585845947e-02 2.614007890224456787e-02 -7.737125456333160400e-02 1.025734663009643555e+00 -6.591331958770751953e-01 6.809747815132141113e-01 2.299033999443054199e-01
1.111527562141418457e+00 8.173434138298034668e-01 -1.602572053670883179e-01 1.048087179660797119e-01 -6.102438569068908691e-01 -2.768998742103576660e-01 6.993570327758789062e-01 -6.146475672721862793e-01 5.541393160820007324e-01 1.890206634998321533e-01
1.231553435325622559e+00 8.409200906753540039e-01 -1.260595470666885376e-01 5.872079730033874512e-02 -6.974493265151977539e-01 -2.570825815200805664e-01 4.815649390220642090e-01 -6.089858412742614746e-01 4.708513617515563965e-01 1.634279489517211914e-01
1.257334470748901367e+00 8.277240991592407227e-01 -1.282869130373001099e-01 5.732424557209014893e-02 -6.931105852127075195e-01 -2.560179829597473145e-01 4.576296806335449219e-01 -6.136823296546936035e-01 4.614234268665313721e-01 1.452558040618896484e-01
1.243013739585876465e+00 8.380854129791259766e-01 -1.294083446264266968e-01 6.195019185543060303e-02 -7.008978128433227539e-01 -2.485188394784927368e-01 4.639843702316284180e-01 -6.105825304985046387e-01 4.565227031707763672e-01 1.496207714080810547e-01
1.245684027671813965e+00 8.301455974578857422e-01 -1.281932741403579712e-01 6.182135641574859619e-02 -6.956155896186828613e-01 -2.527649998664855957e-01 4.599272608757019043e-01 -6.082298159599304199e-01 4.611756205558776855e-01 1.476188898086547852e-01
1.238000273704528809e+00 8.287496566772460938e-01 -1.276119500398635864e-01 6.250925362110137939e-02 -6.926932334899902344e-01 -2.462482452392578125e-01 4.628069400787353516e-01 -6.190387010574340820e-01 4.584586620330810547e-01 1.480886340141296387e-01
1.261466979980468750e+00 9.266444444656372070e-01 -1.459030658006668091e-01 7.381747663021087646e-02 -6.976822018623352051e-01 -2.739844620227813721e-01 3.874163627624511719e-01 -5.551083087921142578e-01 5.133541226387023926e-01 1.338384747505187988e-01
1.484649062156677246e+00 7.843776941299438477e-01 -1.142526119947433472e-01 -2.758307941257953644e-02 -7.310518622398376465e-01 -2.647977471351623535e-01 -6.106501817703247070e-01 -5.025619864463806152e-01 2.821259498596191406e-01 -5.831789597868919373e-02
1.496000170707702637e+00 7.980834245681762695e-01 -1.276348680257797241e-01 -4.900699853897094727e-02 -6.879929900169372559e-01 -2.236704379320144653e-01 -6.618477702140808105e-01 -4.359396994113922119e-01 2.156638652086257935e-01 -6.943184137344360352e-02
1.488401770591735840e+00 7.936671376228332520e-01 -1.297234445810317993e-01 -4.966266453266143799e-02 -7.060822844505310059e-01 -2.188219875097274780e-01 -6.611424088478088379e-01 -4.350860416889190674e-01 2.214134931564331055e-01 -6.441646814346313477e-02
1.494860053062438965e+00 7.972300052642822266e-01 -1.272496730089187622e-01 -6.572425365447998047e-02 -7.055884599685668945e-01 -2.154790908098220825e-01 -6.622766852378845215e-01 -4.324513375759124756e-01 2.186984270811080933e-01 -6.445562839508056641e-02
1.497440934181213379e+00 8.027834892272949219e-01 -1.287776678800582886e-01 -5.775175988674163818e-02 -7.075070142745971680e-01 -2.151453942060470581e-01 -6.650245785713195801e-01 -4.315417408943176270e-01 2.175995558500289917e-01 -6.583195924758911133e-02
1.483410358428955078e+00 7.979623675346374512e-01 -1.219181269407272339e-01 -5.683524906635284424e-02 -7.158912420272827148e-01 -2.273702770471572876e-01 -6.600424647331237793e-01 -4.402711689472198486e-01 2.209766507148742676e-01 -5.353360995650291443e-02
1.500248312950134277e+00 8.121404051780700684e-01 -1.356725543737411499e-01 -4.831749200820922852e-02 -6.972594857215881348e-01 -2.154610753059387207e-01 -6.637066006660461426e-01 -4.274461567401885986e-01 2.164681404829025269e-01 -5.855255946516990662e-02
1.500253796577453613e+00 8.091822862625122070e-01 -1.238485425710678101e-01 -6.409180164337158203e-02 -7.041146159172058105e-01 -2.110254317522048950e-01 -6.543128490447998047e-01 -4.308152496814727783e-01 2.190742343664169312e-01 -6.607472896575927734e-02
1.487920761108398438e+00 8.118829727172851562e-01 -1.236275881528854370e-01 -6.510388851165771484e-02 -7.076274752616882324e-01 -2.104118615388870239e-01 -6.690885424613952637e-01 -4.260913133621215820e-01 2.131208032369613647e-01 -5.625819787383079529e-02
1.539515376091003418e+00 3.802787065505981445e-01 -2.070884406566619873e-02 -5.420980602502822876e-02 -8.261073231697082520e-01 -3.039109408855438232e-01 -8.740128874778747559e-01 -3.261658549308776855e-01 2.233575433492660522e-01 1.873481869697570801e-01
1.399584293365478516e+00 3.055660724639892578e-01 3.376615643501281738e-01 -6.816164590418338776e-03 -9.525112509727478027e-01 4.231051206588745117e-01 -4.150816798210144043e-01 -1.586447507143020630e-01 8.721325993537902832e-01 5.687872767448425293e-01
1.452030181884765625e+00 2.597513198852539062e-01 3.277936875820159912e-01 -7.373164594173431396e-02 -3.382059633731842041e-01 7.362042665481567383e-01 -3.357475399971008301e-01 -3.855728805065155029e-01 1.128462314605712891e+00 6.358376145362854004e-01
1.450105071067810059e+00 2.492743581533432007e-01 3.265079259872436523e-01 -7.659280300140380859e-02 -3.442402184009552002e-01 7.403612136840820312e-01 -3.285512328147888184e-01 -3.786000311374664307e-01 1.136720299720764160e+00 6.322534680366516113e-01
1.462031245231628418e+00 2.604205608367919922e-01 3.279687166213989258e-01 -6.545627117156982422e-02 -3.452736437320709229e-01 7.513630390167236328e-01 -3.317768573760986328e-01 -3.902975916862487793e-01 1.135230779647827148e+00 6.390381455421447754e-01
1.454086661338806152e+00 2.469542473554611206e-01 3.322413265705108643e-01 -7.612711191177368164e-02 -3.405931890010833740e-01 7.389292120933532715e-01 -3.328542709350585938e-01 -3.810922205448150635e-01 1.130022644996643066e+00 6.326447129249572754e-01
1.454277753829956055e+00 2.513173818588256836e-01 3.311879634857177734e-01 -8.308264613151550293e-02 -3.482910096645355225e-01 7.450132966041564941e-01 -3.354375958442687988e-01 -3.867131471633911133e-01 1.134077906608581543e+00 6.326140761375427246e-01
1.385511875152587891e+00 5.051620006561279297e-01 2.917919754981994629e-01 -1.117946952581405640e-01 -2.595025599002838135e-01 7.170581817626953125e-01 1.502990443259477615e-02 -6.136180758476257324e-01 1.289297819137573242e+00 4.726373553276062012e-01
1.371440529823303223e+00 6.148772239685058594e-01 6.313472390174865723e-01 -6.335930526256561279e-02 -5.728167891502380371e-01 4.959882497787475586e-01 5.225366353988647461e-01 -5.510905385017395020e-01 1.358764648437500000e+00 6.318818330764770508e-01
1.437518358230590820e+00 5.305106043815612793e-01 7.341746687889099121e-01 -6.569327414035797119e-02 -5.747833847999572754e-01 5.618454217910766602e-01 6.256002187728881836e-01 -5.572829842567443848e-01 1.284346818923950195e+00 7.065052390098571777e-01
1.438245654106140137e+00 5.352258682250976562e-01 7.338624596595764160e-01 -6.605458259582519531e-02 -5.872530341148376465e-01 5.607696771621704102e-01 6.140378713607788086e-01 -5.604562163352966309e-01 1.280626177787780762e+00 7.080669999122619629e-01
1.472199916839599609e+00 6.938920617103576660e-01 6.734619736671447754e-01 -5.363643169403076172e-02 -5.627688169479370117e-01 5.831362605094909668e-01 5.171215534210205078e-01 -6.240281462669372559e-01 1.390869498252868652e+00 6.654275059700012207e-01
1.066474556922912598e+00 5.132728815078735352e-01 5.340251922607421875e-01 -1.422700434923171997e-01 -4.970532357692718506e-01 3.602079749107360840e-01 9.222237467765808105e-01 -6.487964987754821777e-01 1.371471285820007324e+00 5.838530659675598145e-01
9.166793823242187500e-01 2.467624396085739136e-01 5.551359653472900391e-01 -2.105960249900817871e-01 -4.318284094333648682e-01 3.665997385978698730e-01 1.055576920509338379e+00 -5.470492243766784668e-01 1.221791386604309082e+00 8.714464306831359863e-01
1.082045197486877441e+00 1.526139229536056519e-01 7.307961583137512207e-01 -1.392599791288375854e-01 -3.991074264049530029e-01 4.502668976783752441e-01 9.401783347129821777e-01 -4.324186742305755615e-01 1.073364973068237305e+00 1.012357354164123535e+00
1.170428156852722168e+00 1.631872504949569702e-01 7.855069041252136230e-01 -1.457986384630203247e-01 -4.019476473331451416e-01 4.832386374473571777e-01 8.596414327621459961e-01 -4.311817586421966553e-01 1.033824801445007324e+00 1.054491996765136719e+00
