4.130421876907348633e-01 1.352735608816146851e-01 -1.431173563003540039e+00 4.470559060573577881e-01 -2.926541268825531006e-01 -1.670866459608078003e-01 3.813329935073852539e-01 -5.187519192695617676e-01 2.923665344715118408e-01 7.597154378890991211e-02
4.389902949333190918e-01 1.343754976987838745e-01 -1.478262305259704590e+00 4.789855480194091797e-01 -3.053801059722900391e-01 -2.185918241739273071e-01 3.870795667171478271e-01 -5.077676773071289062e-01 2.988217473030090332e-01 5.631834641098976135e-02
4.100802540779113770e-01 6.174372136592864990e-02 -1.383521676063537598e+00 4.607680141925811768e-01 -2.988684773445129395e-01 -1.031606048345565796e-01 4.095559418201446533e-01 -5.439420938491821289e-01 2.576955258846282959e-01 1.520456075668334961e-01
3.486279249191284180e-01 7.836948335170745850e-02 -1.379034876823425293e+00 4.886967539787292480e-01 -3.654410541057586670e-01 -1.245404630899429321e-01 4.244628250598907471e-01 -5.180240273475646973e-01 2.300112396478652954e-01 1.711360216140747070e-01
2.802786827087402344e-01 1.302070468664169312e-01 -1.364765524864196777e+00 4.808342158794403076e-01 -3.943380713462829590e-01 -7.417376339435577393e-02 4.388878345489501953e-01 -5.076282620429992676e-01 2.335155159235000610e-01 1.494410932064056396e-01
3.516150116920471191e-01 4.502449929714202881e-02 -1.353072047233581543e+00 5.415424704551696777e-01 -4.118501842021942139e-01 -9.771786630153656006e-02 3.793708384037017822e-01 -4.829329550266265869e-01 1.808113902807235718e-01 2.053451240062713623e-01
4.534593820571899414e-01 -1.274455934762954712e-01 -1.285719037055969238e+00 6.322553157806396484e-01 -4.577902257442474365e-01 -9.619148075580596924e-02 4.179093837738037109e-01 -5.152289867401123047e-01 8.880428969860076904e-02 3.490080535411834717e-01
4.805374741554260254e-01 -1.664805561304092407e-01 -1.363607764244079590e+00 5.366042256355285645e-01 -3.428668081760406494e-01 -1.940141171216964722e-01 2.936459183692932129e-01 -5.575589537620544434e-01 1.033439189195632935e-01 3.880297541618347168e-01
5.200837850570678711e-01 -1.357450634241104126e-01 -1.370623707771301270e+00 4.530538916587829590e-01 -3.223220109939575195e-01 -2.037294059991836548e-01 2.333980202674865723e-01 -5.353218913078308105e-01 1.391251534223556519e-01 2.993843257427215576e-01
1.054976344108581543e+00 -4.423199892044067383e-01 -1.350609421730041504e+00 3.998053371906280518e-01 -2.156656235456466675e-01 -1.757850795984268188e-01 -5.186778679490089417e-02 -4.886339604854583740e-01 -9.379501640796661377e-02 3.614636361598968506e-01
1.230641365051269531e+00 -4.749490618705749512e-01 -1.412942647933959961e+00 3.656224012374877930e-01 -2.515006959438323975e-01 -1.971388012170791626e-01 -3.504398465156555176e-01 -4.477250874042510986e-01 -1.537269800901412964e-01 1.923930943012237549e-01
1.231931805610656738e+00 -4.655513167381286621e-01 -1.403592467308044434e+00 3.635534346103668213e-01 -2.471398860216140747e-01 -1.856578737497329712e-01 -3.570214509963989258e-01 -4.555011093616485596e-01 -1.518863290548324585e-01 1.869769096374511719e-01
1.231721043586730957e+00 -4.634917974472045898e-01 -1.403170943260192871e+00 3.634507656097412109e-01 -2.450273334980010986e-01 -1.915802508592605591e-01 -3.622111082077026367e-01 -4.628569185733795166e-01 -1.508475840091705322e-01 1.792594194412231445e-01
1.234518170356750488e+00 -4.714488387107849121e-01 -1.411382555961608887e+00 3.609484732151031494e-01 -2.465292066335678101e-01 -1.837446242570877075e-01 -3.670749068260192871e-01 -4.518687427043914795e-01 -1.514637023210525513e-01 1.793233752250671387e-01
1.227224946022033691e+00 -4.715692400932312012e-01 -1.396183848381042480e+00 3.682956993579864502e-01 -2.454676628112792969e-01 -1.861439496278762817e-01 -3.635703325271606445e-01 -4.483378231525421143e-01 -1.565089076757431030e-01 1.868154108524322510e-01
9.511861801147460938e-01 -5.391045808792114258e-01 -1.596680283546447754e+00 2.464287430047988892e-01 -2.211660295724868774e-01 -4.421278536319732666e-01 -1.014078259468078613e+00 -3.910941183567047119e-01 -2.219219058752059937e-01 -1.246799528598785400e-01
8.087019622325897217e-02 -1.060815691947937012e+00 -1.641595721244812012e+00 8.040919303894042969e-01 -6.749582886695861816e-01 2.535377629101276398e-02 -2.718842402100563049e-02 -6.047239899635314941e-01 -5.062390565872192383e-01 -5.333652496337890625e-01
8.338611572980880737e-03 -1.104235053062438965e+00 -1.586639046669006348e+00 7.780621051788330078e-01 -6.044072508811950684e-01 6.400816142559051514e-02 -1.016004085540771484e-01 -6.024529337882995605e-01 -5.477129220962524414e-01 -6.472297906875610352e-01
2.583314105868339539e-02 -1.116500496864318848e+00 -1.616312026977539062e+00 8.030716180801391602e-01 -6.169860959053039551e-01 4.802899062633514404e-02 -7.966595888137817383e-02 -5.904809236526489258e-01 -5.375385284423828125e-01 -6.375419497489929199e-01
2.204407379031181335e-02 -1.117066860198974609e+00 -1.611437916755676270e+00 8.015285134315490723e-01 -6.234365701675415039e-01 4.478965699672698975e-02 -7.605206966400146484e-02 -5.867897868156433105e-01 -5.478943586349487305e-01 -6.415159702301025391e-01
-8.096163946902379394e-05 -6.956144571304321289e-01 -1.828807473182678223e+00 7.064080238342285156e-01 -6.447693705558776855e-01 2.125297039747238159e-01 3.326938748359680176e-01 -4.907419979572296143e-01 -5.798208713531494141e-01 -6.856991648674011230e-01
-2.582800090312957764e-01 -2.987533807754516602e-01 -1.930999636650085449e+00 6.842153668403625488e-01 -8.634691238403320312e-01 2.754302620887756348e-01 1.899531483650207520e-01 -4.910457432270050049e-01 -3.136889636516571045e-01 -8.193094730377197266e-01
-3.416236042976379395e-01 -2.089765220880508423e-01 -1.974377512931823730e+00 6.025090217590332031e-01 -9.765679240226745605e-01 7.797120511531829834e-02 5.599087104201316833e-02 -4.254857003688812256e-01 -3.327417075634002686e-01 -9.417477250099182129e-01
-3.835672438144683838e-01 -1.318875104188919067e-01 -1.966230511665344238e+00 6.378534436225891113e-01 -9.290409684181213379e-01 2.171898335218429565e-01 2.846075296401977539e-01 -4.939722716808319092e-01 -3.235912919044494629e-01 -8.256577849388122559e-01
-4.355422258377075195e-01 6.038889754563570023e-03 -2.023355960845947266e+00 6.905926465988159180e-01 -9.018985629081726074e-01 2.654579281806945801e-01 3.925244808197021484e-01 -3.986038267612457275e-01 -2.946682870388031006e-01 -9.216155409812927246e-01
-5.956732630729675293e-01 8.697496354579925537e-02 -1.926668763160705566e+00 6.872133016586303711e-01 -8.406795859336853027e-01 2.187899202108383179e-01 3.225865960121154785e-01 -4.180724918842315674e-01 -2.619076371192932129e-01 -1.071022868156433105e+00
