9.665983915328979492e-01 4.736576676368713379e-01 -1.415375351905822754e+00 6.165280938148498535e-02 -2.501857876777648926e-01 -1.396199613809585571e-01 5.181361436843872070e-01 -6.549772024154663086e-01 2.390867918729782104e-01 5.149086117744445801e-01
9.487439990043640137e-01 4.351613521575927734e-01 -1.372130751609802246e+00 3.754010796546936035e-02 -2.644354701042175293e-01 -1.191698163747787476e-01 5.339913368225097656e-01 -6.670104265213012695e-01 2.344634383916854858e-01 5.225728154182434082e-01
1.080403923988342285e+00 6.953142583370208740e-02 -1.210400819778442383e+00 4.743061959743499756e-02 -3.512412905693054199e-01 -8.374215662479400635e-02 7.383414506912231445e-01 -6.683301329612731934e-01 1.300777345895767212e-01 7.570938467979431152e-01
1.512030839920043945e+00 -4.146350026130676270e-01 -1.137247443199157715e+00 8.120804093778133392e-03 -2.240069061517715454e-01 1.374501436948776245e-01 1.005987048149108887e+00 -8.894829750061035156e-01 2.103170752525329590e-01 8.517563939094543457e-01
1.533633351325988770e+00 -5.720031261444091797e-01 -1.075990915298461914e+00 4.239985346794128418e-02 -2.681598067283630371e-01 1.929636448621749878e-01 1.104383826255798340e+00 -9.112129807472229004e-01 1.552382111549377441e-01 9.519856572151184082e-01
1.509579181671142578e+00 -6.073709726333618164e-01 -1.054981827735900879e+00 6.568598747253417969e-02 -3.047939538955688477e-01 1.997577399015426636e-01 1.151895165443420410e+00 -9.064019918441772461e-01 1.542408615350723267e-01 9.801706671714782715e-01
1.509208798408508301e+00 -6.058735847473144531e-01 -1.044905781745910645e+00 6.860509514808654785e-02 -3.006561398506164551e-01 2.106183022260665894e-01 1.137943029403686523e+00 -8.987262845039367676e-01 1.530607491731643677e-01 9.789549708366394043e-01
1.508374333381652832e+00 -6.112952232360839844e-01 -1.050512671470642090e+00 6.673800945281982422e-02 -2.960250973701477051e-01 2.076997011899948120e-01 1.145944476127624512e+00 -9.092970490455627441e-01 1.591288447380065918e-01 9.737059473991394043e-01
1.503862023353576660e+00 -6.107665896415710449e-01 -1.058483600616455078e+00 7.722023129463195801e-02 -3.019101023674011230e-01 1.939785331487655640e-01 1.152235746383666992e+00 -9.081274867057800293e-01 1.534582674503326416e-01 9.716752767562866211e-01
1.510497570037841797e+00 -6.091482639312744141e-01 -1.061565279960632324e+00 6.795945763587951660e-02 -2.992467880249023438e-01 1.963895410299301147e-01 1.139439463615417480e+00 -9.014400839805603027e-01 1.579272150993347168e-01 9.748086929321289062e-01
1.502629637718200684e+00 -6.061401963233947754e-01 -1.056972861289978027e+00 7.698810100555419922e-02 -3.001635670661926270e-01 2.003625482320785522e-01 1.147549390792846680e+00 -9.032788276672363281e-01 1.561187803745269775e-01 9.747413992881774902e-01
1.505348801612854004e+00 -6.096904873847961426e-01 -1.050570249557495117e+00 8.214771747589111328e-02 -2.969974875450134277e-01 1.981702893972396851e-01 1.147027611732482910e+00 -9.017923474311828613e-01 1.544805765151977539e-01 9.773257374763488770e-01
1.507055163383483887e+00 -6.049481630325317383e-01 -1.055758118629455566e+00 7.874768972396850586e-02 -3.009708225727081299e-01 2.061145752668380737e-01 1.151293277740478516e+00 -9.016304612159729004e-01 1.506670862436294556e-01 9.751337766647338867e-01
1.541786789894104004e+00 -6.074684262275695801e-01 -1.078383684158325195e+00 7.600420713424682617e-02 -2.616776227951049805e-01 1.764774769544601440e-01 1.152980327606201172e+00 -9.397500157356262207e-01 1.830359548330307007e-01 9.456103444099426270e-01
1.037912726402282715e+00 -9.355583190917968750e-01 -7.072231769561767578e-01 4.140817224979400635e-01 -9.138628840446472168e-03 4.168835282325744629e-01 1.539844393730163574e+00 -9.171018004417419434e-01 3.319136202335357666e-01 7.700138688087463379e-01
1.151905059814453125e+00 -1.238487958908081055e+00 -1.244018673896789551e+00 3.195645809173583984e-01 6.156266331672668457e-01 5.320990681648254395e-01 9.824885725975036621e-01 -3.946576416492462158e-01 1.102486699819564819e-01 -5.118059739470481873e-02
1.270947813987731934e+00 -1.359051704406738281e+00 -1.580028295516967773e+00 2.815551459789276123e-01 9.493880867958068848e-01 3.322360515594482422e-01 4.952738881111145020e-01 -2.581979334354400635e-01 -1.060052663087844849e-01 -4.893153309822082520e-01
1.270168900489807129e+00 -1.341197490692138672e+00 -1.573778510093688965e+00 2.787449955940246582e-01 9.477877020835876465e-01 3.469421863555908203e-01 4.906107783317565918e-01 -2.605158388614654541e-01 -1.006121933460235596e-01 -4.813993275165557861e-01
1.268769502639770508e+00 -1.348004817962646484e+00 -1.574890971183776855e+00 2.831876873970031738e-01 9.543520808219909668e-01 3.378494977951049805e-01 4.934445619583129883e-01 -2.579415142536163330e-01 -1.042121648788452148e-01 -4.831155538558959961e-01
1.271566987037658691e+00 -1.346690893173217773e+00 -1.572625756263732910e+00 2.879070937633514404e-01 9.563646316528320312e-01 3.410475254058837891e-01 4.887626767158508301e-01 -2.510341703891754150e-01 -1.050200462341308594e-01 -4.845889806747436523e-01
1.270722746849060059e+00 -1.348529338836669922e+00 -1.571751475334167480e+00 2.706840634346008301e-01 9.607636928558349609e-01 3.516296148300170898e-01 4.964414238929748535e-01 -2.551687061786651611e-01 -9.905685484409332275e-02 -4.741511642932891846e-01
1.259381055831909180e+00 -1.339838981628417969e+00 -1.571506381034851074e+00 2.795022130012512207e-01 9.539651274681091309e-01 3.389760255813598633e-01 4.990155100822448730e-01 -2.525970041751861572e-01 -1.011784225702285767e-01 -4.800742566585540771e-01
1.264830708503723145e+00 -1.341398835182189941e+00 -1.575833201408386230e+00 2.700106203556060791e-01 9.517205357551574707e-01 3.434861302375793457e-01 4.921119809150695801e-01 -2.580129206180572510e-01 -1.008670181035995483e-01 -4.775198698043823242e-01
5.458361506462097168e-01 -1.534895420074462891e+00 -1.250879168510437012e+00 2.111131846904754639e-01 9.300090670585632324e-01 4.418667554855346680e-01 6.012882590293884277e-01 -1.560333222150802612e-01 -2.550232112407684326e-01 -2.507537305355072021e-01
4.577403068542480469e-01 -1.638577103614807129e+00 -1.089046597480773926e+00 2.958909571170806885e-01 8.581033349037170410e-01 3.519150614738464355e-01 1.098069310188293457e+00 -2.559995949268341064e-01 -2.345255613327026367e-01 3.241330683231353760e-01
4.527359008789062500e-01 -1.658132076263427734e+00 -1.086816787719726562e+00 2.968784868717193604e-01 8.473532795906066895e-01 3.599079251289367676e-01 1.085436820983886719e+00 -2.590005695819854736e-01 -2.313556820154190063e-01 3.115392327308654785e-01
4.593483805656433105e-01 -1.623215198516845703e+00 -1.090062975883483887e+00 2.886084616184234619e-01 8.619168400764465332e-01 3.641535639762878418e-01 1.090120553970336914e+00 -2.536971867084503174e-01 -2.387591302394866943e-01 3.278448283672332764e-01
4.542075395584106445e-01 -1.655616521835327148e+00 -1.082140564918518066e+00 3.016065657138824463e-01 8.510999679565429688e-01 3.698840737342834473e-01 1.068323373794555664e+00 -2.526116669178009033e-01 -2.275658100843429565e-01 3.144053816795349121e-01
4.572709202766418457e-01 -1.659359455108642578e+00 -1.085671305656433105e+00 3.036352097988128662e-01 8.517140746116638184e-01 3.677513003349304199e-01 1.067758679389953613e+00 -2.481309622526168823e-01 -2.272107303142547607e-01 3.129803240299224854e-01
4.531024694442749023e-01 -1.636169672012329102e+00 -1.088248014450073242e+00 2.871779501438140869e-01 8.519952893257141113e-01 3.554470539093017578e-01 1.080226778984069824e+00 -2.577629387378692627e-01 -2.217477262020111084e-01 3.361671268939971924e-01
8.933322429656982422e-01 -1.640148878097534180e+00 -1.500028491020202637e+00 1.318549215793609619e-01 8.497083187103271484e-01 3.306140303611755371e-01 9.047562479972839355e-01 -3.290556967258453369e-01 -3.656343519687652588e-01 3.149947822093963623e-01
1.147690892219543457e+00 -1.422351241111755371e+00 -1.772592306137084961e+00 2.973422221839427948e-02 7.771111130714416504e-01 2.764359116554260254e-01 7.242143750190734863e-01 -2.539333403110504150e-01 -5.192205309867858887e-01 2.872527539730072021e-01
1.158517003059387207e+00 -1.424278736114501953e+00 -1.778900384902954102e+00 3.059390000998973846e-02 7.780704498291015625e-01 2.578026652336120605e-01 7.289952039718627930e-01 -2.415838688611984253e-01 -5.234128236770629883e-01 2.746084034442901611e-01
1.158855319023132324e+00 -1.419174432754516602e+00 -1.784821629524230957e+00 4.245951771736145020e-02 7.865874171257019043e-01 2.586635947227478027e-01 7.260555028915405273e-01 -2.372034043073654175e-01 -5.216833353042602539e-01 2.647075057029724121e-01
9.147414565086364746e-01 -9.294384717941284180e-01 -1.835283160209655762e+00 6.668761372566223145e-02 1.025534629821777344e+00 2.195435613393783569e-01 5.467762947082519531e-01 -1.708500087261199951e-02 -4.208205938339233398e-01 1.644880473613739014e-01
6.073341369628906250e-01 -7.464916110038757324e-01 -1.780039429664611816e+00 2.198469042778015137e-01 1.172031402587890625e+00 4.634211957454681396e-02 4.775836467742919922e-01 1.731795817613601685e-01 -3.438076078891754150e-01 1.306036412715911865e-01
5.399851799011230469e-01 -8.067473769187927246e-01 -1.764846563339233398e+00 2.253492772579193115e-01 1.135780692100524902e+00 2.295391447842121124e-02 3.126313090324401855e-01 2.280114442110061646e-01 -3.774925768375396729e-01 1.201535165309906006e-01
5.877362489700317383e-01 -8.209110498428344727e-01 -1.840846657752990723e+00 3.038919270038604736e-01 1.126118779182434082e+00 -1.032081991434097290e-01 3.764016628265380859e-01 3.250096738338470459e-01 -3.801378905773162842e-01 1.106999516487121582e-01
