1.053865075111389160e+00 3.313380479812622070e-01 -1.097107082605361938e-01 -1.939026415348052979e-01 -9.102021157741546631e-02 -3.708378970623016357e-02 5.267992019653320312e-01 -5.031846165657043457e-01 8.946323394775390625e-02 3.659521341323852539e-01
1.060410141944885254e+00 3.377892971038818359e-01 -1.078130155801773071e-01 -2.050808221101760864e-01 -9.514601528644561768e-02 -4.598535597324371338e-02 4.988617300987243652e-01 -4.995636641979217529e-01 7.928717136383056641e-02 3.583764433860778809e-01
1.059298872947692871e+00 3.562546372413635254e-01 -1.073532551527023315e-01 -1.807067394256591797e-01 -9.501145780086517334e-02 -6.022481620311737061e-02 5.130352377891540527e-01 -5.063207149505615234e-01 7.539401948451995850e-02 3.637698292732238770e-01
1.046629428863525391e+00 3.219594955444335938e-01 -8.542509377002716064e-02 -2.013548761606216431e-01 -9.820018708705902100e-02 -5.479930341243743896e-02 5.363977551460266113e-01 -4.947740733623504639e-01 8.154073357582092285e-02 3.763221502304077148e-01
1.029556989669799805e+00 2.656058669090270996e-01 -9.947420656681060791e-02 -2.107288986444473267e-01 -1.243064552545547485e-01 -5.612517893314361572e-02 6.113536953926086426e-01 -5.061435699462890625e-01 1.135461330413818359e-01 3.987183570861816406e-01
9.194359779357910156e-01 2.120774835348129272e-01 -9.857349097728729248e-02 -2.544190287590026855e-01 -1.369429677724838257e-01 6.487415637820959091e-03 7.258391976356506348e-01 -4.970376789569854736e-01 1.678768694400787354e-01 4.500586986541748047e-01
7.424386739730834961e-01 2.475016564130783081e-01 -3.105987608432769775e-02 -2.273158282041549683e-01 -1.745939999818801880e-01 4.942594468593597412e-02 1.022529125213623047e+00 -4.864033460617065430e-01 2.625944614410400391e-01 5.081722140312194824e-01
6.838232874870300293e-01 3.747148513793945312e-01 -7.599858939647674561e-02 -1.467813849449157715e-01 -3.227016031742095947e-01 -6.136949360370635986e-02 1.260914921760559082e+00 -5.748951435089111328e-01 4.304231703281402588e-01 4.971943199634552002e-01
8.480988144874572754e-01 7.053519487380981445e-01 -4.314659535884857178e-02 -9.130287170410156250e-02 -4.263688623905181885e-01 -2.533425204455852509e-02 1.000868082046508789e+00 -6.259321570396423340e-01 4.219141602516174316e-01 3.803377449512481689e-01
9.032474756240844727e-01 6.999902725219726562e-01 -6.810517609119415283e-02 -8.408142626285552979e-02 -4.181500971317291260e-01 -6.488113105297088623e-02 8.687721490859985352e-01 -6.595723628997802734e-01 3.642950356006622314e-01 3.874155580997467041e-01
9.021356105804443359e-01 6.883069276809692383e-01 -7.507543265819549561e-02 -8.525675535202026367e-02 -4.026971757411956787e-01 -6.664408743381500244e-02 8.707594871520996094e-01 -6.548611521720886230e-01 3.695039451122283936e-01 3.802232146263122559e-01
9.031022787094116211e-01 6.837249994277954102e-01 -6.175215542316436768e-02 -9.302160143852233887e-02 -4.122587144374847412e-01 -6.949754059314727783e-02 8.603721261024475098e-01 -6.423141956329345703e-01 3.621976375579833984e-01 3.880907297134399414e-01
9.053353071212768555e-01 6.820990443229675293e-01 -7.061363756656646729e-02 -8.780165016651153564e-02 -4.106394946575164795e-01 -6.535036861896514893e-02 8.663560748100280762e-01 -6.437422037124633789e-01 3.609988391399383545e-01 3.930762410163879395e-01
8.860279321670532227e-01 5.795891880989074707e-01 -9.461627900600433350e-02 -9.324829280376434326e-02 -3.582070767879486084e-01 -7.799325883388519287e-02 8.822408318519592285e-01 -5.937029719352722168e-01 3.365721702575683594e-01 4.223365485668182373e-01
8.523025512695312500e-01 9.672284126281738281e-01 -2.437005788087844849e-01 -1.210849732160568237e-01 -1.291904896497726440e-01 1.115987747907638550e-01 7.337790131568908691e-01 -4.565257132053375244e-01 6.453643441200256348e-01 1.845699548721313477e-01
1.685562252998352051e+00 6.731477379798889160e-01 4.458574652671813965e-01 1.671370677649974823e-02 -1.098482131958007812e+00 -7.665571570396423340e-01 -9.085082411766052246e-01 -3.739973902702331543e-01 5.337390899658203125e-01 -1.354790329933166504e-01
1.735622286796569824e+00 3.250265121459960938e-01 6.412213444709777832e-01 -7.691969722509384155e-02 -6.361449360847473145e-01 -8.796492218971252441e-01 -1.043448328971862793e+00 -3.718917965888977051e-01 3.978759348392486572e-01 -8.454974740743637085e-03
1.741131782531738281e+00 3.074369430541992188e-01 6.514126658439636230e-01 -7.609239220619201660e-02 -6.198053956031799316e-01 -8.804491758346557617e-01 -1.036426186561584473e+00 -3.707800805568695068e-01 3.966144323348999023e-01 1.204792177304625511e-03
1.750961542129516602e+00 3.022291660308837891e-01 6.445794105529785156e-01 -8.355958759784698486e-02 -6.118339896202087402e-01 -8.886787295341491699e-01 -1.037757992744445801e+00 -3.742418587207794189e-01 3.932738602161407471e-01 2.536955988034605980e-03
1.753580212593078613e+00 2.917889356613159180e-01 6.463838815689086914e-01 -7.628422230482101440e-02 -6.162227392196655273e-01 -8.789919614791870117e-01 -1.032432794570922852e+00 -3.659505546092987061e-01 3.956553637981414795e-01 1.322621479630470276e-02
1.735757827758789062e+00 3.044186830520629883e-01 6.465591192245483398e-01 -8.508575707674026489e-02 -6.152096390724182129e-01 -8.773944973945617676e-01 -1.038198590278625488e+00 -3.709727823734283447e-01 3.988360166549682617e-01 2.152148401364684105e-03
1.756429910659790039e+00 3.008717298507690430e-01 6.470430493354797363e-01 -6.921556591987609863e-02 -6.094376444816589355e-01 -8.826470971107482910e-01 -1.046773910522460938e+00 -3.756839334964752197e-01 3.951052427291870117e-01 6.820594426244497299e-04
1.742295026779174805e+00 2.906264066696166992e-01 6.475737690925598145e-01 -8.416089415550231934e-02 -6.103200912475585938e-01 -8.691107630729675293e-01 -1.039218306541442871e+00 -3.722980320453643799e-01 3.931097984313964844e-01 1.002508774399757385e-02
1.748201012611389160e+00 4.987185001373291016e-01 5.489369630813598633e-01 1.650710217654705048e-02 -6.563631296157836914e-01 -9.125266075134277344e-01 -9.566991925239562988e-01 -4.222681224346160889e-01 6.024795174598693848e-01 -7.933586835861206055e-02
1.748496770858764648e+00 5.397206544876098633e-01 4.910577535629272461e-01 3.574968129396438599e-02 -6.550103425979614258e-01 -8.965285420417785645e-01 -9.187303185462951660e-01 -4.459685981273651123e-01 6.930291056632995605e-01 -8.281993865966796875e-02
1.731239676475524902e+00 5.435793399810791016e-01 4.961163997650146484e-01 2.926472388207912445e-02 -6.614235639572143555e-01 -8.875853419303894043e-01 -9.054947495460510254e-01 -4.456819593906402588e-01 6.916325688362121582e-01 -9.251403808593750000e-02
1.739449381828308105e+00 5.541858077049255371e-01 5.064967274665832520e-01 3.887592256069183350e-02 -6.580511927604675293e-01 -8.824728131294250488e-01 -9.246531128883361816e-01 -4.519607722759246826e-01 6.827619671821594238e-01 -8.585917949676513672e-02
1.744530200958251953e+00 5.448232889175415039e-01 4.926289319992065430e-01 3.915375471115112305e-02 -6.615830063819885254e-01 -8.988259434700012207e-01 -9.136213064193725586e-01 -4.521471261978149414e-01 6.828444600105285645e-01 -9.052127599716186523e-02
1.749064326286315918e+00 5.414577126502990723e-01 4.906701445579528809e-01 3.491349518299102783e-02 -6.646608114242553711e-01 -8.967209458351135254e-01 -9.104383587837219238e-01 -4.495140016078948975e-01 6.896733641624450684e-01 -8.525031805038452148e-02
1.722590565681457520e+00 5.495254993438720703e-01 4.907978177070617676e-01 3.593718260526657104e-02 -6.630217432975769043e-01 -9.099259972572326660e-01 -9.065155386924743652e-01 -4.489292800426483154e-01 6.890824437141418457e-01 -8.623379468917846680e-02
1.701645255088806152e+00 5.241735577583312988e-01 5.584339499473571777e-01 7.340936921536922455e-03 -6.188406348228454590e-01 -7.415478825569152832e-01 -6.915920376777648926e-01 -4.327709972858428955e-01 9.398996829986572266e-01 9.473148733377456665e-03
1.351075530052185059e+00 6.402941942214965820e-01 7.389210462570190430e-01 2.255090884864330292e-02 -6.939179301261901855e-01 -9.484783411026000977e-01 3.134512603282928467e-01 -5.371450781822204590e-01 1.361762046813964844e+00 2.233672738075256348e-01
1.321232199668884277e+00 4.149017930030822754e-01 1.005074501037597656e+00 2.389817265793681145e-03 -8.003158569335937500e-01 -1.011879444122314453e+00 4.836190342903137207e-01 -5.496730208396911621e-01 8.142209649085998535e-01 4.258028268814086914e-01
1.311846852302551270e+00 4.017767906188964844e-01 1.037726283073425293e+00 8.288218639791011810e-03 -7.994983792304992676e-01 -1.021423578262329102e+00 4.718432426452636719e-01 -5.602607131004333496e-01 7.673271298408508301e-01 4.289962649345397949e-01
1.308758616447448730e+00 4.188448190689086914e-01 9.566394090652465820e-01 -1.937727816402912140e-02 -8.393499255180358887e-01 -1.019967317581176758e+00 5.140691399574279785e-01 -5.562972426414489746e-01 8.567221164703369141e-01 4.158622622489929199e-01
1.339131474494934082e+00 5.175290107727050781e-01 8.657370805740356445e-01 1.393271889537572861e-02 -7.979803681373596191e-01 -9.699285626411437988e-01 4.568344354629516602e-01 -5.266622900962829590e-01 1.063543438911437988e+00 3.651692867279052734e-01
1.095261931419372559e+00 2.459326833486557007e-01 8.279249668121337891e-01 -2.482620067894458771e-02 -7.938329577445983887e-01 -9.710113406181335449e-01 5.728937387466430664e-01 -3.990835249423980713e-01 8.774493932723999023e-01 4.235984086990356445e-01
1.200435876846313477e+00 1.297436803579330444e-01 1.040863871574401855e+00 -6.455057859420776367e-02 -7.628763318061828613e-01 -9.528115391731262207e-01 5.012633204460144043e-01 -4.249562025070190430e-01 6.110548377037048340e-01 5.002326965332031250e-01
1.305500864982604980e+00 1.202701777219772339e-01 1.126253128051757812e+00 -5.805686861276626587e-02 -7.467077374458312988e-01 -9.629881978034973145e-01 4.460003972053527832e-01 -4.730063080787658691e-01 5.407326817512512207e-01 5.112094879150390625e-01
