3.429093360900878906e-01 1.996356099843978882e-01 -1.313611149787902832e+00 2.301690876483917236e-01 -4.294995367527008057e-01 -6.253089010715484619e-02 2.604342103004455566e-01 -8.031175136566162109e-01 2.801480889320373535e-01 1.031633317470550537e-01
4.057381749153137207e-01 6.712006032466888428e-02 -1.295684218406677246e+00 2.738339006900787354e-01 -5.198292136192321777e-01 5.784197710454463959e-04 3.037864565849304199e-01 -8.552365303039550781e-01 3.912481665611267090e-01 -1.322260126471519470e-02
4.039859175682067871e-01 7.929156720638275146e-02 -1.299478888511657715e+00 2.972393631935119629e-01 -5.174143910408020020e-01 -5.033506546169519424e-03 3.091109395027160645e-01 -8.488206267356872559e-01 3.797769844532012939e-01 1.014539971947669983e-02
4.018160700798034668e-01 4.265652596950531006e-02 -1.289831042289733887e+00 2.700100243091583252e-01 -5.254853963851928711e-01 6.606595125049352646e-03 3.566553294658660889e-01 -8.399728536605834961e-01 3.970697820186614990e-01 2.396491542458534241e-02
3.703923225402832031e-01 -7.447137963026762009e-03 -1.248799085617065430e+00 2.289130836725234985e-01 -5.305151343345642090e-01 1.517622359097003937e-02 4.558915793895721436e-01 -8.633663654327392578e-01 4.392202794551849365e-01 5.381739512085914612e-02
2.736984193325042725e-01 -2.848578989505767822e-02 -1.138437151908874512e+00 1.724941134452819824e-01 -5.124127268791198730e-01 3.102116473019123077e-02 5.346775054931640625e-01 -8.060650229454040527e-01 4.896980226039886475e-01 1.212647855281829834e-01
1.352383643388748169e-01 7.392857968807220459e-02 -9.558020234107971191e-01 2.111285030841827393e-01 -5.355077385902404785e-01 5.608265101909637451e-02 7.190439701080322266e-01 -8.941368460655212402e-01 6.145773530006408691e-01 2.670170664787292480e-01
1.555586308240890503e-01 2.035872191190719604e-01 -9.293473958969116211e-01 2.726894021034240723e-01 -6.968756914138793945e-01 -1.137824170291423798e-02 8.857888579368591309e-01 -9.038792848587036133e-01 7.447026371955871582e-01 2.246238589286804199e-01
2.293422371149063110e-01 3.084039092063903809e-01 -1.009431958198547363e+00 3.278580904006958008e-01 -7.756223678588867188e-01 -3.298552334308624268e-02 6.567265391349792480e-01 -9.331472516059875488e-01 6.811648607254028320e-01 1.099855005741119385e-01
1.168546229600906372e-01 3.164557814598083496e-01 -8.524119853973388672e-01 2.883534133434295654e-01 -6.004684567451477051e-01 -2.269519679248332977e-02 7.702254652976989746e-01 -8.198031187057495117e-01 9.265663623809814453e-01 1.075135767459869385e-01
3.018094301223754883e-01 7.147837877273559570e-01 -1.712044328451156616e-01 4.631051719188690186e-01 -2.422630071640014648e+00 -7.336685657501220703e-01 -9.961588978767395020e-01 -2.423432320356369019e-01 1.000335216522216797e+00 8.479511737823486328e-02
6.222963929176330566e-01 1.298597902059555054e-01 1.619241386651992798e-01 3.799377083778381348e-01 -7.311555743217468262e-01 -1.322388648986816406e+00 -1.296817421913146973e+00 -3.400426805019378662e-01 6.347953677177429199e-01 7.147916555404663086e-01
6.054467558860778809e-01 1.234081834554672241e-01 1.514881402254104614e-01 3.567438423633575439e-01 -7.201460003852844238e-01 -1.347821235656738281e+00 -1.282168507575988770e+00 -3.294711709022521973e-01 6.454337239265441895e-01 7.018674015998840332e-01
5.945660471916198730e-01 1.299457401037216187e-01 1.550361067056655884e-01 3.551564216613769531e-01 -7.083867192268371582e-01 -1.342162847518920898e+00 -1.293648362159729004e+00 -3.334304392337799072e-01 6.417717337608337402e-01 7.008635401725769043e-01
5.975406169891357422e-01 1.305547803640365601e-01 1.635002642869949341e-01 3.593098819255828857e-01 -7.133281826972961426e-01 -1.338956117630004883e+00 -1.290669202804565430e+00 -3.396433591842651367e-01 6.403130888938903809e-01 6.976355910301208496e-01
4.730420112609863281e-01 4.081476926803588867e-01 1.579418312758207321e-03 4.254221320152282715e-01 -7.068915963172912598e-01 -1.563974261283874512e+00 -1.176336169242858887e+00 -4.887854754924774170e-01 9.928890466690063477e-01 5.013830661773681641e-01
4.813196063041687012e-01 4.036380648612976074e-01 6.109490524977445602e-03 4.216310083866119385e-01 -7.010652422904968262e-01 -1.552666664123535156e+00 -1.168328166007995605e+00 -5.000436902046203613e-01 9.945936799049377441e-01 5.026168823242187500e-01
4.789339900016784668e-01 4.080144762992858887e-01 8.597031235694885254e-03 4.245701134204864502e-01 -6.992034316062927246e-01 -1.551051139831542969e+00 -1.175402164459228516e+00 -4.908873438835144043e-01 9.892424941062927246e-01 4.975950717926025391e-01
4.769289195537567139e-01 4.064496755599975586e-01 5.066290032118558884e-03 4.181190729141235352e-01 -6.970329284667968750e-01 -1.556162595748901367e+00 -1.168711543083190918e+00 -4.986358880996704102e-01 9.950760006904602051e-01 5.041058063507080078e-01
4.826300740242004395e-01 4.053390026092529297e-01 5.312218796461820602e-03 4.245445132255554199e-01 -7.027799487113952637e-01 -1.554390907287597656e+00 -1.173798203468322754e+00 -5.003687739372253418e-01 9.912090897560119629e-01 4.991140067577362061e-01
4.763411283493041992e-01 4.573960304260253906e-01 1.830150187015533447e-02 4.244262874126434326e-01 -6.824265718460083008e-01 -1.506873607635498047e+00 -1.028316736221313477e+00 -5.140131115913391113e-01 1.117978334426879883e+00 5.071411132812500000e-01
3.765006065368652344e-01 6.981767416000366211e-01 2.276601940393447876e-01 4.723492264747619629e-01 -4.691642820835113525e-01 -1.288868904113769531e+00 -5.786242485046386719e-01 -5.377380251884460449e-01 1.638813495635986328e+00 4.979446828365325928e-01
3.605272471904754639e-01 4.442731142044067383e-01 3.656629920005798340e-01 4.131074845790863037e-01 -6.503258943557739258e-01 -1.345225811004638672e+00 1.436102986335754395e-01 -5.144658684730529785e-01 1.223251700401306152e+00 9.506401419639587402e-01
3.685070872306823730e-01 4.314002394676208496e-01 3.458043336868286133e-01 4.014476835727691650e-01 -7.302215695381164551e-01 -1.401207685470581055e+00 1.470314860343933105e-01 -5.488820075988769531e-01 1.265280842781066895e+00 9.900856614112854004e-01
3.772447705268859863e-01 4.762358665466308594e-01 3.165416717529296875e-01 4.037645757198333740e-01 -6.677604317665100098e-01 -1.369014263153076172e+00 1.105251312255859375e-01 -4.975229203701019287e-01 1.360011458396911621e+00 9.263995289802551270e-01
2.635191380977630615e-01 1.855586618185043335e-01 3.120455741882324219e-01 2.968601584434509277e-01 -6.704647541046142578e-01 -1.235635042190551758e+00 2.077883481979370117e-01 -4.950819611549377441e-01 1.108599185943603516e+00 1.063159584999084473e+00
