1.126040577888488770e+00 2.050580829381942749e-01 -1.281075000762939453e+00 6.414665840566158295e-03 -4.678328335285186768e-01 5.013512074947357178e-02 5.760866999626159668e-01 -8.267422914505004883e-01 4.495033025741577148e-01 2.479659616947174072e-01
1.123538851737976074e+00 2.016424983739852905e-01 -1.265825271606445312e+00 4.579811356961727142e-03 -4.855565130710601807e-01 5.948863923549652100e-02 5.772082209587097168e-01 -8.020485639572143555e-01 4.474760591983795166e-01 2.734531462192535400e-01
9.703384041786193848e-01 1.947398632764816284e-01 -1.123530864715576172e+00 1.855264417827129364e-02 -5.142126679420471191e-01 9.831874072551727295e-02 9.614372253417968750e-01 -7.819651961326599121e-01 6.123238205909729004e-01 3.510442972183227539e-01
1.210156321525573730e+00 7.739385366439819336e-01 -1.229484200477600098e+00 3.552839159965515137e-02 -1.847034245729446411e-01 2.236351817846298218e-01 7.987275719642639160e-01 -8.049882054328918457e-01 8.172598481178283691e-01 1.204936504364013672e-01
1.330178260803222656e+00 1.026476979255676270e+00 -1.242087483406066895e+00 5.671070516109466553e-02 -8.155076205730438232e-02 3.217052221298217773e-01 7.244122028350830078e-01 -8.043689727783203125e-01 9.667736887931823730e-01 -1.016601547598838806e-02
1.390904784202575684e+00 1.072593808174133301e+00 -1.266131281852722168e+00 2.259513549506664276e-02 -1.678068935871124268e-02 3.523678779602050781e-01 6.698940396308898926e-01 -8.129932284355163574e-01 9.996969103813171387e-01 -6.319057941436767578e-02
1.390434980392456055e+00 1.074066519737243652e+00 -1.265498518943786621e+00 2.360130660235881805e-02 -1.879017055034637451e-02 3.551620244979858398e-01 6.770912408828735352e-01 -8.185214400291442871e-01 1.005127072334289551e+00 -6.924840807914733887e-02
1.401698231697082520e+00 1.057511091232299805e+00 -1.260923624038696289e+00 3.443898260593414307e-02 -1.785092055797576904e-02 3.602797985076904297e-01 6.839199066162109375e-01 -8.276351094245910645e-01 1.031359076499938965e+00 -7.290345430374145508e-02
1.399537205696105957e+00 1.061094641685485840e+00 -1.255025148391723633e+00 3.838117420673370361e-02 -2.090261876583099365e-02 3.652128577232360840e-01 6.971914768218994141e-01 -8.232655525207519531e-01 1.018469333648681641e+00 -7.791882753372192383e-02
1.395676493644714355e+00 1.055098772048950195e+00 -1.260165452957153320e+00 3.320842981338500977e-02 -1.093702018260955811e-02 3.546161651611328125e-01 6.809620261192321777e-01 -8.233401179313659668e-01 1.024973511695861816e+00 -7.258147001266479492e-02
1.396214604377746582e+00 1.055125117301940918e+00 -1.270944952964782715e+00 3.409250080585479736e-02 -1.677452027797698975e-02 3.501932024955749512e-01 6.783946752548217773e-01 -8.244338631629943848e-01 1.013339996337890625e+00 -8.452388644218444824e-02
1.407689571380615234e+00 1.047681808471679688e+00 -1.264659523963928223e+00 3.465330600738525391e-02 -2.655605971813201904e-02 3.645111322402954102e-01 6.789364218711853027e-01 -8.270466923713684082e-01 1.015969514846801758e+00 -8.913594484329223633e-02
1.410933971405029297e+00 1.060196161270141602e+00 -1.283051729202270508e+00 4.272088408470153809e-02 -3.144846856594085693e-02 3.575993180274963379e-01 6.782583594322204590e-01 -8.343482017517089844e-01 1.000175714492797852e+00 -8.012741804122924805e-02
1.414794564247131348e+00 1.069927453994750977e+00 -1.275802969932556152e+00 -4.849755205214023590e-03 1.827521622180938721e-02 4.195504784584045410e-01 6.154314875602722168e-01 -8.506577014923095703e-01 9.815347790718078613e-01 -1.195746660232543945e-01
1.356424450874328613e+00 9.594126343727111816e-01 -8.418307304382324219e-01 -1.741620898246765137e-01 6.785797476768493652e-01 1.755457878112792969e+00 2.271037101745605469e-01 -6.503369808197021484e-01 9.967899918556213379e-01 -9.697848558425903320e-02
1.137855410575866699e+00 7.372770905494689941e-01 -1.048068165779113770e+00 7.609018683433532715e-02 1.343469142913818359e+00 1.441633850336074829e-01 -5.109185576438903809e-01 -7.195863723754882812e-01 1.315530538558959961e+00 -9.808417409658432007e-03
1.079388737678527832e+00 6.414184570312500000e-01 -7.632023692131042480e-01 6.859141588211059570e-02 1.321634769439697266e+00 -4.327042400836944580e-02 -9.291164278984069824e-01 -7.894470691680908203e-01 1.242614746093750000e+00 5.310148373246192932e-02
1.088314771652221680e+00 6.368445158004760742e-01 -7.615023851394653320e-01 7.472051680088043213e-02 1.321266531944274902e+00 -3.937400877475738525e-02 -9.348190426826477051e-01 -7.903015613555908203e-01 1.253317713737487793e+00 5.927449837327003479e-02
1.085419178009033203e+00 6.336968541145324707e-01 -7.561290264129638672e-01 6.583544611930847168e-02 1.305330514907836914e+00 -4.118652641773223877e-02 -9.353461265563964844e-01 -7.859694957733154297e-01 1.234383463859558105e+00 6.003719940781593323e-02
1.077451825141906738e+00 6.391323804855346680e-01 -7.660282850265502930e-01 6.683711707592010498e-02 1.309756994247436523e+00 -4.327823221683502197e-02 -9.315146803855895996e-01 -7.954183220863342285e-01 1.237817287445068359e+00 5.633312836289405823e-02
1.083767414093017578e+00 6.351643204689025879e-01 -7.560281753540039062e-01 6.107247620820999146e-02 1.319246649742126465e+00 -3.791631758213043213e-02 -9.354823827743530273e-01 -7.872275710105895996e-01 1.230931639671325684e+00 6.402313709259033203e-02
1.081351876258850098e+00 6.309573650360107422e-01 -7.573075294494628906e-01 6.452332437038421631e-02 1.316011428833007812e+00 -4.036499559879302979e-02 -9.403830170631408691e-01 -7.922381758689880371e-01 1.240900516510009766e+00 5.365294590592384338e-02
1.081714153289794922e+00 6.237670779228210449e-01 -7.576718330383300781e-01 5.095859616994857788e-02 1.304566979408264160e+00 -4.355062544345855713e-02 -9.306331276893615723e-01 -7.789770960807800293e-01 1.234548449516296387e+00 5.038643255829811096e-02
1.175665259361267090e+00 4.195327758789062500e-01 -3.557813465595245361e-01 -7.539995014667510986e-02 1.024854779243469238e+00 5.191792249679565430e-01 -5.727463364601135254e-01 -4.304995238780975342e-01 1.434568285942077637e+00 2.338697314262390137e-01
1.483726143836975098e+00 1.213586568832397461e+00 -1.581729203462600708e-01 -1.473141908645629883e-01 1.163136959075927734e+00 1.086748003959655762e+00 -6.784315109252929688e-01 -6.037904024124145508e-01 1.215180516242980957e+00 1.331536769866943359e-01
1.493005633354187012e+00 1.234452366828918457e+00 -1.454006284475326538e-01 -1.591933965682983398e-01 1.164231777191162109e+00 1.114343047142028809e+00 -6.878278851509094238e-01 -5.870031118392944336e-01 1.179698824882507324e+00 1.372801661491394043e-01
1.486201286315917969e+00 1.248459815979003906e+00 -1.457882672548294067e-01 -1.533789336681365967e-01 1.163858532905578613e+00 1.118228554725646973e+00 -6.881976723670959473e-01 -5.976560711860656738e-01 1.170558452606201172e+00 1.389318108558654785e-01
1.491933345794677734e+00 1.245332241058349609e+00 -1.509788483381271362e-01 -1.500165760517120361e-01 1.163415431976318359e+00 1.123544454574584961e+00 -6.977080702781677246e-01 -5.981464982032775879e-01 1.180562376976013184e+00 1.337178945541381836e-01
1.495613694190979004e+00 1.253294229507446289e+00 -1.515508443117141724e-01 -1.587261855602264404e-01 1.176109552383422852e+00 1.100516796112060547e+00 -6.890771389007568359e-01 -5.932785868644714355e-01 1.173266768455505371e+00 1.285327076911926270e-01
1.461804509162902832e+00 1.178691744804382324e+00 -1.841656118631362915e-01 -1.316715180873870850e-01 1.175196766853332520e+00 1.030029058456420898e+00 -6.444367766380310059e-01 -6.263570189476013184e-01 1.243270039558410645e+00 1.351118683815002441e-01
1.831343770027160645e+00 1.459903597831726074e+00 1.341252028942108154e-02 -1.821735501289367676e-01 7.180302739143371582e-01 7.989359498023986816e-01 -7.623363137245178223e-01 -4.105907380580902100e-01 9.168463349342346191e-01 3.801948204636573792e-02
1.758686780929565430e+00 1.243570208549499512e+00 -1.213128864765167236e-02 -7.394504547119140625e-02 5.709918141365051270e-01 2.352461069822311401e-01 -7.723391652107238770e-01 -4.421319067478179932e-01 8.763234019279479980e-01 -4.054542630910873413e-03
1.773212790489196777e+00 1.225480437278747559e+00 -7.071659434586763382e-03 -7.849650084972381592e-02 5.606351494789123535e-01 2.220243662595748901e-01 -7.657207250595092773e-01 -4.233421981334686279e-01 8.854790925979614258e-01 -6.905194371938705444e-03
1.754048109054565430e+00 1.233075618743896484e+00 -1.882825791835784912e-02 -6.866714358329772949e-02 5.561203360557556152e-01 2.224144786596298218e-01 -7.725870013236999512e-01 -4.344674944877624512e-01 8.797355294227600098e-01 2.496544038876891136e-03
1.409747600555419922e+00 6.849871277809143066e-01 -3.038088977336883545e-02 -1.439836174249649048e-01 6.980517506599426270e-01 4.102264344692230225e-02 -8.360934853553771973e-01 -3.984889090061187744e-01 7.204154133796691895e-01 1.839775443077087402e-01
1.394018769264221191e+00 2.819403409957885742e-01 1.019953936338424683e-01 -1.430477201938629150e-01 7.217558026313781738e-01 1.079866141080856323e-01 -1.149509072303771973e+00 -5.492853522300720215e-01 6.401539444923400879e-01 2.792560458183288574e-01
1.478574514389038086e+00 4.567588567733764648e-01 1.890618950128555298e-01 -2.182662487030029297e-01 6.692262291908264160e-01 1.289114207029342651e-01 -1.342723608016967773e+00 -5.295851826667785645e-01 5.205855369567871094e-01 2.951467037200927734e-01
1.486091256141662598e+00 4.750351905822753906e-01 1.984144598245620728e-01 -2.267354428768157959e-01 6.618609428405761719e-01 1.384472697973251343e-01 -1.347526669502258301e+00 -5.485829114913940430e-01 5.189912915229797363e-01 2.982952594757080078e-01
