2.516392171382904053e-01 3.635979294776916504e-01 -2.378793507814407349e-01 -2.811488211154937744e-01 -1.428262740373611450e-01 4.866509139537811279e-02 7.727866768836975098e-01 -9.955764412879943848e-01 4.457063972949981689e-02 -2.529968619346618652e-01
2.517198920249938965e-01 3.634330630302429199e-01 -2.376317232847213745e-01 -2.678505480289459229e-01 -1.414514631032943726e-01 4.524843394756317139e-02 7.752252221107482910e-01 -9.990220665931701660e-01 5.384507775306701660e-02 -2.520893812179565430e-01
1.979880779981613159e-01 3.267751932144165039e-01 -2.019179910421371460e-01 -2.693252563476562500e-01 -1.575713008642196655e-01 8.810685575008392334e-02 1.000830411911010742e+00 -9.754103422164916992e-01 1.271303743124008179e-01 -1.636975407600402832e-01
2.595296800136566162e-01 5.738944411277770996e-01 -1.983810514211654663e-01 -2.218519151210784912e-01 4.484042990952730179e-03 2.413778752088546753e-01 1.089038610458374023e+00 -9.972309470176696777e-01 4.002337157726287842e-01 -4.052139520645141602e-01
3.815164566040039062e-01 7.856047153472900391e-01 -2.359669655561447144e-01 -1.805065423250198364e-01 4.474608600139617920e-02 3.131290078163146973e-01 8.884492516517639160e-01 -9.741474986076354980e-01 5.257622599601745605e-01 -6.140006780624389648e-01
4.182085096836090088e-01 8.640400171279907227e-01 -2.755792140960693359e-01 -1.659789681434631348e-01 1.386083513498306274e-01 3.487102389335632324e-01 8.685072660446166992e-01 -1.015810251235961914e+00 5.540305972099304199e-01 -7.034665346145629883e-01
4.186239540576934814e-01 8.866484165191650391e-01 -2.858209311962127686e-01 -1.813987046480178833e-01 1.486012190580368042e-01 3.646262884140014648e-01 8.689460158348083496e-01 -1.018080353736877441e+00 5.605118274688720703e-01 -7.070617079734802246e-01
4.217398762702941895e-01 8.831965923309326172e-01 -2.826868891716003418e-01 -1.848029941320419312e-01 1.619400829076766968e-01 3.526077270507812500e-01 8.581208586692810059e-01 -1.024359345436096191e+00 5.541684031486511230e-01 -7.314140200614929199e-01
4.084908664226531982e-01 8.885599374771118164e-01 -2.787371873855590820e-01 -1.855317503213882446e-01 1.435656100511550903e-01 3.518301248550415039e-01 8.551549315452575684e-01 -1.027534604072570801e+00 5.409221649169921875e-01 -7.077923417091369629e-01
4.059909284114837646e-01 8.862209320068359375e-01 -2.762814462184906006e-01 -1.821311563253402710e-01 1.518611758947372437e-01 3.360339999198913574e-01 8.467438220977783203e-01 -1.016285896301269531e+00 5.352709889411926270e-01 -6.966751813888549805e-01
4.055644273757934570e-01 8.843448758125305176e-01 -2.746433317661285400e-01 -1.859174668788909912e-01 1.467307358980178833e-01 3.403111100196838379e-01 8.601158261299133301e-01 -1.033954024314880371e+00 5.397000908851623535e-01 -7.079530954360961914e-01
4.046513736248016357e-01 8.758342266082763672e-01 -2.783826291561126709e-01 -2.025610804557800293e-01 1.520362347364425659e-01 3.399664759635925293e-01 8.600321412086486816e-01 -1.030665040016174316e+00 5.343738198280334473e-01 -7.082968354225158691e-01
4.031597971916198730e-01 8.802105188369750977e-01 -2.758759856224060059e-01 -1.985484063625335693e-01 1.531506627798080444e-01 3.504969477653503418e-01 8.561565876007080078e-01 -1.028286814689636230e+00 5.375968217849731445e-01 -7.064942717552185059e-01
4.269801974296569824e-01 8.551639318466186523e-01 -2.787377834320068359e-01 -1.805019080638885498e-01 1.234530955553054810e-01 3.127443194389343262e-01 8.374773263931274414e-01 -9.796580672264099121e-01 5.169756412506103516e-01 -7.192739844322204590e-01
6.031528711318969727e-01 9.660604000091552734e-01 -3.177304267883300781e-01 -3.054385483264923096e-01 4.553009867668151855e-01 1.045997381210327148e+00 5.741372108459472656e-01 -8.317360877990722656e-01 5.272628068923950195e-01 -9.361180067062377930e-01
3.298453688621520996e-01 4.675059914588928223e-01 -4.198378324508666992e-01 -5.467748641967773438e-02 1.044472694396972656e+00 2.476196736097335815e-01 1.555100083351135254e-01 -7.960216403007507324e-01 9.890383481979370117e-01 -5.712412595748901367e-01
3.339391350746154785e-01 3.854073286056518555e-01 -3.113871216773986816e-01 -4.814323782920837402e-02 1.188926458358764648e+00 -3.106795065104961395e-02 -4.592196345329284668e-01 -9.699573516845703125e-01 8.807381987571716309e-01 -5.424562692642211914e-01
3.293071985244750977e-01 3.829455375671386719e-01 -2.924302220344543457e-01 -2.537414617836475372e-02 1.193477153778076172e+00 -5.464537441730499268e-02 -4.820920228958129883e-01 -9.935545325279235840e-01 8.742755055427551270e-01 -5.287734866142272949e-01
3.413115143775939941e-01 3.837424516677856445e-01 -2.945848405361175537e-01 -3.282074630260467529e-02 1.190853834152221680e+00 -5.603398382663726807e-02 -4.913071393966674805e-01 -9.754189848899841309e-01 8.768158555030822754e-01 -5.267581343650817871e-01
3.421374559402465820e-01 3.861773014068603516e-01 -2.898179590702056885e-01 -2.903375215828418732e-02 1.201739549636840820e+00 -5.320324003696441650e-02 -4.875431656837463379e-01 -9.865466356277465820e-01 8.760545849800109863e-01 -5.230343937873840332e-01
3.368228673934936523e-01 3.813143968582153320e-01 -2.896851301193237305e-01 -3.231452405452728271e-02 1.182976007461547852e+00 -5.918385088443756104e-02 -4.765135049819946289e-01 -9.764844179153442383e-01 8.716036677360534668e-01 -5.206986069679260254e-01
3.280218839645385742e-01 3.789405822753906250e-01 -2.877400815486907959e-01 -3.204204142093658447e-02 1.187479496002197266e+00 -6.091625988483428955e-02 -4.845969676971435547e-01 -9.809798598289489746e-01 8.695192933082580566e-01 -5.253220200538635254e-01
3.333411216735839844e-01 3.831861019134521484e-01 -2.914772927761077881e-01 -2.404928393661975861e-02 1.188903093338012695e+00 -5.423451960086822510e-02 -4.838315844535827637e-01 -9.924667477607727051e-01 8.760954737663269043e-01 -5.250402688980102539e-01
4.080542325973510742e-01 4.229433536529541016e-01 -1.503869742155075073e-01 -9.842973947525024414e-02 1.129882574081420898e+00 2.141617983579635620e-01 -1.006799340248107910e-01 -7.031322717666625977e-01 1.044280290603637695e+00 -3.931167125701904297e-01
6.008026003837585449e-01 8.453861474990844727e-01 2.081655412912368774e-01 -2.106957435607910156e-01 1.286093950271606445e+00 7.685557007789611816e-01 -1.888200640678405762e-01 -7.977556586265563965e-01 9.572939276695251465e-01 -6.013579964637756348e-01
6.092894673347473145e-01 8.595705032348632812e-01 2.197131067514419556e-01 -2.445259094238281250e-01 1.291434764862060547e+00 7.959949374198913574e-01 -2.174888253211975098e-01 -7.766156196594238281e-01 8.889690041542053223e-01 -6.260308623313903809e-01
6.180550456047058105e-01 8.650890588760375977e-01 2.170373350381851196e-01 -2.384324669837951660e-01 1.281520843505859375e+00 8.046293258666992188e-01 -2.128946185111999512e-01 -7.879460453987121582e-01 8.995732665061950684e-01 -6.204242706298828125e-01
6.174451708793640137e-01 8.658401966094970703e-01 2.179594188928604126e-01 -2.283481061458587646e-01 1.290945649147033691e+00 8.083907961845397949e-01 -2.081125378608703613e-01 -7.778291106224060059e-01 8.973229527473449707e-01 -6.221039295196533203e-01
6.172514557838439941e-01 8.665287494659423828e-01 2.143095284700393677e-01 -2.351595461368560791e-01 1.290143251419067383e+00 8.033710718154907227e-01 -2.051707506179809570e-01 -7.678251862525939941e-01 8.991419672966003418e-01 -6.188382506370544434e-01
6.157012581825256348e-01 8.714869618415832520e-01 2.147015482187271118e-01 -2.369101345539093018e-01 1.290786743164062500e+00 8.073301911354064941e-01 -2.144634127616882324e-01 -7.850559949874877930e-01 8.916054368019104004e-01 -6.207017898559570312e-01
7.633492946624755859e-01 1.009724736213684082e+00 3.184773325920104980e-01 -3.005464375019073486e-01 1.088634133338928223e+00 7.932437062263488770e-01 -2.919442653656005859e-01 -6.670848131179809570e-01 6.615575551986694336e-01 -7.678185105323791504e-01
6.341742873191833496e-01 9.697388410568237305e-01 3.276433348655700684e-01 -1.802183985710144043e-01 7.477348446846008301e-01 1.278863698244094849e-01 -1.817604303359985352e-01 -8.005544543266296387e-01 6.055054664611816406e-01 -7.545694708824157715e-01
6.325953006744384766e-01 9.452171325683593750e-01 3.410475850105285645e-01 -1.705869436264038086e-01 7.260349392890930176e-01 1.016435772180557251e-01 -1.932902336120605469e-01 -7.672511935234069824e-01 5.839875340461730957e-01 -7.512397170066833496e-01
6.349868178367614746e-01 9.473322629928588867e-01 3.323804736137390137e-01 -1.716714203357696533e-01 7.202569842338562012e-01 1.014753431081771851e-01 -1.892452836036682129e-01 -7.684738039970397949e-01 5.909272432327270508e-01 -7.444409132003784180e-01
3.894590139389038086e-01 6.050018072128295898e-01 3.256484270095825195e-01 -2.155699282884597778e-01 7.706404328346252441e-01 -3.063206188380718231e-02 -2.359810471534729004e-01 -7.877702116966247559e-01 4.712793231010437012e-01 -4.536797404289245605e-01
3.659036755561828613e-01 2.741975784301757812e-01 3.781215548515319824e-01 -2.668245136737823486e-01 8.843364119529724121e-01 2.412896044552326202e-02 -4.602873325347900391e-01 -8.629376888275146484e-01 3.591478466987609863e-01 -3.158355355262756348e-01
4.640396237373352051e-01 3.395401239395141602e-01 4.982568025588989258e-01 -3.294892013072967529e-01 8.475347161293029785e-01 4.652021825313568115e-02 -6.238801479339599609e-01 -9.849693179130554199e-01 2.903151512145996094e-01 -3.077000379562377930e-01
5.021476745605468750e-01 3.342434167861938477e-01 4.975550174713134766e-01 -3.047573566436767578e-01 8.087171912193298340e-01 8.546762168407440186e-02 -6.612165570259094238e-01 -1.022898674011230469e+00 3.128203153610229492e-01 -3.483279347419738770e-01
