9.633398056030273438e-01 4.526323676109313965e-01 -1.262066483497619629e+00 7.076004892587661743e-02 -2.439670413732528687e-01 6.226329505443572998e-02 4.381617307662963867e-01 -5.592325329780578613e-01 2.159457951784133911e-01 4.877730309963226318e-01
9.618601202964782715e-01 4.483739137649536133e-01 -1.258537769317626953e+00 6.196948885917663574e-02 -2.519360780715942383e-01 6.383864581584930420e-02 4.371044635772705078e-01 -5.647214651107788086e-01 2.102904915809631348e-01 4.914538264274597168e-01
8.920558691024780273e-01 4.067957401275634766e-01 -1.183571815490722656e+00 4.181852936744689941e-02 -2.726997733116149902e-01 9.918831288814544678e-02 6.378152966499328613e-01 -5.615876317024230957e-01 2.815279662609100342e-01 5.348129272460937500e-01
9.103897809982299805e-01 6.743966341018676758e-01 -1.116482138633728027e+00 1.013908833265304565e-01 -1.396348029375076294e-01 2.482666224241256714e-01 9.253969788551330566e-01 -5.644122362136840820e-01 6.418266296386718750e-01 3.722814023494720459e-01
1.184349894523620605e+00 1.061905264854431152e+00 -1.167192101478576660e+00 1.414813101291656494e-01 -3.455738723278045654e-02 3.458433747291564941e-01 6.311597228050231934e-01 -5.539633035659790039e-01 8.003361821174621582e-01 1.611043512821197510e-01
1.285665869712829590e+00 1.176236867904663086e+00 -1.252432346343994141e+00 1.431030184030532837e-01 6.063933670520782471e-02 3.521579504013061523e-01 6.133646368980407715e-01 -5.556693077087402344e-01 8.577741980552673340e-01 6.000802293419837952e-02
1.273494362831115723e+00 1.183719873428344727e+00 -1.234404206275939941e+00 1.179129928350448608e-01 7.484407722949981689e-02 3.894155025482177734e-01 6.120223402976989746e-01 -5.645238757133483887e-01 8.705961108207702637e-01 6.763553619384765625e-02
1.288793921470642090e+00 1.182340979576110840e+00 -1.250173449516296387e+00 1.282040178775787354e-01 8.196987211704254150e-02 3.882801532745361328e-01 6.080525517463684082e-01 -5.711578726768493652e-01 8.770232796669006348e-01 5.481666699051856995e-02
1.292367339134216309e+00 1.184525489807128906e+00 -1.247702002525329590e+00 1.231116801500320435e-01 9.328790009021759033e-02 3.837817609310150146e-01 6.119851469993591309e-01 -5.610761046409606934e-01 8.731256127357482910e-01 4.953354969620704651e-02
1.306147694587707520e+00 1.201704621315002441e+00 -1.250335216522216797e+00 9.037005901336669922e-02 1.277326494455337524e-01 4.748235940933227539e-01 5.504748225212097168e-01 -5.687764286994934082e-01 8.554479479789733887e-01 1.309535279870033264e-02
1.280247807502746582e+00 1.094432830810546875e+00 -8.371819257736206055e-01 -9.959465265274047852e-02 7.824254631996154785e-01 1.725922584533691406e+00 1.861808896064758301e-01 -3.494506776332855225e-01 8.820634484291076660e-01 -2.063703164458274841e-02
1.088835358619689941e+00 7.734802961349487305e-01 -1.066688656806945801e+00 1.316861510276794434e-01 1.388597965240478516e+00 1.852256506681442261e-01 -4.905409812927246094e-01 -4.395684301853179932e-01 1.269916653633117676e+00 7.777813822031021118e-03
1.033762812614440918e+00 6.649026870727539062e-01 -7.631142139434814453e-01 1.403380632400512695e-01 1.369954824447631836e+00 -2.265853993594646454e-02 -9.623954296112060547e-01 -5.610231757164001465e-01 1.190371274948120117e+00 1.044373512268066406e-01
1.038995027542114258e+00 6.634200811386108398e-01 -7.609758377075195312e-01 1.384261101484298706e-01 1.369925379753112793e+00 -2.209193818271160126e-02 -9.599094390869140625e-01 -5.485783219337463379e-01 1.188382267951965332e+00 1.032011508941650391e-01
1.026130914688110352e+00 6.636004447937011719e-01 -7.569541931152343750e-01 1.470544189214706421e-01 1.366571664810180664e+00 -2.787239663302898407e-02 -9.571424722671508789e-01 -5.503728389739990234e-01 1.191247701644897461e+00 1.022176742553710938e-01
1.027522921562194824e+00 6.654129028320312500e-01 -7.599678039550781250e-01 1.403141319751739502e-01 1.362136363983154297e+00 -2.237076871097087860e-02 -9.495058655738830566e-01 -5.578593015670776367e-01 1.192134380340576172e+00 1.042354702949523926e-01
1.290814876556396484e+00 8.345066308975219727e-01 -2.469106465578079224e-01 3.613902628421783447e-02 1.200343847274780273e+00 7.699460387229919434e-01 -5.261661410331726074e-01 -4.010290801525115967e-01 1.527534365653991699e+00 2.009896039962768555e-01
1.404370903968811035e+00 1.205078363418579102e+00 -1.610357016324996948e-01 -4.292044043540954590e-02 1.197267770767211914e+00 1.150981664657592773e+00 -6.815028786659240723e-01 -3.391516208648681641e-01 1.155988097190856934e+00 1.732053160667419434e-01
1.396563768386840820e+00 1.209079861640930176e+00 -1.690178364515304565e-01 -4.567241668701171875e-02 1.204911470413208008e+00 1.151530981063842773e+00 -6.870897412300109863e-01 -3.438233435153961182e-01 1.152803063392639160e+00 1.658683419227600098e-01
1.401399493217468262e+00 1.201218724250793457e+00 -1.718773692846298218e-01 -5.325782299041748047e-02 1.199670672416687012e+00 1.157003402709960938e+00 -6.915405988693237305e-01 -3.431018888950347900e-01 1.145147204399108887e+00 1.568373441696166992e-01
1.389181137084960938e+00 1.168068528175354004e+00 -1.912839561700820923e-01 -3.481984138488769531e-02 1.207802295684814453e+00 1.091460108757019043e+00 -6.585984230041503906e-01 -3.667293488979339600e-01 1.193101763725280762e+00 1.643403768539428711e-01
1.742387413978576660e+00 1.456366419792175293e+00 2.760408818721771240e-02 -4.759714007377624512e-02 7.338081598281860352e-01 8.861002922058105469e-01 -7.667007446289062500e-01 -1.703972071409225464e-01 8.682976365089416504e-01 1.122062206268310547e-01
1.660653829574584961e+00 1.271833777427673340e+00 1.163770258426666260e-02 1.624683849513530731e-02 5.988666415214538574e-01 2.844416499137878418e-01 -7.604939341545104980e-01 -2.057100087404251099e-01 8.364403247833251953e-01 8.032780885696411133e-02
1.514929294586181641e+00 1.044809818267822266e+00 2.893702685832977295e-02 2.726733498275279999e-02 6.324809193611145020e-01 2.109569758176803589e-01 -8.080251812934875488e-01 -2.845750153064727783e-01 7.702237963676452637e-01 1.628973484039306641e-01
1.263479590415954590e+00 2.819477319717407227e-01 6.884057819843292236e-02 -5.927122384309768677e-02 8.261128664016723633e-01 1.429390758275985718e-01 -1.093725919723510742e+00 -2.456890195608139038e-01 5.999202132225036621e-01 3.275991082191467285e-01
1.334418177604675293e+00 4.870294928550720215e-01 2.106885462999343872e-01 -1.960663199424743652e-01 7.368260025978088379e-01 2.143903821706771851e-01 -1.374656081199645996e+00 -3.898820579051971436e-01 4.641512334346771240e-01 3.517645597457885742e-01
