4.382811486721038818e-01 -1.226235926151275635e-02 3.768225610256195068e-01 -9.222742915153503418e-02 -3.109441697597503662e-01 8.059303462505340576e-02 7.958962917327880859e-01 -9.060091376304626465e-01 5.156792700290679932e-02 -1.021791577339172363e+00
4.521773457527160645e-01 -1.196636259555816650e-02 3.780327141284942627e-01 -7.619526982307434082e-02 -3.051856458187103271e-01 6.407742202281951904e-02 7.962027192115783691e-01 -9.081106781959533691e-01 5.132387578487396240e-02 -1.009501218795776367e+00
3.569152057170867920e-01 -3.013373911380767822e-02 4.020369648933410645e-01 -7.691758871078491211e-02 -3.537406325340270996e-01 1.223747283220291138e-01 1.048759222030639648e+00 -8.447099924087524414e-01 1.431342065334320068e-01 -8.592460751533508301e-01
4.360451102256774902e-01 2.077180594205856323e-01 2.318654507398605347e-01 -4.930463433265686035e-02 -1.495068371295928955e-01 3.713600039482116699e-01 1.151876449584960938e+00 -9.091331362724304199e-01 4.670611321926116943e-01 -1.234137892723083496e+00
5.481753349304199219e-01 3.516354560852050781e-01 1.747456938028335571e-01 2.374454168602824211e-03 -6.239300966262817383e-02 4.603276848793029785e-01 9.226555228233337402e-01 -8.978946208953857422e-01 5.874682068824768066e-01 -1.569835662841796875e+00
5.598852634429931641e-01 4.077270627021789551e-01 1.563811451196670532e-01 -7.633131463080644608e-04 3.452540934085845947e-02 5.084837675094604492e-01 9.360671639442443848e-01 -9.584328532218933105e-01 6.392661929130554199e-01 -1.680801033973693848e+00
5.707958936691284180e-01 4.110648036003112793e-01 1.553796380758285522e-01 -5.404190160334110260e-03 3.953503072261810303e-02 5.202186107635498047e-01 9.366902709007263184e-01 -9.468405842781066895e-01 6.422370076179504395e-01 -1.701682925224304199e+00
5.583893060684204102e-01 4.072085022926330566e-01 1.535981446504592896e-01 -1.508415583521127701e-02 4.405370354652404785e-02 5.102086067199707031e-01 9.401985406875610352e-01 -9.440776705741882324e-01 6.426480412483215332e-01 -1.687212109565734863e+00
5.636305212974548340e-01 4.087419509887695312e-01 1.559164375066757202e-01 -9.318825323134660721e-04 4.327036440372467041e-02 5.174012780189514160e-01 9.390750527381896973e-01 -9.371359944343566895e-01 6.354078650474548340e-01 -1.690439820289611816e+00
5.691508054733276367e-01 4.073690176010131836e-01 1.447713822126388550e-01 -5.231885612010955811e-02 7.773776352405548096e-02 5.929250121116638184e-01 8.783723115921020508e-01 -9.371811747550964355e-01 6.255052089691162109e-01 -1.760623335838317871e+00
5.242525339126586914e-01 3.733757734298706055e-01 -2.487823832780122757e-03 -1.597587466239929199e-01 5.731976628303527832e-01 1.971692442893981934e+00 4.293362498283386230e-01 -8.751139044761657715e-01 7.054821848869323730e-01 -1.650193810462951660e+00
3.180196583271026611e-01 6.198821961879730225e-02 -2.708907127380371094e-01 1.593382656574249268e-01 1.026960134506225586e+00 1.924230903387069702e-01 -3.060829043388366699e-01 -9.119089841842651367e-01 1.092046141624450684e+00 -1.443700194358825684e+00
3.256526887416839600e-01 2.951304614543914795e-02 -1.489994078874588013e-01 1.468925923109054565e-01 1.061397433280944824e+00 4.140995442867279053e-02 -5.140343308448791504e-01 -1.016927480697631836e+00 1.050346493721008301e+00 -1.365224480628967285e+00
3.191226720809936523e-01 3.315834701061248779e-02 -1.475330144166946411e-01 1.531624495983123779e-01 1.070205926895141602e+00 4.125414788722991943e-02 -5.062578320503234863e-01 -1.009447693824768066e+00 1.045748353004455566e+00 -1.364954829216003418e+00
3.324673771858215332e-01 3.211842477321624756e-02 -1.502721756696701050e-01 1.595845520496368408e-01 1.071186065673828125e+00 3.719760477542877197e-02 -5.086949467658996582e-01 -1.016245603561401367e+00 1.059294581413269043e+00 -1.353414416313171387e+00
3.308790922164916992e-01 3.087733685970306396e-02 -1.488778740167617798e-01 1.630798876285552979e-01 1.070345044136047363e+00 3.194837272167205811e-02 -5.087636113166809082e-01 -1.021302700042724609e+00 1.060077786445617676e+00 -1.367056965827941895e+00
6.325094103813171387e-01 3.321664333343505859e-01 3.506615161895751953e-01 7.037922739982604980e-02 1.176261663436889648e+00 8.131984472274780273e-01 -1.115114092826843262e-01 -9.143452048301696777e-01 1.424491763114929199e+00 -1.188623309135437012e+00
6.569610834121704102e-01 4.219559431076049805e-01 4.574888348579406738e-01 -6.399331986904144287e-02 1.185254335403442383e+00 1.137845277786254883e+00 -1.857764124870300293e-01 -9.033120274543762207e-01 1.011949419975280762e+00 -1.372041702270507812e+00
6.618661880493164062e-01 4.287294745445251465e-01 4.546847343444824219e-01 -6.414501368999481201e-02 1.189437389373779297e+00 1.143710970878601074e+00 -1.864734292030334473e-01 -9.024479389190673828e-01 1.006199240684509277e+00 -1.357046723365783691e+00
6.735686659812927246e-01 4.318494796752929688e-01 4.583228230476379395e-01 -6.074064970016479492e-02 1.195077300071716309e+00 1.143936872482299805e+00 -1.792056560516357422e-01 -9.054991006851196289e-01 1.008100867271423340e+00 -1.366202235221862793e+00
6.623057723045349121e-01 4.274137616157531738e-01 4.528821706771850586e-01 -5.105356872081756592e-02 1.190596938133239746e+00 1.124665975570678711e+00 -1.884033083915710449e-01 -8.992790579795837402e-01 9.985370039939880371e-01 -1.355364680290222168e+00
8.474826216697692871e-01 5.458828210830688477e-01 6.638867259025573730e-01 -1.974839158356189728e-02 7.159946560859680176e-01 7.666146755218505859e-01 -2.076991200447082520e-01 -7.433376312255859375e-01 7.970698475837707520e-01 -1.639970660209655762e+00
7.109879255294799805e-01 5.375094413757324219e-01 6.604536771774291992e-01 2.758019976317882538e-02 5.495926737785339355e-01 2.252721339464187622e-01 -1.557570695877075195e-01 -7.538328766822814941e-01 7.412315011024475098e-01 -1.566940665245056152e+00
4.931471347808837891e-01 3.120015859603881836e-01 6.139805316925048828e-01 2.156912116333842278e-03 5.807397961616516113e-01 9.406585991382598877e-02 -2.319162487983703613e-01 -8.288459181785583496e-01 6.127164363861083984e-01 -1.223561882972717285e+00
4.169320464134216309e-01 2.302204072475433350e-02 7.470184564590454102e-01 -1.588437259197235107e-01 8.719658255577087402e-01 5.043368041515350342e-02 -4.068594574928283691e-01 -7.695093750953674316e-01 3.293148279190063477e-01 -7.928268313407897949e-01
5.002467036247253418e-01 6.445311009883880615e-02 9.293797612190246582e-01 -2.093608826398849487e-01 7.701163887977600098e-01 1.545370668172836304e-01 -6.260107159614562988e-01 -1.058863639831542969e+00 2.604293525218963623e-01 -8.109875321388244629e-01
