4.572126269340515137e-01 -5.358101427555084229e-02 2.545172274112701416e-01 8.574156463146209717e-02 -2.155972868204116821e-01 -5.794940888881683350e-02 8.250571489334106445e-01 -1.080744385719299316e+00 1.051337569952011108e-01 -9.892982840538024902e-01
4.479656815528869629e-01 -5.521394312381744385e-02 2.539449036121368408e-01 1.014392971992492676e-01 -2.278962135314941406e-01 -7.095731794834136963e-02 8.429120182991027832e-01 -1.051619648933410645e+00 9.867176413536071777e-02 -9.881862998008728027e-01
3.910361230373382568e-01 -2.528538107872009277e-01 3.812828958034515381e-01 8.677572011947631836e-02 -3.175183832645416260e-01 -4.322303924709558487e-03 9.709966182708740234e-01 -1.050598025321960449e+00 -7.588593661785125732e-02 -7.194328308105468750e-01
7.955822944641113281e-01 -6.943793296813964844e-01 3.188756406307220459e-01 1.407685782760381699e-02 -2.348849475383758545e-01 9.568236768245697021e-02 1.357765555381774902e+00 -1.258491754531860352e+00 -1.288853734731674194e-01 -4.305922091007232666e-01
8.158516287803649902e-01 -7.975954413414001465e-01 3.321305513381958008e-01 1.006129290908575058e-02 -2.764981687068939209e-01 1.848777979612350464e-01 1.424753785133361816e+00 -1.271274566650390625e+00 -1.918815225362777710e-01 -3.369507491588592529e-01
8.001645207405090332e-01 -8.293610811233520508e-01 3.285324275493621826e-01 5.114296078681945801e-02 -3.109323084354400635e-01 1.943488568067550659e-01 1.491332292556762695e+00 -1.244432926177978516e+00 -2.116749286651611328e-01 -2.981299757957458496e-01
8.055527210235595703e-01 -8.295309543609619141e-01 3.155601322650909424e-01 6.368091702461242676e-02 -3.125441968441009521e-01 1.782579869031906128e-01 1.488324284553527832e+00 -1.250696659088134766e+00 -2.095193415880203247e-01 -3.027147054672241211e-01
8.080217242240905762e-01 -8.237480521202087402e-01 3.099534511566162109e-01 5.962958931922912598e-02 -3.014209568500518799e-01 1.801475733518600464e-01 1.500069379806518555e+00 -1.239968776702880859e+00 -2.101586908102035522e-01 -3.029613494873046875e-01
7.976455688476562500e-01 -8.225483894348144531e-01 3.244670629501342773e-01 6.390956044197082520e-02 -3.045064210891723633e-01 1.687599867582321167e-01 1.496889710426330566e+00 -1.251962184906005859e+00 -2.091336697340011597e-01 -2.971102297306060791e-01
7.844554781913757324e-01 -8.160148859024047852e-01 3.210265934467315674e-01 1.162496116012334824e-02 -2.495478838682174683e-01 2.102227658033370972e-01 1.513620972633361816e+00 -1.262544393539428711e+00 -1.697103381156921387e-01 -3.264875411987304688e-01
3.086206912994384766e-01 -1.028223514556884766e+00 1.886793226003646851e-01 1.839441955089569092e-01 -1.700131595134735107e-02 4.704236984252929688e-01 1.663598060607910156e+00 -1.108799695968627930e+00 -1.506276279687881470e-01 -4.025660157203674316e-01
1.020919680595397949e+00 -1.098960161209106445e+00 3.365580737590789795e-02 -7.444038987159729004e-02 8.316900730133056641e-01 2.126501649618148804e-01 1.039799451828002930e+00 -4.687786400318145752e-01 -5.778155922889709473e-01 -1.016476988792419434e+00
1.042430043220520020e+00 -9.514526724815368652e-01 9.587396681308746338e-02 -2.363816089928150177e-02 9.644082188606262207e-01 2.013455480337142944e-01 8.660591840744018555e-01 -3.744296133518218994e-01 -7.304185032844543457e-01 -1.008083939552307129e+00
1.034786224365234375e+00 -9.340192079544067383e-01 1.150892525911331177e-01 -1.611069031059741974e-02 9.828444123268127441e-01 2.008635848760604858e-01 8.712936043739318848e-01 -3.557491004467010498e-01 -7.204146981239318848e-01 -9.916257262229919434e-01
1.032487034797668457e+00 -9.302682876586914062e-01 1.110420972108840942e-01 -2.204463072121143341e-02 9.780150651931762695e-01 2.029867023229598999e-01 8.706497550010681152e-01 -3.574279844760894775e-01 -7.207450270652770996e-01 -9.931128621101379395e-01
1.019888401031494141e+00 -9.560728669166564941e-01 8.499865233898162842e-02 -3.834137320518493652e-02 9.582909941673278809e-01 1.846050471067428589e-01 8.411023020744323730e-01 -3.903575241565704346e-01 -7.502719759941101074e-01 -1.020172357559204102e+00
3.562625944614410400e-01 -1.388740658760070801e+00 2.332629710435867310e-01 -4.348070360720157623e-03 7.866114974021911621e-01 7.869033515453338623e-02 1.219253420829772949e+00 -3.960857689380645752e-01 -8.541609644889831543e-01 -2.107352614402770996e-01
3.238954544067382812e-01 -1.348535060882568359e+00 2.955313324928283691e-01 4.209896922111511230e-02 8.003712892532348633e-01 8.581860363483428955e-02 1.250539660453796387e+00 -4.390097558498382568e-01 -8.106876015663146973e-01 -7.930356264114379883e-02
3.167682886123657227e-01 -1.345093965530395508e+00 3.066342175006866455e-01 4.166188836097717285e-02 8.040271401405334473e-01 8.203707635402679443e-02 1.245248913764953613e+00 -4.381805360317230225e-01 -8.076483607292175293e-01 -6.733793020248413086e-02
3.187611997127532959e-01 -1.347924470901489258e+00 2.946454584598541260e-01 3.741976618766784668e-02 8.003091812133789062e-01 8.329333364963531494e-02 1.247908592224121094e+00 -4.292157590389251709e-01 -8.153017163276672363e-01 -6.905066967010498047e-02
3.186319470405578613e-01 -1.289371252059936523e+00 3.100722134113311768e-01 -1.451990101486444473e-02 7.998909354209899902e-01 9.466676414012908936e-02 1.226580739021301270e+00 -4.030265510082244873e-01 -7.692248821258544922e-01 -7.850050926208496094e-02
7.465199232101440430e-01 -1.212740182876586914e+00 1.206831783056259155e-01 -6.983378529548645020e-02 8.049476146697998047e-01 1.832096464931964874e-02 9.401483535766601562e-01 -4.121319949626922607e-01 -1.120498418807983398e+00 -8.539408445358276367e-02
8.944815397262573242e-01 -1.166804790496826172e+00 8.201627433300018311e-02 -1.181542575359344482e-01 7.795034050941467285e-01 -1.350565068423748016e-02 8.501755595207214355e-01 -4.296366274356842041e-01 -1.217294931411743164e+00 -7.504379749298095703e-02
8.270632028579711914e-01 -8.398911356925964355e-01 8.260558545589447021e-02 -2.246131002902984619e-01 9.860886335372924805e-01 -1.318903081119060516e-02 7.266668677330017090e-01 -2.896200120449066162e-01 -1.081837654113769531e+00 -2.178601026535034180e-01
5.103254318237304688e-01 -5.760243535041809082e-01 1.709445267915725708e-01 -7.022285461425781250e-02 1.271087884902954102e+00 -1.069726496934890747e-01 6.792531609535217285e-01 -1.176826208829879761e-01 -9.044674634933471680e-01 -3.354435563087463379e-01
4.760830998420715332e-01 -6.141667366027832031e-01 1.831326037645339966e-01 -1.485821306705474854e-01 1.330033898353576660e+00 -1.461274474859237671e-01 5.130887031555175781e-01 -1.767923086881637573e-01 -9.857844710350036621e-01 -2.025020718574523926e-01
