6.082863807678222656e-01 -3.890587687492370605e-01 1.911753863096237183e-01 1.360743492841720581e-01 -3.702524900436401367e-01 7.328852079808712006e-04 4.654647111892700195e-01 -6.673896908760070801e-01 3.444211483001708984e-01 -6.188678741455078125e-01
6.369994878768920898e-01 -4.218399524688720703e-01 1.147057563066482544e-01 1.964306831359863281e-01 -4.073327481746673584e-01 -9.746904671192169189e-02 4.741628170013427734e-01 -6.526299118995666504e-01 3.608116805553436279e-01 -6.367749571800231934e-01
5.958136320114135742e-01 -4.634968042373657227e-01 1.918664425611495972e-01 1.613090038299560547e-01 -4.008707106113433838e-01 1.471786387264728546e-02 4.760852456092834473e-01 -6.765228509902954102e-01 3.219588100910186768e-01 -5.566284060478210449e-01
4.802670478820800781e-01 -4.428996443748474121e-01 1.717477887868881226e-01 2.120364159345626831e-01 -4.922506511211395264e-01 1.852427609264850616e-02 4.663231968879699707e-01 -6.527082324028015137e-01 2.794168889522552490e-01 -5.394889712333679199e-01
3.934286832809448242e-01 -4.011337757110595703e-01 1.486841589212417603e-01 2.056201398372650146e-01 -5.475848317146301270e-01 8.360712230205535889e-02 4.729986786842346191e-01 -6.479822397232055664e-01 2.715144455432891846e-01 -5.755756497383117676e-01
4.306231141090393066e-01 -4.580851793289184570e-01 2.274523228406906128e-01 2.470567971467971802e-01 -5.961444973945617676e-01 8.736847341060638428e-02 4.044656753540039062e-01 -6.216228604316711426e-01 2.098683267831802368e-01 -5.450386404991149902e-01
4.809275567531585693e-01 -5.903147459030151367e-01 2.985538840293884277e-01 3.540222048759460449e-01 -6.836336255073547363e-01 4.685358703136444092e-02 3.770382404327392578e-01 -5.704910159111022949e-01 1.021272316575050354e-01 -4.004901647567749023e-01
5.643953680992126465e-01 -6.364406347274780273e-01 2.769552171230316162e-01 2.669930458068847656e-01 -6.222565174102783203e-01 -1.012649089097976685e-01 2.865441441535949707e-01 -6.241970062255859375e-01 8.861587196588516235e-02 -3.122368752956390381e-01
5.968709588050842285e-01 -6.049101948738098145e-01 2.666656970977783203e-01 1.510813832283020020e-01 -5.698721408843994141e-01 -1.001477986574172974e-01 2.333759069442749023e-01 -6.234124302864074707e-01 1.436956971883773804e-01 -3.767633438110351562e-01
6.109341979026794434e-01 -6.081913709640502930e-01 2.556266784667968750e-01 1.576403677463531494e-01 -5.541121959686279297e-01 -1.057525426149368286e-01 2.412926554679870605e-01 -6.342968940734863281e-01 1.456224769353866577e-01 -3.875780403614044189e-01
6.199029088020324707e-01 -6.170825362205505371e-01 2.561495900154113770e-01 1.440328061580657959e-01 -5.626867413520812988e-01 -1.067188531160354614e-01 2.317181825637817383e-01 -6.328215003013610840e-01 1.420512944459915161e-01 -3.842353224754333496e-01
6.135699748992919922e-01 -6.069774031639099121e-01 2.678923010826110840e-01 1.447584331035614014e-01 -5.529871582984924316e-01 -1.107000261545181274e-01 2.229030132293701172e-01 -6.257719397544860840e-01 1.407219022512435913e-01 -3.908092975616455078e-01
6.113287806510925293e-01 -6.118881106376647949e-01 2.693002521991729736e-01 1.387206017971038818e-01 -5.621120333671569824e-01 -1.076803952455520630e-01 2.263587713241577148e-01 -6.188175082206726074e-01 1.367407292127609253e-01 -3.789982795715332031e-01
6.827296614646911621e-01 -8.581312894821166992e-01 2.909983694553375244e-01 3.471686542034149170e-01 -4.619621634483337402e-01 1.349871046841144562e-02 4.511109590530395508e-01 -7.008015513420104980e-01 5.735002458095550537e-02 -2.203841805458068848e-01
1.348913431167602539e+00 -1.147839426994323730e+00 1.910562664270401001e-01 1.849720776081085205e-01 -5.206632614135742188e-01 -9.634907543659210205e-02 -3.324843049049377441e-01 -5.275370478630065918e-01 -1.750717908143997192e-01 -6.290422677993774414e-01
1.336755156517028809e+00 -1.151356339454650879e+00 1.986177116632461548e-01 1.820400655269622803e-01 -5.123205184936523438e-01 -9.353871643543243408e-02 -3.244860172271728516e-01 -5.385099053382873535e-01 -1.773660331964492798e-01 -6.064631342887878418e-01
1.341101288795471191e+00 -1.144942760467529297e+00 2.015116661787033081e-01 1.792329549789428711e-01 -5.171130299568176270e-01 -9.715987741947174072e-02 -3.264493346214294434e-01 -5.453807115554809570e-01 -1.824204772710800171e-01 -6.155788302421569824e-01
1.327965617179870605e+00 -1.138724446296691895e+00 1.969641596078872681e-01 1.685083806514739990e-01 -5.177736878395080566e-01 -9.245385229587554932e-02 -3.316946029663085938e-01 -5.408889651298522949e-01 -1.770897358655929565e-01 -6.075217127799987793e-01
1.332840085029602051e+00 -1.137824535369873047e+00 2.053003460168838501e-01 1.649753451347351074e-01 -5.036171674728393555e-01 -1.000739485025405884e-01 -3.203139305114746094e-01 -5.509020686149597168e-01 -1.633501499891281128e-01 -5.999885201454162598e-01
1.331078171730041504e+00 -1.152009129524230957e+00 2.008175402879714966e-01 1.803966462612152100e-01 -5.040276646614074707e-01 -9.049750864505767822e-02 -3.326188921928405762e-01 -5.423418879508972168e-01 -1.796474009752273560e-01 -6.152384877204895020e-01
1.334421634674072266e+00 -1.149654507637023926e+00 1.920614391565322876e-01 1.779601275920867920e-01 -5.122485160827636719e-01 -9.811528027057647705e-02 -3.320214152336120605e-01 -5.464271903038024902e-01 -1.817656308412551880e-01 -6.175228357315063477e-01
1.339536428451538086e+00 -1.148028969764709473e+00 1.915727406740188599e-01 1.810736954212188721e-01 -5.113861560821533203e-01 -9.637631475925445557e-02 -3.260065913200378418e-01 -5.537467598915100098e-01 -1.665551513433456421e-01 -6.113868355751037598e-01
1.341965436935424805e+00 -1.143332958221435547e+00 2.021663933992385864e-01 1.684345602989196777e-01 -5.024323463439941406e-01 -9.376366436481475830e-02 -3.178983330726623535e-01 -5.366709828376770020e-01 -1.741546541452407837e-01 -6.032105684280395508e-01
2.733641862869262695e-01 -1.211781740188598633e+00 -1.389975994825363159e-01 5.245701670646667480e-01 -6.162337660789489746e-01 -1.487603336572647095e-01 -4.521084427833557129e-01 -5.224985480308532715e-01 -4.800210893154144287e-01 -9.046537876129150391e-01
-2.282305508852005005e-01 -1.069945812225341797e+00 -1.891193538904190063e-01 6.531491875648498535e-01 -5.857998132705688477e-01 6.840346753597259521e-02 1.943723559379577637e-01 -4.464638531208038330e-01 -6.414048075675964355e-01 -6.708583831787109375e-01
-2.427486926317214966e-01 -1.091730356216430664e+00 -1.649111658334732056e-01 6.684724092483520508e-01 -5.906524658203125000e-01 2.511494047939777374e-02 1.550655364990234375e-01 -4.625917971134185791e-01 -6.414999961853027344e-01 -6.676770448684692383e-01
-2.497000396251678467e-01 -1.085733175277709961e+00 -1.611450463533401489e-01 6.721875667572021484e-01 -5.855537652969360352e-01 4.244543612003326416e-02 1.486909389495849609e-01 -4.614966213703155518e-01 -6.558609604835510254e-01 -6.743733286857604980e-01
-2.503973245620727539e-01 -1.080501079559326172e+00 -1.624975651502609253e-01 6.642100811004638672e-01 -5.840995311737060547e-01 3.833161294460296631e-02 1.491950154304504395e-01 -4.606505334377288818e-01 -6.535758972167968750e-01 -6.742826104164123535e-01
-2.510862350463867188e-01 -1.077160596847534180e+00 -1.647321432828903198e-01 6.627170443534851074e-01 -5.875199437141418457e-01 4.290418326854705811e-02 1.500098705291748047e-01 -4.623425900936126709e-01 -6.494202017784118652e-01 -6.754943132400512695e-01
-2.819974422454833984e-01 -9.759755730628967285e-01 -2.094257622957229614e-01 5.842198133468627930e-01 -5.945662856101989746e-01 1.097610443830490112e-01 2.841388583183288574e-01 -4.439372718334197998e-01 -5.979552865028381348e-01 -6.787233948707580566e-01
-4.186368584632873535e-01 -3.653348088264465332e-01 -3.614569902420043945e-01 6.766418814659118652e-01 -5.396494865417480469e-01 3.203020691871643066e-01 6.640225052833557129e-01 -4.012733995914459229e-01 -4.563849866390228271e-01 -9.622450470924377441e-01
-6.172095537185668945e-01 -3.457818627357482910e-01 -3.453198671340942383e-01 6.413416862487792969e-01 -7.737379670143127441e-01 6.025038659572601318e-02 2.974267601966857910e-01 -3.548443615436553955e-01 -4.210861325263977051e-01 -1.060390591621398926e+00
-6.414476633071899414e-01 -3.064956665039062500e-01 -3.539721071720123291e-01 6.323201060295104980e-01 -7.712163925170898438e-01 2.072708494961261749e-02 2.839880585670471191e-01 -3.450778424739837646e-01 -4.070172905921936035e-01 -1.091049194335937500e+00
-6.381932497024536133e-01 -3.200972080230712891e-01 -3.504089117050170898e-01 6.289508938789367676e-01 -7.674757838249206543e-01 1.889313943684101105e-02 2.772362828254699707e-01 -3.500759303569793701e-01 -4.037977159023284912e-01 -1.088848948478698730e+00
-6.255662441253662109e-01 -2.209375053644180298e-01 -4.018094837665557861e-01 7.097278237342834473e-01 -7.284466028213500977e-01 1.210996359586715698e-01 5.209336876869201660e-01 -3.883106112480163574e-01 -3.793979287147521973e-01 -9.322519302368164062e-01
-7.308128476142883301e-01 -4.407335817813873291e-02 -4.476829469203948975e-01 7.080522179603576660e-01 -6.956722736358642578e-01 1.855202168226242065e-01 6.182482838630676270e-01 -2.940520942211151123e-01 -2.691664397716522217e-01 -9.768307805061340332e-01
-8.781059384346008301e-01 1.531384885311126709e-02 -3.978977203369140625e-01 7.250818014144897461e-01 -6.802315115928649902e-01 1.915033608675003052e-01 5.472949743270874023e-01 -3.282121419906616211e-01 -2.948689162731170654e-01 -1.033121228218078613e+00
-8.946587443351745605e-01 -1.448638737201690674e-02 -4.255855083465576172e-01 7.319682836532592773e-01 -6.536352634429931641e-01 1.118430048227310181e-01 5.347757935523986816e-01 -3.597071766853332520e-01 -2.884849905967712402e-01 -1.095628857612609863e+00
