2.902503907680511475e-01 1.122190803289413452e-01 -1.282170057296752930e+00 -1.669090415816754103e-04 -5.468433499336242676e-01 4.732064902782440186e-02 2.804381251335144043e-01 -7.472999095916748047e-01 3.760057985782623291e-01 7.987043261528015137e-02
2.919335067272186279e-01 1.221089214086532593e-01 -1.298582196235656738e+00 1.954489015042781830e-02 -5.526989102363586426e-01 3.492437303066253662e-02 2.798726558685302734e-01 -7.556367516517639160e-01 3.706743419170379639e-01 7.372169196605682373e-02
2.650755047798156738e-01 1.173597425222396851e-01 -1.253720521926879883e+00 -4.363537766039371490e-03 -5.723263621330261230e-01 4.478518664836883545e-02 2.920861840248107910e-01 -7.524424195289611816e-01 3.866104483604431152e-01 9.478068351745605469e-02
2.294422835111618042e-01 1.020408719778060913e-01 -1.193711161613464355e+00 1.546274777501821518e-02 -5.906779170036315918e-01 5.612866580486297607e-02 4.287323057651519775e-01 -7.527009844779968262e-01 4.304111599922180176e-01 1.425108909606933594e-01
1.650896221399307251e-01 1.048430055379867554e-01 -1.097680568695068359e+00 -3.693961771205067635e-03 -6.106909513473510742e-01 8.262072503566741943e-02 5.862521529197692871e-01 -7.535648941993713379e-01 4.933450520038604736e-01 2.477065920829772949e-01
1.409374028444290161e-01 1.252603381872177124e-01 -1.051683664321899414e+00 3.511852351948618889e-03 -5.808412432670593262e-01 9.019504487514495850e-02 6.724132895469665527e-01 -7.537762522697448730e-01 5.623204708099365234e-01 2.520840764045715332e-01
1.286301165819168091e-01 1.520150750875473022e-01 -1.013482689857482910e+00 -6.924185901880264282e-02 -5.076422691345214844e-01 6.137751042842864990e-02 6.257762312889099121e-01 -7.429348826408386230e-01 7.285820245742797852e-01 1.567117571830749512e-01
1.011953502893447876e-01 4.881080389022827148e-01 -1.004367113113403320e+00 9.353780001401901245e-02 -9.177999496459960938e-01 -9.337581694126129150e-02 5.697678327560424805e-01 -7.932271957397460938e-01 7.334629893302917480e-01 8.868294954299926758e-02
1.397054940462112427e-01 6.352728009223937988e-01 -1.049542188644409180e+00 1.177017688751220703e-01 -1.155520319938659668e+00 -9.192167222499847412e-02 3.291501998901367188e-01 -7.853802442550659180e-01 6.444525122642517090e-01 4.725340381264686584e-02
1.424373835325241089e-01 6.216887831687927246e-01 -1.052055716514587402e+00 1.072936803102493286e-01 -1.150981664657592773e+00 -9.005416929721832275e-02 2.873907685279846191e-01 -7.698401808738708496e-01 6.245083212852478027e-01 4.186389222741127014e-02
1.428380757570266724e-01 6.255001425743103027e-01 -1.061210870742797852e+00 1.247919201850891113e-01 -1.143983602523803711e+00 -9.384866058826446533e-02 2.899836897850036621e-01 -7.798584103584289551e-01 6.269432902336120605e-01 3.127205744385719299e-02
1.377672702074050903e-01 6.338571906089782715e-01 -1.058478474617004395e+00 1.227072626352310181e-01 -1.134986519813537598e+00 -8.618207275867462158e-02 2.849270701408386230e-01 -7.756894230842590332e-01 6.243482828140258789e-01 3.413975611329078674e-02
1.494366675615310669e-01 6.194378733634948730e-01 -1.055666446685791016e+00 1.184606999158859253e-01 -1.149943232536315918e+00 -8.760137856006622314e-02 2.835202217102050781e-01 -7.861611247062683105e-01 6.318325400352478027e-01 2.869120612740516663e-02
1.368725746870040894e-01 6.625926494598388672e-01 -1.043395996093750000e+00 1.309255659580230713e-01 -1.159290552139282227e+00 -9.845115244388580322e-02 2.645166516304016113e-01 -7.743462920188903809e-01 6.444414258003234863e-01 3.368705883622169495e-02
2.719509601593017578e-01 4.055795669555664062e-01 -9.814465641975402832e-01 8.217240869998931885e-02 -1.016432285308837891e+00 -7.920821011066436768e-02 -1.078983664512634277e+00 -7.378829121589660645e-01 3.674591481685638428e-01 -2.069416940212249756e-01
2.818236351013183594e-01 4.702299237251281738e-01 -9.877743721008300781e-01 5.036664009094238281e-02 -8.938228487968444824e-01 -8.841468021273612976e-03 -1.056453943252563477e+00 -6.937347650527954102e-01 3.680738508701324463e-01 -2.197315096855163574e-01
2.979428768157958984e-01 4.653811454772949219e-01 -9.944958686828613281e-01 5.718529224395751953e-02 -8.841233849525451660e-01 -2.304650656878948212e-02 -1.056097149848937988e+00 -6.843205094337463379e-01 3.758161664009094238e-01 -2.273306846618652344e-01
2.910647988319396973e-01 4.608078002929687500e-01 -9.906739592552185059e-01 5.312956124544143677e-02 -8.912808299064636230e-01 -2.095354907214641571e-02 -1.050794720649719238e+00 -6.823744177818298340e-01 3.773354589939117432e-01 -2.288170754909515381e-01
2.948101162910461426e-01 4.640989303588867188e-01 -9.870250821113586426e-01 4.971659183502197266e-02 -8.932557106018066406e-01 -8.734179660677909851e-03 -1.046461224555969238e+00 -6.781483888626098633e-01 3.698281645774841309e-01 -2.212470769882202148e-01
2.994316220283508301e-01 4.624878168106079102e-01 -9.913467764854431152e-01 5.133737623691558838e-02 -8.875045776367187500e-01 -2.138133160769939423e-02 -1.067024946212768555e+00 -6.863720417022705078e-01 3.762782216072082520e-01 -2.219962477684020996e-01
2.966079115867614746e-01 4.692385792732238770e-01 -9.915161132812500000e-01 4.188130050897598267e-02 -8.838134407997131348e-01 -2.729685418307781219e-02 -1.070345759391784668e+00 -6.760030388832092285e-01 3.692732453346252441e-01 -2.251105904579162598e-01
2.912576794624328613e-01 4.658105373382568359e-01 -9.957548975944519043e-01 4.431268572807312012e-02 -8.875905871391296387e-01 -2.352575771510601044e-02 -1.053942084312438965e+00 -6.825944781303405762e-01 3.733769655227661133e-01 -2.243804633617401123e-01
2.808529138565063477e-01 4.700444936752319336e-01 -9.924452304840087891e-01 4.834073781967163086e-02 -8.890237212181091309e-01 -2.598501555621623993e-02 -1.064938902854919434e+00 -6.780419349670410156e-01 3.687126636505126953e-01 -2.132916450500488281e-01
3.377754688262939453e-01 1.617203801870346069e-01 -7.283934354782104492e-01 7.752916216850280762e-02 -1.066112875938415527e+00 -2.163505703210830688e-01 -1.226927042007446289e+00 -5.125907063484191895e-01 3.793209493160247803e-01 7.245332002639770508e-02
4.448813199996948242e-01 2.682767808437347412e-02 -2.149425446987152100e-02 1.441202610731124878e-01 -9.797862172126770020e-01 2.279106825590133667e-01 -4.320432543754577637e-01 -3.879261314868927002e-01 1.320373654365539551e+00 5.662001967430114746e-01
3.706379532814025879e-01 5.456994473934173584e-02 2.654482424259185791e-02 4.927045851945877075e-02 -7.929273843765258789e-01 4.296553730964660645e-01 -4.372488260269165039e-01 -3.461169898509979248e-01 1.461660981178283691e+00 5.077039003372192383e-01
3.837987780570983887e-01 5.488263070583343506e-02 2.826239168643951416e-02 4.058983922004699707e-02 -7.935450673103332520e-01 4.242234826087951660e-01 -4.359440803527832031e-01 -3.448280394077301025e-01 1.465835213661193848e+00 5.174928307533264160e-01
3.799035549163818359e-01 5.620919167995452881e-02 2.203680574893951416e-02 4.164679348468780518e-02 -7.912566661834716797e-01 4.202386140823364258e-01 -4.358132481575012207e-01 -3.367019891738891602e-01 1.471123814582824707e+00 5.079697370529174805e-01
3.761802315711975098e-01 5.808304250240325928e-02 2.353276312351226807e-02 4.363550990819931030e-02 -7.964721322059631348e-01 4.274568557739257812e-01 -4.345597028732299805e-01 -3.422992527484893799e-01 1.471079707145690918e+00 5.085956454277038574e-01
3.786596059799194336e-01 5.516849458217620850e-02 2.230735123157501221e-02 4.264641553163528442e-02 -7.890013456344604492e-01 4.299048781394958496e-01 -4.397626519203186035e-01 -3.407229185104370117e-01 1.467019677162170410e+00 5.208540558815002441e-01
3.534370064735412598e-01 1.930438131093978882e-01 -7.610604632645845413e-03 -3.614819049835205078e-02 -6.144225597381591797e-01 3.822897076606750488e-01 -1.425524353981018066e-01 -4.971593320369720459e-01 1.681472420692443848e+00 3.553701043128967285e-01
2.423597127199172974e-01 3.132598400115966797e-01 8.133567869663238525e-02 7.559909485280513763e-03 -9.927635788917541504e-01 3.486781120300292969e-01 3.010864853858947754e-01 -4.752667248249053955e-01 1.834325671195983887e+00 5.353802442550659180e-01
3.241462707519531250e-01 2.949916720390319824e-01 1.495555788278579712e-01 1.989148370921611786e-02 -1.087236881256103516e+00 4.262167215347290039e-01 3.585933446884155273e-01 -4.402188956737518311e-01 1.800897002220153809e+00 6.433669328689575195e-01
3.277472853660583496e-01 2.946577072143554688e-01 1.581831127405166626e-01 2.269919030368328094e-02 -1.085638046264648438e+00 4.473344087600708008e-01 3.730002045631408691e-01 -4.353595674037933350e-01 1.774073004722595215e+00 6.527344584465026855e-01
3.259255588054656982e-01 3.854257464408874512e-01 1.297174841165542603e-01 4.672786593437194824e-02 -1.014169692993164062e+00 4.529485702514648438e-01 2.881552577018737793e-01 -4.974029362201690674e-01 1.913993358612060547e+00 5.657515525817871094e-01
1.692035347223281860e-01 2.093292325735092163e-01 8.456660807132720947e-02 -7.268843054771423340e-02 -9.796816706657409668e-01 2.783531546592712402e-01 6.665813326835632324e-01 -4.218091368675231934e-01 1.783644556999206543e+00 6.029692292213439941e-01
1.091645509004592896e-01 3.498564660549163818e-02 1.209843307733535767e-01 -9.801042079925537109e-02 -9.529907703399658203e-01 3.209018707275390625e-01 7.236916422843933105e-01 -4.009449183940887451e-01 1.578955054283142090e+00 8.158003687858581543e-01
1.603881567716598511e-01 -2.371324598789215088e-02 1.902108937501907349e-01 -2.718481607735157013e-02 -9.605248570442199707e-01 4.181857705116271973e-01 6.296817064285278320e-01 -3.118967413902282715e-01 1.491777896881103516e+00 8.890481591224670410e-01
2.131543308496475220e-01 -2.797640860080718994e-02 2.190489917993545532e-01 -3.504787385463714600e-02 -9.431715607643127441e-01 4.385692477226257324e-01 5.420189499855041504e-01 -2.758527398109436035e-01 1.460855841636657715e+00 8.954815268516540527e-01
