4.068455696105957031e-01 1.545981019735336304e-01 -1.225843667984008789e+00 1.803926825523376465e-01 -5.596273541450500488e-01 5.603192746639251709e-02 2.998310029506683350e-01 -6.571856141090393066e-01 3.114321529865264893e-01 4.992428794503211975e-02
4.012867212295532227e-01 1.537462919950485229e-01 -1.214573740959167480e+00 1.798770576715469360e-01 -5.548087954521179199e-01 5.771683156490325928e-02 3.229286670684814453e-01 -6.629455685615539551e-01 3.188440203666687012e-01 5.508381500840187073e-02
3.462347388267517090e-01 1.281509250402450562e-01 -1.144238948822021484e+00 1.647050082683563232e-01 -5.700777173042297363e-01 8.142970502376556396e-02 4.995560050010681152e-01 -6.582282781600952148e-01 3.765558898448944092e-01 1.099210977554321289e-01
3.938156366348266602e-01 3.055762648582458496e-01 -1.010969042778015137e+00 2.243982404470443726e-01 -4.343440532684326172e-01 2.579348087310791016e-01 7.817031741142272949e-01 -6.923941969871520996e-01 7.439776062965393066e-01 -2.802031859755516052e-02
5.795732736587524414e-01 6.094694733619689941e-01 -1.034537196159362793e+00 2.527971565723419189e-01 -3.199259042739868164e-01 3.884161710739135742e-01 5.009842514991760254e-01 -7.050892710685729980e-01 8.972632288932800293e-01 -2.586753070354461670e-01
6.549877524375915527e-01 6.858286261558532715e-01 -1.082536101341247559e+00 2.697185277938842773e-01 -1.943619102239608765e-01 4.528056979179382324e-01 5.014654994010925293e-01 -7.345252037048339844e-01 1.003728985786437988e+00 -4.106596410274505615e-01
6.578586101531982422e-01 7.017933130264282227e-01 -1.085071086883544922e+00 2.705945670604705811e-01 -1.953724771738052368e-01 4.668884277343750000e-01 4.813350439071655273e-01 -7.379571199417114258e-01 9.926421046257019043e-01 -4.145449995994567871e-01
6.674686074256896973e-01 6.871282458305358887e-01 -1.093128919601440430e+00 2.782801687717437744e-01 -1.905830949544906616e-01 4.671322703361511230e-01 4.843816161155700684e-01 -7.366626858711242676e-01 9.947280883789062500e-01 -4.147598743438720703e-01
6.554476022720336914e-01 6.882112026214599609e-01 -1.076846837997436523e+00 2.650910615921020508e-01 -2.047028988599777222e-01 4.648106098175048828e-01 4.957643151283264160e-01 -7.353696227073669434e-01 1.009562611579895020e+00 -4.107477962970733643e-01
6.672313213348388672e-01 6.902683973312377930e-01 -1.072503089904785156e+00 2.242064028978347778e-01 -1.616990417242050171e-01 5.640242099761962891e-01 4.456058740615844727e-01 -7.465937137603759766e-01 9.980863928794860840e-01 -4.593369364738464355e-01
7.214977145195007324e-01 6.123270392417907715e-01 -6.205409765243530273e-01 -3.079572506248950958e-02 4.797583222389221191e-01 1.963257789611816406e+00 4.975598677992820740e-02 -5.662802457809448242e-01 9.819682836532592773e-01 -4.656693935394287109e-01
6.336598396301269531e-01 4.085916280746459961e-01 -8.109472990036010742e-01 2.625686824321746826e-01 9.871538281440734863e-01 2.162862271070480347e-01 -7.522029876708984375e-01 -6.382523179054260254e-01 1.337839007377624512e+00 -4.068780541419982910e-01
5.381132960319519043e-01 1.738737672567367554e-01 -2.775897979736328125e-01 4.779306650161743164e-01 8.118239045143127441e-01 -1.727754622697830200e-01 -1.229526281356811523e+00 -7.489114403724670410e-01 1.323560833930969238e+00 -7.450211048126220703e-02
5.366638898849487305e-01 1.789369434118270874e-01 -2.771287858486175537e-01 4.637886881828308105e-01 8.069096803665161133e-01 -1.727262884378433228e-01 -1.234744906425476074e+00 -7.528316378593444824e-01 1.325676918029785156e+00 -1.048971414566040039e-01
5.400350689888000488e-01 1.702139824628829956e-01 -2.777566015720367432e-01 4.676480591297149658e-01 8.080425858497619629e-01 -1.709845811128616333e-01 -1.228533148765563965e+00 -7.455238103866577148e-01 1.335178971290588379e+00 -9.859362244606018066e-02
5.393198728561401367e-01 1.834940761327743530e-01 -2.759274244308471680e-01 4.632978737354278564e-01 8.131843805313110352e-01 -1.722306758165359497e-01 -1.236725687980651855e+00 -7.514926791191101074e-01 1.328789114952087402e+00 -9.897834062576293945e-02
6.965266466140747070e-01 3.220519423484802246e-01 4.003141820430755615e-02 2.931430637836456299e-01 7.632214426994323730e-01 6.548165678977966309e-01 -6.168610453605651855e-01 -6.297281384468078613e-01 1.986010551452636719e+00 1.235596537590026855e-01
8.130339384078979492e-01 5.524474978446960449e-01 1.457310467958450317e-01 2.178853005170822144e-01 7.453519701957702637e-01 1.077492475509643555e+00 -6.780819892883300781e-01 -6.492486000061035156e-01 1.809340238571166992e+00 3.602457419037818909e-02
8.101864457130432129e-01 5.437796115875244141e-01 1.430193632841110229e-01 2.089417576789855957e-01 7.424615025520324707e-01 1.064878940582275391e+00 -6.752602458000183105e-01 -6.491219997406005859e-01 1.816089272499084473e+00 3.769570961594581604e-02
8.133131265640258789e-01 5.473851561546325684e-01 1.398151665925979614e-01 2.130728065967559814e-01 7.485240697860717773e-01 1.073125481605529785e+00 -6.714774370193481445e-01 -6.496965289115905762e-01 1.811046004295349121e+00 3.474307432770729065e-02
8.167537450790405273e-01 5.639554262161254883e-01 1.439703255891799927e-01 2.050587236881256104e-01 7.600905299186706543e-01 1.095985531806945801e+00 -6.912571787834167480e-01 -6.323855519294738770e-01 1.760211586952209473e+00 2.845484390854835510e-02
1.027162194252014160e+00 7.384966015815734863e-01 4.486283063888549805e-01 2.441833764314651489e-01 4.657171070575714111e-01 8.105276823043823242e-01 -8.194354176521301270e-01 -4.985544979572296143e-01 1.331005454063415527e+00 -1.471740007400512695e-01
1.060154199600219727e+00 4.089273214340209961e-01 3.550225496292114258e-01 4.547476470470428467e-01 3.637861907482147217e-01 2.120121568441390991e-01 -7.709906697273254395e-01 -6.065843701362609863e-01 1.422400116920471191e+00 -1.964543163776397705e-01
9.620125889778137207e-01 2.604030370712280273e-01 3.556167483329772949e-01 5.034553408622741699e-01 3.569584190845489502e-01 1.074998229742050171e-01 -8.207319378852844238e-01 -6.301741003990173340e-01 1.320184826850891113e+00 -7.694581151008605957e-02
6.562452912330627441e-01 -7.529701292514801025e-02 3.747650980949401855e-01 3.242368400096893311e-01 4.608543217182159424e-01 -1.352412812411785126e-02 -1.068859815597534180e+00 -5.015812516212463379e-01 8.889200687408447266e-01 1.878595352172851562e-01
7.605889439582824707e-01 -8.117337524890899658e-02 5.498786568641662598e-01 3.128171265125274658e-01 2.628878653049468994e-01 1.018338650465011597e-01 -1.349420547485351562e+00 -6.602918505668640137e-01 8.641747832298278809e-01 1.650379300117492676e-01
