1.124292373657226562e+00 2.887321710586547852e-01 -1.347629278898239136e-01 -7.655402272939682007e-02 -1.801999062299728394e-01 -1.212950795888900757e-01 5.133515000343322754e-01 -3.433566987514495850e-01 9.448532760143280029e-02 3.355219364166259766e-01
1.131799340248107910e+00 2.811436057090759277e-01 -1.290618926286697388e-01 -8.894320577383041382e-02 -1.657199710607528687e-01 -1.172274500131607056e-01 5.321148037910461426e-01 -3.348073661327362061e-01 9.739649295806884766e-02 3.383129835128784180e-01
9.887514114379882812e-01 2.636054158210754395e-01 -5.072747170925140381e-02 -1.136565953493118286e-01 -2.385302633047103882e-01 -3.482739627361297607e-02 8.535971045494079590e-01 -3.278146684169769287e-01 2.170924395322799683e-01 3.921143412590026855e-01
1.252330183982849121e+00 6.305155754089355469e-01 -1.694964468479156494e-01 -6.779260933399200439e-02 -2.595470845699310303e-02 2.080973237752914429e-01 8.377134203910827637e-01 -3.134971559047698975e-01 5.120344161987304688e-01 6.382763385772705078e-02
1.393128275871276855e+00 9.238482117652893066e-01 -2.611411213874816895e-01 -6.610703468322753906e-02 8.151416480541229248e-02 3.359599709510803223e-01 7.679664492607116699e-01 -3.295681774616241455e-01 6.264272928237915039e-01 -2.363103255629539490e-02
1.423824667930603027e+00 9.864861965179443359e-01 -2.914580106735229492e-01 -1.083286404609680176e-01 1.435183137655258179e-01 3.719524145126342773e-01 7.636748552322387695e-01 -3.819934427738189697e-01 6.527044177055358887e-01 -5.157518014311790466e-02
1.440392374992370605e+00 9.798552989959716797e-01 -3.095111846923828125e-01 -9.384921193122863770e-02 1.305208355188369751e-01 3.940876126289367676e-01 7.645670771598815918e-01 -3.795394599437713623e-01 6.664505600929260254e-01 -7.098770141601562500e-02
1.432055234909057617e+00 9.617458581924438477e-01 -3.108418583869934082e-01 -8.260995149612426758e-02 1.407133191823959351e-01 3.920029997825622559e-01 7.646004557609558105e-01 -3.779967129230499268e-01 6.705881953239440918e-01 -6.875520944595336914e-02
1.443954586982727051e+00 9.692716598510742188e-01 -3.064075410366058350e-01 -7.701565325260162354e-02 1.304015964269638062e-01 4.009842276573181152e-01 7.745292782783508301e-01 -3.743806779384613037e-01 6.719495654106140137e-01 -7.464569807052612305e-02
1.395533919334411621e+00 1.032281279563903809e+00 -3.446383476257324219e-01 -1.213093996047973633e-01 2.187118679285049438e-01 5.263625383377075195e-01 6.990249752998352051e-01 -3.922957479953765869e-01 6.294300556182861328e-01 -1.054678559303283691e-01
1.230681180953979492e+00 6.258233785629272461e-01 -2.791667580604553223e-01 -7.223479449748992920e-02 7.840548157691955566e-01 1.187558889389038086e+00 7.062098383903503418e-01 -5.162957310676574707e-01 1.114114403724670410e+00 -1.689296588301658630e-02
8.614364862442016602e-01 5.234670639038085938e-01 -5.012997388839721680e-01 1.452433615922927856e-01 1.553918838500976562e+00 -1.116187125444412231e-01 -2.056328654289245605e-01 -7.222188115119934082e-01 1.076621651649475098e+00 1.069039106369018555e-01
8.582092523574829102e-01 4.901775717735290527e-01 -4.167939126491546631e-01 2.133605778217315674e-01 1.452300548553466797e+00 -2.266589254140853882e-01 -2.978225946426391602e-01 -7.842896580696105957e-01 1.048937439918518066e+00 1.776582598686218262e-01
8.705081343650817871e-01 4.852528572082519531e-01 -4.066937565803527832e-01 2.150448262691497803e-01 1.460164070129394531e+00 -2.240920811891555786e-01 -3.038424253463745117e-01 -7.656553983688354492e-01 1.045271754264831543e+00 1.809731125831604004e-01
8.682845830917358398e-01 4.889078140258789062e-01 -4.120501577854156494e-01 2.219137549400329590e-01 1.452567458152770996e+00 -2.252445667982101440e-01 -2.919498682022094727e-01 -7.774040699005126953e-01 1.050639271736145020e+00 1.864719986915588379e-01
8.515765666961669922e-01 4.712440371513366699e-01 -4.272724390029907227e-01 1.962536722421646118e-01 1.491987466812133789e+00 -1.779817491769790649e-01 -2.111979722976684570e-01 -7.304822802543640137e-01 1.074661254882812500e+00 1.942328810691833496e-01
1.178208708763122559e+00 6.123911142349243164e-01 1.029773056507110596e-02 -1.741515286266803741e-02 1.422027945518493652e+00 6.047499179840087891e-01 1.176370978355407715e-01 -5.337949395179748535e-01 1.430822730064392090e+00 2.510481476783752441e-01
1.204900503158569336e+00 7.021138072013854980e-01 4.995642602443695068e-02 -6.175947189331054688e-02 1.423688530921936035e+00 6.842947602272033691e-01 1.170158982276916504e-01 -5.527243614196777344e-01 1.349343061447143555e+00 2.458551526069641113e-01
1.206807255744934082e+00 6.908712387084960938e-01 5.248732864856719971e-02 -6.774982810020446777e-02 1.426611304283142090e+00 6.893332600593566895e-01 1.084634065628051758e-01 -5.608000159263610840e-01 1.348564982414245605e+00 2.414590120315551758e-01
1.200712561607360840e+00 6.947987079620361328e-01 5.536623299121856689e-02 -6.582263112068176270e-02 1.418421149253845215e+00 6.901128292083740234e-01 1.115445494651794434e-01 -5.581088662147521973e-01 1.350394010543823242e+00 2.508686780929565430e-01
1.201688885688781738e+00 7.081589102745056152e-01 5.523164570331573486e-02 -6.788599491119384766e-02 1.429655551910400391e+00 7.064315080642700195e-01 1.120342612266540527e-01 -5.705557465553283691e-01 1.327412009239196777e+00 2.350500226020812988e-01
1.603295445442199707e+00 1.104826927185058594e+00 2.466022819280624390e-01 3.217412857338786125e-03 9.780424237251281738e-01 5.191208720207214355e-01 8.784884214401245117e-02 -4.869854748249053955e-01 9.380986094474792480e-01 6.546109914779663086e-02
1.528938412666320801e+00 9.442268013954162598e-01 1.961348801851272583e-01 5.530557036399841309e-02 8.729062080383300781e-01 2.020264714956283569e-01 1.148242354393005371e-01 -4.787932932376861572e-01 9.248833656311035156e-01 7.006257772445678711e-02
1.497851967811584473e+00 8.658463954925537109e-01 2.009517103433609009e-01 3.224807977676391602e-02 8.138807415962219238e-01 1.105062514543533325e-01 7.404136657714843750e-02 -4.677304923534393311e-01 9.007210135459899902e-01 8.331918716430664062e-02
1.187738895416259766e+00 1.834175437688827515e-01 2.770852446556091309e-01 1.714849285781383514e-02 8.730767965316772461e-01 -4.303343594074249268e-02 -4.959047213196754456e-02 -4.459007978439331055e-01 7.532731890678405762e-01 2.401185631752014160e-01
1.213566303253173828e+00 6.517170369625091553e-02 4.448004364967346191e-01 -1.429190337657928467e-01 8.865784406661987305e-01 -3.242863807827234268e-03 -3.234037160873413086e-01 -4.971469640731811523e-01 5.119616985321044922e-01 4.051572680473327637e-01
