1.114159464836120605e+00 3.307006359100341797e-01 -1.850989758968353271e-01 -6.779857911169528961e-03 3.324486315250396729e-02 -2.138823717832565308e-01 5.726711153984069824e-01 -5.954650640487670898e-01 1.237773746252059937e-01 3.860726356506347656e-01
1.113488554954528809e+00 3.291973471641540527e-01 -1.789418309926986694e-01 -1.958648301661014557e-02 3.395165503025054932e-02 -2.206966727972030640e-01 5.663847923278808594e-01 -5.869890451431274414e-01 1.204107850790023804e-01 3.960642218589782715e-01
1.042951703071594238e+00 2.840998172760009766e-01 -1.349788457155227661e-01 -2.905655838549137115e-02 2.365781366825103760e-02 -1.914960294961929321e-01 7.120811343193054199e-01 -5.728631615638732910e-01 1.675057113170623779e-01 4.386603236198425293e-01
1.130452752113342285e+00 5.841109752655029297e-01 -1.972723752260208130e-01 2.652172558009624481e-02 1.387601941823959351e-01 3.163661062717437744e-02 9.781450033187866211e-01 -5.730546116828918457e-01 4.891844093799591064e-01 2.031141519546508789e-01
1.340381503105163574e+00 8.930250406265258789e-01 -2.705235183238983154e-01 7.714777253568172455e-03 2.041773349046707153e-01 1.816038340330123901e-01 7.761434912681579590e-01 -5.604476928710937500e-01 5.739429593086242676e-01 4.776603356003761292e-02
1.415206313133239746e+00 1.021469593048095703e+00 -3.435258269309997559e-01 3.106831340119242668e-03 3.016026318073272705e-01 2.393389195203781128e-01 7.790582180023193359e-01 -5.767924785614013672e-01 6.227383613586425781e-01 -8.788105100393295288e-03
1.427368044853210449e+00 1.057973623275756836e+00 -3.537868559360504150e-01 -3.257983922958374023e-02 3.179612159729003906e-01 2.944795489311218262e-01 7.648965120315551758e-01 -5.853903293609619141e-01 6.296033263206481934e-01 -1.338636502623558044e-02
1.425306439399719238e+00 1.056874990463256836e+00 -3.522996902465820312e-01 -2.059331722557544708e-02 3.247932493686676025e-01 2.796505093574523926e-01 7.612685561180114746e-01 -5.892211794853210449e-01 6.330072283744812012e-01 -1.640486344695091248e-02
1.422019839286804199e+00 1.059580683708190918e+00 -3.623101711273193359e-01 -1.180166099220514297e-02 3.254844546318054199e-01 2.785551846027374268e-01 7.676483988761901855e-01 -5.899439454078674316e-01 6.391292214393615723e-01 -2.094155177474021912e-02
1.441129922866821289e+00 1.049787878990173340e+00 -3.651767671108245850e-01 -1.863187737762928009e-02 3.174992501735687256e-01 2.787845134735107422e-01 7.612642645835876465e-01 -5.765431523323059082e-01 6.305356621742248535e-01 -2.422755584120750427e-02
1.429201364517211914e+00 1.051931738853454590e+00 -3.557589650154113770e-01 -1.274944934993982315e-02 3.266736567020416260e-01 2.802289426326751709e-01 7.501454949378967285e-01 -5.872299075126647949e-01 6.297850012779235840e-01 -2.628725394606590271e-02
1.439919948577880859e+00 1.056864261627197266e+00 -3.601018190383911133e-01 -1.732135005295276642e-02 3.175212442874908447e-01 2.790068387985229492e-01 7.510963678359985352e-01 -5.808719992637634277e-01 6.296393275260925293e-01 -2.503966912627220154e-02
1.434255480766296387e+00 1.045493245124816895e+00 -3.553398549556732178e-01 -1.531627867370843887e-02 3.218204677104949951e-01 2.736329436302185059e-01 7.627552151679992676e-01 -5.806645154953002930e-01 6.308982968330383301e-01 -1.813447102904319763e-02
1.481844782829284668e+00 1.026305437088012695e+00 -3.621017336845397949e-01 2.772308699786663055e-02 2.940187156200408936e-01 2.432238310575485229e-01 7.401885390281677246e-01 -5.395526289939880371e-01 6.123338341712951660e-01 -3.295975551009178162e-02
1.580704927444458008e+00 1.225423097610473633e+00 -3.600746989250183105e-01 -1.699189990758895874e-01 6.104906797409057617e-01 1.043840885162353516e+00 5.816366076469421387e-01 -4.583807587623596191e-01 5.779359340667724609e-01 -1.095364689826965332e-01
1.033915877342224121e+00 4.409425258636474609e-01 -6.020677089691162109e-01 5.519211292266845703e-02 1.196972846984863281e+00 4.381127357482910156e-01 4.723127484321594238e-01 -4.816469252109527588e-01 1.156260848045349121e+00 2.957314625382423401e-02
9.667593240737915039e-01 3.136361837387084961e-01 -3.856360316276550293e-01 2.517291307449340820e-01 1.306443214416503906e+00 -1.963666826486587524e-01 -3.003194332122802734e-01 -8.555598855018615723e-01 1.166739583015441895e+00 1.981773376464843750e-01
9.599496722221374512e-01 3.211269378662109375e-01 -3.860991597175598145e-01 2.501539289951324463e-01 1.307106256484985352e+00 -2.002554386854171753e-01 -2.924845814704895020e-01 -8.574379086494445801e-01 1.166579365730285645e+00 2.050421237945556641e-01
9.643732309341430664e-01 3.148887753486633301e-01 -3.877109289169311523e-01 2.515051662921905518e-01 1.300309777259826660e+00 -1.994732171297073364e-01 -2.906073927879333496e-01 -8.485510945320129395e-01 1.170225858688354492e+00 2.089014947414398193e-01
9.655068516731262207e-01 3.140332102775573730e-01 -3.856589794158935547e-01 2.398712635040283203e-01 1.312664031982421875e+00 -1.937637478113174438e-01 -2.913315892219543457e-01 -8.599811196327209473e-01 1.165985941886901855e+00 2.023198306560516357e-01
9.608565568923950195e-01 3.198775053024291992e-01 -3.842507898807525635e-01 2.428484559059143066e-01 1.310063838958740234e+00 -1.944107264280319214e-01 -2.896779775619506836e-01 -8.475213646888732910e-01 1.162422776222229004e+00 1.964417099952697754e-01
9.659686684608459473e-01 3.253504037857055664e-01 -3.843007683753967285e-01 2.459060102701187134e-01 1.310867190361022949e+00 -1.927887648344039917e-01 -3.042310476303100586e-01 -8.516383767127990723e-01 1.167233347892761230e+00 2.001214623451232910e-01
9.594075083732604980e-01 3.114028573036193848e-01 -3.812335729598999023e-01 2.533022165298461914e-01 1.311911940574645996e+00 -1.909679919481277466e-01 -2.867258191108703613e-01 -8.469282984733581543e-01 1.160054922103881836e+00 2.070594727993011475e-01
9.358355998992919922e-01 2.964766025543212891e-01 -3.871349394321441650e-01 2.453460991382598877e-01 1.335642814636230469e+00 -1.711745113134384155e-01 -2.245826125144958496e-01 -8.192971944808959961e-01 1.163896679878234863e+00 2.473695576190948486e-01
1.215869784355163574e+00 4.407747983932495117e-01 4.649163782596588135e-02 1.439553406089544296e-02 1.246672749519348145e+00 6.124189496040344238e-01 1.302278041839599609e-01 -6.031431555747985840e-01 1.631101965904235840e+00 3.017001152038574219e-01
1.249890923500061035e+00 5.170102119445800781e-01 8.742029964923858643e-02 -2.363351173698902130e-02 1.267552495002746582e+00 7.020668387413024902e-01 1.257798671722412109e-01 -6.325842142105102539e-01 1.563603281974792480e+00 2.738934755325317383e-01
1.253528475761413574e+00 5.280597209930419922e-01 8.799017965793609619e-02 -3.960618376731872559e-02 1.262088298797607422e+00 7.023259997367858887e-01 1.245685219764709473e-01 -6.268189549446105957e-01 1.552107453346252441e+00 2.724127769470214844e-01
1.247019410133361816e+00 5.320364236831665039e-01 8.816061913967132568e-02 -2.983582206070423126e-02 1.273626208305358887e+00 7.015502452850341797e-01 1.216805577278137207e-01 -6.323592066764831543e-01 1.546526074409484863e+00 2.699761986732482910e-01
1.250651001930236816e+00 5.223748683929443359e-01 9.038664400577545166e-02 -2.621093578636646271e-02 1.265690922737121582e+00 7.056751847267150879e-01 1.275562047958374023e-01 -6.387783885002136230e-01 1.552168965339660645e+00 2.723407149314880371e-01
1.251512408256530762e+00 5.305060148239135742e-01 9.029345214366912842e-02 -3.284737467765808105e-02 1.266871213912963867e+00 7.060570120811462402e-01 1.219807863235473633e-01 -6.265000104904174805e-01 1.547895669937133789e+00 2.671299576759338379e-01
1.348613977432250977e+00 7.620626091957092285e-01 1.885149329900741577e-01 -1.143801510334014893e-01 1.250049352645874023e+00 8.677350282669067383e-01 2.756869420409202576e-02 -6.224685907363891602e-01 1.152524352073669434e+00 1.842725872993469238e-01
1.522748827934265137e+00 7.433975338935852051e-01 2.316459864377975464e-01 8.129629492759704590e-02 8.066920042037963867e-01 1.822527498006820679e-01 1.459063291549682617e-01 -6.133390069007873535e-01 1.057370662689208984e+00 1.009679436683654785e-01
1.517829656600952148e+00 7.090690135955810547e-01 2.530135512351989746e-01 6.038263440132141113e-02 7.520110607147216797e-01 1.080443710088729858e-01 1.605603098869323730e-01 -5.960884094238281250e-01 1.046574115753173828e+00 1.025950908660888672e-01
1.514230728149414062e+00 6.990878582000732422e-01 2.473895102739334106e-01 7.232189178466796875e-02 7.650511860847473145e-01 9.497566521167755127e-02 1.485110521316528320e-01 -5.817835927009582520e-01 1.047068238258361816e+00 1.038053631782531738e-01
1.446209669113159180e+00 5.674504041671752930e-01 2.743761539459228516e-01 9.650599956512451172e-02 6.963979005813598633e-01 3.445027768611907959e-02 8.206892013549804688e-02 -6.457243561744689941e-01 9.998168349266052246e-01 1.508966088294982910e-01
1.039254188537597656e+00 9.362922608852386475e-02 4.015004038810729980e-01 -1.189679875969886780e-01 8.173822760581970215e-01 -8.010150492191314697e-02 -1.167765259742736816e-01 -6.143358945846557617e-01 6.624997258186340332e-01 4.389545321464538574e-01
1.201780438423156738e+00 1.426752656698226929e-01 5.595025420188903809e-01 -2.272177487611770630e-01 7.323995828628540039e-01 3.333054482936859131e-02 -3.099804520606994629e-01 -7.904638648033142090e-01 5.655086636543273926e-01 4.098942875862121582e-01
1.308822751045227051e+00 1.344020813703536987e-01 5.597711801528930664e-01 -1.280362308025360107e-01 6.956586241722106934e-01 5.111084785312414169e-03 -3.466778993606567383e-01 -7.256925106048583984e-01 5.860797166824340820e-01 3.967776894569396973e-01
1.291521430015563965e+00 1.282881349325180054e-01 5.588434338569641113e-01 -1.211290508508682251e-01 7.021400332450866699e-01 1.976917870342731476e-02 -3.500657677650451660e-01 -7.618544697761535645e-01 5.899692773818969727e-01 3.869060277938842773e-01
