1.044450998306274414e+00 3.636038303375244141e-01 -7.780255377292633057e-02 -1.537966877222061157e-01 -5.113293230533599854e-02 -3.251381218433380127e-02 4.842825233936309814e-01 -5.377820134162902832e-01 4.849350452423095703e-02 4.111631512641906738e-01
1.096337556838989258e+00 3.591786623001098633e-01 -1.214574128389358521e-01 -1.192412227392196655e-01 -6.761763989925384521e-02 -9.733794629573822021e-02 4.799647331237792969e-01 -5.184121727943420410e-01 5.576860904693603516e-02 3.805527091026306152e-01
1.033455014228820801e+00 2.896166443824768066e-01 -5.862380564212799072e-02 -1.708881258964538574e-01 -8.091799914836883545e-02 3.144703805446624756e-02 4.919852614402770996e-01 -5.511288046836853027e-01 1.370101422071456909e-02 4.638063907623291016e-01
9.837661981582641602e-01 2.662754058837890625e-01 -9.647940099239349365e-02 -1.455452144145965576e-01 -1.496713012456893921e-01 4.946454428136348724e-04 5.379937291145324707e-01 -5.354233384132385254e-01 -2.002248167991638184e-02 4.775861501693725586e-01
8.950675129890441895e-01 3.281512856483459473e-01 -1.335672289133071899e-01 -1.472999751567840576e-01 -1.827527135610580444e-01 4.711596667766571045e-02 5.521785616874694824e-01 -5.336530804634094238e-01 -2.453417330980300903e-02 4.816133379936218262e-01
9.603055715560913086e-01 2.227914184331893921e-01 -6.103695929050445557e-02 -1.252767294645309448e-01 -2.050489038228988647e-01 3.414796292781829834e-02 4.847885966300964355e-01 -5.077406764030456543e-01 -7.874868065118789673e-02 5.399127006530761719e-01
1.071033835411071777e+00 6.209133565425872803e-02 9.071543812751770020e-03 -5.361947417259216309e-02 -2.783160507678985596e-01 1.575534231960773468e-02 4.828380346298217773e-01 -4.820607006549835205e-01 -1.667907685041427612e-01 6.642451882362365723e-01
1.116727590560913086e+00 4.403935372829437256e-02 -2.514298260211944580e-02 -1.485701501369476318e-01 -2.341192811727523804e-01 -1.096543818712234497e-01 3.272399902343750000e-01 -5.421537160873413086e-01 -2.001946121454238892e-01 6.826545596122741699e-01
1.161288499832153320e+00 4.418717324733734131e-02 -3.039230406284332275e-02 -2.091922760009765625e-01 -2.025930136442184448e-01 -1.166668087244033813e-01 2.806063294410705566e-01 -5.334709286689758301e-01 -1.682534366846084595e-01 6.292501091957092285e-01
1.643416643142700195e+00 -2.266639620065689087e-01 -7.714674342423677444e-03 -2.609601318836212158e-01 -5.002944171428680420e-02 -1.014033108949661255e-01 -4.808116331696510315e-02 -4.091052114963531494e-01 -3.627609312534332275e-01 5.314437150955200195e-01
1.858392119407653809e+00 -2.742911577224731445e-01 -6.407128274440765381e-02 -3.031987249851226807e-01 -7.657434046268463135e-02 -1.215887218713760376e-01 -3.493118882179260254e-01 -3.452447950839996338e-01 -4.285661280155181885e-01 3.627911210060119629e-01
1.855594754219055176e+00 -2.818189859390258789e-01 -5.354408919811248779e-02 -3.060039579868316650e-01 -8.156126737594604492e-02 -1.146083623170852661e-01 -3.739016652107238770e-01 -3.377744257450103760e-01 -4.364937841892242432e-01 3.638004660606384277e-01
1.843388557434082031e+00 -2.831349372863769531e-01 -6.318695843219757080e-02 -3.098349869251251221e-01 -7.947586476802825928e-02 -1.130468398332595825e-01 -3.529070615768432617e-01 -3.510090410709381104e-01 -4.354555606842041016e-01 3.706843256950378418e-01
1.857401490211486816e+00 -2.740292549133300781e-01 -6.614275276660919189e-02 -3.057525455951690674e-01 -8.645227551460266113e-02 -1.149438768625259399e-01 -3.542925119400024414e-01 -3.448050320148468018e-01 -4.334364831447601318e-01 3.661400675773620605e-01
1.858286499977111816e+00 -2.720655798912048340e-01 -5.993299186229705811e-02 -3.166474401950836182e-01 -8.805793523788452148e-02 -1.166096478700637817e-01 -3.569351434707641602e-01 -3.443248569965362549e-01 -4.331215918064117432e-01 3.605797290802001953e-01
1.252691864967346191e+00 -4.473985433578491211e-01 -9.256891906261444092e-02 -2.640746533870697021e-01 4.530523717403411865e-02 -3.129574656486511230e-01 -1.158004522323608398e+00 -3.215471804141998291e-01 -6.954937577247619629e-01 -2.123719081282615662e-02
-7.642190158367156982e-02 -8.129137754440307617e-01 -5.821291208267211914e-01 5.580300688743591309e-01 -8.050078749656677246e-01 3.376801609992980957e-01 -1.806056499481201172e-01 -6.160387396812438965e-01 -1.398691773414611816e+00 -9.112127423286437988e-01
-2.105972021818161011e-01 -8.561616539955139160e-01 -4.636491239070892334e-01 5.168849229812622070e-01 -4.498200118541717529e-01 3.371801376342773438e-01 -1.337606310844421387e-01 -5.099795460700988770e-01 -1.363230109214782715e+00 -9.992012381553649902e-01
-2.107608765363693237e-01 -8.506089448928833008e-01 -4.740954637527465820e-01 5.477607250213623047e-01 -4.685264527797698975e-01 3.171231150627136230e-01 -1.169811487197875977e-01 -4.913176596164703369e-01 -1.346479535102844238e+00 -1.002280831336975098e+00
-2.075654417276382446e-01 -8.633661866188049316e-01 -4.833045303821563721e-01 5.455244183540344238e-01 -4.669267237186431885e-01 3.191441297531127930e-01 -1.287714838981628418e-01 -4.862575829029083252e-01 -1.354829072952270508e+00 -1.010812878608703613e+00
-2.022743672132492065e-01 -4.708566665649414062e-01 -6.095160245895385742e-01 5.397400259971618652e-01 -5.560846924781799316e-01 6.163383126258850098e-01 3.112920522689819336e-01 -4.064001142978668213e-01 -1.283310532569885254e+00 -1.106382489204406738e+00
-5.130763053894042969e-01 -1.075771600008010864e-01 -6.332185268402099609e-01 5.125921964645385742e-01 -5.881753563880920410e-01 5.742967724800109863e-01 1.698800325393676758e-01 -3.944754302501678467e-01 -1.310029387474060059e+00 -1.260752081871032715e+00
-6.143655180931091309e-01 -1.113066822290420532e-01 -7.037071585655212402e-01 4.768561422824859619e-01 -7.106921076774597168e-01 4.185016751289367676e-01 5.100005492568016052e-02 -3.925522267818450928e-01 -1.097272992134094238e+00 -1.350185513496398926e+00
-6.339221596717834473e-01 -2.050800621509552002e-02 -7.246932983398437500e-01 5.258508920669555664e-01 -7.096625566482543945e-01 5.278782248497009277e-01 3.157598376274108887e-01 -4.111430346965789795e-01 -1.024682998657226562e+00 -1.230400204658508301e+00
-7.510564923286437988e-01 1.722125858068466187e-01 -7.803912162780761719e-01 5.189328193664550781e-01 -6.632402539253234863e-01 5.928207635879516602e-01 3.088678121566772461e-01 -3.812343478202819824e-01 -8.944242596626281738e-01 -1.358482718467712402e+00
-8.373805284500122070e-01 2.302218526601791382e-01 -7.609739303588867188e-01 5.087269544601440430e-01 -6.587633490562438965e-01 5.500755906105041504e-01 2.163841724395751953e-01 -3.296816349029541016e-01 -8.198600411415100098e-01 -1.445588469505310059e+00
