4.278174042701721191e-01 1.606355607509613037e-02 4.526264369487762451e-01 -1.141078919172286987e-01 -1.857556551694869995e-01 1.453565247356891632e-02 7.553002238273620605e-01 -8.759673237800598145e-01 -1.170025765895843506e-02 -1.040620565414428711e+00
4.287962913513183594e-01 2.332411706447601318e-02 4.608714282512664795e-01 -1.108424216508865356e-01 -1.964256018400192261e-01 4.775003995746374130e-03 7.371174693107604980e-01 -8.926376104354858398e-01 -2.487020194530487061e-02 -1.049285769462585449e+00
4.266337454319000244e-01 2.702914178371429443e-02 4.701773822307586670e-01 -1.053828597068786621e-01 -1.833203732967376709e-01 4.013763274997472763e-03 7.271724343299865723e-01 -8.791013360023498535e-01 -3.038533031940460205e-02 -1.056883811950683594e+00
4.400289058685302734e-01 1.646861899644136429e-03 4.574213922023773193e-01 -1.144588142633438110e-01 -2.002474069595336914e-01 2.933965530246496201e-03 7.703530192375183105e-01 -8.588891625404357910e-01 -1.785556972026824951e-02 -1.027056574821472168e+00
4.135870933532714844e-01 -2.904964983463287354e-02 4.266540706157684326e-01 -1.244959235191345215e-01 -2.119545042514801025e-01 2.083485014736652374e-02 8.624469637870788574e-01 -8.630347847938537598e-01 3.033669292926788330e-02 -9.499819874763488770e-01
3.139910101890563965e-01 -5.291213095188140869e-02 3.632042407989501953e-01 -1.421821862459182739e-01 -2.209764719009399414e-01 4.175166785717010498e-02 9.704552888870239258e-01 -8.192105889320373535e-01 1.131550967693328857e-01 -8.301689028739929199e-01
1.478926092386245728e-01 1.976333558559417725e-02 4.309574663639068604e-01 -8.890965580940246582e-02 -2.385592311620712280e-01 4.642622172832489014e-02 1.238992691040039062e+00 -8.224542737007141113e-01 2.177898585796356201e-01 -6.438328623771667480e-01
1.657533794641494751e-01 9.832744300365447998e-02 3.616898953914642334e-01 -1.746726222336292267e-02 -3.555168807506561279e-01 1.974426396191120148e-02 1.403465270996093750e+00 -8.683916926383972168e-01 4.008762240409851074e-01 -6.425015926361083984e-01
2.716388404369354248e-01 2.196572870016098022e-01 4.190728962421417236e-01 -1.397761795669794083e-02 -4.737880825996398926e-01 -5.221976432949304581e-03 1.131386637687683105e+00 -9.111329317092895508e-01 3.760839104652404785e-01 -8.348184227943420410e-01
1.022289395332336426e-01 2.422659844160079956e-01 2.541208863258361816e-01 1.659741811454296112e-02 -2.351678311824798584e-01 3.880368173122406006e-02 1.274073839187622070e+00 -8.771067261695861816e-01 5.591258406639099121e-01 -7.985763549804687500e-01
2.494820207357406616e-01 6.416344642639160156e-01 4.341106116771697998e-01 3.359559178352355957e-02 -1.904550909996032715e+00 -4.478982985019683838e-01 -3.948531150817871094e-01 -3.774510622024536133e-01 5.359951853752136230e-01 -1.272314190864562988e+00
4.232438802719116211e-01 2.168516963720321655e-01 9.250880479812622070e-01 4.549196362495422363e-02 -8.064337372779846191e-01 -1.407511711120605469e+00 -1.042122006416320801e+00 -6.105675101280212402e-01 2.226306200027465820e-01 -9.543828368186950684e-01
4.358310699462890625e-01 5.806092917919158936e-02 9.888927340507507324e-01 1.120267510414123535e-01 -4.965372979640960693e-01 -1.534946441650390625e+00 -1.125944375991821289e+00 -5.507503151893615723e-01 2.767696380615234375e-01 -8.439290523529052734e-01
4.363023042678833008e-01 5.505464971065521240e-02 9.803854227066040039e-01 1.098685860633850098e-01 -5.002585649490356445e-01 -1.540818452835083008e+00 -1.127247214317321777e+00 -5.504804253578186035e-01 2.776036262512207031e-01 -8.504979014396667480e-01
4.420109689235687256e-01 5.479346215724945068e-02 9.853464365005493164e-01 1.259898692369461060e-01 -5.045573115348815918e-01 -1.548658847808837891e+00 -1.130906701087951660e+00 -5.514339804649353027e-01 2.805945575237274170e-01 -8.546139597892761230e-01
3.975147604942321777e-01 2.597007751464843750e-01 7.661824226379394531e-01 2.092277556657791138e-01 -5.334597229957580566e-01 -1.620483160018920898e+00 -9.631865620613098145e-01 -6.897640228271484375e-01 6.055417656898498535e-01 -1.038831114768981934e+00
3.953788876533508301e-01 2.951731681823730469e-01 7.540577650070190430e-01 2.000791132450103760e-01 -5.111898779869079590e-01 -1.607095956802368164e+00 -9.071183800697326660e-01 -7.089243531227111816e-01 6.531295180320739746e-01 -1.055794596672058105e+00
3.992481231689453125e-01 3.020159006118774414e-01 7.535366415977478027e-01 2.061637341976165771e-01 -5.114188790321350098e-01 -1.607951164245605469e+00 -9.213461279869079590e-01 -7.245150804519653320e-01 6.551004052162170410e-01 -1.051037788391113281e+00
3.901095390319824219e-01 2.873646020889282227e-01 7.475835084915161133e-01 2.004343122243881226e-01 -5.060030817985534668e-01 -1.611645340919494629e+00 -9.035025238990783691e-01 -7.203564047813415527e-01 6.529573798179626465e-01 -1.052216887474060059e+00
3.938157558441162109e-01 2.897952795028686523e-01 7.526787519454956055e-01 2.049046158790588379e-01 -5.050345659255981445e-01 -1.612530469894409180e+00 -9.128058552742004395e-01 -7.252014875411987305e-01 6.557936072349548340e-01 -1.051607728004455566e+00
4.024837017059326172e-01 3.186007738113403320e-01 7.741652131080627441e-01 1.955533474683761597e-01 -4.948109090328216553e-01 -1.560359358787536621e+00 -7.637783288955688477e-01 -7.519528269767761230e-01 7.661271691322326660e-01 -1.040717482566833496e+00
3.348298966884613037e-01 4.609379172325134277e-01 1.092411160469055176e+00 2.920563220977783203e-01 -4.038061797618865967e-01 -1.505345344543457031e+00 -2.689174413681030273e-01 -7.582800984382629395e-01 1.326458692550659180e+00 -8.647622466087341309e-01
2.516422271728515625e-01 2.013659328222274780e-01 1.451247096061706543e+00 2.098260074853897095e-01 -4.096052348613739014e-01 -1.580918550491333008e+00 3.918052315711975098e-01 -8.563423156738281250e-01 7.639278769493103027e-01 -4.388055801391601562e-01
2.421031892299652100e-01 2.074878066778182983e-01 1.405863523483276367e+00 1.827016323804855347e-01 -4.742424786090850830e-01 -1.600184679031372070e+00 4.028757810592651367e-01 -8.718220591545104980e-01 7.866122722625732422e-01 -4.235886335372924805e-01
2.442716509103775024e-01 2.469291538000106812e-01 1.364449143409729004e+00 1.880619376897811890e-01 -4.350524842739105225e-01 -1.571542382240295410e+00 3.591067790985107422e-01 -8.121181726455688477e-01 8.947216868400573730e-01 -4.737144112586975098e-01
1.533839553594589233e-01 4.259054362773895264e-02 1.278880000114440918e+00 7.928778231143951416e-02 -4.160590469837188721e-01 -1.511042475700378418e+00 4.253487586975097656e-01 -7.829918265342712402e-01 6.593956947326660156e-01 -2.834824323654174805e-01
