4.711426198482513428e-01 -3.006817400455474854e-02 2.711359858512878418e-01 6.665675900876522064e-03 -3.062421977519989014e-01 3.438980877399444580e-02 8.370234370231628418e-01 -9.395244717597961426e-01 9.957711398601531982e-02 -1.022878766059875488e+00
4.882940948009490967e-01 8.989915251731872559e-03 2.601743340492248535e-01 9.056298993527889252e-03 -2.597989141941070557e-01 2.359764464199542999e-02 8.290932774543762207e-01 -9.519769549369812012e-01 1.230701059103012085e-01 -1.065691113471984863e+00
4.873065352439880371e-01 -6.272211205214262009e-03 2.634890079498291016e-01 -1.624450273811817169e-02 -2.680533826351165771e-01 2.816931810230016708e-03 8.170369267463684082e-01 -9.405311942100524902e-01 1.232935041189193726e-01 -1.043225407600402832e+00
4.199569821357727051e-01 1.285050809383392334e-02 2.591935098171234131e-01 1.873922161757946014e-02 -2.942941784858703613e-01 3.698645532131195068e-02 8.343512415885925293e-01 -9.513809680938720703e-01 1.120346933603286743e-01 -1.029426932334899902e+00
3.543651998043060303e-01 3.119634091854095459e-02 2.299054414033889771e-01 2.421107701957225800e-02 -3.217000663280487061e-01 1.110442131757736206e-01 8.604915142059326172e-01 -9.172561764717102051e-01 1.468713730573654175e-01 -1.035744667053222656e+00
3.367074728012084961e-01 4.841469228267669678e-02 2.371010333299636841e-01 3.937050700187683105e-02 -3.190517425537109375e-01 1.654644757509231567e-01 8.461312651634216309e-01 -8.953690528869628906e-01 1.619370132684707642e-01 -1.097062110900878906e+00
3.560476601123809814e-01 3.417049348354339600e-02 2.886736989021301270e-01 8.994320034980773926e-02 -3.658706843852996826e-01 1.994516104459762573e-01 8.120260834693908691e-01 -9.050434231758117676e-01 8.416150510311126709e-02 -1.147481083869934082e+00
4.597972631454467773e-01 -1.277424395084381104e-02 3.158581852912902832e-01 1.293872892856597900e-01 -3.649019896984100342e-01 1.167911142110824585e-01 7.833983302116394043e-01 -9.539195895195007324e-01 -8.012502221390604973e-04 -1.103004455566406250e+00
5.161908268928527832e-01 -4.497458040714263916e-02 2.578714787960052490e-01 5.171923898160457611e-03 -3.286248147487640381e-01 -8.001012727618217468e-03 7.355709671974182129e-01 -9.424160122871398926e-01 4.232816398143768311e-02 -1.020630359649658203e+00
4.051166772842407227e-01 -1.683464795351028442e-01 3.467860817909240723e-01 1.189484298229217529e-01 -4.713739454746246338e-01 7.697750627994537354e-02 7.529900670051574707e-01 -8.628835082054138184e-01 -1.250236481428146362e-01 -9.234272241592407227e-01
4.101969301700592041e-01 -1.206630945205688477e+00 8.405150175094604492e-01 2.883776836097240448e-02 -8.976190686225891113e-01 -4.226441383361816406e-01 5.484927296638488770e-01 -9.476923346519470215e-01 -6.685101389884948730e-01 5.685783028602600098e-01
4.364438056945800781e-01 -5.436297655105590820e-01 -1.650251895189285278e-01 -1.212911605834960938e-01 8.041054606437683105e-01 -1.510098934173583984e+00 -6.230563297867774963e-02 -8.725744485855102539e-01 -1.594166636466979980e+00 7.026891112327575684e-01
4.578298926353454590e-01 -5.821187496185302734e-01 -1.167902499437332153e-01 -5.219775438308715820e-02 8.057911396026611328e-01 -1.556103944778442383e+00 -5.191749706864356995e-02 -9.168763160705566406e-01 -1.525158524513244629e+00 6.943773627281188965e-01
4.604593515396118164e-01 -5.821739435195922852e-01 -1.217075437307357788e-01 -5.443772673606872559e-02 8.044789433479309082e-01 -1.564169645309448242e+00 -5.140179768204689026e-02 -9.237689375877380371e-01 -1.518987774848937988e+00 7.039217352867126465e-01
4.604448080062866211e-01 -5.820332765579223633e-01 -1.174209862947463989e-01 -5.335602164268493652e-02 8.081121444702148438e-01 -1.554097414016723633e+00 -5.070871487259864807e-02 -9.188741445541381836e-01 -1.519250988960266113e+00 7.006911635398864746e-01
5.215624570846557617e-01 -6.008245348930358887e-01 7.051049172878265381e-02 1.176532804965972900e-01 5.844647884368896484e-01 -1.568228483200073242e+00 6.294435262680053711e-02 -1.129562854766845703e+00 -1.326340794563293457e+00 7.630001902580261230e-01
5.335365533828735352e-01 -6.043436527252197266e-01 1.981015354394912720e-01 2.252942621707916260e-01 4.447803795337677002e-01 -1.551799416542053223e+00 1.250790953636169434e-01 -1.229103565216064453e+00 -1.141707301139831543e+00 7.772011160850524902e-01
5.387982726097106934e-01 -6.085205674171447754e-01 2.025459557771682739e-01 2.312105000019073486e-01 4.408195316791534424e-01 -1.547552466392517090e+00 1.310669779777526855e-01 -1.225289106369018555e+00 -1.148409843444824219e+00 7.824948430061340332e-01
5.386433005332946777e-01 -6.027241945266723633e-01 2.224947661161422729e-01 2.622901499271392822e-01 4.085625708103179932e-01 -1.540650963783264160e+00 1.456007361412048340e-01 -1.243966341018676758e+00 -1.096815228462219238e+00 7.961934804916381836e-01
5.415421128273010254e-01 -5.980780124664306641e-01 2.199974507093429565e-01 2.567166090011596680e-01 4.115066230297088623e-01 -1.545650005340576172e+00 1.537758111953735352e-01 -1.242783308029174805e+00 -1.099032759666442871e+00 7.912033200263977051e-01
4.962704181671142578e-01 -5.427758097648620605e-01 2.540319561958312988e-01 3.103257119655609131e-01 3.567900955677032471e-01 -1.508427262306213379e+00 2.045925855636596680e-01 -1.221968770027160645e+00 -9.790384769439697266e-01 7.950190901756286621e-01
3.271039128303527832e-01 -7.999755442142486572e-02 1.928474456071853638e-01 4.765616059303283691e-01 3.716125786304473877e-01 -1.317705154418945312e+00 4.735687375068664551e-01 -1.310835123062133789e+00 -7.686616182327270508e-01 1.001900792121887207e+00
-8.610998094081878662e-02 3.500164747238159180e-01 -1.451839059591293335e-01 2.201731801033020020e-01 4.832029044628143311e-01 -1.275560617446899414e+00 2.705224752426147461e-01 -9.370389580726623535e-01 -1.013656377792358398e+00 7.138772010803222656e-01
-7.086907327175140381e-02 3.469518423080444336e-01 -1.238627284765243530e-01 1.912184655666351318e-01 4.673151671886444092e-01 -1.277395248413085938e+00 3.055213689804077148e-01 -9.323248267173767090e-01 -1.010016441345214844e+00 7.447058558464050293e-01
-3.907536342740058899e-02 3.423223495483398438e-01 -1.069736927747726440e-01 2.055302262306213379e-01 4.482495486736297607e-01 -1.265210628509521484e+00 3.554458618164062500e-01 -9.475606679916381836e-01 -9.662954807281494141e-01 8.133612275123596191e-01
-1.734127849340438843e-01 5.395360589027404785e-01 -8.851508796215057373e-02 2.453154325485229492e-01 3.581587374210357666e-01 -1.269286870956420898e+00 3.854460716247558594e-01 -9.632503986358642578e-01 -8.347638249397277832e-01 8.105357289314270020e-01
