9.914567470550537109e-01 4.466197490692138672e-01 -1.312216401100158691e+00 9.960270673036575317e-02 -3.087921440601348877e-01 -3.209353983402252197e-02 4.026920795440673828e-01 -8.331847786903381348e-01 2.315922528505325317e-01 4.547253847122192383e-01
9.635381698608398438e-01 4.854802489280700684e-01 -1.309739470481872559e+00 7.956647127866744995e-02 -2.858676314353942871e-01 -6.374581251293420792e-03 3.834423720836639404e-01 -8.404774665832519531e-01 2.440734207630157471e-01 4.462761878967285156e-01
1.050268530845642090e+00 3.341780304908752441e-01 -1.286003947257995605e+00 1.149050742387771606e-01 -3.299762010574340820e-01 -4.864390194416046143e-02 4.695521593093872070e-01 -8.029628396034240723e-01 2.145757675170898438e-01 5.123562216758728027e-01
9.492154717445373535e-01 3.620736002922058105e-01 -1.261706233024597168e+00 8.423677086830139160e-02 -3.616858124732971191e-01 1.174728758633136749e-02 4.520311951637268066e-01 -8.348342180252075195e-01 1.521207094192504883e-01 5.740635991096496582e-01
8.648822307586669922e-01 3.856926560401916504e-01 -1.270231842994689941e+00 5.922318994998931885e-02 -4.007408916950225830e-01 3.964678943157196045e-02 4.770116209983825684e-01 -7.959898114204406738e-01 1.408173888921737671e-01 5.887928009033203125e-01
9.077604413032531738e-01 3.715674877166748047e-01 -1.256151080131530762e+00 1.049614399671554565e-01 -4.263345897197723389e-01 1.689885742962360382e-02 4.090823531150817871e-01 -7.791742682456970215e-01 1.253129243850708008e-01 5.752137303352355957e-01
1.030136227607727051e+00 9.592567384243011475e-02 -1.120698809623718262e+00 1.087300926446914673e-01 -4.591283500194549561e-01 -3.229512367397546768e-03 4.101412296295166016e-01 -7.638161778450012207e-01 3.256519138813018799e-02 7.404381632804870605e-01
1.089148402214050293e+00 3.956089913845062256e-02 -1.172413706779479980e+00 9.030695259571075439e-02 -4.607535898685455322e-01 -7.274641096591949463e-02 3.125848174095153809e-01 -7.894988656044006348e-01 -1.101260632276535034e-02 8.104864954948425293e-01
1.099295854568481445e+00 1.091910451650619507e-01 -1.218172669410705566e+00 2.054631523787975311e-02 -4.015305340290069580e-01 -1.304859668016433716e-01 2.312771677970886230e-01 -7.713762521743774414e-01 3.249995410442352295e-02 7.089410424232482910e-01
1.324684500694274902e+00 -2.030202299356460571e-01 -1.033104062080383301e+00 1.356994956731796265e-01 -2.368796616792678833e-01 1.288508065044879913e-02 3.999932408332824707e-01 -8.609227538108825684e-01 4.448045790195465088e-02 8.736001253128051758e-01
1.919499039649963379e+00 -3.296585083007812500e-01 -1.173115134239196777e+00 -8.105380833148956299e-02 -2.861544787883758545e-01 -5.895639955997467041e-02 -4.206055104732513428e-01 -5.927030444145202637e-01 -1.745179742574691772e-01 4.746676087379455566e-01
1.916365742683410645e+00 -3.401521444320678711e-01 -1.169331431388854980e+00 -8.278334140777587891e-02 -2.792707979679107666e-01 -7.342304289340972900e-02 -4.231219887733459473e-01 -5.809534192085266113e-01 -1.648562699556350708e-01 4.783491492271423340e-01
1.915400624275207520e+00 -3.388620615005493164e-01 -1.168020009994506836e+00 -8.630226552486419678e-02 -2.809222042560577393e-01 -6.944133341312408447e-02 -4.286609590053558350e-01 -5.809798836708068848e-01 -1.604412347078323364e-01 4.817056059837341309e-01
1.934175848960876465e+00 -3.364174962043762207e-01 -1.179928779602050781e+00 -7.588620483875274658e-02 -2.852453589439392090e-01 -6.250973045825958252e-02 -4.407542943954467773e-01 -5.773697495460510254e-01 -1.684951186180114746e-01 4.600225090980529785e-01
1.936845660209655762e+00 -3.326045870780944824e-01 -1.170495510101318359e+00 -7.864843308925628662e-02 -2.826178967952728271e-01 -5.761821568012237549e-02 -4.305194020271301270e-01 -5.756163001060485840e-01 -1.780027300119400024e-01 4.801949560642242432e-01
1.810192346572875977e+00 -3.509961366653442383e-01 -1.206049442291259766e+00 -1.075654625892639160e-01 -2.814020514488220215e-01 -1.264497190713882446e-01 -6.144770383834838867e-01 -5.727425813674926758e-01 -2.175292670726776123e-01 4.527938961982727051e-01
4.236863255500793457e-01 -9.858754873275756836e-01 -1.500131011009216309e+00 5.601100921630859375e-01 -6.178156137466430664e-01 -1.167681962251663208e-01 -1.332981824874877930e+00 -1.029466032981872559e+00 -8.185452818870544434e-01 -7.011830210685729980e-01
-1.556523293256759644e-01 -1.132347106933593750e+00 -1.501276969909667969e+00 8.174669742584228516e-01 -6.529584527015686035e-01 2.821019291877746582e-01 -2.249581813812255859e-01 -7.539237141609191895e-01 -7.925580143928527832e-01 -9.616982340812683105e-01
-1.593929976224899292e-01 -1.126740217208862305e+00 -1.494893193244934082e+00 8.066201806068420410e-01 -6.625134348869323730e-01 3.110440969467163086e-01 -2.332840561866760254e-01 -7.458085417747497559e-01 -7.895061373710632324e-01 -9.597400426864624023e-01
-1.601475328207015991e-01 -1.116889476776123047e+00 -1.497071266174316406e+00 7.822375297546386719e-01 -6.561076045036315918e-01 3.180306553840637207e-01 -2.164862751960754395e-01 -7.545114159584045410e-01 -8.014157414436340332e-01 -9.510643482208251953e-01
-1.931440085172653198e-01 -8.408939242362976074e-01 -1.579240202903747559e+00 6.774835586547851562e-01 -7.549831271171569824e-01 4.980502128601074219e-01 6.657260656356811523e-02 -6.797431111335754395e-01 -7.322281002998352051e-01 -9.804585576057434082e-01
-4.245909452438354492e-01 -3.083337247371673584e-01 -1.714400410652160645e+00 6.187884807586669922e-01 -6.420496106147766113e-01 5.721839070320129395e-01 2.308883666992187500e-01 -6.159774661064147949e-01 -6.692536473274230957e-01 -1.128405928611755371e+00
-5.590264797210693359e-01 -1.896466165781021118e-01 -1.783090233802795410e+00 6.127628087997436523e-01 -8.620342016220092773e-01 3.587465882301330566e-01 -3.365022316575050354e-02 -5.779706239700317383e-01 -6.755077242851257324e-01 -1.262614011764526367e+00
-5.850704312324523926e-01 -1.586456447839736938e-01 -1.773451089859008789e+00 6.501195430755615234e-01 -8.634930849075317383e-01 4.539691209793090820e-01 1.439544558525085449e-01 -5.763540863990783691e-01 -6.585606932640075684e-01 -1.136544346809387207e+00
-6.608757972717285156e-01 -5.417182575911283493e-03 -1.865682005882263184e+00 6.513478755950927734e-01 -8.172754645347595215e-01 5.376873612403869629e-01 2.684985399246215820e-01 -5.985488891601562500e-01 -5.910768508911132812e-01 -1.206631898880004883e+00
-7.645367383956909180e-01 1.595429629087448120e-01 -1.866254210472106934e+00 6.780532002449035645e-01 -8.279981017112731934e-01 4.730553627014160156e-01 1.770013570785522461e-01 -5.047383904457092285e-01 -5.026689171791076660e-01 -1.389281749725341797e+00
