1.089463949203491211e+00 3.142695426940917969e-01 -1.427925586700439453e+00 1.812836527824401855e-01 -3.681487143039703369e-01 -2.331907302141189575e-01 6.670914292335510254e-01 -2.944662868976593018e-01 3.159058392047882080e-01 4.245565831661224365e-01
1.128256559371948242e+00 3.352649807929992676e-01 -1.500358223915100098e+00 2.170938998460769653e-01 -3.571835160255432129e-01 -3.296859860420227051e-01 6.792804598808288574e-01 -2.669007480144500732e-01 3.351152837276458740e-01 3.881453871726989746e-01
1.141727566719055176e+00 1.929826587438583374e-01 -1.391806483268737793e+00 2.110861390829086304e-01 -3.596518039703369141e-01 -2.404457777738571167e-01 7.358275651931762695e-01 -2.873432934284210205e-01 2.957413494586944580e-01 5.095584392547607422e-01
1.051633358001708984e+00 2.106044143438339233e-01 -1.386572360992431641e+00 1.780504584312438965e-01 -4.371853172779083252e-01 -2.019260674715042114e-01 7.351966500282287598e-01 -2.557409703731536865e-01 2.665802538394927979e-01 5.069673657417297363e-01
9.529719352722167969e-01 2.606856822967529297e-01 -1.384320020675659180e+00 1.421811133623123169e-01 -4.758022725582122803e-01 -1.458085328340530396e-01 7.378993034362792969e-01 -2.712952196598052979e-01 2.633056044578552246e-01 4.861400723457336426e-01
1.034194588661193848e+00 1.686603873968124390e-01 -1.345754742622375488e+00 1.786637604236602783e-01 -5.166093707084655762e-01 -1.681702882051467896e-01 6.839282512664794922e-01 -2.529744207859039307e-01 2.183601409196853638e-01 5.516870617866516113e-01
1.113235116004943848e+00 -1.360322535037994385e-02 -1.233954071998596191e+00 2.444968223571777344e-01 -5.845252275466918945e-01 -1.893418580293655396e-01 6.697970032691955566e-01 -2.093019932508468628e-01 1.369614452123641968e-01 6.998929381370544434e-01
1.137077808380126953e+00 -4.061605036258697510e-02 -1.319004178047180176e+00 1.859554201364517212e-01 -5.304439067840576172e-01 -3.319222629070281982e-01 5.713885426521301270e-01 -3.613186180591583252e-01 7.310971617698669434e-02 7.921217083930969238e-01
1.183314442634582520e+00 2.684043347835540771e-02 -1.353592753410339355e+00 1.123467087745666504e-01 -4.824886620044708252e-01 -3.575699329376220703e-01 4.921661615371704102e-01 -3.389703333377838135e-01 1.122689843177795410e-01 6.829808950424194336e-01
1.184926390647888184e+00 1.788614690303802490e-02 -1.362427592277526855e+00 1.181939095258712769e-01 -4.754417538642883301e-01 -3.730426132678985596e-01 4.856837391853332520e-01 -3.423294126987457275e-01 1.167902201414108276e-01 6.870182752609252930e-01
1.189276576042175293e+00 4.408941138535737991e-03 -1.346983075141906738e+00 1.126191616058349609e-01 -4.930120110511779785e-01 -3.597956597805023193e-01 4.876418113708496094e-01 -3.469785749912261963e-01 1.324719637632369995e-01 6.606696248054504395e-01
1.187982082366943359e+00 4.057035315781831741e-03 -1.349678993225097656e+00 1.265032738447189331e-01 -4.831519424915313721e-01 -3.668131828308105469e-01 5.030521154403686523e-01 -3.456229269504547119e-01 1.365644335746765137e-01 6.712157726287841797e-01
1.185992598533630371e+00 2.830646932125091553e-02 -1.348373651504516602e+00 1.162354499101638794e-01 -4.844057559967041016e-01 -3.627769351005554199e-01 4.909779429435729980e-01 -3.417101204395294189e-01 1.187683492898941040e-01 6.907575130462646484e-01
1.304632425308227539e+00 -2.497592121362686157e-01 -1.173912048339843750e+00 2.632571160793304443e-01 -3.282892704010009766e-01 -2.042167931795120239e-01 6.869416832923889160e-01 -4.518654048442840576e-01 1.139667853713035583e-01 8.585985898971557617e-01
1.989668488502502441e+00 -3.677938580513000488e-01 -1.271466255187988281e+00 5.178573727607727051e-02 -3.745962083339691162e-01 -3.357313275337219238e-01 -2.046543359756469727e-01 -1.893634647130966187e-01 -6.729753315448760986e-02 4.737329185009002686e-01
2.001469612121582031e+00 -3.661515116691589355e-01 -1.273505091667175293e+00 5.146214365959167480e-02 -3.777002394199371338e-01 -3.340616226196289062e-01 -2.439193129539489746e-01 -1.899154633283615112e-01 -7.184678316116333008e-02 4.493774771690368652e-01
2.005288124084472656e+00 -3.640313148498535156e-01 -1.274462580680847168e+00 5.453523993492126465e-02 -3.703040182590484619e-01 -3.316551446914672852e-01 -2.506403923034667969e-01 -1.755171269178390503e-01 -7.351024448871612549e-02 4.486023187637329102e-01
2.008048057556152344e+00 -3.732683062553405762e-01 -1.280579924583435059e+00 5.428430438041687012e-02 -3.736858665943145752e-01 -3.370651602745056152e-01 -2.239584624767303467e-01 -1.949977129697799683e-01 -7.026299834251403809e-02 4.532328546047210693e-01
1.996541142463684082e+00 -3.613555431365966797e-01 -1.278383493423461914e+00 5.256962776184082031e-02 -3.715765178203582764e-01 -3.351891040802001953e-01 -2.371714711189270020e-01 -1.905084699392318726e-01 -7.126015424728393555e-02 4.465613663196563721e-01
2.013971567153930664e+00 -3.687595725059509277e-01 -1.273859620094299316e+00 5.464217066764831543e-02 -3.751772344112396240e-01 -3.303031325340270996e-01 -2.319762408733367920e-01 -1.817389577627182007e-01 -7.397913932800292969e-02 4.501695930957794189e-01
1.995646715164184570e+00 -3.715199232101440430e-01 -1.277374625205993652e+00 5.497580766677856445e-02 -3.787766098976135254e-01 -3.415632843971252441e-01 -2.283246815204620361e-01 -1.903858035802841187e-01 -6.545954942703247070e-02 4.487403631210327148e-01
2.006688594818115234e+00 -3.697619438171386719e-01 -1.272263646125793457e+00 5.339619517326354980e-02 -3.729941844940185547e-01 -3.354595303535461426e-01 -2.410399913787841797e-01 -1.922172158956527710e-01 -7.194140553474426270e-02 4.441066980361938477e-01
2.006408929824829102e+00 -3.616096377372741699e-01 -1.278060793876647949e+00 4.909634590148925781e-02 -3.754366934299468994e-01 -3.350349068641662598e-01 -2.325990200042724609e-01 -1.963657587766647339e-01 -7.255341112613677979e-02 4.493227005004882812e-01
4.312274456024169922e-01 -1.004714965820312500e+00 -1.930307030677795410e+00 6.947655677795410156e-01 -9.859777092933654785e-01 -3.258854746818542480e-01 -8.542756438255310059e-01 -4.070453941822052002e-01 -6.228893399238586426e-01 -9.630584120750427246e-01
6.190387532114982605e-02 -1.223018646240234375e+00 -1.689133524894714355e+00 8.808868527412414551e-01 -1.124058246612548828e+00 3.119514789432287216e-03 -1.883268356323242188e-01 -5.104902386665344238e-01 -5.982955694198608398e-01 -7.120618820190429688e-01
5.935276672244071960e-02 -1.237727165222167969e+00 -1.707734107971191406e+00 9.162909984588623047e-01 -1.140781044960021973e+00 -1.607258431613445282e-02 -1.758111715316772461e-01 -4.976629316806793213e-01 -5.701592564582824707e-01 -7.241647839546203613e-01
6.099976226687431335e-02 -1.234980344772338867e+00 -1.715355753898620605e+00 9.319218397140502930e-01 -1.150254726409912109e+00 -2.143652550876140594e-02 -1.638638973236083984e-01 -4.962104856967926025e-01 -5.730049610137939453e-01 -7.298644781112670898e-01
6.584076583385467529e-02 -1.232236027717590332e+00 -1.716829776763916016e+00 9.274254441261291504e-01 -1.156674385070800781e+00 -1.324225775897502899e-02 -1.516597270965576172e-01 -4.893338978290557861e-01 -5.824714899063110352e-01 -7.220311760902404785e-01
6.483782827854156494e-02 -1.227267265319824219e+00 -1.726186871528625488e+00 9.236837029457092285e-01 -1.157476186752319336e+00 -1.064826361835002899e-02 -1.460843682289123535e-01 -4.899959862232208252e-01 -5.848121047019958496e-01 -7.298976182937622070e-01
-3.371583297848701477e-02 -9.299718141555786133e-01 -1.843604922294616699e+00 8.004375100135803223e-01 -1.183419346809387207e+00 1.437595933675765991e-01 5.598836764693260193e-02 -4.153297245502471924e-01 -5.607292652130126953e-01 -8.383472561836242676e-01
-9.365065395832061768e-02 -3.549629449844360352e-01 -2.062836647033691406e+00 6.888032555580139160e-01 -1.389380097389221191e+00 3.321824669837951660e-01 3.928013443946838379e-01 -3.995538651943206787e-01 -4.357110559940338135e-01 -9.436278939247131348e-01
-2.312614768743515015e-01 -2.282492667436599731e-01 -2.109330177307128906e+00 6.101531982421875000e-01 -1.616252660751342773e+00 4.526798427104949951e-02 6.542322225868701935e-03 -3.023647964000701904e-01 -5.068562626838684082e-01 -1.040392637252807617e+00
-2.542365789413452148e-01 -1.885380297899246216e-01 -2.115338802337646484e+00 5.995362997055053711e-01 -1.623421430587768555e+00 2.517698891460895538e-02 -1.866561546921730042e-02 -3.084970414638519287e-01 -5.032796859741210938e-01 -1.082640290260314941e+00
-2.620774805545806885e-01 -1.740754991769790649e-01 -2.115157365798950195e+00 5.911651849746704102e-01 -1.615318298339843750e+00 9.894954040646553040e-03 -2.648371830582618713e-02 -3.001674711704254150e-01 -5.060237050056457520e-01 -1.104939103126525879e+00
-3.003182709217071533e-01 -1.454616338014602661e-01 -2.104020357131958008e+00 6.556055545806884766e-01 -1.604174375534057617e+00 1.392984837293624878e-01 1.933681368827819824e-01 -3.936953842639923096e-01 -4.978205859661102295e-01 -9.741334915161132812e-01
-3.838284015655517578e-01 4.861341416835784912e-02 -2.112462997436523438e+00 6.675718426704406738e-01 -1.562983393669128418e+00 1.675945669412612915e-01 2.396814227104187012e-01 -3.604272305965423584e-01 -4.322960078716278076e-01 -1.141349196434020996e+00
-4.488969445228576660e-01 1.472022384405136108e-01 -2.084974765777587891e+00 6.544022560119628906e-01 -1.521093606948852539e+00 1.100607663393020630e-01 1.140285134315490723e-01 -2.878383696079254150e-01 -3.727454841136932373e-01 -1.228679656982421875e+00
-4.710718989372253418e-01 1.476439684629440308e-01 -2.103354930877685547e+00 6.434768438339233398e-01 -1.500723838806152344e+00 4.730273783206939697e-02 1.346938014030456543e-01 -3.090149462223052979e-01 -3.476029932498931885e-01 -1.258529901504516602e+00
