3.170988559722900391e-01 2.464784830808639526e-01 -1.383237957954406738e+00 2.955897748470306396e-01 -1.985609680414199829e-01 -1.354347020387649536e-01 2.340703606605529785e-01 -5.915395021438598633e-01 1.857091039419174194e-01 1.794526278972625732e-01
3.069875240325927734e-01 2.322206348180770874e-01 -1.361453652381896973e+00 2.905874550342559814e-01 -2.167543321847915649e-01 -1.357893496751785278e-01 2.440429329872131348e-01 -6.013417840003967285e-01 1.815868467092514038e-01 1.784444600343704224e-01
3.923902511596679688e-01 -2.579881250858306885e-02 -1.236226320266723633e+00 3.588185608386993408e-01 -2.642761170864105225e-01 -8.989931643009185791e-02 4.585956335067749023e-01 -6.384790539741516113e-01 1.014194488525390625e-01 3.892726898193359375e-01
7.441356778144836426e-01 -4.737471342086791992e-01 -1.250881075859069824e+00 2.327465415000915527e-01 -1.827251464128494263e-01 7.909147441387176514e-02 7.897466421127319336e-01 -8.591144680976867676e-01 1.443201899528503418e-01 4.676737487316131592e-01
7.760303020477294922e-01 -6.134691238403320312e-01 -1.218926787376403809e+00 2.591630220413208008e-01 -2.184560447931289673e-01 1.513253897428512573e-01 8.937148451805114746e-01 -8.746303319931030273e-01 9.384794533252716064e-02 5.382166504859924316e-01
7.424726486206054688e-01 -6.637915968894958496e-01 -1.212592601776123047e+00 2.836414277553558350e-01 -2.583503723144531250e-01 1.656813472509384155e-01 9.615896344184875488e-01 -8.620033860206604004e-01 8.560405671596527100e-02 5.507701039314270020e-01
7.478430271148681641e-01 -6.537728309631347656e-01 -1.200837135314941406e+00 3.022905290126800537e-01 -2.557688355445861816e-01 1.593339294195175171e-01 9.517887830734252930e-01 -8.681027293205261230e-01 9.096467494964599609e-02 5.587806105613708496e-01
7.478609681129455566e-01 -6.617317199707031250e-01 -1.200773715972900391e+00 3.124687373638153076e-01 -2.601306736469268799e-01 1.475488394498825073e-01 9.479007124900817871e-01 -8.650650978088378906e-01 9.234328567981719971e-02 5.648652911186218262e-01
7.505397200584411621e-01 -6.654065847396850586e-01 -1.212864637374877930e+00 3.036206364631652832e-01 -2.452229112386703491e-01 1.359123438596725464e-01 9.621953964233398438e-01 -8.793347477912902832e-01 9.602744877338409424e-02 5.693805813789367676e-01
6.947472095489501953e-01 -6.804836392402648926e-01 -1.132293820381164551e+00 2.933023273944854736e-01 -1.942304223775863647e-01 1.675007790327072144e-01 9.576010107994079590e-01 -8.295673727989196777e-01 1.693377792835235596e-01 4.818116426467895508e-01
3.307449519634246826e-01 -1.162146568298339844e+00 -7.746845483779907227e-01 5.406332612037658691e-01 3.379062283784151077e-03 4.583936333656311035e-01 1.180325388908386230e+00 -7.040230631828308105e-01 2.263785600662231445e-01 1.610282659530639648e-01
1.002462029457092285e+00 -1.207662582397460938e+00 -1.511780619621276855e+00 3.298459649085998535e-01 6.628217101097106934e-01 3.669124841690063477e-01 5.029798150062561035e-01 -3.277405798435211182e-01 -5.879001319408416748e-02 -4.445554018020629883e-01
9.984459877014160156e-01 -1.230629563331604004e+00 -1.540104746818542480e+00 3.995906710624694824e-01 7.306795120239257812e-01 3.293534517288208008e-01 4.068218469619750977e-01 -2.770647108554840088e-01 -1.080723702907562256e-01 -4.853493571281433105e-01
9.913092255592346191e-01 -1.215694665908813477e+00 -1.541442036628723145e+00 3.898344039916992188e-01 7.270309925079345703e-01 3.364795446395874023e-01 3.984989523887634277e-01 -2.747448980808258057e-01 -1.029733270406723022e-01 -4.939185976982116699e-01
9.971420764923095703e-01 -1.165653228759765625e+00 -1.511188149452209473e+00 4.291505515575408936e-01 7.271570563316345215e-01 3.570162057876586914e-01 4.232727289199829102e-01 -3.130264580249786377e-01 -1.422486901283264160e-01 -4.608221948146820068e-01
8.077679276466369629e-01 -1.193411827087402344e+00 -1.518562674522399902e+00 3.536744117736816406e-01 6.850772500038146973e-01 3.519878983497619629e-01 4.422113299369812012e-01 -3.649404346942901611e-01 -1.727751344442367554e-01 -4.939327239990234375e-01
2.685820460319519043e-01 -1.500504016876220703e+00 -1.090307831764221191e+00 4.182214140892028809e-01 5.102245211601257324e-01 3.641663193702697754e-01 9.280400872230529785e-01 -3.685945570468902588e-01 -2.039055973291397095e-01 1.501975655555725098e-01
2.597361803054809570e-01 -1.510269880294799805e+00 -1.063166737556457520e+00 4.631537497043609619e-01 5.155490040779113770e-01 3.762736916542053223e-01 9.491392970085144043e-01 -3.836286365985870361e-01 -1.921529471874237061e-01 2.208147644996643066e-01
2.654759287834167480e-01 -1.519363641738891602e+00 -1.055723786354064941e+00 4.630766808986663818e-01 5.165645480155944824e-01 3.693242669105529785e-01 9.621878862380981445e-01 -3.823616802692413330e-01 -1.880636513233184814e-01 2.176003158092498779e-01
2.553994655609130859e-01 -1.507477402687072754e+00 -1.060783386230468750e+00 4.683593213558197021e-01 5.154926776885986328e-01 3.787410259246826172e-01 9.551276564598083496e-01 -3.822827637195587158e-01 -1.878676116466522217e-01 2.167054414749145508e-01
2.414224594831466675e-01 -1.447516322135925293e+00 -1.024209856986999512e+00 4.600470066070556641e-01 5.255283713340759277e-01 3.756169676780700684e-01 9.564270377159118652e-01 -3.906512558460235596e-01 -1.750793159008026123e-01 2.746163010597229004e-01
6.347432732582092285e-01 -1.455850601196289062e+00 -1.545574903488159180e+00 3.323441445827484131e-01 5.191093087196350098e-01 2.658491134643554688e-01 7.706269621849060059e-01 -4.639081060886383057e-01 -3.785469830036163330e-01 2.505299150943756104e-01
7.966378331184387207e-01 -1.294602751731872559e+00 -1.780496954917907715e+00 2.185576260089874268e-01 4.798979461193084717e-01 2.808851599693298340e-01 6.239822506904602051e-01 -4.220063984394073486e-01 -5.010449290275573730e-01 2.433999478816986084e-01
6.984280347824096680e-01 -9.830964207649230957e-01 -1.846603989601135254e+00 1.103906333446502686e-01 5.534451603889465332e-01 2.882984280586242676e-01 4.844489693641662598e-01 -3.103479444980621338e-01 -4.680393338203430176e-01 1.293110847473144531e-01
3.401069641113281250e-01 -5.333165526390075684e-01 -1.762328982353210449e+00 2.963992953300476074e-01 7.457081079483032227e-01 1.663289517164230347e-01 3.666696548461914062e-01 -7.784895598888397217e-02 -3.061456978321075439e-01 4.503217712044715881e-02
3.475309610366821289e-01 -6.922377943992614746e-01 -1.776815533638000488e+00 5.125390291213989258e-01 8.188225626945495605e-01 -8.218641579151153564e-02 3.900010585784912109e-01 -2.434774301946163177e-03 -2.629675269126892090e-01 3.302795067429542542e-02
