4.953550696372985840e-01 -2.793611586093902588e-02 3.239231705665588379e-01 1.541250851005315781e-02 -2.390479445457458496e-01 -5.038048326969146729e-02 8.433636426925659180e-01 -8.964516520500183105e-01 7.414026558399200439e-02 -1.009246230125427246e+00
4.933578968048095703e-01 -2.134695183485746384e-03 3.363219797611236572e-01 5.416541360318660736e-03 -2.217983007431030273e-01 -2.464739792048931122e-02 8.454521298408508301e-01 -9.064393043518066406e-01 8.110545575618743896e-02 -1.023659825325012207e+00
5.176500082015991211e-01 -1.077338606119155884e-01 2.982829213142395020e-01 4.523721337318420410e-02 -2.848831117153167725e-01 -7.134081423282623291e-02 9.034054875373840332e-01 -8.804653286933898926e-01 4.812522232532501221e-02 -9.689994454383850098e-01
4.230595529079437256e-01 -9.540487825870513916e-02 3.441652059555053711e-01 4.333806037902832031e-02 -3.056376278400421143e-01 1.603131182491779327e-02 8.741683363914489746e-01 -8.927248716354370117e-01 1.018270105123519897e-02 -9.096856713294982910e-01
3.503965139389038086e-01 -9.715999662876129150e-02 2.911930382251739502e-01 4.948133230209350586e-02 -3.830453455448150635e-01 2.405373938381671906e-02 9.141388535499572754e-01 -8.601340055465698242e-01 4.410281777381896973e-03 -9.323434829711914062e-01
3.564657568931579590e-01 -8.857072889804840088e-02 3.167251348495483398e-01 7.004129886627197266e-02 -4.049821496009826660e-01 5.572028458118438721e-02 8.693553805351257324e-01 -8.540654778480529785e-01 -3.043498098850250244e-02 -9.818975329399108887e-01
4.370886683464050293e-01 -2.668856382369995117e-01 3.935971260070800781e-01 1.189763844013214111e-01 -4.476088285446166992e-01 2.505301125347614288e-02 8.698912262916564941e-01 -7.768229842185974121e-01 -1.795420646667480469e-01 -7.550635337829589844e-01
5.272802710533142090e-01 -3.080226778984069824e-01 4.495147466659545898e-01 1.263122260570526123e-01 -4.501126110553741455e-01 -4.723007977008819580e-02 7.994065880775451660e-01 -8.911873102188110352e-01 -2.720981538295745850e-01 -6.017016768455505371e-01
5.176291465759277344e-01 -2.772855758666992188e-01 4.250741899013519287e-01 -1.175397727638483047e-02 -3.942309319972991943e-01 -1.117087453603744507e-01 6.445041298866271973e-01 -8.411505222320556641e-01 -2.057194709777832031e-01 -6.985755562782287598e-01
6.105551719665527344e-01 -4.588121175765991211e-01 4.732640683650970459e-01 1.284891068935394287e-01 -2.845462858676910400e-01 2.038221247494220734e-02 9.380121827125549316e-01 -9.318343400955200195e-01 -2.910646498203277588e-01 -4.892538785934448242e-01
1.161952495574951172e+00 -6.852945089340209961e-01 4.389826059341430664e-01 -2.274782629683613777e-03 -3.662107288837432861e-01 -1.721015721559524536e-01 4.034196957945823669e-02 -7.536157369613647461e-01 -6.455762386322021484e-01 -8.705968260765075684e-01
1.162895441055297852e+00 -6.924552321434020996e-01 4.345461130142211914e-01 -1.554432604461908340e-02 -3.698276281356811523e-01 -1.678572148084640503e-01 1.697611436247825623e-02 -7.645696401596069336e-01 -6.501961946487426758e-01 -8.704884052276611328e-01
1.163181781768798828e+00 -6.951333880424499512e-01 4.356353282928466797e-01 1.438527135178446770e-03 -3.722408115863800049e-01 -1.703374236822128296e-01 2.738839015364646912e-02 -7.504017353057861328e-01 -6.515842676162719727e-01 -8.661797642707824707e-01
1.165149331092834473e+00 -7.023165225982666016e-01 4.383047521114349365e-01 -8.126587606966495514e-03 -3.816109001636505127e-01 -1.566501408815383911e-01 2.160298451781272888e-02 -7.559366822242736816e-01 -6.545127630233764648e-01 -8.588690161705017090e-01
1.162073731422424316e+00 -6.965519785881042480e-01 4.342008829116821289e-01 -5.325526930391788483e-03 -3.715774118900299072e-01 -1.692574173212051392e-01 1.678198203444480896e-02 -7.584651112556457520e-01 -6.505084633827209473e-01 -8.628761172294616699e-01
1.138259649276733398e+00 -7.189252376556396484e-01 4.188026785850524902e-01 -1.694747991859912872e-02 -3.845842778682708740e-01 -2.130532413721084595e-01 -6.193250790238380432e-02 -7.752544879913330078e-01 -6.965098977088928223e-01 -8.493980765342712402e-01
1.190346926450729370e-01 -7.858767509460449219e-01 1.281559318304061890e-01 3.148157894611358643e-01 -3.150804638862609863e-01 -4.095755815505981445e-01 -3.985889554023742676e-01 -8.996771574020385742e-01 -1.412208795547485352e+00 -1.056878209114074707e+00
-2.034234106540679932e-01 -7.373111844062805176e-01 8.111388981342315674e-02 3.135133087635040283e-01 -3.534825146198272705e-01 -1.679272763431072235e-02 5.407374501228332520e-01 -5.836241245269775391e-01 -1.288928508758544922e+00 -8.049516677856445312e-01
-2.045060098171234131e-01 -7.309717535972595215e-01 7.681520283222198486e-02 2.960564792156219482e-01 -3.557963073253631592e-01 -8.196366950869560242e-03 5.408673882484436035e-01 -5.788726210594177246e-01 -1.272321343421936035e+00 -8.069814443588256836e-01
-2.057062089443206787e-01 -7.315171360969543457e-01 8.812840282917022705e-02 2.924068868160247803e-01 -3.628476560115814209e-01 -4.482044372707605362e-03 5.449942350387573242e-01 -5.795421004295349121e-01 -1.283692836761474609e+00 -7.985826134681701660e-01
-2.262055724859237671e-01 -6.239553689956665039e-01 3.061957657337188721e-02 2.444572746753692627e-01 -3.851667940616607666e-01 8.336739242076873779e-02 6.764415502548217773e-01 -5.583389401435852051e-01 -1.228312849998474121e+00 -8.292019963264465332e-01
-3.974830508232116699e-01 -1.424154192209243774e-01 -1.162539273500442505e-01 3.068057596683502197e-01 -2.843165099620819092e-01 2.323735803365707397e-01 1.054506778717041016e+00 -5.289695858955383301e-01 -9.631444811820983887e-01 -1.150253176689147949e+00
-5.547431707382202148e-01 -5.881609022617340088e-02 -6.984172761440277100e-02 2.959127724170684814e-01 -4.641972482204437256e-01 -1.401768438518047333e-02 6.967471241950988770e-01 -4.355586767196655273e-01 -1.101679921150207520e+00 -1.242447853088378906e+00
-5.449954271316528320e-01 -1.014397293329238892e-01 -1.567633002996444702e-01 2.832162678241729736e-01 -5.163705945014953613e-01 1.013477891683578491e-01 8.690063953399658203e-01 -4.845764338970184326e-01 -9.426229596138000488e-01 -1.130179047584533691e+00
-6.857871413230895996e-01 1.382958739995956421e-01 -2.557005584239959717e-01 3.066329658031463623e-01 -4.400953352451324463e-01 1.277748495340347290e-01 1.015327095985412598e+00 -4.654901027679443359e-01 -7.395147681236267090e-01 -1.203668475151062012e+00
-8.011029362678527832e-01 2.428865879774093628e-01 -2.409919649362564087e-01 3.012548983097076416e-01 -4.394592940807342529e-01 1.217593401670455933e-01 9.614382386207580566e-01 -4.361928403377532959e-01 -6.236175894737243652e-01 -1.314034342765808105e+00
