1.180294632911682129e+00 3.133907914161682129e-01 -1.504830867052078247e-01 -6.604631990194320679e-02 -1.218441575765609741e-01 -3.331513702869415283e-02 5.276259779930114746e-01 -7.191263437271118164e-01 1.401894688606262207e-01 2.964515686035156250e-01
1.172687768936157227e+00 3.277126550674438477e-01 -1.652940362691879272e-01 -5.867032706737518311e-02 -1.224779933691024780e-01 -3.178487718105316162e-02 4.988747835159301758e-01 -7.191697359085083008e-01 1.259634345769882202e-01 2.977003455162048340e-01
1.188820481300354004e+00 3.252048492431640625e-01 -1.572898477315902710e-01 -5.303549766540527344e-02 -1.204131990671157837e-01 -4.894877970218658447e-02 5.218986868858337402e-01 -7.082126736640930176e-01 1.228638589382171631e-01 3.165022134780883789e-01
1.167914509773254395e+00 2.749378085136413574e-01 -1.483462899923324585e-01 -7.172217220067977905e-02 -1.285675019025802612e-01 -3.643240034580230713e-02 5.581629276275634766e-01 -6.849408745765686035e-01 1.420031338930130005e-01 3.159773349761962891e-01
1.123861432075500488e+00 2.226435393095016479e-01 -1.474423259496688843e-01 -9.471653401851654053e-02 -1.526216715574264526e-01 -2.124155871570110321e-02 6.526064276695251465e-01 -7.102612853050231934e-01 1.791707575321197510e-01 3.394048213958740234e-01
9.703188538551330566e-01 1.771031469106674194e-01 -1.446386128664016724e-01 -1.455030143260955811e-01 -1.543888002634048462e-01 2.584336884319782257e-02 7.854611873626708984e-01 -6.652130484580993652e-01 2.481682002544403076e-01 3.905968666076660156e-01
7.612770795822143555e-01 3.396655321121215820e-01 -6.518743932247161865e-02 -1.007660254836082458e-01 -1.915378123521804810e-01 5.932407081127166748e-02 1.098737597465515137e+00 -7.619639039039611816e-01 3.419138193130493164e-01 5.001236200332641602e-01
8.124701380729675293e-01 5.879408717155456543e-01 -1.136376112699508667e-01 1.886524073779582977e-02 -3.986193835735321045e-01 -6.345526874065399170e-02 1.178364992141723633e+00 -7.940813302993774414e-01 4.916669428348541260e-01 3.818308711051940918e-01
9.807343482971191406e-01 6.916095614433288574e-01 -1.246622949838638306e-01 1.490366365760564804e-02 -4.034158289432525635e-01 -8.637173473834991455e-02 8.874321579933166504e-01 -8.232557177543640137e-01 4.401029050350189209e-01 3.002750873565673828e-01
6.871473789215087891e-01 6.923477053642272949e-01 -1.929468065500259399e-01 4.756368696689605713e-02 -2.727376818656921387e-01 -3.643293678760528564e-02 1.181345939636230469e+00 -7.544074654579162598e-01 6.787454485893249512e-01 2.741588950157165527e-01
1.675927281379699707e+00 8.458293676376342773e-01 3.170193433761596680e-01 1.399294137954711914e-01 -1.394327402114868164e+00 -7.455344200134277344e-01 -7.512699961662292480e-01 -3.364487886428833008e-01 5.982716679573059082e-01 -1.586520671844482422e-01
1.879674315452575684e+00 2.282532304525375366e-01 6.940239667892456055e-01 9.576541930437088013e-02 -4.462682008743286133e-01 -1.104750752449035645e+00 -1.078020215034484863e+00 -3.441301882266998291e-01 2.833406925201416016e-01 1.860800897702574730e-03
1.799533843994140625e+00 2.979846596717834473e-01 7.447824478149414062e-01 -1.456265989691019058e-02 -3.124266564846038818e-01 -1.097645401954650879e+00 -9.298987984657287598e-01 -3.242038488388061523e-01 2.593645453453063965e-01 4.346314817667007446e-03
1.793705701828002930e+00 3.016023635864257812e-01 7.620910406112670898e-01 -1.703895069658756256e-02 -3.268890380859375000e-01 -1.084706306457519531e+00 -9.375700354576110840e-01 -3.322314321994781494e-01 2.614839076995849609e-01 3.863755380734801292e-03
1.807470917701721191e+00 3.096462488174438477e-01 7.678340673446655273e-01 -5.054661072790622711e-03 -3.186156153678894043e-01 -1.082181692123413086e+00 -9.359351992607116699e-01 -3.382988870143890381e-01 2.620041072368621826e-01 5.604688078165054321e-03
1.797984957695007324e+00 6.078479290008544922e-01 5.415322780609130859e-01 9.881220757961273193e-02 -3.403623998165130615e-01 -1.191037178039550781e+00 -8.420760035514831543e-01 -4.489386975765228271e-01 6.000760197639465332e-01 -1.462303400039672852e-01
1.815414547920227051e+00 6.064977049827575684e-01 5.244617462158203125e-01 1.112303212285041809e-01 -3.232878744602203369e-01 -1.176383733749389648e+00 -8.560904860496520996e-01 -4.600116014480590820e-01 6.324920058250427246e-01 -1.503044366836547852e-01
1.809993624687194824e+00 6.167151927947998047e-01 5.209419727325439453e-01 1.182094961404800415e-01 -3.278447687625885010e-01 -1.177545070648193359e+00 -8.424113392829895020e-01 -4.689827263355255127e-01 6.391940712928771973e-01 -1.475073695182800293e-01
1.804918885231018066e+00 6.175408363342285156e-01 5.315647721290588379e-01 1.090875715017318726e-01 -3.213660120964050293e-01 -1.174625992774963379e+00 -8.397443294525146484e-01 -4.611043632030487061e-01 6.405919194221496582e-01 -1.499413847923278809e-01
1.806759119033813477e+00 6.085106134414672852e-01 5.291028618812561035e-01 1.003081128001213074e-01 -3.281549513339996338e-01 -1.172987937927246094e+00 -8.380684256553649902e-01 -4.613837003707885742e-01 6.347654461860656738e-01 -1.550748944282531738e-01
1.811003327369689941e+00 6.565952301025390625e-01 5.352292656898498535e-01 1.155084669589996338e-01 -3.099452555179595947e-01 -1.153209447860717773e+00 -7.370273470878601074e-01 -4.829407036304473877e-01 7.625707387924194336e-01 -1.522583365440368652e-01
1.609269142150878906e+00 7.413529157638549805e-01 6.461995840072631836e-01 1.133229881525039673e-01 -2.545397579669952393e-01 -1.014505863189697266e+00 -4.328138232231140137e-01 -4.801008701324462891e-01 1.219655632972717285e+00 -6.375449895858764648e-02
1.342108726501464844e+00 5.404753088951110840e-01 9.892747998237609863e-01 1.266649961471557617e-01 -3.652523756027221680e-01 -1.205799818038940430e+00 5.258786082267761230e-01 -6.073060631752014160e-01 9.347188472747802734e-01 3.126893043518066406e-01
1.346592426300048828e+00 5.185490250587463379e-01 9.983683228492736816e-01 8.592562377452850342e-02 -4.166755974292755127e-01 -1.243927001953125000e+00 5.684606432914733887e-01 -6.338508725166320801e-01 9.010632038116455078e-01 3.353619575500488281e-01
1.389230608940124512e+00 5.910339355468750000e-01 9.307538866996765137e-01 1.017328202724456787e-01 -3.923431932926177979e-01 -1.199797868728637695e+00 4.820299744606018066e-01 -5.948239564895629883e-01 1.043258309364318848e+00 2.935909032821655273e-01
1.132410407066345215e+00 2.721498608589172363e-01 8.895541429519653320e-01 4.206350445747375488e-02 -3.967993855476379395e-01 -1.137594103813171387e+00 5.921455025672912598e-01 -5.388751626014709473e-01 8.098445534706115723e-01 3.971375823020935059e-01
