5.051920413970947266e-01 -1.913715898990631104e-02 2.826366126537322998e-01 1.502054929733276367e-01 -1.655105054378509521e-01 -1.140508204698562622e-01 8.591209053993225098e-01 -8.856413960456848145e-01 6.877902150154113770e-02 -1.043928027153015137e+00
4.719643592834472656e-01 5.826101172715425491e-03 3.463883399963378906e-01 1.075206398963928223e-01 -1.444706320762634277e-01 -7.562179863452911377e-02 8.078991770744323730e-01 -8.940153717994689941e-01 4.648371040821075439e-02 -1.028686285018920898e+00
4.834961891174316406e-01 -3.344060480594635010e-02 2.435841709375381470e-01 1.851605474948883057e-01 -2.183430343866348267e-01 -1.414633542299270630e-01 9.901091456413269043e-01 -8.457857966423034668e-01 1.371455192565917969e-01 -9.808313846588134766e-01
4.086197316646575928e-01 -4.017795622348785400e-02 3.212215602397918701e-01 1.271868348121643066e-01 -2.092521339654922485e-01 -8.678211271762847900e-02 1.121397376060485840e+00 -8.565600514411926270e-01 1.642468869686126709e-01 -8.497124910354614258e-01
3.772481679916381836e-01 -2.999867498874664307e-02 3.055921494960784912e-01 1.552111506462097168e-01 -2.235741913318634033e-01 -8.168245851993560791e-02 1.314473032951354980e+00 -8.300847411155700684e-01 2.435128539800643921e-01 -7.687602043151855469e-01
3.045737147331237793e-01 7.057450711727142334e-02 2.503675520420074463e-01 1.446718126535415649e-01 -1.931026428937911987e-01 -5.488987267017364502e-02 1.320799469947814941e+00 -8.841699957847595215e-01 3.646406531333923340e-01 -8.233695030212402344e-01
2.376774996519088745e-01 1.495964974164962769e-01 1.114373952150344849e-01 1.913252174854278564e-01 -2.357600480318069458e-01 -9.788320958614349365e-02 1.305511713027954102e+00 -8.725240826606750488e-01 5.808477997779846191e-01 -9.179942607879638672e-01
3.499240875244140625e-01 4.113019704818725586e-01 2.128344029188156128e-01 2.348610758781433105e-01 -6.346357464790344238e-01 -3.144313395023345947e-01 7.847488522529602051e-01 -8.161681294441223145e-01 4.685176908969879150e-01 -1.163158059120178223e+00
4.168768525123596191e-01 4.296963214874267578e-01 2.849014997482299805e-01 1.975444406270980835e-01 -6.412678956985473633e-01 -3.241289556026458740e-01 6.743949055671691895e-01 -7.942392826080322266e-01 3.980423808097839355e-01 -1.256124258041381836e+00
4.077595472335815430e-01 5.122044682502746582e-01 2.003724128007888794e-01 1.011541485786437988e-01 -5.137482881546020508e-01 -1.841418296098709106e-01 -2.154492735862731934e-01 -5.790385603904724121e-01 2.777114510536193848e-01 -1.729754567146301270e+00
4.524705410003662109e-01 4.196134805679321289e-01 1.542567759752273560e-01 1.563715189695358276e-01 -5.860741138458251953e-01 -2.293204665184020996e-01 -3.894559144973754883e-01 -6.586177945137023926e-01 1.712913066148757935e-01 -1.745833992958068848e+00
4.658466875553131104e-01 3.516659736633300781e-01 1.698595732450485229e-01 1.220497786998748779e-01 -6.352329850196838379e-01 -2.530605792999267578e-01 -4.964843392372131348e-01 -6.191986799240112305e-01 8.754360675811767578e-02 -1.698513865470886230e+00
4.749850034713745117e-01 3.539626002311706543e-01 1.745301336050033569e-01 1.307298541069030762e-01 -6.233738064765930176e-01 -2.565503120422363281e-01 -4.966491460800170898e-01 -6.221807599067687988e-01 8.683405071496963501e-02 -1.695617198944091797e+00
4.707011580467224121e-01 3.482624292373657227e-01 1.721904426813125610e-01 1.299833506345748901e-01 -6.195302605628967285e-01 -2.565203905105590820e-01 -5.067271590232849121e-01 -6.173971295356750488e-01 9.123149514198303223e-02 -1.716853737831115723e+00
4.642518758773803711e-01 3.455410599708557129e-01 1.730280369520187378e-01 1.313526034355163574e-01 -6.292967796325683594e-01 -2.550271451473236084e-01 -5.042153000831604004e-01 -6.280478835105895996e-01 8.841688185930252075e-02 -1.702645659446716309e+00
4.894018769264221191e-01 -2.518226206302642822e-02 3.956007063388824463e-01 1.554791331291198730e-01 -1.066995620727539062e+00 -2.599397003650665283e-01 -7.559800148010253906e-01 -3.710907995700836182e-01 1.967268437147140503e-01 -8.092992305755615234e-01
4.638701081275939941e-01 -3.365339338779449463e-02 6.005350351333618164e-01 3.968386910855770111e-03 -1.361697673797607422e+00 3.357867002487182617e-01 -6.494293212890625000e-01 5.405209958553314209e-02 7.343427538871765137e-01 -2.675548791885375977e-01
6.438097953796386719e-01 -9.540261328220367432e-02 6.482535600662231445e-01 2.375068664550781250e-01 -9.276837706565856934e-01 9.272147417068481445e-01 -5.370565056800842285e-01 -3.248466551303863525e-02 1.466847419738769531e+00 -6.892937421798706055e-02
6.386964917182922363e-01 -9.463705122470855713e-02 6.342773437500000000e-01 2.439644783735275269e-01 -9.373266100883483887e-01 9.211421012878417969e-01 -5.458856821060180664e-01 -4.213206470012664795e-02 1.477751135826110840e+00 -7.616025209426879883e-02
6.403275132179260254e-01 -9.134639799594879150e-02 6.379469037055969238e-01 2.336957156658172607e-01 -9.304073452949523926e-01 9.197262525558471680e-01 -5.408388972282409668e-01 -3.999818861484527588e-02 1.486728906631469727e+00 -8.051943778991699219e-02
6.206074953079223633e-01 -5.147160589694976807e-02 6.286946535110473633e-01 1.989459395408630371e-01 -8.784177899360656738e-01 9.291892647743225098e-01 -4.943154454231262207e-01 -4.156397283077239990e-02 1.515908837318420410e+00 -1.181268692016601562e-01
4.369872808456420898e-01 1.879865378141403198e-01 7.471668124198913574e-01 1.053672432899475098e-01 -1.022679567337036133e+00 7.212325930595397949e-01 3.662844300270080566e-01 -2.332777231931686401e-01 1.736903190612792969e+00 -2.467734813690185547e-01
6.844276189804077148e-01 1.462443917989730835e-01 1.136578917503356934e+00 1.770133972167968750e-01 -1.254246830940246582e+00 8.042323589324951172e-01 6.152573227882385254e-01 -1.986920237541198730e-01 1.639521956443786621e+00 -9.488517045974731445e-02
6.617047786712646484e-01 2.061698883771896362e-01 1.040272116661071777e+00 2.003473639488220215e-01 -1.148304820060729980e+00 8.250257372856140137e-01 4.778476953506469727e-01 -1.973887830972671509e-01 1.755041956901550293e+00 -1.768895387649536133e-01
3.718659877777099609e-01 8.473353087902069092e-02 8.362029194831848145e-01 1.075055450201034546e-01 -1.122290611267089844e+00 5.759322643280029297e-01 1.056256771087646484e+00 -2.501546144485473633e-01 1.639077425003051758e+00 -7.944548130035400391e-02
3.550239503383636475e-01 -3.973175585269927979e-02 1.023790478706359863e+00 6.313383579254150391e-02 -1.030168533325195312e+00 6.553470492362976074e-01 1.152985930442810059e+00 -1.602942198514938354e-01 1.397500753402709961e+00 7.829272747039794922e-02
