9.851907491683959961e-01 4.172457456588745117e-01 -1.272558569908142090e+00 1.119843870401382446e-01 -3.016965687274932861e-01 4.108588397502899170e-02 4.839162826538085938e-01 -4.772628843784332275e-01 2.270986288785934448e-01 4.510366022586822510e-01
9.924300909042358398e-01 4.337075352668762207e-01 -1.279908657073974609e+00 1.217495501041412354e-01 -2.823450863361358643e-01 3.433309495449066162e-02 4.520393610000610352e-01 -4.740068018436431885e-01 2.160359472036361694e-01 4.559323787689208984e-01
9.872475266456604004e-01 4.369449019432067871e-01 -1.287291407585144043e+00 1.458269953727722168e-01 -2.840043306350708008e-01 1.403896696865558624e-02 4.524910151958465576e-01 -4.740796983242034912e-01 2.156440466642379761e-01 4.706746339797973633e-01
9.925423860549926758e-01 3.978682756423950195e-01 -1.274889588356018066e+00 1.140352338552474976e-01 -3.066836297512054443e-01 3.370402753353118896e-02 5.042533278465270996e-01 -4.670037925243377686e-01 2.195997685194015503e-01 4.722144603729248047e-01
9.420373439788818359e-01 3.239126801490783691e-01 -1.237748980522155762e+00 6.675805151462554932e-02 -3.191859424114227295e-01 4.328076541423797607e-02 5.986907482147216797e-01 -4.898025691509246826e-01 2.638806104660034180e-01 4.822365641593933105e-01
8.155493140220642090e-01 2.909435033798217773e-01 -1.150792956352233887e+00 1.877206377685070038e-02 -3.222960531711578369e-01 6.765590608119964600e-02 7.149016857147216797e-01 -4.467026889324188232e-01 3.432432115077972412e-01 5.341342687606811523e-01
6.124011278152465820e-01 4.252957701683044434e-01 -1.014768481254577637e+00 8.758389949798583984e-02 -3.585762679576873779e-01 9.737811982631683350e-02 1.006967186927795410e+00 -5.645353198051452637e-01 4.762955009937286377e-01 7.137148976325988770e-01
6.078708171844482422e-01 6.872850656509399414e-01 -9.825117588043212891e-01 1.794686764478683472e-01 -6.140147447586059570e-01 7.120118942111730576e-03 1.167746186256408691e+00 -5.748391747474670410e-01 6.357699036598205566e-01 6.450711488723754883e-01
7.250248789787292480e-01 8.458441495895385742e-01 -1.074299454689025879e+00 2.097478061914443970e-01 -6.494841575622558594e-01 -1.490826718509197235e-02 9.106718897819519043e-01 -6.040951013565063477e-01 5.831854939460754395e-01 5.577477812767028809e-01
7.084459662437438965e-01 6.893646121025085449e-01 -1.095912098884582520e+00 2.252281457185745239e-01 -6.120211482048034668e-01 -5.493958294391632080e-02 1.016550183296203613e+00 -6.003466248512268066e-01 6.359105706214904785e-01 5.624700784683227539e-01
1.022948622703552246e+00 1.164838552474975586e+00 -9.809318184852600098e-01 1.569706499576568604e-01 -3.478501141071319580e-01 1.678531914949417114e-01 1.708531379699707031e-01 -1.849092692136764526e-01 8.598750233650207520e-01 2.298331558704376221e-01
1.433707594871520996e+00 1.041424036026000977e+00 1.187415271997451782e-01 2.408533692359924316e-01 -1.168694019317626953e+00 -1.307773947715759277e+00 -1.111947774887084961e+00 -6.406943500041961670e-02 5.381897091865539551e-01 5.977720618247985840e-01
1.413999438285827637e+00 7.655416131019592285e-01 3.128349184989929199e-01 9.303119778633117676e-02 -5.438639521598815918e-01 -1.450300216674804688e+00 -9.773257374763488770e-01 -6.595183908939361572e-02 3.879923522472381592e-01 7.597804069519042969e-01
1.420690059661865234e+00 7.571516633033752441e-01 3.054060339927673340e-01 8.616593480110168457e-02 -5.389302372932434082e-01 -1.453222274780273438e+00 -9.845077395439147949e-01 -7.510018348693847656e-02 3.918454945087432861e-01 7.555871605873107910e-01
1.422967314720153809e+00 7.657241821289062500e-01 3.095042109489440918e-01 9.396073222160339355e-02 -5.429269671440124512e-01 -1.447482824325561523e+00 -9.753134846687316895e-01 -7.164816558361053467e-02 3.886570036411285400e-01 7.548630833625793457e-01
1.403007030487060547e+00 7.644351720809936523e-01 3.134013414382934570e-01 8.622607588768005371e-02 -5.412636995315551758e-01 -1.446839213371276855e+00 -9.644978046417236328e-01 -7.697273790836334229e-02 3.848270475864410400e-01 7.508628964424133301e-01
1.325864911079406738e+00 1.065806269645690918e+00 1.344006210565567017e-01 1.939554512500762939e-01 -5.506294965744018555e-01 -1.573519468307495117e+00 -9.024760723114013672e-01 -2.022901326417922974e-01 7.601401209831237793e-01 6.282868385314941406e-01
1.324185967445373535e+00 1.069761872291564941e+00 1.324377804994583130e-01 1.937109827995300293e-01 -5.509012341499328613e-01 -1.578820705413818359e+00 -9.158218502998352051e-01 -2.049913555383682251e-01 7.630593180656433105e-01 6.220875978469848633e-01
1.325987935066223145e+00 1.075912714004516602e+00 1.392978578805923462e-01 1.962282955646514893e-01 -5.572214722633361816e-01 -1.567833662033081055e+00 -9.126334786415100098e-01 -1.982420831918716431e-01 7.622341513633728027e-01 6.217925548553466797e-01
1.309714674949645996e+00 1.076167821884155273e+00 1.363531500101089478e-01 1.929770708084106445e-01 -5.524529218673706055e-01 -1.569453239440917969e+00 -9.026825428009033203e-01 -1.975819617509841919e-01 7.637830376625061035e-01 6.151149272918701172e-01
1.313437461853027344e+00 1.075181484222412109e+00 1.361618191003799438e-01 1.858353018760681152e-01 -5.460578799247741699e-01 -1.578822731971740723e+00 -9.100320935249328613e-01 -1.958672255277633667e-01 7.645569443702697754e-01 6.226574778556823730e-01
1.254827141761779785e+00 1.134167432785034180e+00 2.495473772287368774e-01 1.843304932117462158e-01 -4.951116144657135010e-01 -1.401625514030456543e+00 -6.525443196296691895e-01 -1.709588021039962769e-01 1.066925883293151855e+00 6.256846785545349121e-01
1.051744580268859863e+00 1.214801430702209473e+00 4.441370368003845215e-01 1.677886396646499634e-01 -6.065871715545654297e-01 -1.567231893539428711e+00 3.280799984931945801e-01 -2.736939787864685059e-01 1.193174481391906738e+00 1.099725604057312012e+00
1.096578001976013184e+00 1.017734766006469727e+00 5.928691029548645020e-01 1.447256505489349365e-01 -6.535282731056213379e-01 -1.612979292869567871e+00 4.088202118873596191e-01 -2.879301309585571289e-01 8.760743737220764160e-01 1.250463604927062988e+00
1.116101861000061035e+00 1.187003850936889648e+00 4.871716499328613281e-01 1.869502067565917969e-01 -6.212009191513061523e-01 -1.592209577560424805e+00 3.512152433395385742e-01 -2.738491594791412354e-01 1.066690564155578613e+00 1.172963976860046387e+00
9.079634547233581543e-01 8.348772525787353516e-01 4.761197566986083984e-01 1.150880306959152222e-01 -6.078500747680664062e-01 -1.535582661628723145e+00 4.926624298095703125e-01 -2.009726911783218384e-01 8.969009518623352051e-01 1.228145241737365723e+00
1.014429330825805664e+00 6.230604648590087891e-01 7.096143960952758789e-01 5.913984775543212891e-02 -5.996617674827575684e-01 -1.476887226104736328e+00 4.335087537765502930e-01 -1.725382357835769653e-01 5.829926729202270508e-01 1.324214935302734375e+00
