-5.601373490959999923e-01 -3.202639068829999935e-01 -2.369658277940000189e-03 3.482170050949999762e-01 -3.164261209170000227e-02 -5.601695853010000281e-01 2.857734862229999728e-01 4.102640076600000060e-03 -3.416249011160000237e-01 4.573572998670000223e-02
-5.601373490959999923e-01 -3.187678920070000088e-01 -2.369658277940000189e-03 3.482170050949999762e-01 -3.164261209170000227e-02 -5.584044130219999458e-01 4.623048691259999954e-01 4.102640076600000060e-03 -5.659775292640000233e-01 -2.819447646209999880e-01
-5.601373490959999923e-01 -3.202639068829999935e-01 -2.369658277940000189e-03 3.482170050949999762e-01 -3.164261209170000227e-02 -4.483742435920000102e-01 4.772652503950000069e-01 4.102640076600000060e-03 -7.578152343309999539e-01 -4.192071712670000228e-01
-5.601373490959999923e-01 -3.172718771320000020e-01 -2.369658277940000189e-03 3.482170050949999762e-01 -3.164261209170000227e-02 -2.806812310299999780e-01 4.802572801459999985e-01 4.691030836099999678e-03 -7.578152343309999539e-01 -4.306458097309999733e-01
-5.601373490959999923e-01 -3.187678920070000088e-01 -2.958049037439999807e-03 3.482170050949999762e-01 -3.096976330880000031e-02 -8.827553221749999401e-02 4.802572801459999985e-01 4.691030836099999678e-03 -7.561893807889999986e-01 -4.306458097309999733e-01
-5.601373490959999923e-01 -3.187678920070000088e-01 -2.369658277940000189e-03 3.482170050949999762e-01 -3.096976330880000031e-02 9.942294906859999726e-02 4.593128393750000038e-01 4.691030836099999678e-03 -7.545636535859999716e-01 -4.306458097309999733e-01
-5.601373490959999923e-01 -3.187678920070000088e-01 -2.958049037439999807e-03 3.482170050949999762e-01 -3.096976330880000031e-02 2.435800569000000082e-01 4.413604283550000007e-01 3.514249317100000009e-03 -7.496864719760000240e-01 -4.306458097309999733e-01
-5.601373490959999923e-01 -3.172718771320000020e-01 -2.369658277940000189e-03 3.482170050949999762e-01 -3.164261209170000227e-02 3.253671955229999746e-01 4.458484729800000212e-01 -9.430438842200000032e-03 -7.480607447729999970e-01 -4.306458097309999733e-01
-5.601373490959999923e-01 -3.187678920070000088e-01 -2.369658277940000189e-03 3.482170050949999762e-01 -3.096976330880000031e-02 3.559637893679999943e-01 4.533287798739999985e-01 -1.472604712800000028e-02 -7.594409615349999587e-01 -4.313186585139999751e-01
-5.601373490959999923e-01 -3.187678920070000088e-01 -2.369658277940000189e-03 3.482170050949999762e-01 -3.096976330880000031e-02 3.559637893679999943e-01 4.533287798739999985e-01 -1.472604712800000028e-02 -7.594409615349999587e-01 -4.306458097309999733e-01
-5.601373490959999923e-01 -3.187678920070000088e-01 -2.369658277940000189e-03 3.482170050949999762e-01 -3.096976330880000031e-02 3.559637893679999943e-01 4.533287798739999985e-01 -1.472604712800000028e-02 -7.594409615349999587e-01 -4.313186585139999751e-01
-5.601373490959999923e-01 -3.187678920070000088e-01 -2.369658277940000189e-03 3.482170050949999762e-01 -3.164261209170000227e-02 3.559637893679999943e-01 4.533287798739999985e-01 -1.472604712800000028e-02 -7.594409615349999587e-01 -4.306458097309999733e-01
-5.601373490959999923e-01 -3.187678920070000088e-01 -2.369658277940000189e-03 3.482170050949999762e-01 -3.096976330880000031e-02 3.559637893679999943e-01 4.533287798739999985e-01 -1.472604712800000028e-02 -7.594409615349999587e-01 -4.030588004760000120e-01
-5.601373490959999923e-01 -3.187678920070000088e-01 -2.369658277940000189e-03 3.482170050949999762e-01 -3.096976330880000031e-02 3.559637893679999943e-01 2.423885898060000044e-01 -2.472878148970000106e-02 -7.691954510930000266e-01 -3.687430942380000021e-01
-5.601373490959999923e-01 -3.187678920070000088e-01 -2.369658277940000189e-03 3.465912778920000048e-01 -3.164261209170000227e-02 3.541986170900000008e-01 1.212102223229999942e-01 -2.531717224919999981e-02 -7.675695975509999602e-01 -3.687430942380000021e-01
-5.601373490959999923e-01 -3.187678920070000088e-01 -2.369658277940000189e-03 3.465912778920000048e-01 -3.096976330880000031e-02 3.541986170900000008e-01 1.002657815519999995e-01 -2.531717224919999981e-02 -7.675695975509999602e-01 -3.680702454550000002e-01
-5.601373490959999923e-01 -3.187678920070000088e-01 -2.369658277940000189e-03 3.465912778920000048e-01 -3.164261209170000227e-02 3.541986170900000008e-01 1.002657815519999995e-01 -2.531717224919999981e-02 -7.675695975509999602e-01 -3.687430942380000021e-01
-5.601373490959999923e-01 -3.187678920070000088e-01 -2.369658277940000189e-03 3.482170050949999762e-01 -3.164261209170000227e-02 3.541986170900000008e-01 1.002657815519999995e-01 -2.531717224919999981e-02 -7.675695975509999602e-01 -3.687430942380000021e-01
-5.601373490959999923e-01 -3.187678920070000088e-01 -2.369658277940000189e-03 3.482170050949999762e-01 -3.164261209170000227e-02 3.541986170900000008e-01 1.002657815519999995e-01 -2.531717224919999981e-02 -7.675695975509999602e-01 -3.687430942380000021e-01
-5.601373490959999923e-01 -3.187678920070000088e-01 -2.369658277940000189e-03 3.465912778920000048e-01 -3.096976330880000031e-02 3.541986170900000008e-01 1.002657815519999995e-01 -2.531717224919999981e-02 -7.691954510930000266e-01 -3.687430942380000021e-01
-5.601373490959999923e-01 -3.187678920070000088e-01 -2.369658277940000189e-03 3.465912778920000048e-01 -3.096976330880000031e-02 3.541986170900000008e-01 1.002657815519999995e-01 -2.472878148970000106e-02 -7.675695975509999602e-01 -3.687430942380000021e-01
-5.601373490959999923e-01 -3.187678920070000088e-01 -2.369658277940000189e-03 3.465912778920000048e-01 -3.164261209170000227e-02 3.541986170900000008e-01 9.876976667640000040e-02 -2.531717224919999981e-02 -7.675695975509999602e-01 -3.687430942380000021e-01
-5.601373490959999923e-01 -3.187678920070000088e-01 -2.369658277940000189e-03 3.465912778920000048e-01 -3.164261209170000227e-02 3.524333533610000124e-01 9.577773692579999443e-02 -2.414039073019999884e-02 -7.675695975509999602e-01 -3.687430942380000021e-01
-5.601373490959999923e-01 -3.157758622569999951e-01 -2.369658277940000189e-03 3.498427322989999810e-01 -3.164261209170000227e-02 2.983009462349999752e-01 -1.480752454329999912e-01 -1.178400188020000024e-02 -4.489240335799999926e-01 -3.673973966719999984e-01
-5.601373490959999923e-01 -3.187678920070000088e-01 -2.369658277940000189e-03 3.482170050949999762e-01 -3.164261209170000227e-02 2.871213389039999897e-01 -1.376029087890000002e-01 -1.531443788750000076e-02 -2.765953076300000091e-01 -3.660516991059999947e-01
-5.601373490959999923e-01 -3.187678920070000088e-01 -2.369658277940000189e-03 3.465912778920000048e-01 -3.096976330880000031e-02 2.865329481450000215e-01 -1.346108790380000086e-01 -1.531443788750000076e-02 -2.668406917330000128e-01 -3.660516991059999947e-01
-5.595489583360000463e-01 -3.172718771320000020e-01 -2.369658277940000189e-03 3.482170050949999762e-01 -3.096976330880000031e-02 2.865329481450000215e-01 -1.331148641630000018e-01 -1.531443788750000076e-02 -2.684664189359999842e-01 -3.660516991059999947e-01
-5.601373490959999923e-01 -3.172718771320000020e-01 -2.369658277940000189e-03 3.465912778920000048e-01 -3.096976330880000031e-02 2.871213389039999897e-01 -1.331148641630000018e-01 -1.590282864699999951e-02 -2.668406917330000128e-01 -3.667245478889999966e-01
-5.601373490959999923e-01 -3.172718771320000020e-01 -2.369658277940000189e-03 3.482170050949999762e-01 -3.096976330880000031e-02 2.871213389039999897e-01 -1.331148641630000018e-01 -1.590282864699999951e-02 -2.668406917330000128e-01 -3.667245478889999966e-01
-5.601373490959999923e-01 -3.172718771320000020e-01 -2.369658277940000189e-03 3.482170050949999762e-01 -3.096976330880000031e-02 2.871213389039999897e-01 -6.728951209920000509e-02 -3.296634357299999679e-02 -3.253676290829999873e-01 -4.138243810030000081e-01
-5.601373490959999923e-01 -3.172718771320000020e-01 -2.958049037439999807e-03 3.482170050949999762e-01 -3.096976330880000031e-02 3.418422282399999901e-01 2.767971644539999887e-01 -3.531990661099999873e-02 -7.041656049300000220e-01 -4.293001121650000251e-01
-5.601373490959999923e-01 -3.172718771320000020e-01 -2.369658277940000189e-03 3.482170050949999762e-01 -3.096976330880000031e-02 3.565521801279999958e-01 4.383683986040000091e-01 -2.296351776099999839e-02 -7.659438703480000443e-01 -4.293001121650000251e-01
-5.601373490959999923e-01 -3.172718771320000020e-01 -2.369658277940000189e-03 3.482170050949999762e-01 -3.096976330880000031e-02 3.565521801279999958e-01 4.548247947490000054e-01 -2.296351776099999839e-02 -7.659438703480000443e-01 -4.293001121650000251e-01
-5.601373490959999923e-01 -3.172718771320000020e-01 -2.369658277940000189e-03 3.482170050949999762e-01 -3.164261209170000227e-02 3.553753986090000261e-01 4.383683986040000091e-01 -2.355190852050000061e-02 -7.220488568430000198e-01 -3.229889586890000164e-01
-5.601373490959999923e-01 -3.172718771320000020e-01 -2.369658277940000189e-03 3.465912778920000048e-01 -3.096976330880000031e-02 2.994777277549999783e-01 2.887655159740000199e-01 -1.060722036119999927e-02 -4.034031665339999906e-01 2.420435977829999905e-02
-5.601373490959999923e-01 -3.172718771320000020e-01 -2.369658277940000189e-03 3.465912778920000048e-01 -3.164261209170000227e-02 1.823867777600000073e-01 2.932535605989999850e-01 4.102640076600000060e-03 -3.351219923020000158e-01 3.766154459139999661e-02
-5.601373490959999923e-01 -3.172718771320000020e-01 -2.369658277940000189e-03 3.465912778920000048e-01 -3.164261209170000227e-02 5.722955195789999503e-04 2.947495754750000252e-01 6.456294564839999868e-03 -3.351219923020000158e-01 3.766154459139999661e-02
-5.601373490959999923e-01 -3.172718771320000020e-01 -2.369658277940000189e-03 3.465912778920000048e-01 -3.164261209170000227e-02 -1.853610134879999927e-01 2.992376201010000236e-01 6.456294564839999868e-03 -3.367477195060000206e-01 3.833439337430000204e-02
