-5.613141306150000176e-01 -3.202639068829999935e-01 -2.958049037439999807e-03 3.433398234860000064e-01 -3.231546087469999717e-02 -5.636999298579999929e-01 3.201820608720000183e-01 4.102640076600000060e-03 -3.432506283189999952e-01 4.708142755260000256e-02
-5.583721768170000210e-01 -4.534106258849999738e-01 -2.958049037439999807e-03 5.449320181110000050e-01 2.738336635240000150e-01 -5.636999298579999929e-01 3.171900311210000267e-01 4.102640076600000060e-03 -3.448763555220000221e-01 4.640857876969999712e-02
-4.518723976690000033e-01 -4.773468638899999728e-01 -2.958049037439999807e-03 7.432722529749999918e-01 4.245532549839999836e-01 -5.636999298579999929e-01 3.156940162460000199e-01 4.102640076600000060e-03 -3.399991739120000189e-01 4.640857876969999712e-02
-2.871213389039999897e-01 -4.863229531409999917e-01 -2.958049037439999807e-03 7.448979801780000187e-01 4.326275449559999764e-01 -5.636999298579999929e-01 3.141980013699999796e-01 4.102640076600000060e-03 -3.399991739120000189e-01 4.640857876969999712e-02
-1.029532936260000031e-01 -4.848269382659999849e-01 -3.546439796939999858e-03 7.448979801780000187e-01 4.326275449559999764e-01 -5.636999298579999929e-01 3.141980013699999796e-01 4.102640076600000060e-03 -3.399991739120000189e-01 4.640857876969999712e-02
8.474518766039999818e-02 -4.698667895129999827e-01 -4.134830556449999722e-03 7.448979801780000187e-01 4.333003937389999782e-01 -5.636999298579999929e-01 3.141980013699999796e-01 4.102640076600000060e-03 -3.399991739120000189e-01 4.573572998670000223e-02
2.336095130180000090e-01 -4.459305515090000172e-01 -2.369658277940000189e-03 7.351436169580000124e-01 4.339732425219999801e-01 -5.636999298579999929e-01 3.141980013699999796e-01 4.691030836099999678e-03 -3.416249011160000237e-01 4.640857876969999712e-02
3.253993860030000018e-01 -4.474265663840000240e-01 1.116342064090000002e-02 7.481494345850000505e-01 4.353189400879999837e-01 -5.636999298579999929e-01 3.141980013699999796e-01 4.102640076600000060e-03 -3.399991739120000189e-01 4.640857876969999712e-02
3.512888537719999760e-01 -4.564026556360000209e-01 1.822420120509999839e-02 7.562785759560000098e-01 3.781262706519999961e-01 -5.636999298579999929e-01 3.141980013699999796e-01 4.102640076600000060e-03 -3.416249011160000237e-01 4.640857876969999712e-02
3.518772445319999775e-01 -1.676689945020000128e-01 2.705015404789999980e-02 7.660329391760000162e-01 3.633234928499999850e-01 -5.636999298579999929e-01 3.141980013699999796e-01 4.102640076600000060e-03 -3.399991739120000189e-01 4.640857876969999712e-02
3.524656352910000012e-01 -1.033396573130000023e-01 2.646176328840000105e-02 7.676586663790000431e-01 3.633234928499999850e-01 -5.631115390980000468e-01 3.141980013699999796e-01 4.102640076600000060e-03 -3.399991739120000189e-01 4.640857876969999712e-02
3.524656352910000012e-01 -1.033396573130000023e-01 2.705015404789999980e-02 7.709101207849999859e-01 3.633234928499999850e-01 -5.636999298579999929e-01 3.141980013699999796e-01 4.102640076600000060e-03 -3.416249011160000237e-01 4.640857876969999712e-02
3.518772445319999775e-01 -1.033396573130000023e-01 2.705015404789999980e-02 7.725358479889999908e-01 3.639963416329999868e-01 -5.636999298579999929e-01 3.141980013699999796e-01 4.102640076600000060e-03 -3.399991739120000189e-01 4.640857876969999712e-02
3.518772445319999775e-01 -1.033396573130000023e-01 2.705015404789999980e-02 7.709101207849999859e-01 3.639963416329999868e-01 -5.636999298579999929e-01 3.141980013699999796e-01 4.102640076600000060e-03 -3.399991739120000189e-01 4.640857876969999712e-02
3.518772445319999775e-01 -1.033396573130000023e-01 2.705015404789999980e-02 7.725358479889999908e-01 3.639963416329999868e-01 -5.631115390980000468e-01 3.141980013699999796e-01 4.102640076600000060e-03 -3.399991739120000189e-01 4.640857876969999712e-02
3.195153869580000250e-01 7.169571071390000438e-02 1.234020215989999926e-02 6.571082058470000264e-01 3.613049465009999794e-01 -5.636999298579999929e-01 3.141980013699999796e-01 4.102640076600000060e-03 -3.416249011160000237e-01 4.640857876969999712e-02
2.871535293840000169e-01 1.255529437750000088e-01 1.763581044559999964e-02 3.010704108460000028e-01 3.579405980099999995e-01 -5.636999298579999929e-01 3.141980013699999796e-01 4.102640076600000060e-03 -3.416249011160000237e-01 4.640857876969999712e-02
2.847999663460000219e-01 1.330330181519999988e-01 1.822420120509999839e-02 2.734325430349999753e-01 3.572677492269999977e-01 -5.631115390980000468e-01 3.141980013699999796e-01 4.102640076600000060e-03 -3.399991739120000189e-01 4.708142755260000256e-02
2.847999663460000219e-01 1.315370032759999863e-01 1.822420120509999839e-02 2.701810886279999990e-01 3.579405980099999995e-01 -5.636999298579999929e-01 3.141980013699999796e-01 4.102640076600000060e-03 -3.399991739120000189e-01 4.640857876969999712e-02
2.842115755869999982e-01 1.315370032759999863e-01 1.881259196460000060e-02 2.701810886279999990e-01 3.572677492269999977e-01 -5.636999298579999929e-01 3.141980013699999796e-01 4.102640076600000060e-03 -3.399991739120000189e-01 4.640857876969999712e-02
2.995099182340000277e-01 2.382276967079999946e-02 3.940645144769999719e-02 4.034922353620000179e-01 4.285904522589999988e-01 -5.636999298579999929e-01 3.141980013699999796e-01 4.102640076600000060e-03 -3.399991739120000189e-01 4.640857876969999712e-02
3.477583263149999770e-01 -3.367203030279999898e-01 2.999210784540000049e-02 7.448979801780000187e-01 4.339732425219999801e-01 -5.636999298579999929e-01 3.141980013699999796e-01 4.102640076600000060e-03 -3.399991739120000189e-01 4.640857876969999712e-02
3.554075890889999978e-01 -4.414425068830000187e-01 2.057776424310000032e-02 7.627814847689999844e-01 3.841820142760000167e-01 -5.636999298579999929e-01 3.141980013699999796e-01 4.102640076600000060e-03 -3.399991739120000189e-01 4.640857876969999712e-02
3.089242618370000026e-01 -3.112878176309999967e-01 1.881259196460000060e-02 4.148723257840000178e-01 1.327292003910000026e-03 -5.636999298579999929e-01 3.127019864949999728e-01 4.102640076600000060e-03 -3.432506283189999952e-01 4.775427633559999746e-02
2.194879518900000048e-01 -2.918393917350000089e-01 -2.369658277940000189e-03 3.319592277080000153e-01 -3.231546087469999717e-02 -5.636999298579999929e-01 3.141980013699999796e-01 4.102640076600000060e-03 -3.399991739120000189e-01 4.708142755260000256e-02
4.944137628930000278e-02 -2.933354066109999936e-01 -7.076875804190000015e-03 3.335849549109999868e-01 -3.231546087469999717e-02 -5.631115390980000468e-01 3.141980013699999796e-01 4.102640076600000060e-03 -3.399991739120000189e-01 4.640857876969999712e-02
