-5.601373490959999923e-01 -3.202639068829999935e-01 -2.369658277940000189e-03 3.465912778920000048e-01 -3.164261209170000227e-02 -5.613463668200000534e-01 3.097099567450000146e-01 4.691030836099999678e-03 -3.432506283189999952e-01 4.439003242080000189e-02
-5.418970526509999663e-01 -1.901094501479999865e-01 -4.885298552979999709e-02 1.596306280960000101e-01 2.543209442420000244e-01 -5.613463668200000534e-01 3.112059716200000214e-01 4.691030836099999678e-03 -3.432506283189999952e-01 4.439003242080000189e-02
-3.753808673319999900e-01 1.883860335710000056e-01 -2.094852175280000062e-01 -2.077872573279999913e-01 5.961314201570000471e-01 -5.613463668200000534e-01 3.097099567450000146e-01 4.691030836099999678e-03 -3.432506283189999952e-01 4.506288120379999679e-02
-1.835636507299999998e-01 4.501911944329999860e-01 -3.836505284450000275e-01 -2.565595787809999972e-01 6.089156516100000527e-01 -5.607579760599999963e-01 3.112059716200000214e-01 4.691030836099999678e-03 -3.432506283189999952e-01 4.506288120379999679e-02
-7.824060737580000591e-02 4.726316500789999875e-01 -4.542581511870000255e-01 -2.598110331869999956e-01 6.089156516100000527e-01 -5.607579760599999963e-01 3.097099567450000146e-01 4.691030836099999678e-03 -3.432506283189999952e-01 4.506288120379999679e-02
-6.823787301400000005e-02 4.726316500789999875e-01 -4.572001049850000221e-01 -2.614367603910000004e-01 6.082428028270000508e-01 -5.613463668200000534e-01 3.112059716200000214e-01 4.691030836099999678e-03 -3.432506283189999952e-01 4.506288120379999679e-02
-6.764948225450000130e-02 4.726316500789999875e-01 -4.572001049850000221e-01 -2.598110331869999956e-01 6.089156516100000527e-01 -5.613463668200000534e-01 3.112059716200000214e-01 4.691030836099999678e-03 -3.432506283189999952e-01 4.506288120379999679e-02
-6.823787301400000005e-02 4.726316500789999875e-01 -4.572001049850000221e-01 -2.598110331869999956e-01 6.089156516100000527e-01 -5.607579760599999963e-01 3.112059716200000214e-01 4.691030836099999678e-03 -3.432506283189999952e-01 4.506288120379999679e-02
-6.823787301400000005e-02 4.726316500789999875e-01 -4.572001049850000221e-01 -2.598110331869999956e-01 6.089156516100000527e-01 -5.607579760599999963e-01 3.112059716200000214e-01 4.691030836099999678e-03 -3.432506283189999952e-01 4.506288120379999679e-02
-6.764948225450000130e-02 4.726316500789999875e-01 -4.572001049850000221e-01 -2.598110331869999956e-01 6.089156516100000527e-01 -5.613463668200000534e-01 3.112059716200000214e-01 4.691030836099999678e-03 -3.432506283189999952e-01 4.506288120379999679e-02
-6.764948225450000130e-02 4.726316500789999875e-01 -4.572001049850000221e-01 -2.614367603910000004e-01 6.089156516100000527e-01 -5.613463668200000534e-01 3.112059716200000214e-01 4.691030836099999678e-03 -3.432506283189999952e-01 4.506288120379999679e-02
-6.823787301400000005e-02 4.726316500789999875e-01 -4.572001049850000221e-01 -2.598110331869999956e-01 6.089156516100000527e-01 -5.613463668200000534e-01 3.112059716200000214e-01 5.279513045829999952e-03 -3.432506283189999952e-01 4.506288120379999679e-02
-6.823787301400000005e-02 4.726316500789999875e-01 -4.572001049850000221e-01 -2.598110331869999956e-01 6.183356391480000491e-01 -5.613463668200000534e-01 3.112059716200000214e-01 4.691030836099999678e-03 -3.432506283189999952e-01 4.506288120379999679e-02
-8.765495097809999914e-02 4.726316500789999875e-01 -4.572001049850000221e-01 -1.281258663350000049e-01 6.499598456780000255e-01 -5.607579760599999963e-01 3.112059716200000214e-01 4.691030836099999678e-03 -3.432506283189999952e-01 4.573572998670000223e-02
-8.765495097809999914e-02 4.726316500789999875e-01 -4.577884957439999902e-01 2.913160476259999965e-01 6.506326944610000274e-01 -5.607579760599999963e-01 3.112059716200000214e-01 4.691030836099999678e-03 -3.432506283189999952e-01 4.506288120379999679e-02
-9.295055926390000112e-02 4.726316500789999875e-01 -4.577884957439999902e-01 6.571082058470000264e-01 6.506326944610000274e-01 -5.607579760599999963e-01 3.112059716200000214e-01 4.691030836099999678e-03 -3.432506283189999952e-01 4.573572998670000223e-02
-9.412734078289999862e-02 4.741276649550000277e-01 -4.583768865039999918e-01 7.367693441620000172e-01 6.506326944610000274e-01 -5.607579760599999963e-01 3.112059716200000214e-01 4.691030836099999678e-03 -3.432506283189999952e-01 4.573572998670000223e-02
-9.412734078289999862e-02 4.741276649550000277e-01 -4.583768865039999918e-01 7.448979801780000187e-01 6.506326944610000274e-01 -5.613463668200000534e-01 3.112059716200000214e-01 4.691030836099999678e-03 -3.432506283189999952e-01 4.573572998670000223e-02
-9.412734078289999862e-02 4.741276649550000277e-01 -4.583768865039999918e-01 7.448979801780000187e-01 6.499598456780000255e-01 -5.607579760599999963e-01 3.112059716200000214e-01 4.691030836099999678e-03 -3.432506283189999952e-01 4.573572998670000223e-02
-9.412734078289999862e-02 4.741276649550000277e-01 -4.583768865039999918e-01 7.465237073810000457e-01 6.499598456780000255e-01 -5.607579760599999963e-01 3.097099567450000146e-01 4.691030836099999678e-03 -3.432506283189999952e-01 4.573572998670000223e-02
-9.412734078289999862e-02 4.756236798299999791e-01 -4.583768865039999918e-01 7.465237073810000457e-01 6.499598456780000255e-01 -5.613463668200000534e-01 3.112059716200000214e-01 4.691030836099999678e-03 -3.432506283189999952e-01 4.573572998670000223e-02
-9.412734078289999862e-02 4.741276649550000277e-01 -4.583768865039999918e-01 7.448979801780000187e-01 6.499598456780000255e-01 -5.613463668200000534e-01 3.112059716200000214e-01 4.691030836099999678e-03 -3.432506283189999952e-01 4.573572998670000223e-02
-9.412734078289999862e-02 4.741276649550000277e-01 -4.583768865039999918e-01 7.448979801780000187e-01 6.499598456780000255e-01 -5.607579760599999963e-01 3.112059716200000214e-01 4.691030836099999678e-03 -3.432506283189999952e-01 4.573572998670000223e-02
-9.412734078289999862e-02 4.741276649550000277e-01 -4.583768865039999918e-01 5.205456047069999537e-01 6.506326944610000274e-01 -5.613463668200000534e-01 3.097099567450000146e-01 4.691030836099999678e-03 -3.432506283189999952e-01 4.573572998670000223e-02
-9.412734078289999862e-02 4.741276649550000277e-01 -4.583768865039999918e-01 3.661000043309999841e-01 6.506326944610000274e-01 -5.613463668200000534e-01 3.097099567450000146e-01 4.691030836099999678e-03 -3.432506283189999952e-01 4.573572998670000223e-02
-9.412734078289999862e-02 4.741276649550000277e-01 -4.583768865039999918e-01 3.661000043309999841e-01 6.506326944610000274e-01 -5.613463668200000534e-01 3.112059716200000214e-01 4.691030836099999678e-03 -3.432506283189999952e-01 4.573572998670000223e-02
-9.412734078289999862e-02 4.741276649550000277e-01 -4.583768865039999918e-01 3.628485499249999857e-01 6.506326944610000274e-01 -5.613463668200000534e-01 3.112059716200000214e-01 4.691030836099999678e-03 -3.432506283189999952e-01 4.573572998670000223e-02
-9.412734078289999862e-02 4.741276649550000277e-01 -4.583768865039999918e-01 3.628485499249999857e-01 6.506326944610000274e-01 -5.613463668200000534e-01 3.097099567450000146e-01 4.691030836099999678e-03 -3.432506283189999952e-01 4.573572998670000223e-02
-9.412734078289999862e-02 4.741276649550000277e-01 -4.583768865039999918e-01 3.628485499249999857e-01 6.499598456780000255e-01 -5.613463668200000534e-01 3.097099567450000146e-01 4.691030836099999678e-03 -3.432506283189999952e-01 4.573572998670000223e-02
-8.412460642110000664e-02 4.741276649550000277e-01 -4.583768865039999918e-01 3.173276828780000058e-01 6.351570155879999735e-01 -5.613463668200000534e-01 3.112059716200000214e-01 4.691030836099999678e-03 -3.432506283189999952e-01 4.506288120379999679e-02
-6.764948225450000130e-02 4.756236798299999791e-01 -4.583768865039999918e-01 -1.757515312519999928e-02 6.250641792669999752e-01 -5.613463668200000534e-01 3.112059716200000214e-01 4.691030836099999678e-03 -3.432506283189999952e-01 4.573572998670000223e-02
-6.764948225450000130e-02 4.741276649550000277e-01 -4.583768865039999918e-01 -2.549338515780000258e-01 6.250641792669999752e-01 -5.613463668200000534e-01 3.112059716200000214e-01 4.691030836099999678e-03 -3.432506283189999952e-01 4.573572998670000223e-02
-6.764948225450000130e-02 4.741276649550000277e-01 -4.583768865039999918e-01 -2.598110331869999956e-01 6.250641792669999752e-01 -5.613463668200000534e-01 3.112059716200000214e-01 4.691030836099999678e-03 -3.432506283189999952e-01 4.573572998670000223e-02
-6.764948225450000130e-02 4.741276649550000277e-01 -4.577884957439999902e-01 -2.598110331869999956e-01 5.631615160609999560e-01 -5.607579760599999963e-01 3.112059716200000214e-01 4.691030836099999678e-03 -3.432506283189999952e-01 4.573572998670000223e-02
-1.406106680349999971e-01 2.018503999659999881e-01 -3.477583263149999770e-01 7.671803537440000098e-02 7.399569260180000052e-02 -5.613463668200000534e-01 3.112059716200000214e-01 4.691030836099999678e-03 -3.432506283189999952e-01 4.640857876969999712e-02
-3.283091493210000267e-01 -1.467245537309999903e-01 -1.682974985619999919e-01 3.465912778920000048e-01 -3.029691452579999847e-02 -5.613463668200000534e-01 3.112059716200000214e-01 4.691030836099999678e-03 -3.416249011160000237e-01 4.640857876969999712e-02
-5.030628967229999748e-01 -2.873513471090000104e-01 -2.590556300869999856e-02 3.530941867049999794e-01 -3.096976330880000031e-02 -5.607579760599999963e-01 3.171900311210000267e-01 4.691030836099999678e-03 -3.383734467089999920e-01 4.640857876969999712e-02
-5.542533957759999685e-01 -3.008154809870000057e-01 -4.134830556449999722e-03 3.482170050949999762e-01 -3.096976330880000031e-02 -5.607579760599999963e-01 3.112059716200000214e-01 4.691030836099999678e-03 -3.399991739120000189e-01 4.640857876969999712e-02
