-5.619025213739999858e-01 -3.202639068829999935e-01 -2.369658277940000189e-03 3.449655506889999779e-01 -3.298830965760000261e-02 -5.601695853010000281e-01 3.186860459959999781e-01 4.102640076600000060e-03 -3.416249011160000237e-01 4.439003242080000189e-02
-5.619025213739999858e-01 -3.202639068829999935e-01 -2.369658277940000189e-03 3.465912778920000048e-01 -3.298830965760000261e-02 -5.531087132859999755e-01 3.186860459959999781e-01 -1.229909528289999943e-01 -2.473319652930000001e-01 -3.505760725209999817e-01
-5.619025213739999858e-01 -3.202639068829999935e-01 -2.369658277940000189e-03 3.465912778920000048e-01 -3.366115844059999751e-02 -4.407249808179999895e-01 3.186860459959999781e-01 -1.853610134879999927e-01 -2.310744405830000014e-01 -6.432681166839999687e-01
-5.619025213739999858e-01 -3.202639068829999935e-01 -1.781267518430000108e-03 3.465912778920000048e-01 -3.366115844059999751e-02 -2.959794822269999903e-01 3.156940162460000199e-01 -1.865377950069999902e-01 -2.278229861770000031e-01 -6.533608484280000184e-01
-5.619025213739999858e-01 -3.202639068829999935e-01 -2.369658277940000189e-03 3.465912778920000048e-01 -3.298830965760000261e-02 -8.298001538190000193e-02 3.112059716200000214e-01 -1.859494042469999886e-01 -2.196943501599999959e-01 -6.560522435600000257e-01
-5.619025213739999858e-01 -3.202639068829999935e-01 -2.369658277940000189e-03 3.465912778920000048e-01 -3.298830965760000261e-02 1.076604197019999931e-01 2.812852090799999871e-01 -1.859494042469999886e-01 -2.083140070600000004e-01 -6.560522435600000257e-01
-5.619025213739999858e-01 -3.202639068829999935e-01 -2.369658277940000189e-03 3.465912778920000048e-01 -3.298830965760000261e-02 2.729998692260000026e-01 2.588447534339999856e-01 -1.859494042469999886e-01 -2.099397342629999996e-01 -6.560522435600000257e-01
-5.619025213739999858e-01 -3.202639068829999935e-01 -1.781267518430000108e-03 3.465912778920000048e-01 -3.298830965760000261e-02 3.736156950539999966e-01 2.618370157009999866e-01 -1.983057016470000100e-01 -2.196943501599999959e-01 -6.560522435600000257e-01
-5.619025213739999858e-01 -3.202639068829999935e-01 -2.369658277940000189e-03 3.465912778920000048e-01 -3.298830965760000261e-02 4.283365843890000191e-01 2.648290454519999781e-01 -2.665596699009999959e-01 -2.310744405830000014e-01 -4.427572969790000146e-01
-5.619025213739999858e-01 -3.202639068829999935e-01 -2.369658277940000189e-03 3.465912778920000048e-01 -3.366115844059999751e-02 4.389276637849999774e-01 -1.016983192650000034e-01 -3.836505284450000275e-01 -2.310744405830000014e-01 -1.917821910889999926e-01
-5.619025213739999858e-01 -3.202639068829999935e-01 -2.369658277940000189e-03 3.465912778920000048e-01 -3.366115844059999751e-02 4.395160545449999789e-01 -4.083841589020000273e-01 -3.907114004600000245e-01 -2.424547836840000026e-01 -1.884179471749999890e-01
-5.619025213739999858e-01 -3.202639068829999935e-01 -1.781267518430000108e-03 3.465912778920000048e-01 -3.298830965760000261e-02 4.401044910290000112e-01 -4.727134960900000182e-01 -3.907114004600000245e-01 -2.440805108870000018e-01 -1.877449938150000108e-01
-5.619025213739999858e-01 -3.202639068829999935e-01 -2.369658277940000189e-03 3.465912778920000048e-01 -3.366115844059999751e-02 4.401044910290000112e-01 -4.727134960900000182e-01 -3.907114004600000245e-01 -2.440805108870000018e-01 -1.877449938150000108e-01
-5.619025213739999858e-01 -3.202639068829999935e-01 -2.369658277940000189e-03 3.449655506889999779e-01 -3.366115844059999751e-02 4.401044910290000112e-01 -4.742095109660000030e-01 -3.907114004600000245e-01 -2.440805108870000018e-01 -1.897636447399999871e-01
-5.619025213739999858e-01 -3.202639068829999935e-01 -2.369658277940000189e-03 3.465912778920000048e-01 -3.366115844059999751e-02 4.401044910290000112e-01 -4.727134960900000182e-01 -3.901230097000000230e-01 -2.440805108870000018e-01 -1.890907959579999909e-01
-5.619025213739999858e-01 -3.202639068829999935e-01 -2.369658277940000189e-03 3.449655506889999779e-01 -3.298830965760000261e-02 4.401044910290000112e-01 -4.068881440270000205e-01 -3.907114004600000245e-01 -2.522091469030000033e-01 -1.877449938150000108e-01
-5.619025213739999858e-01 -3.202639068829999935e-01 -2.369658277940000189e-03 3.465912778920000048e-01 -3.298830965760000261e-02 4.401044910290000112e-01 -4.068881440270000205e-01 -3.907114004600000245e-01 -2.522091469030000033e-01 -1.877449938150000108e-01
-5.619025213739999858e-01 -3.202639068829999935e-01 -2.369658277940000189e-03 3.465912778920000048e-01 -3.298830965760000261e-02 4.401044910290000112e-01 -4.068881440270000205e-01 -3.907114004600000245e-01 -2.522091469030000033e-01 -1.877449938150000108e-01
-5.619025213739999858e-01 -3.202639068829999935e-01 -2.369658277940000189e-03 3.465912778920000048e-01 -3.298830965760000261e-02 4.401044910290000112e-01 -4.068881440270000205e-01 -3.901230097000000230e-01 -2.522091469030000033e-01 -1.897636447399999871e-01
-5.619025213739999858e-01 -3.202639068829999935e-01 -1.781267518430000108e-03 3.465912778920000048e-01 -3.298830965760000261e-02 4.401044910290000112e-01 -4.068881440270000205e-01 -3.907114004600000245e-01 -2.522091469030000033e-01 -1.890907959579999909e-01
-5.619025213739999858e-01 -3.202639068829999935e-01 -2.369658277940000189e-03 3.465912778920000048e-01 -3.298830965760000261e-02 4.259829299010000070e-01 -2.513012018949999926e-01 -2.953910914680000221e-01 -2.928525796620000121e-01 -5.349384168590000099e-01
-5.619025213739999858e-01 -3.202639068829999935e-01 -2.369658277940000189e-03 3.465912778920000048e-01 -3.298830965760000261e-02 4.118614602219999865e-01 1.346743562000000116e-01 -2.259603416950000110e-01 -3.221161746760000111e-01 -6.526879996450000165e-01
-5.619025213739999858e-01 -3.202639068829999935e-01 -2.369658277940000189e-03 3.465912778920000048e-01 -3.366115844059999751e-02 4.112730694630000183e-01 2.887655159740000199e-01 -1.712394523590000106e-01 -3.481280626059999883e-01 -4.979313154889999926e-01
-5.619025213739999858e-01 -3.202639068829999935e-01 -2.369658277940000189e-03 3.465912778920000048e-01 -3.298830965760000261e-02 3.383118836830000253e-01 3.201820608720000183e-01 -5.297181229660000157e-02 -3.497537898090000152e-01 -3.366115844059999751e-02
-5.619025213739999858e-01 -3.202639068829999935e-01 -2.369658277940000189e-03 3.465912778920000048e-01 -3.298830965760000261e-02 2.571131358190000271e-01 3.097099567450000146e-01 -7.665266563689999632e-03 -3.448763555220000221e-01 3.631574244840000271e-02
-5.619025213739999858e-01 -3.202639068829999935e-01 -2.369658277940000189e-03 3.465912778920000048e-01 -3.298830965760000261e-02 9.824607609940000374e-02 2.992376201010000236e-01 7.044685324340000353e-03 -3.399991739120000189e-01 3.833439337430000204e-02
