-5.619025213739999858e-01 -3.202639068829999935e-01 -2.369658277940000189e-03 3.465912778920000048e-01 -3.298830965760000261e-02 -5.619347575790000215e-01 3.216780757470000252e-01 4.102640076600000060e-03 -3.416249011160000237e-01 4.640857876969999712e-02
-5.577837403330000443e-01 -3.217599217580000004e-01 1.106024649490000011e-01 2.392922717659999865e-01 3.290078911889999791e-01 -5.619347575790000215e-01 3.201820608720000183e-01 4.102640076600000060e-03 -3.416249011160000237e-01 4.640857876969999712e-02
-4.353972735030000041e-01 -3.202639068829999935e-01 1.870939952869999923e-01 2.327893629530000119e-01 6.445770031259999699e-01 -5.613463668200000534e-01 3.201820608720000183e-01 4.102640076600000060e-03 -3.416249011160000237e-01 4.640857876969999712e-02
-2.900633841520000034e-01 -3.172718771320000020e-01 1.888591675650000135e-01 2.230344943789999979e-01 6.553426882299999701e-01 -5.619347575790000215e-01 3.201820608720000183e-01 4.102640076600000060e-03 -3.416249011160000237e-01 4.573572998670000223e-02
-1.064836381829999956e-01 -3.142798473819999883e-01 1.882707768059999898e-01 2.132801311589999915e-01 6.553426882299999701e-01 -5.619347575790000215e-01 3.201820608720000183e-01 4.102640076600000060e-03 -3.416249011160000237e-01 4.573572998670000223e-02
1.082810923910000056e-01 -2.918393917350000089e-01 1.882707768059999898e-01 2.100286767519999875e-01 6.560155370129999719e-01 -5.613463668200000534e-01 3.201820608720000183e-01 4.102640076600000060e-03 -3.416249011160000237e-01 4.640857876969999712e-02
2.742088412249999996e-01 -2.514465250690000042e-01 1.882707768059999898e-01 2.116544039559999923e-01 6.560155370129999719e-01 -5.613463668200000534e-01 3.201820608720000183e-01 4.102640076600000060e-03 -3.416249011160000237e-01 4.640857876969999712e-02
3.712943224959999733e-01 -2.529425399440000111e-01 2.006270742050000055e-01 2.165315855659999955e-01 6.560155370129999719e-01 -5.619347575790000215e-01 3.201820608720000183e-01 4.102640076600000060e-03 -3.399991739120000189e-01 4.573572998670000223e-02
4.248384303120000260e-01 -2.708949509640000142e-01 2.706463061880000076e-01 2.230344943789999979e-01 4.211890110689999744e-01 -5.613463668200000534e-01 3.201820608720000183e-01 4.102640076600000060e-03 -3.416249011160000237e-01 4.640857876969999712e-02
4.401365900590000213e-01 1.076005327550000057e-01 3.877371647319999837e-01 2.230344943789999979e-01 1.924182287479999920e-01 -5.613463668200000534e-01 3.201820608720000183e-01 4.102640076600000060e-03 -3.416249011160000237e-01 4.640857876969999712e-02
4.401365900590000213e-01 4.038142682649999982e-01 3.942095545370000176e-01 2.409179989699999913e-01 1.903996823989999865e-01 -5.613463668200000534e-01 3.201820608720000183e-01 4.102640076600000060e-03 -3.416249011160000237e-01 4.640857876969999712e-02
4.407249808179999895e-01 4.741276649550000277e-01 3.924443822579999908e-01 2.392922717659999865e-01 1.903996823989999865e-01 -5.613463668200000534e-01 3.201820608720000183e-01 4.102640076600000060e-03 -3.416249011160000237e-01 4.573572998670000223e-02
4.407249808179999895e-01 4.756236798299999791e-01 3.918559914990000226e-01 2.425437261729999905e-01 1.897268336169999903e-01 -5.613463668200000534e-01 3.201820608720000183e-01 4.102640076600000060e-03 -3.416249011160000237e-01 4.573572998670000223e-02
4.407249808179999895e-01 4.756236798299999791e-01 3.918559914990000226e-01 2.425437261729999905e-01 1.897268336169999903e-01 -5.619347575790000215e-01 3.201820608720000183e-01 4.102640076600000060e-03 -3.416249011160000237e-01 4.640857876969999712e-02
4.407249808179999895e-01 4.756236798299999791e-01 3.918559914990000226e-01 2.425437261729999905e-01 1.897268336169999903e-01 -5.619347575790000215e-01 3.201820608720000183e-01 4.102640076600000060e-03 -3.416249011160000237e-01 4.573572998670000223e-02
4.407249808179999895e-01 4.157826197839999960e-01 3.853836016939999887e-01 2.474209077829999937e-01 1.883811360509999866e-01 -5.613463668200000534e-01 3.201820608720000183e-01 4.102640076600000060e-03 -3.416249011160000237e-01 4.573572998670000223e-02
4.407249808179999895e-01 4.097983277660000034e-01 3.853836016939999887e-01 2.474209077829999937e-01 1.883811360509999866e-01 -5.619347575790000215e-01 3.201820608720000183e-01 4.102640076600000060e-03 -3.416249011160000237e-01 4.573572998670000223e-02
4.413133715779999910e-01 4.068062980159999897e-01 3.853836016939999887e-01 2.474209077829999937e-01 1.883811360509999866e-01 -5.619347575790000215e-01 3.201820608720000183e-01 4.102640076600000060e-03 -3.416249011160000237e-01 4.573572998670000223e-02
4.407249808179999895e-01 4.068062980159999897e-01 3.853836016939999887e-01 2.474209077829999937e-01 1.883811360509999866e-01 -5.619347575790000215e-01 3.201820608720000183e-01 4.102640076600000060e-03 -3.416249011160000237e-01 4.573572998670000223e-02
4.407249808179999895e-01 4.068062980159999897e-01 3.853836016939999887e-01 2.474209077829999937e-01 1.883811360509999866e-01 -5.619347575790000215e-01 3.201820608720000183e-01 4.102640076600000060e-03 -3.416249011160000237e-01 4.573572998670000223e-02
4.242500395520000245e-01 2.512193558840000174e-01 2.935937287090000236e-01 2.929417748290000234e-01 5.517229298860000242e-01 -5.613463668200000534e-01 3.201820608720000183e-01 4.102640076600000060e-03 -3.399991739120000189e-01 4.640857876969999712e-02
4.071865246260000237e-01 -1.287721427100000093e-01 2.265165419740000075e-01 3.222048644880000090e-01 6.519783920270000310e-01 -5.619347575790000215e-01 3.201820608720000183e-01 4.102640076600000060e-03 -3.416249011160000237e-01 4.573572998670000223e-02
4.118936507020000137e-01 -2.948314214860000004e-01 1.735608249180000118e-01 3.368369146719999985e-01 4.925117141009999755e-01 -5.613463668200000534e-01 3.201820608720000183e-01 4.102640076600000060e-03 -3.416249011160000237e-01 4.640857876969999712e-02
3.330485573270000055e-01 -3.187678920070000088e-01 4.293688745489999958e-02 3.465912778920000048e-01 1.209297710810000072e-02 -5.619347575790000215e-01 3.201820608720000183e-01 4.102640076600000060e-03 -3.416249011160000237e-01 4.573572998670000223e-02
2.459658104180000027e-01 -3.127838325060000035e-01 1.749077038590000042e-03 3.465912778920000048e-01 -3.164261209170000227e-02 -5.619347575790000215e-01 3.201820608720000183e-01 4.102640076600000060e-03 -3.416249011160000237e-01 4.506288120379999679e-02
7.886118861520000078e-02 -3.097918027559999898e-01 -7.076875804190000015e-03 3.465912778920000048e-01 -3.164261209170000227e-02 -5.619347575790000215e-01 3.201820608720000183e-01 4.102640076600000060e-03 -3.399991739120000189e-01 4.506288120379999679e-02
