-5.613141306150000176e-01 -3.202639068829999935e-01 -2.369658277940000189e-03 3.465912778920000048e-01 -3.298830965760000261e-02 -5.613463668200000534e-01 2.992376201010000236e-01 4.102640076600000060e-03 -3.399991739120000189e-01 4.640857876969999712e-02
-5.613141306150000176e-01 -3.217599217580000004e-01 -2.369658277940000189e-03 3.465912778920000048e-01 -3.298830965760000261e-02 -5.607579760599999963e-01 4.159279429580000076e-01 4.102640076600000060e-03 -3.985259849239999874e-01 -8.614388639589999619e-02
-5.613141306150000176e-01 -3.142798473819999883e-01 -2.369658277940000189e-03 3.498427322989999810e-01 -3.298830965760000261e-02 -4.977994331910000070e-01 4.787612652709999916e-01 3.514249317100000009e-03 -7.122943672849999519e-01 -4.124786834379999823e-01
-5.613141306150000176e-01 -3.172718771320000020e-01 -2.369658277940000189e-03 3.482170050949999762e-01 -3.298830965760000261e-02 -3.483467170740000007e-01 4.802572801459999985e-01 4.102640076600000060e-03 -7.610666887379999856e-01 -4.293001121650000251e-01
-5.613141306150000176e-01 -3.172718771320000020e-01 -2.369658277940000189e-03 3.482170050949999762e-01 -3.298830965760000261e-02 -1.671207170429999944e-01 4.817532950210000053e-01 4.102640076600000060e-03 -7.610666887379999856e-01 -4.293001121650000251e-01
-5.613141306150000176e-01 -3.172718771320000020e-01 -2.369658277940000189e-03 3.482170050949999762e-01 -3.298830965760000261e-02 2.528498176940000008e-02 4.787612652709999916e-01 4.102640076600000060e-03 -7.594409615349999587e-01 -4.293001121650000251e-01
-5.613141306150000176e-01 -3.172718771320000020e-01 -2.369658277940000189e-03 3.482170050949999762e-01 -3.298830965760000261e-02 1.947431666099999903e-01 4.428564432300000075e-01 4.691030836099999678e-03 -7.464350175699999701e-01 -4.293001121650000251e-01
-5.619025213739999858e-01 -3.172718771320000020e-01 -2.369658277940000189e-03 3.482170050949999762e-01 -3.298830965760000261e-02 3.030080723119999986e-01 4.428564432300000075e-01 -4.134830556449999722e-03 -7.415577096209999830e-01 -4.293001121650000251e-01
-5.613141306150000176e-01 -3.172718771320000020e-01 -2.369658277940000189e-03 3.482170050949999762e-01 -3.298830965760000261e-02 3.536102263299999993e-01 4.518327649989999917e-01 -1.531443788750000076e-02 -7.578152343309999539e-01 -4.111329858719999786e-01
-5.613141306150000176e-01 -3.187678920070000088e-01 -2.369658277940000189e-03 3.482170050949999762e-01 -3.298830965760000261e-02 3.536102263299999993e-01 2.438846046810000112e-01 -2.531717224919999981e-02 -7.643181431440000395e-01 -3.714344893700000094e-01
-5.619025213739999858e-01 -3.172718771320000020e-01 -2.369658277940000189e-03 3.465912778920000048e-01 -3.298830965760000261e-02 3.536102263299999993e-01 1.227062371980000011e-01 -2.649395376830000065e-02 -7.675695975509999602e-01 -3.707616405870000076e-01
-5.613141306150000176e-01 -3.172718771320000020e-01 -2.369658277940000189e-03 3.465912778920000048e-01 -3.298830965760000261e-02 3.536102263299999993e-01 9.876976667640000040e-02 -2.649395376830000065e-02 -7.675695975509999602e-01 -3.707616405870000076e-01
-5.613141306150000176e-01 -3.172718771320000020e-01 -2.369658277940000189e-03 3.465912778920000048e-01 -3.298830965760000261e-02 3.536102263299999993e-01 9.876976667640000040e-02 -2.649395376830000065e-02 -7.675695975509999602e-01 -3.707616405870000076e-01
-5.613141306150000176e-01 -3.172718771320000020e-01 -2.369658277940000189e-03 3.465912778920000048e-01 -3.298830965760000261e-02 3.536102263299999993e-01 9.876976667640000040e-02 -2.649395376830000065e-02 -7.675695975509999602e-01 -3.714344893700000094e-01
-5.613141306150000176e-01 -3.172718771320000020e-01 -2.369658277940000189e-03 3.465912778920000048e-01 -3.298830965760000261e-02 3.536102263299999993e-01 9.876976667640000040e-02 -2.649395376830000065e-02 -7.675695975509999602e-01 -3.714344893700000094e-01
-5.613141306150000176e-01 -3.172718771320000020e-01 -2.369658277940000189e-03 3.465912778920000048e-01 -3.298830965760000261e-02 3.377234929230000238e-01 5.239284050850000207e-02 -1.825639168500000145e-02 -7.139200944879999788e-01 -3.707616405870000076e-01
-5.613141306150000176e-01 -3.172718771320000020e-01 -2.369658277940000189e-03 3.482170050949999762e-01 -3.298830965760000261e-02 2.953589009879999949e-01 -1.525632900589999896e-01 -1.178400188020000024e-02 -3.985259849239999874e-01 -3.680702454550000002e-01
-5.613141306150000176e-01 -3.157758622569999951e-01 -2.369658277940000189e-03 3.465912778920000048e-01 -3.298830965760000261e-02 2.871213389039999897e-01 -1.241387749110000049e-01 -1.590282864699999951e-02 -2.700923988169999790e-01 -3.680702454550000002e-01
-5.613141306150000176e-01 -3.172718771320000020e-01 -2.369658277940000189e-03 3.465912778920000048e-01 -3.298830965760000261e-02 2.871213389039999897e-01 -1.226425275189999969e-01 -1.590282864699999951e-02 -2.684664189359999842e-01 -3.680702454550000002e-01
-5.613141306150000176e-01 -3.172718771320000020e-01 -2.369658277940000189e-03 3.465912778920000048e-01 -3.298830965760000261e-02 2.871213389039999897e-01 -1.226425275189999969e-01 -1.590282864699999951e-02 -2.424547836840000026e-01 -3.680702454550000002e-01
-5.613141306150000176e-01 -3.172718771320000020e-01 -2.369658277940000189e-03 3.465912778920000048e-01 -3.298830965760000261e-02 2.871213389039999897e-01 -9.421801237139999785e-02 -2.943590756580000134e-02 -3.058586499659999847e-01 -4.091144395229999731e-01
-5.613141306150000176e-01 -3.172718771320000020e-01 -2.369658277940000189e-03 3.465912778920000048e-01 -3.298830965760000261e-02 3.353699298849999733e-01 2.513646790569999956e-01 -3.767346964900000067e-02 -6.846567521519999477e-01 -4.299729609480000270e-01
-5.613141306150000176e-01 -3.172718771320000020e-01 -2.369658277940000189e-03 3.465912778920000048e-01 -3.298830965760000261e-02 3.565521801279999958e-01 4.353763688530000175e-01 -2.237512700149999964e-02 -7.643181431440000395e-01 -4.299729609480000270e-01
-5.613141306150000176e-01 -3.187678920070000088e-01 -2.369658277940000189e-03 3.449655506889999779e-01 -3.298830965760000261e-02 3.236019317950000196e-01 3.201820608720000183e-01 -2.237512700149999964e-02 -4.716844671029999936e-01 -3.096976330880000031e-02
-5.613141306150000176e-01 -3.172718771320000020e-01 -2.369658277940000189e-03 3.465912778920000048e-01 -3.298830965760000261e-02 2.329889317790000136e-01 2.902615308490000268e-01 -4.134830556449999722e-03 -3.465023354030000169e-01 3.698859123139999761e-02
-5.613141306150000176e-01 -3.157758622569999951e-01 -2.369658277940000189e-03 3.465912778920000048e-01 -3.298830965760000261e-02 7.941738889480000341e-02 2.932535605989999850e-01 6.456294564839999868e-03 -3.416249011160000237e-01 3.766154459139999661e-02
