-5.601373490959999923e-01 -3.202639068829999935e-01 -2.369658277940000189e-03 3.465912778920000048e-01 -2.962406574289999997e-02 -5.601695853010000281e-01 2.992376201010000236e-01 4.102640076600000060e-03 -3.399991739120000189e-01 4.573572998670000223e-02
-5.601373490959999923e-01 -3.187678920070000088e-01 -2.369658277940000189e-03 3.465912778920000048e-01 -2.962406574289999997e-02 -5.601695853010000281e-01 4.682889286270000007e-01 3.514249317100000009e-03 -5.025735366429999740e-01 -2.139864100810000003e-01
-5.601373490959999923e-01 -3.202639068829999935e-01 -2.369658277940000189e-03 3.482170050949999762e-01 -2.962406574289999997e-02 -4.672029307969999823e-01 4.757690030030000128e-01 3.514249317100000009e-03 -7.708211782960000535e-01 -4.192071712670000228e-01
-5.601373490959999923e-01 -3.172718771320000020e-01 -2.369658277940000189e-03 3.482170050949999762e-01 -2.962406574289999997e-02 -3.124546063940000229e-01 4.802572801459999985e-01 4.102640076600000060e-03 -7.626924159410000126e-01 -4.299729609480000270e-01
-5.601373490959999923e-01 -3.187678920070000088e-01 -2.369658277940000189e-03 3.482170050949999762e-01 -2.962406574289999997e-02 -1.147533907459999947e-01 4.787612652709999916e-01 4.102640076600000060e-03 -7.626924159410000126e-01 -4.299729609480000270e-01
-5.601373490959999923e-01 -3.187678920070000088e-01 -2.369658277940000189e-03 3.482170050949999762e-01 -2.962406574289999997e-02 7.647543509729999578e-02 4.742729881280000059e-01 4.102640076600000060e-03 -7.610666887379999856e-01 -4.299729609480000270e-01
-5.601373490959999923e-01 -3.172718771320000020e-01 -2.369658277940000189e-03 3.482170050949999762e-01 -2.962406574289999997e-02 2.235745881769999888e-01 4.413604283550000007e-01 4.102640076600000060e-03 -7.480607447729999970e-01 -4.299729609480000270e-01
-5.601373490959999923e-01 -3.172718771320000020e-01 -2.369658277940000189e-03 3.482170050949999762e-01 -2.962406574289999997e-02 3.171296334400000028e-01 4.428564432300000075e-01 -6.488485044690000397e-03 -7.431835631630000494e-01 -4.299729609480000270e-01
-5.601373490959999923e-01 -3.172718771320000020e-01 -2.369658277940000189e-03 3.482170050949999762e-01 -2.962406574289999997e-02 3.541986170900000008e-01 4.518327649989999917e-01 -1.649121940650000173e-02 -7.594409615349999587e-01 -3.848916741830000210e-01
-5.601373490959999923e-01 -3.187678920070000088e-01 -2.369658277940000189e-03 3.465912778920000048e-01 -2.962406574289999997e-02 3.530218355709999756e-01 2.034917380140000009e-01 -2.649395376830000065e-02 -7.626924159410000126e-01 -3.714344893700000094e-01
-5.601373490959999923e-01 -3.187678920070000088e-01 -2.369658277940000189e-03 3.465912778920000048e-01 -2.962406574289999997e-02 3.524333533610000124e-01 1.212102223229999942e-01 -2.649395376830000065e-02 -7.675695975509999602e-01 -3.707616405870000076e-01
-5.601373490959999923e-01 -3.172718771320000020e-01 -2.369658277940000189e-03 3.465912778920000048e-01 -2.962406574289999997e-02 3.524333533610000124e-01 1.107378856790000032e-01 -2.649395376830000065e-02 -7.675695975509999602e-01 -3.707616405870000076e-01
-5.601373490959999923e-01 -3.172718771320000020e-01 -2.369658277940000189e-03 3.465912778920000048e-01 -2.962406574289999997e-02 3.524333533610000124e-01 1.107378856790000032e-01 -2.649395376830000065e-02 -7.675695975509999602e-01 -3.707616405870000076e-01
-5.601373490959999923e-01 -3.172718771320000020e-01 -2.369658277940000189e-03 3.465912778920000048e-01 -2.962406574289999997e-02 3.524333533610000124e-01 1.107378856790000032e-01 -2.649395376830000065e-02 -7.675695975509999602e-01 -3.714344893700000094e-01
-5.601373490959999923e-01 -3.172718771320000020e-01 -2.369658277940000189e-03 3.465912778920000048e-01 -2.962406574289999997e-02 3.524333533610000124e-01 1.107378856790000032e-01 -2.649395376830000065e-02 -7.675695975509999602e-01 -3.714344893700000094e-01
-5.601373490959999923e-01 -3.187678920070000088e-01 -2.369658277940000189e-03 3.465912778920000048e-01 -2.962406574289999997e-02 3.165412426809999791e-01 -5.382537822169999875e-02 -1.413765636849999979e-02 -6.618963186280000244e-01 -3.700887918040000057e-01
-5.601373490959999923e-01 -3.172718771320000020e-01 -2.369658277940000189e-03 3.449655506889999779e-01 -2.962406574289999997e-02 2.888866026329999781e-01 -1.031943341399999964e-01 -1.472604712800000028e-02 -3.334962650989999888e-01 -3.680702454550000002e-01
-5.601373490959999923e-01 -3.172718771320000020e-01 -2.369658277940000189e-03 3.482170050949999762e-01 -2.962406574289999997e-02 2.859445573850000200e-01 -1.241387749110000049e-01 -1.649121940650000173e-02 -2.700923988169999790e-01 -3.680702454550000002e-01
-5.601373490959999923e-01 -3.172718771320000020e-01 -2.369658277940000189e-03 3.465912778920000048e-01 -2.962406574289999997e-02 2.859445573850000200e-01 -1.241387749110000049e-01 -1.590282864699999951e-02 -2.684664189359999842e-01 -3.680702454550000002e-01
-5.601373490959999923e-01 -3.172718771320000020e-01 -2.369658277940000189e-03 3.465912778920000048e-01 -2.962406574289999997e-02 2.859445573850000200e-01 -1.241387749110000049e-01 -1.649121940650000173e-02 -2.424547836840000026e-01 -3.680702454550000002e-01
-5.601373490959999923e-01 -3.172718771320000020e-01 -2.369658277940000189e-03 3.465912778920000048e-01 -2.962406574289999997e-02 3.000661185140000020e-01 -1.792055618080000065e-02 -3.767346964900000067e-02 -4.050290200760000014e-01 -4.158429273520000136e-01
-5.601373490959999923e-01 -3.172718771320000020e-01 -2.369658277940000189e-03 3.465912778920000048e-01 -2.962406574289999997e-02 3.500797903230000174e-01 3.441185313930000267e-01 -2.943590756580000134e-02 -7.448092903659999653e-01 -4.299729609480000270e-01
-5.601373490959999923e-01 -3.172718771320000020e-01 -2.369658277940000189e-03 3.482170050949999762e-01 -2.962406574289999997e-02 3.571405708870000195e-01 4.353763688530000175e-01 -2.119834548249999867e-02 -7.626924159410000126e-01 -3.835459766170000173e-01
-5.601373490959999923e-01 -3.172718771320000020e-01 -2.369658277940000189e-03 3.465912778920000048e-01 -2.962406574289999997e-02 3.047732445899999920e-01 2.872695010979999797e-01 -1.707961016600000048e-02 -4.196606912440000170e-01 1.613017438290000050e-02
-5.601373490959999923e-01 -3.172718771320000020e-01 -2.369658277940000189e-03 3.465912778920000048e-01 -2.962406574289999997e-02 2.006270742050000055e-01 2.902615308490000268e-01 2.925858557590000145e-03 -3.448763555220000221e-01 3.766154459139999661e-02
-5.601373490959999923e-01 -3.172718771320000020e-01 -2.369658277940000189e-03 3.465912778920000048e-01 -2.962406574289999997e-02 2.705015404789999980e-02 2.917575457239999781e-01 6.456294564839999868e-03 -3.416249011160000237e-01 3.766154459139999661e-02
