-5.607257398549999605e-01 -3.202639068829999935e-01 -2.369658277940000189e-03 3.465912778920000048e-01 -3.164261209170000227e-02 -5.584044130219999458e-01 3.156940162460000199e-01 4.102640076600000060e-03 -3.432506283189999952e-01 4.506288120379999679e-02
-5.613141306150000176e-01 -3.202639068829999935e-01 -2.369658277940000189e-03 3.465912778920000048e-01 -3.164261209170000227e-02 -5.560508499840000063e-01 3.171900311210000267e-01 -1.094578739100000031e-01 -2.473319652930000001e-01 -3.189518659910000054e-01
-5.613141306150000176e-01 -3.202639068829999935e-01 -2.369658277940000189e-03 3.465912778920000048e-01 -3.164261209170000227e-02 -4.495510251109999800e-01 3.171900311210000267e-01 -1.853610134879999927e-01 -2.343258949900000054e-01 -6.405767215519999613e-01
-5.607257398549999605e-01 -3.202639068829999935e-01 -2.369658277940000189e-03 3.465912778920000048e-01 -3.164261209170000227e-02 -2.936259191889999953e-01 3.156940162460000199e-01 -1.865377950069999902e-01 -2.278229861770000031e-01 -6.526879996450000165e-01
-5.607257398549999605e-01 -3.202639068829999935e-01 -2.369658277940000189e-03 3.465912778920000048e-01 -3.164261209170000227e-02 -9.415953126270000528e-02 3.156940162460000199e-01 -1.865377950069999902e-01 -2.229458045669999999e-01 -6.560522435600000257e-01
-5.607257398549999605e-01 -3.187678920070000088e-01 -2.369658277940000189e-03 3.465912778920000048e-01 -3.164261209170000227e-02 9.942294906859999726e-02 2.827812239549999940e-01 -1.859494042469999886e-01 -2.083140070600000004e-01 -6.567250923430000276e-01
-5.613141306150000176e-01 -3.202639068829999935e-01 -2.369658277940000189e-03 3.465912778920000048e-01 -3.164261209170000227e-02 2.677042609399999940e-01 2.588447534339999856e-01 -1.859494042469999886e-01 -2.099397342629999996e-01 -6.560522435600000257e-01
-5.613141306150000176e-01 -3.202639068829999935e-01 -2.369658277940000189e-03 3.465912778920000048e-01 -3.164261209170000227e-02 3.659665237299999929e-01 2.603410008259999797e-01 -1.959521386089999873e-01 -2.196943501599999959e-01 -6.567250923430000276e-01
-5.613141306150000176e-01 -3.202639068829999935e-01 -2.369658277940000189e-03 3.465912778920000048e-01 -3.164261209170000227e-02 4.100962879439999931e-01 2.932535605989999850e-01 -2.094852175280000062e-01 -2.359516221930000046e-01 -6.560522435600000257e-01
-5.607257398549999605e-01 -3.202639068829999935e-01 -2.369658277940000189e-03 3.465912778920000048e-01 -3.164261209170000227e-02 4.195106315459999902e-01 3.007336349759999750e-01 -2.118387805660000012e-01 -2.359516221930000046e-01 -6.560522435600000257e-01
-5.607257398549999605e-01 -3.202639068829999935e-01 -2.369658277940000189e-03 3.465912778920000048e-01 -3.096976330880000031e-02 4.195106315459999902e-01 3.067176944769999802e-01 -2.118387805660000012e-01 -2.359516221930000046e-01 -6.560522435600000257e-01
-5.613141306150000176e-01 -3.202639068829999935e-01 -2.369658277940000189e-03 3.465912778920000048e-01 -3.164261209170000227e-02 4.195106315459999902e-01 3.067176944769999802e-01 -2.118387805660000012e-01 -2.359516221930000046e-01 -6.567250923430000276e-01
-5.613141306150000176e-01 -3.202639068829999935e-01 -2.369658277940000189e-03 3.465912778920000048e-01 -3.164261209170000227e-02 4.200990223059999917e-01 3.067176944769999802e-01 -2.147808258139999871e-01 -2.359516221930000046e-01 -6.365396288550000392e-01
-5.607257398549999605e-01 -3.202639068829999935e-01 -2.369658277940000189e-03 3.482170050949999762e-01 -3.164261209170000227e-02 4.412812725479999809e-01 8.081735565589999448e-02 -3.471699355549999755e-01 -2.359516221930000046e-01 -2.247520951850000004e-01
-5.607257398549999605e-01 -3.202639068829999935e-01 -2.369658277940000189e-03 3.465912778920000048e-01 -3.164261209170000227e-02 4.412812725479999809e-01 -2.946860983130000222e-01 -3.907114004600000245e-01 -2.359516221930000046e-01 -1.877449938150000108e-01
-5.607257398549999605e-01 -3.202639068829999935e-01 -2.369658277940000189e-03 3.465912778920000048e-01 -3.164261209170000227e-02 4.418696633079999825e-01 -4.412969511920000198e-01 -3.907114004600000245e-01 -2.440805108870000018e-01 -1.877449938150000108e-01
-5.613141306150000176e-01 -3.202639068829999935e-01 -2.369658277940000189e-03 3.465912778920000048e-01 -3.164261209170000227e-02 4.418696633079999825e-01 -4.667294365890000130e-01 -3.907114004600000245e-01 -2.440805108870000018e-01 -1.877449938150000108e-01
-5.613141306150000176e-01 -3.202639068829999935e-01 -2.369658277940000189e-03 3.465912778920000048e-01 -3.164261209170000227e-02 4.418696633079999825e-01 -4.667294365890000130e-01 -3.907114004600000245e-01 -2.440805108870000018e-01 -1.877449938150000108e-01
-5.607257398549999605e-01 -3.202639068829999935e-01 -2.369658277940000189e-03 3.482170050949999762e-01 -3.164261209170000227e-02 4.418696633079999825e-01 -4.667294365890000130e-01 -3.907114004600000245e-01 -2.440805108870000018e-01 -1.897636447399999871e-01
-5.607257398549999605e-01 -3.202639068829999935e-01 -2.369658277940000189e-03 3.465912778920000048e-01 -3.164261209170000227e-02 4.418696633079999825e-01 -4.667294365890000130e-01 -3.907114004600000245e-01 -2.440805108870000018e-01 -1.897636447399999871e-01
-5.607257398549999605e-01 -3.202639068829999935e-01 -2.369658277940000189e-03 3.465912778920000048e-01 -3.164261209170000227e-02 4.418696633079999825e-01 -4.667294365890000130e-01 -3.907114004600000245e-01 -2.440805108870000018e-01 -1.897636447399999871e-01
-5.607257398549999605e-01 -3.202639068829999935e-01 -2.369658277940000189e-03 3.465912778920000048e-01 -3.164261209170000227e-02 4.418696633079999825e-01 -4.667294365890000130e-01 -3.907114004600000245e-01 -2.440805108870000018e-01 -1.897636447399999871e-01
-5.607257398549999605e-01 -3.202639068829999935e-01 -2.369658277940000189e-03 3.465912778920000048e-01 -3.164261209170000227e-02 4.418696633079999825e-01 -4.667294365890000130e-01 -3.907114004600000245e-01 -2.440805108870000018e-01 -1.884179471749999890e-01
-5.613141306150000176e-01 -3.202639068829999935e-01 -2.369658277940000189e-03 3.482170050949999762e-01 -3.096976330880000031e-02 4.418696633079999825e-01 -4.053921291520000136e-01 -3.907114004600000245e-01 -2.522091469030000033e-01 -1.870721450320000090e-01
-5.607257398549999605e-01 -3.202639068829999935e-01 -2.369658277940000189e-03 3.465912778920000048e-01 -3.164261209170000227e-02 4.418696633079999825e-01 -4.053921291520000136e-01 -3.907114004600000245e-01 -2.522091469030000033e-01 -1.877449938150000108e-01
-5.607257398549999605e-01 -3.202639068829999935e-01 -2.369658277940000189e-03 3.465912778920000048e-01 -3.164261209170000227e-02 4.418696633079999825e-01 -4.053921291520000136e-01 -3.907114004600000245e-01 -2.522091469030000033e-01 -1.890907959579999909e-01
-5.613141306150000176e-01 -3.202639068829999935e-01 -2.369658277940000189e-03 3.465912778920000048e-01 -3.164261209170000227e-02 4.418696633079999825e-01 -4.053921291520000136e-01 -3.907114004600000245e-01 -2.522091469030000033e-01 -1.890907959579999909e-01
-5.607257398549999605e-01 -3.202639068829999935e-01 -2.369658277940000189e-03 3.465912778920000048e-01 -3.164261209170000227e-02 4.418696633079999825e-01 -4.053921291520000136e-01 -3.907114004600000245e-01 -2.522091469030000033e-01 -1.890907959579999909e-01
-5.607257398549999605e-01 -3.202639068829999935e-01 -2.369658277940000189e-03 3.465912778920000048e-01 -3.164261209170000227e-02 4.418696633079999825e-01 -4.053921291520000136e-01 -3.907114004600000245e-01 -2.522091469030000033e-01 -1.890907959579999909e-01
-5.607257398549999605e-01 -3.202639068829999935e-01 -2.369658277940000189e-03 3.465912778920000048e-01 -3.164261209170000227e-02 4.412812725479999809e-01 -3.485430988570000221e-01 -3.518772445319999775e-01 -2.603377829199999827e-01 -3.297175510959999833e-01
-5.607257398549999605e-01 -3.202639068829999935e-01 -2.369658277940000189e-03 3.465912778920000048e-01 -3.164261209170000227e-02 4.118614602219999865e-01 -7.476958647560000282e-02 -2.418470751019999865e-01 -3.204901947959999942e-01 -6.351939312890000355e-01
-5.607257398549999605e-01 -3.202639068829999935e-01 -2.369658277940000189e-03 3.465912778920000048e-01 -3.164261209170000227e-02 4.124498509819999881e-01 2.364042977880000118e-01 -2.230183878969999867e-01 -3.009814683559999815e-01 -6.533608484280000184e-01
-5.607257398549999605e-01 -3.202639068829999935e-01 -2.369658277940000189e-03 3.465912778920000048e-01 -3.164261209170000227e-02 4.206874130650000154e-01 3.007336349759999750e-01 -2.177227796110000058e-01 -2.392030766000000086e-01 -6.547065459940000220e-01
-5.613141306150000176e-01 -3.217599217580000004e-01 -2.369658277940000189e-03 3.465912778920000048e-01 -3.164261209170000227e-02 4.183337585770000033e-01 3.112059716200000214e-01 -1.830073590000000083e-01 -3.221161746760000111e-01 -5.376298119910000173e-01
-5.613141306150000176e-01 -3.202639068829999935e-01 -2.369658277940000189e-03 3.465912778920000048e-01 -3.164261209170000227e-02 3.441958827280000022e-01 3.261661203730000236e-01 -6.062089217009999920e-02 -3.448763555220000221e-01 -6.259396983850000484e-02
-5.613141306150000176e-01 -3.202639068829999935e-01 -2.369658277940000189e-03 3.465912778920000048e-01 -3.164261209170000227e-02 2.459336199380000032e-01 3.052216796019999734e-01 -6.488485044690000397e-03 -3.351219923020000158e-01 3.698859123139999761e-02
-5.607257398549999605e-01 -3.202639068829999935e-01 -2.369658277940000189e-03 3.465912778920000048e-01 -3.164261209170000227e-02 1.088372926709999938e-01 3.007336349759999750e-01 6.456294564839999868e-03 -3.351219923020000158e-01 3.766154459139999661e-02
-5.613141306150000176e-01 -3.202639068829999935e-01 -2.369658277940000189e-03 3.465912778920000048e-01 -3.164261209170000227e-02 -8.356840614140000068e-02 3.007336349759999750e-01 6.456294564839999868e-03 -3.351219923020000158e-01 3.833439337430000204e-02
