-5.607257398549999605e-01 -3.202639068829999935e-01 -2.958049037439999807e-03 3.465912778920000048e-01 -3.096976330880000031e-02 -5.613463668200000534e-01 3.171900311210000267e-01 4.691030836099999678e-03 -3.383734467089999920e-01 4.640857876969999712e-02
-5.607257398549999605e-01 -3.202639068829999935e-01 -2.958049037439999807e-03 3.465912778920000048e-01 -3.096976330880000031e-02 -5.613463668200000534e-01 2.932535605989999850e-01 8.221466843349999401e-03 -2.977300139499999831e-01 -3.769835571530000262e-02
-5.607257398549999605e-01 -3.217599217580000004e-01 -2.958049037439999807e-03 3.465912778920000048e-01 -3.096976330880000031e-02 -4.401365900590000213e-01 -2.988890770020000143e-02 1.400222772749999955e-01 8.106821457450000268e-02 -5.349384168590000099e-01
-5.607257398549999605e-01 -3.202639068829999935e-01 -2.958049037439999807e-03 3.465912778920000048e-01 -3.096976330880000031e-02 -2.547917632610000038e-01 -3.919279952740000184e-01 3.159528519209999775e-01 2.664028844899999915e-01 -6.082795616630000124e-01
-5.607257398549999605e-01 -3.217599217580000004e-01 -2.958049037439999807e-03 3.465912778920000048e-01 -3.096976330880000031e-02 -1.059274379029999935e-01 -4.622413919630000145e-01 4.395160545449999789e-01 2.729057933030000216e-01 -6.102981080110000400e-01
-5.607257398549999605e-01 -3.202639068829999935e-01 -2.958049037439999807e-03 3.465912778920000048e-01 -3.096976330880000031e-02 -7.238889026059999732e-02 -4.652334217140000061e-01 4.536375699479999746e-01 2.777829749130000248e-01 -6.102981080110000400e-01
-5.607257398549999605e-01 -3.202639068829999935e-01 -2.958049037439999807e-03 3.465912778920000048e-01 -3.096976330880000031e-02 -6.709328197489999868e-02 -4.712174812150000114e-01 4.536375699479999746e-01 2.794089547929999862e-01 -6.102981080110000400e-01
-5.607257398549999605e-01 -3.202639068829999935e-01 -2.958049037439999807e-03 3.465912778920000048e-01 -3.096976330880000031e-02 -6.709328197489999868e-02 -4.712174812150000114e-01 4.542259607069999983e-01 2.810346819969999910e-01 -6.102981080110000400e-01
-5.607257398549999605e-01 -3.202639068829999935e-01 -2.958049037439999807e-03 3.465912778920000048e-01 -3.096976330880000031e-02 -6.709328197489999868e-02 -4.712174812150000114e-01 4.542259607069999983e-01 2.810346819969999910e-01 -6.102981080110000400e-01
-5.607257398549999605e-01 -3.202639068829999935e-01 -2.958049037439999807e-03 3.465912778920000048e-01 -3.096976330880000031e-02 -6.709328197489999868e-02 -4.712174812150000114e-01 4.536375699479999746e-01 2.810346819969999910e-01 -6.102981080110000400e-01
-5.607257398549999605e-01 -3.202639068829999935e-01 -2.958049037439999807e-03 3.465912778920000048e-01 -3.096976330880000031e-02 -6.709328197489999868e-02 -4.712174812150000114e-01 4.542259607069999983e-01 2.794089547929999862e-01 -6.102981080110000400e-01
-5.607257398549999605e-01 -3.202639068829999935e-01 -2.958049037439999807e-03 3.465912778920000048e-01 -3.096976330880000031e-02 -6.709328197489999868e-02 -4.712174812150000114e-01 4.542259607069999983e-01 2.810346819969999910e-01 -6.102981080110000400e-01
-5.607257398549999605e-01 -3.202639068829999935e-01 -2.958049037439999807e-03 3.465912778920000048e-01 -3.096976330880000031e-02 -6.709328197489999868e-02 -4.712174812150000114e-01 4.536375699479999746e-01 2.810346819969999910e-01 -6.102981080110000400e-01
-5.607257398549999605e-01 -3.202639068829999935e-01 -2.958049037439999807e-03 3.482170050949999762e-01 -3.096976330880000031e-02 -8.474518766039999818e-02 -4.712174812150000114e-01 4.542259607069999983e-01 2.208820174430000116e-01 -6.513423020799999907e-01
-5.607257398549999605e-01 -3.202639068829999935e-01 -2.958049037439999807e-03 3.465912778920000048e-01 -3.096976330880000031e-02 -8.474518766039999818e-02 -4.712174812150000114e-01 4.542259607069999983e-01 -1.367812520839999935e-01 -6.540336972110000202e-01
-5.607257398549999605e-01 -3.202639068829999935e-01 -2.958049037439999807e-03 3.465912778920000048e-01 -3.096976330880000031e-02 -8.474518766039999818e-02 -4.712174812150000114e-01 4.542259607069999983e-01 -5.594744941120000092e-01 -6.540336972110000202e-01
-5.607257398549999605e-01 -3.202639068829999935e-01 -2.958049037439999807e-03 3.465912778920000048e-01 -3.096976330880000031e-02 -9.945513954849999338e-02 -4.757055258410000098e-01 4.554027879520000099e-01 -7.253003112500000515e-01 -6.560522435600000257e-01
-5.607257398549999605e-01 -3.202639068829999935e-01 -2.958049037439999807e-03 3.465912778920000048e-01 -3.096976330880000031e-02 -9.945513954849999338e-02 -4.757055258410000098e-01 4.554027879520000099e-01 -7.366805280110000353e-01 -6.560522435600000257e-01
-5.607257398549999605e-01 -3.202639068829999935e-01 -2.958049037439999807e-03 3.465912778920000048e-01 -3.096976330880000031e-02 -9.945513954849999338e-02 -4.757055258410000098e-01 4.554027879520000099e-01 -7.366805280110000353e-01 -6.560522435600000257e-01
-5.607257398549999605e-01 -3.202639068829999935e-01 -2.958049037439999807e-03 3.465912778920000048e-01 -3.096976330880000031e-02 -9.945513954849999338e-02 -4.757055258410000098e-01 4.554027879520000099e-01 -7.366805280110000353e-01 -6.560522435600000257e-01
-5.607257398549999605e-01 -3.202639068829999935e-01 -2.958049037439999807e-03 3.465912778920000048e-01 -3.096976330880000031e-02 -9.945513954849999338e-02 -4.757055258410000098e-01 4.559911787109999781e-01 -7.366805280110000353e-01 -6.560522435600000257e-01
-5.607257398549999605e-01 -3.202639068829999935e-01 -2.958049037439999807e-03 3.465912778920000048e-01 -3.096976330880000031e-02 -9.945513954849999338e-02 -4.772015407160000167e-01 4.554027879520000099e-01 -7.366805280110000353e-01 -6.560522435600000257e-01
-5.607257398549999605e-01 -3.202639068829999935e-01 -3.546439796939999858e-03 3.465912778920000048e-01 -3.096976330880000031e-02 -9.945513954849999338e-02 -4.772015407160000167e-01 4.554027879520000099e-01 -7.366805280110000353e-01 -6.560522435600000257e-01
-5.607257398549999605e-01 -3.202639068829999935e-01 -2.958049037439999807e-03 3.465912778920000048e-01 -3.096976330880000031e-02 -9.945513954849999338e-02 -4.772015407160000167e-01 4.554027879520000099e-01 -6.472646474600000088e-01 -6.560522435600000257e-01
-5.607257398549999605e-01 -3.202639068829999935e-01 -2.958049037439999807e-03 3.465912778920000048e-01 -3.096976330880000031e-02 -9.945513954849999338e-02 -4.772015407160000167e-01 4.554027879520000099e-01 -3.692625162489999724e-01 -6.560522435600000257e-01
-5.607257398549999605e-01 -3.202639068829999935e-01 -2.958049037439999807e-03 3.465912778920000048e-01 -3.096976330880000031e-02 -9.945513954849999338e-02 -4.772015407160000167e-01 4.554027879520000099e-01 -3.530052442159999915e-01 -6.560522435600000257e-01
-5.607257398549999605e-01 -3.202639068829999935e-01 -2.958049037439999807e-03 3.465912778920000048e-01 -3.096976330880000031e-02 -9.886665733869999528e-02 -4.772015407160000167e-01 4.559911787109999781e-01 -3.530052442159999915e-01 -6.560522435600000257e-01
-5.607257398549999605e-01 -3.202639068829999935e-01 -2.958049037439999807e-03 3.465912778920000048e-01 -3.096976330880000031e-02 -9.945513954849999338e-02 -4.772015407160000167e-01 4.559911787109999781e-01 -3.530052442159999915e-01 -6.560522435600000257e-01
-5.607257398549999605e-01 -3.202639068829999935e-01 -2.958049037439999807e-03 3.465912778920000048e-01 -3.096976330880000031e-02 -9.945513954849999338e-02 -4.772015407160000167e-01 4.554027879520000099e-01 -3.530052442159999915e-01 -6.560522435600000257e-01
-5.607257398549999605e-01 -3.202639068829999935e-01 -2.958049037439999807e-03 3.465912778920000048e-01 -3.096976330880000031e-02 -9.945513954849999338e-02 -4.772015407160000167e-01 4.554027879520000099e-01 -3.530052442159999915e-01 -6.560522435600000257e-01
-5.607257398549999605e-01 -3.202639068829999935e-01 -2.958049037439999807e-03 3.465912778920000048e-01 -3.096976330880000031e-02 -7.121210874159999982e-02 -4.786975555920000014e-01 4.559911787109999781e-01 -1.384072319640000104e-01 -6.197182001269999629e-01
-5.607257398549999605e-01 -3.202639068829999935e-01 -2.958049037439999807e-03 3.465912778920000048e-01 -3.096976330880000031e-02 -6.827006349389999618e-02 -4.786975555920000014e-01 4.559911787109999781e-01 2.355138149500000111e-01 -6.190453513439999611e-01
-5.607257398549999605e-01 -3.202639068829999935e-01 -2.958049037439999807e-03 3.465912778920000048e-01 -3.096976330880000031e-02 -6.768167273439999743e-02 -4.786975555920000014e-01 4.559911787109999781e-01 2.761572477090000199e-01 -6.190453513439999611e-01
-5.607257398549999605e-01 -3.202639068829999935e-01 -2.958049037439999807e-03 3.465912778920000048e-01 -3.096976330880000031e-02 -6.827006349389999618e-02 -4.786975555920000014e-01 4.559911787109999781e-01 2.777829749130000248e-01 -6.183725025609999593e-01
-5.607257398549999605e-01 -3.202639068829999935e-01 -2.958049037439999807e-03 3.465912778920000048e-01 -3.096976330880000031e-02 -1.106346554290000006e-01 -3.141342916909999894e-01 4.018587258610000212e-01 7.944248737119999348e-02 -2.523391044400000172e-01
-5.607257398549999605e-01 -3.187678920070000088e-01 -2.958049037439999807e-03 3.465912778920000048e-01 -3.096976330880000031e-02 -2.747972319850000011e-01 5.388885538379999812e-02 2.394612301340000027e-01 -2.603377829199999827e-01 2.891440583599999906e-02
-5.607257398549999605e-01 -3.187678920070000088e-01 -2.958049037439999807e-03 3.482170050949999762e-01 -3.096976330880000031e-02 -4.707332753540000025e-01 2.678210752030000252e-01 5.882352941180000322e-02 -3.465023354030000169e-01 4.237148607200000305e-02
-5.607257398549999605e-01 -3.187678920070000088e-01 -2.958049037439999807e-03 3.482170050949999762e-01 -3.096976330880000031e-02 -5.589928037820000029e-01 2.827812239549999940e-01 4.691030836099999678e-03 -3.416249011160000237e-01 4.506288120379999679e-02
-5.607257398549999605e-01 -3.187678920070000088e-01 -2.958049037439999807e-03 3.482170050949999762e-01 -3.096976330880000031e-02 -5.595811945409999710e-01 2.827812239549999940e-01 4.691030836099999678e-03 -3.399991739120000189e-01 4.506288120379999679e-02
