-5.613141306150000176e-01 -3.187678920070000088e-01 -2.369658277940000189e-03 3.433398234860000064e-01 -3.231546087469999717e-02 -5.613463668200000534e-01 3.216780757470000252e-01 4.102640076600000060e-03 -3.416249011160000237e-01 4.640857876969999712e-02
-5.513113962529999634e-01 -3.217599217580000004e-01 1.235471531089999964e-01 2.392922717659999865e-01 3.646691904159999886e-01 -5.613463668200000534e-01 3.201820608720000183e-01 4.102640076600000060e-03 -3.416249011160000237e-01 4.573572998670000223e-02
-4.371624457809999975e-01 -3.202639068829999935e-01 1.870939952869999923e-01 2.327893629530000119e-01 6.445770031259999699e-01 -5.613463668200000534e-01 3.201820608720000183e-01 4.102640076600000060e-03 -3.416249011160000237e-01 4.573572998670000223e-02
-2.930053379499999999e-01 -3.172718771320000020e-01 1.882707768059999898e-01 2.279116759879999954e-01 6.533240895930000347e-01 -5.613463668200000534e-01 3.201820608720000183e-01 4.102640076600000060e-03 -3.416249011160000237e-01 4.640857876969999712e-02
-7.765221661629999328e-02 -3.097918027559999898e-01 1.876823860459999882e-01 2.116544039559999923e-01 6.553426882299999701e-01 -5.613463668200000534e-01 3.201820608720000183e-01 4.102640076600000060e-03 -3.399991739120000189e-01 4.573572998670000223e-02
1.123998277079999997e-01 -2.888473619849999952e-01 1.876823860459999882e-01 2.116544039559999923e-01 6.560155370129999719e-01 -5.613463668200000534e-01 3.186860459959999781e-01 4.102640076600000060e-03 -3.416249011160000237e-01 4.573572998670000223e-02
2.724436689470000061e-01 -2.544385548190000179e-01 1.876823860459999882e-01 2.116544039559999923e-01 6.560155370129999719e-01 -5.613463668200000534e-01 3.201820608720000183e-01 4.102640076600000060e-03 -3.416249011160000237e-01 4.573572998670000223e-02
3.695291502170000020e-01 -2.559345696940000248e-01 2.006270742050000055e-01 2.165315855659999955e-01 6.560155370129999719e-01 -5.613463668200000534e-01 3.186860459959999781e-01 3.514249317100000009e-03 -3.416249011160000237e-01 4.573572998670000223e-02
4.260152118309999958e-01 -2.664069063380000157e-01 2.741766507449999724e-01 2.230344943789999979e-01 4.110961747479999762e-01 -5.613463668200000534e-01 3.186860459959999781e-01 4.102640076600000060e-03 -3.416249011160000237e-01 4.573572998670000223e-02
4.395481992990000197e-01 1.135845922559999971e-01 3.877371647319999837e-01 2.230344943789999979e-01 1.924182287479999920e-01 -5.613463668200000534e-01 3.186860459959999781e-01 4.102640076600000060e-03 -3.416249011160000237e-01 4.573572998670000223e-02
4.401365900590000213e-01 4.023182533899999913e-01 3.942095545370000176e-01 2.392922717659999865e-01 1.890539848339999884e-01 -5.613463668200000534e-01 3.186860459959999781e-01 4.102640076600000060e-03 -3.416249011160000237e-01 4.573572998670000223e-02
4.407249808179999895e-01 4.741276649550000277e-01 3.924443822579999908e-01 2.409179989699999913e-01 1.890539848339999884e-01 -5.613463668200000534e-01 3.186860459959999781e-01 3.514249317100000009e-03 -3.416249011160000237e-01 4.573572998670000223e-02
4.401365900590000213e-01 4.741276649550000277e-01 3.918559914990000226e-01 2.425437261729999905e-01 1.890539848339999884e-01 -5.613463668200000534e-01 3.186860459959999781e-01 4.102640076600000060e-03 -3.416249011160000237e-01 4.573572998670000223e-02
4.401365900590000213e-01 4.741276649550000277e-01 3.918559914990000226e-01 2.425437261729999905e-01 1.890539848339999884e-01 -5.613463668200000534e-01 3.186860459959999781e-01 4.102640076600000060e-03 -3.416249011160000237e-01 4.573572998670000223e-02
4.407249808179999895e-01 4.741276649550000277e-01 3.918559914990000226e-01 2.425437261729999905e-01 1.890539848339999884e-01 -5.619347575790000215e-01 3.186860459959999781e-01 4.102640076600000060e-03 -3.416249011160000237e-01 4.573572998670000223e-02
4.407249808179999895e-01 4.157826197839999960e-01 3.853836016939999887e-01 2.474209077829999937e-01 1.877081826910000084e-01 -5.613463668200000534e-01 3.186860459959999781e-01 4.102640076600000060e-03 -3.416249011160000237e-01 4.573572998670000223e-02
4.407249808179999895e-01 4.127905900339999823e-01 3.853836016939999887e-01 2.474209077829999937e-01 1.877081826910000084e-01 -5.613463668200000534e-01 3.186860459959999781e-01 4.102640076600000060e-03 -3.416249011160000237e-01 4.573572998670000223e-02
4.407249808179999895e-01 4.068062980159999897e-01 3.853836016939999887e-01 2.474209077829999937e-01 1.883811360509999866e-01 -5.613463668200000534e-01 3.186860459959999781e-01 4.102640076600000060e-03 -3.416249011160000237e-01 4.573572998670000223e-02
4.407249808179999895e-01 4.068062980159999897e-01 3.853836016939999887e-01 2.474209077829999937e-01 1.877081826910000084e-01 -5.613463668200000534e-01 3.201820608720000183e-01 4.102640076600000060e-03 -3.416249011160000237e-01 4.573572998670000223e-02
4.407249808179999895e-01 4.068062980159999897e-01 3.853836016939999887e-01 2.474209077829999937e-01 1.877081826910000084e-01 -5.613463668200000534e-01 3.186860459959999781e-01 4.102640076600000060e-03 -3.416249011160000237e-01 4.573572998670000223e-02
4.230730751330000206e-01 2.452352963830000121e-01 2.912401656709999731e-01 2.929417748290000234e-01 5.584515222920000133e-01 -5.613463668200000534e-01 3.186860459959999781e-01 4.102640076600000060e-03 -3.416249011160000237e-01 4.573572998670000223e-02
4.083633061449999935e-01 -1.347562022109999869e-01 2.271049327340000090e-01 3.222048644880000090e-01 6.506326944610000274e-01 -5.613463668200000534e-01 3.186860459959999781e-01 4.102640076600000060e-03 -3.416249011160000237e-01 4.573572998670000223e-02
4.118936507020000137e-01 -2.903433768600000020e-01 1.723840433989999865e-01 3.384626418760000033e-01 4.844374241289999827e-01 -5.613463668200000534e-01 3.186860459959999781e-01 4.102640076600000060e-03 -3.416249011160000237e-01 4.573572998670000223e-02
3.324601665670000039e-01 -3.187678920070000088e-01 4.352527821450000167e-02 3.465912778920000048e-01 1.142012832520000049e-02 -5.613463668200000534e-01 3.186860459959999781e-01 4.102640076600000060e-03 -3.416249011160000237e-01 4.573572998670000223e-02
2.471425919370000002e-01 -3.127838325060000035e-01 1.749077038590000042e-03 3.465912778920000048e-01 -2.827836817699999963e-02 -5.613463668200000534e-01 3.186860459959999781e-01 4.102640076600000060e-03 -3.416249011160000237e-01 4.506288120379999679e-02
7.533084405819999441e-02 -3.067995404880000110e-01 -7.076875804190000015e-03 3.449655506889999779e-01 -2.962406574289999997e-02 -5.613463668200000534e-01 3.186860459959999781e-01 4.102640076600000060e-03 -3.416249011160000237e-01 4.573572998670000223e-02
