-5.630793486180000196e-01 -3.202639068829999935e-01 -2.369658277940000189e-03 3.417140962820000016e-01 -3.164261209170000227e-02 -5.601695853010000281e-01 3.201820608720000183e-01 4.691030836099999678e-03 -3.416249011160000237e-01 4.506288120379999679e-02
-5.083584592830000526e-01 -1.227880832090000041e-01 -7.768440709620000328e-02 7.346658096789999981e-02 3.747620267369999869e-01 -5.601695853010000281e-01 3.201820608720000183e-01 4.691030836099999678e-03 -3.416249011160000237e-01 4.439003242080000189e-02
-3.294859308399999964e-01 2.661795046370000195e-01 -2.477309826970000017e-01 -2.370505996639999946e-01 6.055513554070000026e-01 -5.601695853010000281e-01 3.201820608720000183e-01 4.691030836099999678e-03 -3.399991739120000189e-01 4.506288120379999679e-02
-1.659117450439999975e-01 4.516872093079999928e-01 -3.971836988140000080e-01 -2.581853059840000242e-01 6.062242564780000453e-01 -5.595811945409999710e-01 3.201820608720000183e-01 4.102640076600000060e-03 -3.416249011160000237e-01 4.506288120379999679e-02
-6.941465453310000089e-02 4.726316500789999875e-01 -4.560233234659999968e-01 -2.598110331869999956e-01 6.062242564780000453e-01 -5.601695853010000281e-01 3.201820608720000183e-01 4.691030836099999678e-03 -3.416249011160000237e-01 4.506288120379999679e-02
-6.764948225450000130e-02 4.726316500789999875e-01 -4.572001049850000221e-01 -2.598110331869999956e-01 6.062242564780000453e-01 -5.601695853010000281e-01 3.186860459959999781e-01 4.102640076600000060e-03 -3.416249011160000237e-01 4.506288120379999679e-02
-6.764948225450000130e-02 4.726316500789999875e-01 -4.572001049850000221e-01 -2.598110331869999956e-01 6.062242564780000453e-01 -5.601695853010000281e-01 3.201820608720000183e-01 4.102640076600000060e-03 -3.416249011160000237e-01 4.506288120379999679e-02
-6.764948225450000130e-02 4.726316500789999875e-01 -4.572001049850000221e-01 -2.598110331869999956e-01 6.062242564780000453e-01 -5.601695853010000281e-01 3.201820608720000183e-01 4.691030836099999678e-03 -3.399991739120000189e-01 4.506288120379999679e-02
-7.353348129980000203e-02 4.726316500789999875e-01 -4.572001049850000221e-01 -2.500564172899999993e-01 6.486140958239999810e-01 -5.601695853010000281e-01 3.201820608720000183e-01 4.102640076600000060e-03 -3.416249011160000237e-01 4.506288120379999679e-02
-8.883173249709999664e-02 4.726316500789999875e-01 -4.572001049850000221e-01 1.173612154560000065e-01 6.506326944610000274e-01 -5.601695853010000281e-01 3.186860459959999781e-01 4.691030836099999678e-03 -3.399991739120000189e-01 4.506288120379999679e-02
-8.883173249709999664e-02 4.726316500789999875e-01 -4.583768865039999918e-01 5.416800583490000154e-01 6.506326944610000274e-01 -5.601695853010000281e-01 3.201820608720000183e-01 4.691030836099999678e-03 -3.399991739120000189e-01 4.506288120379999679e-02
-9.118538698540000487e-02 4.726316500789999875e-01 -4.583768865039999918e-01 7.351436169580000124e-01 6.506326944610000274e-01 -5.601695853010000281e-01 3.186860459959999781e-01 4.691030836099999678e-03 -3.399991739120000189e-01 4.506288120379999679e-02
-9.118538698540000487e-02 4.726316500789999875e-01 -4.583768865039999918e-01 7.465237073810000457e-01 6.506326944610000274e-01 -5.601695853010000281e-01 3.186860459959999781e-01 4.102640076600000060e-03 -3.399991739120000189e-01 4.506288120379999679e-02
-9.118538698540000487e-02 4.726316500789999875e-01 -4.589652772630000155e-01 7.448979801780000187e-01 6.506326944610000274e-01 -5.601695853010000281e-01 3.201820608720000183e-01 4.102640076600000060e-03 -3.416249011160000237e-01 4.506288120379999679e-02
-9.059699622580000278e-02 4.726316500789999875e-01 -4.583768865039999918e-01 7.448979801780000187e-01 6.499598456780000255e-01 -5.601695853010000281e-01 3.186860459959999781e-01 4.691030836099999678e-03 -3.416249011160000237e-01 4.506288120379999679e-02
-9.118538698540000487e-02 4.726316500789999875e-01 -4.583768865039999918e-01 5.156684230970000060e-01 6.506326944610000274e-01 -5.601695853010000281e-01 3.186860459959999781e-01 4.691030836099999678e-03 -3.416249011160000237e-01 4.506288120379999679e-02
-9.118538698540000487e-02 4.726316500789999875e-01 -4.583768865039999918e-01 3.661000043309999841e-01 6.506326944610000274e-01 -5.601695853010000281e-01 3.201820608720000183e-01 4.691030836099999678e-03 -3.416249011160000237e-01 4.506288120379999679e-02
-9.118538698540000487e-02 4.726316500789999875e-01 -4.589652772630000155e-01 3.612228227209999809e-01 6.506326944610000274e-01 -5.601695853010000281e-01 3.186860459959999781e-01 4.102640076600000060e-03 -3.416249011160000237e-01 4.506288120379999679e-02
-9.118538698540000487e-02 4.741276649550000277e-01 -4.583768865039999918e-01 3.612228227209999809e-01 6.506326944610000274e-01 -5.601695853010000281e-01 3.201820608720000183e-01 4.691030836099999678e-03 -3.416249011160000237e-01 4.506288120379999679e-02
-9.118538698540000487e-02 4.726316500789999875e-01 -4.583768865039999918e-01 3.628485499249999857e-01 6.506326944610000274e-01 -5.601695853010000281e-01 3.201820608720000183e-01 4.691030836099999678e-03 -3.416249011160000237e-01 4.573572998670000223e-02
-6.764948225450000130e-02 4.756236798299999791e-01 -4.589652772630000155e-01 1.206126698629999966e-01 6.216999353519999660e-01 -5.601695853010000281e-01 3.201820608720000183e-01 4.102640076600000060e-03 -3.399991739120000189e-01 4.506288120379999679e-02
-6.706109149500000255e-02 4.741276649550000277e-01 -4.583768865039999918e-01 -2.337991452579999963e-01 6.210270342799999455e-01 -5.601695853010000281e-01 3.186860459959999781e-01 4.102640076600000060e-03 -3.416249011160000237e-01 4.506288120379999679e-02
-7.059152750229999440e-02 4.546792390589999844e-01 -4.330759009449999808e-01 -1.996586213110000119e-01 4.245532549839999836e-01 -5.601695853010000281e-01 3.201820608720000183e-01 4.102640076600000060e-03 -3.416249011160000237e-01 4.573572998670000223e-02
-2.053342917319999905e-01 8.665609198380000433e-02 -2.859767478649999917e-01 2.116544039559999923e-01 3.345838352759999881e-03 -5.601695853010000281e-01 3.186860459959999781e-01 4.102640076600000060e-03 -3.416249011160000237e-01 4.708142755260000256e-02
-3.995050713719999758e-01 -2.589265994450000163e-01 -1.100462646700000047e-01 3.433398234860000064e-01 -3.164261209170000227e-02 -5.601695853010000281e-01 3.186860459959999781e-01 4.102640076600000060e-03 -3.399991739120000189e-01 4.640857876969999712e-02
-5.430738341699999916e-01 -3.053035256130000041e-01 -8.253657323200000798e-03 3.433398234860000064e-01 -3.231546087469999717e-02 -5.601695853010000281e-01 3.141980013699999796e-01 4.102640076600000060e-03 -3.416249011160000237e-01 4.708142755260000256e-02
