-5.595489583360000463e-01 -3.202639068829999935e-01 -2.958049037439999807e-03 3.465912778920000048e-01 -2.693256603399999879e-02 -5.607579760599999963e-01 3.171900311210000267e-01 3.514249317100000009e-03 -3.399991739120000189e-01 4.640857876969999712e-02
-5.595489583360000463e-01 -3.202639068829999935e-01 -2.958049037439999807e-03 3.449655506889999779e-01 -2.693256603399999879e-02 -5.248657739300000014e-01 1.436506779689999957e-01 6.235396541899999867e-02 -1.172725256439999947e-01 -3.075133321040000034e-01
-5.595489583360000463e-01 -3.202639068829999935e-01 -2.958049037439999807e-03 3.465912778920000048e-01 -2.693256603399999879e-02 -3.495236814930000047e-01 -2.408288652510000016e-01 2.288701050120000025e-01 2.387652693569999873e-01 -6.008782250499999922e-01
-5.595489583360000463e-01 -3.202639068829999935e-01 -2.958049037439999807e-03 3.465912778920000048e-01 -2.693256603399999879e-02 -1.812421867210000093e-01 -4.442889809430000114e-01 3.830300386559999937e-01 2.680286116930000184e-01 -6.102981080110000400e-01
-5.595489583360000463e-01 -3.202639068829999935e-01 -2.958049037439999807e-03 3.465912778920000048e-01 -2.693256603399999879e-02 -7.415406253919999691e-02 -4.667294365890000130e-01 4.530491791879999730e-01 2.761572477090000199e-01 -6.102981080110000400e-01
-5.595489583360000463e-01 -3.202639068829999935e-01 -2.958049037439999807e-03 3.465912778920000048e-01 -2.693256603399999879e-02 -6.768167273439999743e-02 -4.697214663400000045e-01 4.536375699479999746e-01 2.810346819969999910e-01 -6.102981080110000400e-01
-5.595489583360000463e-01 -3.202639068829999935e-01 -2.958049037439999807e-03 3.449655506889999779e-01 -2.693256603399999879e-02 -6.768167273439999743e-02 -4.697214663400000045e-01 4.536375699479999746e-01 2.810346819969999910e-01 -6.102981080110000400e-01
-5.595489583360000463e-01 -3.202639068829999935e-01 -2.958049037439999807e-03 3.465912778920000048e-01 -2.693256603399999879e-02 -6.768167273439999743e-02 -4.697214663400000045e-01 4.536375699479999746e-01 2.810346819969999910e-01 -6.102981080110000400e-01
-5.595489583360000463e-01 -3.202639068829999935e-01 -2.958049037439999807e-03 3.465912778920000048e-01 -2.693256603399999879e-02 -6.768167273439999743e-02 -4.697214663400000045e-01 4.536375699479999746e-01 2.810346819969999910e-01 -6.102981080110000400e-01
-5.595489583360000463e-01 -3.202639068829999935e-01 -2.958049037439999807e-03 3.449655506889999779e-01 -2.625971725110000030e-02 -6.768167273439999743e-02 -4.697214663400000045e-01 4.536375699479999746e-01 2.810346819969999910e-01 -6.102981080110000400e-01
-5.595489583360000463e-01 -3.202639068829999935e-01 -2.958049037439999807e-03 3.465912778920000048e-01 -2.693256603399999879e-02 -6.768167273439999743e-02 -4.697214663400000045e-01 4.542259607069999983e-01 2.810346819969999910e-01 -6.102981080110000400e-01
-5.595489583360000463e-01 -3.202639068829999935e-01 -2.958049037439999807e-03 3.465912778920000048e-01 -2.693256603399999879e-02 -6.768167273439999743e-02 -4.697214663400000045e-01 4.542259607069999983e-01 2.826604092000000179e-01 -6.102981080110000400e-01
-5.595489583360000463e-01 -3.202639068829999935e-01 -2.958049037439999807e-03 3.465912778920000048e-01 -2.693256603399999879e-02 -6.827006349389999618e-02 -4.697214663400000045e-01 4.542259607069999983e-01 2.810346819969999910e-01 -6.405767215519999613e-01
-5.595489583360000463e-01 -3.202639068829999935e-01 -2.958049037439999807e-03 3.465912778920000048e-01 -2.693256603399999879e-02 -8.533357841989999693e-02 -4.697214663400000045e-01 4.542259607069999983e-01 3.067016591810000151e-02 -6.533608484280000184e-01
-5.595489583360000463e-01 -3.202639068829999935e-01 -2.958049037439999807e-03 3.465912778920000048e-01 -2.693256603399999879e-02 -8.474518766039999818e-02 -4.697214663400000045e-01 4.548143971920000084e-01 -4.099062016850000267e-01 -6.540336972110000202e-01
-5.595489583360000463e-01 -3.202639068829999935e-01 -2.958049037439999807e-03 3.465912778920000048e-01 -2.625971725110000030e-02 -8.533357841989999693e-02 -4.697214663400000045e-01 4.554027879520000099e-01 -7.041656049300000220e-01 -6.540336972110000202e-01
-5.595489583360000463e-01 -3.202639068829999935e-01 -2.958049037439999807e-03 3.465912778920000048e-01 -2.693256603399999879e-02 -8.533357841989999693e-02 -4.712174812150000114e-01 4.554027879520000099e-01 -7.431835631630000494e-01 -6.540336972110000202e-01
-5.595489583360000463e-01 -3.202639068829999935e-01 -2.958049037439999807e-03 3.465912778920000048e-01 -2.693256603399999879e-02 -8.474518766039999818e-02 -4.712174812150000114e-01 4.554027879520000099e-01 -7.431835631630000494e-01 -6.540336972110000202e-01
-5.595489583360000463e-01 -3.202639068829999935e-01 -2.958049037439999807e-03 3.465912778920000048e-01 -2.693256603399999879e-02 -8.533357841989999693e-02 -4.697214663400000045e-01 4.554027879520000099e-01 -7.431835631630000494e-01 -6.540336972110000202e-01
-5.595489583360000463e-01 -3.202639068829999935e-01 -2.958049037439999807e-03 3.465912778920000048e-01 -2.693256603399999879e-02 -8.474518766039999818e-02 -4.712174812150000114e-01 4.554027879520000099e-01 -7.431835631630000494e-01 -6.540336972110000202e-01
-5.595489583360000463e-01 -3.202639068829999935e-01 -2.958049037439999807e-03 3.465912778920000048e-01 -2.693256603399999879e-02 -8.533357841989999693e-02 -4.712174812150000114e-01 4.554027879520000099e-01 -7.431835631630000494e-01 -6.540336972110000202e-01
-5.595489583360000463e-01 -3.202639068829999935e-01 -2.958049037439999807e-03 3.465912778920000048e-01 -2.693256603399999879e-02 -8.533357841989999693e-02 -4.697214663400000045e-01 4.554027879520000099e-01 -7.431835631630000494e-01 -6.540336972110000202e-01
-5.595489583360000463e-01 -3.202639068829999935e-01 -2.958049037439999807e-03 3.465912778920000048e-01 -2.693256603399999879e-02 -8.533357841989999693e-02 -4.712174812150000114e-01 4.554027879520000099e-01 -7.431835631630000494e-01 -6.547065459940000220e-01
-5.595489583360000463e-01 -3.202639068829999935e-01 -2.958049037439999807e-03 3.465912778920000048e-01 -2.693256603399999879e-02 -8.533357841989999693e-02 -4.712174812150000114e-01 4.554027879520000099e-01 -4.050290200760000014e-01 -6.547065459940000220e-01
-5.595489583360000463e-01 -3.202639068829999935e-01 -2.958049037439999807e-03 3.465912778920000048e-01 -2.693256603399999879e-02 -8.474518766039999818e-02 -4.712174812150000114e-01 4.554027879520000099e-01 -3.530052442159999915e-01 -6.547065459940000220e-01
-5.595489583360000463e-01 -3.202639068829999935e-01 -2.958049037439999807e-03 3.465912778920000048e-01 -2.693256603399999879e-02 -8.533357841989999693e-02 -4.712174812150000114e-01 4.554027879520000099e-01 -3.530052442159999915e-01 -6.547065459940000220e-01
-5.595489583360000463e-01 -3.202639068829999935e-01 -2.958049037439999807e-03 3.465912778920000048e-01 -2.625971725110000030e-02 -8.533357841989999693e-02 -4.712174812150000114e-01 4.554027879520000099e-01 -3.530052442159999915e-01 -6.547065459940000220e-01
-5.595489583360000463e-01 -3.202639068829999935e-01 -2.958049037439999807e-03 3.465912778920000048e-01 -2.693256603399999879e-02 -8.533357841989999693e-02 -4.697214663400000045e-01 4.554027879520000099e-01 -3.530052442159999915e-01 -6.547065459940000220e-01
-5.595489583360000463e-01 -3.202639068829999935e-01 -2.958049037439999807e-03 3.465912778920000048e-01 -2.693256603399999879e-02 -8.533357841989999693e-02 -4.697214663400000045e-01 4.554027879520000099e-01 -3.530052442159999915e-01 -6.547065459940000220e-01
-5.595489583360000463e-01 -3.202639068829999935e-01 -2.958049037439999807e-03 3.465912778920000048e-01 -2.693256603399999879e-02 -7.003523577240000630e-02 -4.757055258410000098e-01 4.554027879520000099e-01 -2.570863285130000064e-01 -6.224095952589999703e-01
-5.595489583360000463e-01 -3.202639068829999935e-01 -2.958049037439999807e-03 3.465912778920000048e-01 -2.693256603399999879e-02 -6.885845425339999493e-02 -4.742095109660000030e-01 4.554027879520000099e-01 1.233376272140000035e-01 -6.190453513439999611e-01
-5.595489583360000463e-01 -3.202639068829999935e-01 -2.958049037439999807e-03 3.465912778920000048e-01 -2.693256603399999879e-02 -6.827006349389999618e-02 -4.757055258410000098e-01 4.554027879520000099e-01 2.696543388959999898e-01 -6.190453513439999611e-01
-5.595489583360000463e-01 -3.202639068829999935e-01 -2.958049037439999807e-03 3.465912778920000048e-01 -2.693256603399999879e-02 -6.885845425339999493e-02 -4.757055258410000098e-01 4.554027879520000099e-01 2.794089547929999862e-01 -6.190453513439999611e-01
-5.595489583360000463e-01 -3.202639068829999935e-01 -2.958049037439999807e-03 3.465912778920000048e-01 -2.693256603399999879e-02 -6.885845425339999493e-02 -4.697214663400000045e-01 4.471652258680000047e-01 2.225077446460000108e-01 -4.925485252249999779e-01
-5.595489583360000463e-01 -3.232559366330000072e-01 -2.958049037439999807e-03 3.449655506889999779e-01 -2.693256603399999879e-02 -2.147808258139999871e-01 -7.177755672510000018e-02 2.971241647160000054e-01 -1.888050279429999978e-01 4.691535918659999783e-03
-5.595489583360000463e-01 -3.202639068829999935e-01 -2.958049037439999807e-03 3.465912778920000048e-01 -2.693256603399999879e-02 -4.060097431069999985e-01 2.693170900779999766e-01 1.135444187469999977e-01 -2.879753980529999868e-01 4.035293972319999728e-02
-5.595489583360000463e-01 -3.157758622569999951e-01 -2.958049037439999807e-03 3.482170050949999762e-01 -2.693256603399999879e-02 -5.389873350580000055e-01 2.827812239549999940e-01 1.292859291939999974e-02 -3.399991739120000189e-01 4.439003242080000189e-02
-5.595489583360000463e-01 -3.187678920070000088e-01 -2.958049037439999807e-03 3.482170050949999762e-01 -2.693256603399999879e-02 -5.584044130219999458e-01 2.827812239549999940e-01 4.102640076600000060e-03 -3.416249011160000237e-01 4.506288120379999679e-02
