-5.624909578590000514e-01 -3.217599217580000004e-01 -2.369658277940000189e-03 3.465912778920000048e-01 -2.962406574289999997e-02 -5.601695853010000281e-01 2.992376201010000236e-01 4.102640076600000060e-03 -3.399991739120000189e-01 4.506288120379999679e-02
-5.624909578590000514e-01 -3.202639068829999935e-01 -2.958049037439999807e-03 3.465912778920000048e-01 -2.962406574289999997e-02 -5.542854948050000008e-01 4.578168244999999970e-01 4.102640076600000060e-03 -6.001180532100000020e-01 -3.149146687170000236e-01
-5.624909578590000514e-01 -3.202639068829999935e-01 -2.958049037439999807e-03 3.482170050949999762e-01 -2.962406574289999997e-02 -4.354294639829999758e-01 4.772652503950000069e-01 4.102640076600000060e-03 -7.643181431440000395e-01 -4.218987755529999828e-01
-5.624909578590000514e-01 -3.172718771320000020e-01 -2.958049037439999807e-03 3.482170050949999762e-01 -2.962406574289999997e-02 -2.765624042629999946e-01 4.802572801459999985e-01 4.102640076600000060e-03 -7.643181431440000395e-01 -4.286272633820000233e-01
-5.624909578590000514e-01 -3.187678920070000088e-01 -2.958049037439999807e-03 3.482170050949999762e-01 -2.962406574289999997e-02 -7.886118861520000078e-02 4.787612652709999916e-01 4.102640076600000060e-03 -7.626924159410000126e-01 -4.286272633820000233e-01
-5.624909578590000514e-01 -3.187678920070000088e-01 -2.369658277940000189e-03 3.482170050949999762e-01 -2.962406574289999997e-02 1.058952474229999940e-01 4.608088542500000107e-01 4.691030836099999678e-03 -7.610666887379999856e-01 -4.286272633820000233e-01
-5.624909578590000514e-01 -3.187678920070000088e-01 -2.958049037439999807e-03 3.482170050949999762e-01 -2.962406574289999997e-02 2.500524467049999866e-01 4.428564432300000075e-01 3.514249317100000009e-03 -7.383062552150000402e-01 -4.286272633820000233e-01
-5.624909578590000514e-01 -3.187678920070000088e-01 -2.958049037439999807e-03 3.482170050949999762e-01 -2.962406574289999997e-02 3.324278846370000151e-01 4.443524581050000144e-01 -1.060722036119999927e-02 -7.480607447729999970e-01 -4.286272633820000233e-01
-5.624909578590000514e-01 -3.187678920070000088e-01 -2.958049037439999807e-03 3.482170050949999762e-01 -2.962406574289999997e-02 3.565521801279999958e-01 4.533287798739999985e-01 -1.472604712800000028e-02 -7.594409615349999587e-01 -4.286272633820000233e-01
-5.624909578590000514e-01 -3.187678920070000088e-01 -2.369658277940000189e-03 3.482170050949999762e-01 -2.962406574289999997e-02 3.565521801279999958e-01 4.548247947490000054e-01 -1.472604712800000028e-02 -7.610666887379999856e-01 -4.293001121650000251e-01
-5.624909578590000514e-01 -3.187678920070000088e-01 -2.369658277940000189e-03 3.482170050949999762e-01 -2.962406574289999997e-02 3.565521801279999958e-01 4.548247947490000054e-01 -1.472604712800000028e-02 -7.610666887379999856e-01 -4.286272633820000233e-01
-5.624909578590000514e-01 -3.187678920070000088e-01 -2.958049037439999807e-03 3.482170050949999762e-01 -2.962406574289999997e-02 3.565521801279999958e-01 4.548247947490000054e-01 -1.472604712800000028e-02 -7.610666887379999856e-01 -4.286272633820000233e-01
-5.624909578590000514e-01 -3.187678920070000088e-01 -2.369658277940000189e-03 3.465912778920000048e-01 -2.962406574289999997e-02 3.565521801279999958e-01 4.548247947490000054e-01 -1.472604712800000028e-02 -7.610666887379999856e-01 -3.909473132290000041e-01
-5.624909578590000514e-01 -3.202639068829999935e-01 -2.958049037439999807e-03 3.465912778920000048e-01 -2.962406574289999997e-02 3.541986170900000008e-01 2.229401639099999888e-01 -2.531717224919999981e-02 -7.626924159410000126e-01 -3.700887918040000057e-01
-5.624909578590000514e-01 -3.187678920070000088e-01 -2.958049037439999807e-03 3.449655506889999779e-01 -2.962406574289999997e-02 3.536102263299999993e-01 1.152259303039999960e-01 -2.531717224919999981e-02 -7.675695975509999602e-01 -3.700887918040000057e-01
-5.624909578590000514e-01 -3.187678920070000088e-01 -2.958049037439999807e-03 3.465912778920000048e-01 -2.962406574289999997e-02 3.536102263299999993e-01 1.152259303039999960e-01 -2.590556300869999856e-02 -7.675695975509999602e-01 -3.694159430210000039e-01
-5.624909578590000514e-01 -3.187678920070000088e-01 -2.958049037439999807e-03 3.449655506889999779e-01 -2.962406574289999997e-02 3.536102263299999993e-01 1.152259303039999960e-01 -2.531717224919999981e-02 -7.675695975509999602e-01 -3.694159430210000039e-01
-5.624909578590000514e-01 -3.187678920070000088e-01 -2.958049037439999807e-03 3.465912778920000048e-01 -2.962406574289999997e-02 3.536102263299999993e-01 1.137299154290000031e-01 -2.531717224919999981e-02 -7.675695975509999602e-01 -3.700887918040000057e-01
-5.624909578590000514e-01 -3.187678920070000088e-01 -2.958049037439999807e-03 3.465912778920000048e-01 -2.962406574289999997e-02 3.536102263299999993e-01 1.137299154290000031e-01 -2.531717224919999981e-02 -7.675695975509999602e-01 -3.700887918040000057e-01
-5.624909578590000514e-01 -3.172718771320000020e-01 -2.958049037439999807e-03 3.465912778920000048e-01 -2.962406574289999997e-02 3.536102263299999993e-01 1.137299154290000031e-01 -2.531717224919999981e-02 -7.675695975509999602e-01 -3.700887918040000057e-01
-5.624909578590000514e-01 -3.187678920070000088e-01 -2.958049037439999807e-03 3.449655506889999779e-01 -2.962406574289999997e-02 3.536102263299999993e-01 1.137299154290000031e-01 -2.531717224919999981e-02 -7.675695975509999602e-01 -3.700887918040000057e-01
-5.624909578590000514e-01 -3.187678920070000088e-01 -2.958049037439999807e-03 3.465912778920000048e-01 -2.962406574289999997e-02 3.536102263299999993e-01 1.137299154290000031e-01 -2.531717224919999981e-02 -7.675695975509999602e-01 -3.700887918040000057e-01
-5.624909578590000514e-01 -3.187678920070000088e-01 -2.958049037439999807e-03 3.465912778920000048e-01 -2.962406574289999997e-02 3.494913995630000159e-01 9.278547465820000117e-02 -2.355190852050000061e-02 -7.561893807889999986e-01 -3.694159430210000039e-01
-5.624909578590000514e-01 -3.172718771320000020e-01 -2.369658277940000189e-03 3.482170050949999762e-01 -2.962406574289999997e-02 2.988893369949999768e-01 -1.465792305570000065e-01 -1.178400188020000024e-02 -4.619299775449999812e-01 -3.673973966719999984e-01
-5.624909578590000514e-01 -3.172718771320000020e-01 -2.958049037439999807e-03 3.449655506889999779e-01 -2.962406574289999997e-02 2.871213389039999897e-01 -1.331148641630000018e-01 -1.590282864699999951e-02 -2.733438532229999773e-01 -3.673973966719999984e-01
-5.619025213739999858e-01 -3.172718771320000020e-01 -2.958049037439999807e-03 3.449655506889999779e-01 -2.962406574289999997e-02 2.871213389039999897e-01 -1.316188492879999949e-01 -1.590282864699999951e-02 -2.684664189359999842e-01 -3.673973966719999984e-01
-5.624909578590000514e-01 -3.172718771320000020e-01 -2.369658277940000189e-03 3.449655506889999779e-01 -2.962406574289999997e-02 2.871213389039999897e-01 -1.331148641630000018e-01 -1.590282864699999951e-02 -2.684664189359999842e-01 -3.673973966719999984e-01
-5.624909578590000514e-01 -3.172718771320000020e-01 -2.958049037439999807e-03 3.433398234860000064e-01 -2.962406574289999997e-02 2.871213389039999897e-01 -1.316188492879999949e-01 -1.590282864699999951e-02 -2.684664189359999842e-01 -3.680702454550000002e-01
-5.624909578590000514e-01 -3.172718771320000020e-01 -2.958049037439999807e-03 3.449655506889999779e-01 -2.962406574289999997e-02 2.871213389039999897e-01 -1.331148641630000018e-01 -1.590282864699999951e-02 -2.684664189359999842e-01 -3.673973966719999984e-01
-5.624909578590000514e-01 -3.172718771320000020e-01 -2.958049037439999807e-03 3.449655506889999779e-01 -2.962406574289999997e-02 2.882982118740000099e-01 -5.681740797229999779e-02 -3.649668813000000317e-02 -3.595081530290000216e-01 -4.165157761350000154e-01
-5.624909578590000514e-01 -3.172718771320000020e-01 -2.958049037439999807e-03 3.449655506889999779e-01 -2.962406574289999997e-02 3.430190097590000153e-01 3.022296498509999818e-01 -3.296634357299999679e-02 -7.204231296399999929e-01 -4.286272633820000233e-01
-5.624909578590000514e-01 -3.172718771320000020e-01 -2.369658277940000189e-03 3.449655506889999779e-01 -2.962406574289999997e-02 3.577289616470000211e-01 4.413604283550000007e-01 -2.355190852050000061e-02 -7.659438703480000443e-01 -4.286272633820000233e-01
-5.624909578590000514e-01 -3.172718771320000020e-01 -2.958049037439999807e-03 3.449655506889999779e-01 -2.962406574289999997e-02 3.577289616470000211e-01 4.563208096240000122e-01 -2.296351776099999839e-02 -7.659438703480000443e-01 -4.286272633820000233e-01
-5.624909578590000514e-01 -3.187678920070000088e-01 -2.958049037439999807e-03 3.449655506889999779e-01 -2.962406574289999997e-02 3.465494457659999972e-01 3.889994426860000076e-01 -2.296351776099999839e-02 -6.472646474600000088e-01 -2.409005705529999875e-01
-5.624909578590000514e-01 -3.172718771320000020e-01 -2.958049037439999807e-03 3.433398234860000064e-01 -2.962406574289999997e-02 2.865329481450000215e-01 2.887655159740000199e-01 -8.842048082699999548e-03 -3.578824258259999946e-01 3.026010340189999939e-02
-5.624909578590000514e-01 -3.172718771320000020e-01 -2.958049037439999807e-03 3.449655506889999779e-01 -2.962406574289999997e-02 1.612045275179999904e-01 2.932535605989999850e-01 6.456294564839999868e-03 -3.351219923020000158e-01 3.766154459139999661e-02
-5.624909578590000514e-01 -3.172718771320000020e-01 -2.369658277940000189e-03 3.433398234860000064e-01 -2.962406574289999997e-02 -7.665266563689999632e-03 2.947495754750000252e-01 6.456294564839999868e-03 -3.351219923020000158e-01 3.766154459139999661e-02
-5.624909578590000514e-01 -3.172718771320000020e-01 -2.958049037439999807e-03 3.433398234860000064e-01 -2.962406574289999997e-02 -1.988940924070000116e-01 2.992376201010000236e-01 6.456294564839999868e-03 -3.367477195060000206e-01 3.900724215729999694e-02
