-5.624909578590000514e-01 -3.217599217580000004e-01 -2.958049037439999807e-03 3.449655506889999779e-01 -2.895121695990000160e-02 -5.607579760599999963e-01 3.201820608720000183e-01 4.102640076600000060e-03 -3.399991739120000189e-01 4.573572998670000223e-02
-5.624909578590000514e-01 -3.217599217580000004e-01 -2.958049037439999807e-03 3.449655506889999779e-01 -2.962406574289999997e-02 -5.125093850799999906e-01 1.182181925720000026e-01 7.353348129980000203e-02 -8.475747622399999737e-02 -3.532674676529999891e-01
-5.624909578590000514e-01 -3.217599217580000004e-01 -2.958049037439999807e-03 3.449655506889999779e-01 -2.895121695990000160e-02 -3.418744187189999839e-01 -2.542932316459999842e-01 2.371076670960000077e-01 2.452681781699999897e-01 -6.035696201819999995e-01
-5.624909578590000514e-01 -3.217599217580000004e-01 -2.369658277940000189e-03 3.449655506889999779e-01 -2.962406574289999997e-02 -1.794770144429999881e-01 -4.457849958180000183e-01 3.842068201750000189e-01 2.696543388959999898e-01 -6.096252592290000161e-01
-5.624909578590000514e-01 -3.217599217580000004e-01 -2.958049037439999807e-03 3.449655506889999779e-01 -2.895121695990000160e-02 -7.415406253919999691e-02 -4.637374068389999993e-01 4.524607884290000048e-01 2.761572477090000199e-01 -6.102981080110000400e-01
-5.624909578590000514e-01 -3.217599217580000004e-01 -2.958049037439999807e-03 3.449655506889999779e-01 -2.962406574289999997e-02 -6.709328197489999868e-02 -4.682254514649999977e-01 4.536375699479999746e-01 2.810346819969999910e-01 -6.102981080110000400e-01
-5.624909578590000514e-01 -3.217599217580000004e-01 -2.958049037439999807e-03 3.449655506889999779e-01 -2.895121695990000160e-02 -6.709328197489999868e-02 -4.682254514649999977e-01 4.542259607069999983e-01 2.810346819969999910e-01 -6.102981080110000400e-01
-5.624909578590000514e-01 -3.202639068829999935e-01 -2.958049037439999807e-03 3.449655506889999779e-01 -2.895121695990000160e-02 -6.709328197489999868e-02 -4.682254514649999977e-01 4.542259607069999983e-01 2.810346819969999910e-01 -6.102981080110000400e-01
-5.624909578590000514e-01 -3.217599217580000004e-01 -2.958049037439999807e-03 3.449655506889999779e-01 -2.962406574289999997e-02 -6.709328197489999868e-02 -4.697214663400000045e-01 4.542259607069999983e-01 2.794089547929999862e-01 -6.102981080110000400e-01
-5.624909578590000514e-01 -3.217599217580000004e-01 -2.958049037439999807e-03 3.449655506889999779e-01 -2.962406574289999997e-02 -6.709328197489999868e-02 -4.682254514649999977e-01 4.542259607069999983e-01 2.810346819969999910e-01 -6.102981080110000400e-01
-5.624909578590000514e-01 -3.202639068829999935e-01 -2.958049037439999807e-03 3.465912778920000048e-01 -2.962406574289999997e-02 -6.709328197489999868e-02 -4.682254514649999977e-01 4.542259607069999983e-01 2.810346819969999910e-01 -6.096252592290000161e-01
-5.624909578590000514e-01 -3.202639068829999935e-01 -2.958049037439999807e-03 3.449655506889999779e-01 -2.962406574289999997e-02 -6.709328197489999868e-02 -4.682254514649999977e-01 4.542259607069999983e-01 2.810346819969999910e-01 -6.102981080110000400e-01
-5.624909578590000514e-01 -3.217599217580000004e-01 -2.369658277940000189e-03 3.449655506889999779e-01 -2.962406574289999997e-02 -6.885845425339999493e-02 -4.682254514649999977e-01 4.542259607069999983e-01 2.777829749130000248e-01 -6.432681166839999687e-01
-5.624909578590000514e-01 -3.217599217580000004e-01 -2.958049037439999807e-03 3.449655506889999779e-01 -2.962406574289999997e-02 -8.474518766039999818e-02 -4.697214663400000045e-01 4.542259607069999983e-01 1.278691400460000085e-02 -6.533608484280000184e-01
-5.624909578590000514e-01 -3.217599217580000004e-01 -2.958049037439999807e-03 3.449655506889999779e-01 -2.962406574289999997e-02 -8.474518766039999818e-02 -4.697214663400000045e-01 4.548143971920000084e-01 -4.294150544629999899e-01 -6.540336972110000202e-01
-5.624909578590000514e-01 -3.217599217580000004e-01 -2.958049037439999807e-03 3.449655506889999779e-01 -2.895121695990000160e-02 -8.474518766039999818e-02 -4.697214663400000045e-01 4.554027879520000099e-01 -7.139200944879999788e-01 -6.540336972110000202e-01
-5.624909578590000514e-01 -3.202639068829999935e-01 -2.958049037439999807e-03 3.449655506889999779e-01 -2.895121695990000160e-02 -8.474518766039999818e-02 -4.697214663400000045e-01 4.554027879520000099e-01 -7.431835631630000494e-01 -6.540336972110000202e-01
-5.624909578590000514e-01 -3.202639068829999935e-01 -2.958049037439999807e-03 3.449655506889999779e-01 -2.895121695990000160e-02 -8.474518766039999818e-02 -4.697214663400000045e-01 4.554027879520000099e-01 -7.431835631630000494e-01 -6.540336972110000202e-01
-5.624909578590000514e-01 -3.202639068829999935e-01 -2.958049037439999807e-03 3.449655506889999779e-01 -2.962406574289999997e-02 -8.474518766039999818e-02 -4.697214663400000045e-01 4.554027879520000099e-01 -7.431835631630000494e-01 -6.540336972110000202e-01
-5.624909578590000514e-01 -3.217599217580000004e-01 -2.958049037439999807e-03 3.449655506889999779e-01 -2.962406574289999997e-02 -8.474518766039999818e-02 -4.697214663400000045e-01 4.554027879520000099e-01 -7.431835631630000494e-01 -6.540336972110000202e-01
-5.624909578590000514e-01 -3.202639068829999935e-01 -2.958049037439999807e-03 3.449655506889999779e-01 -2.895121695990000160e-02 -8.474518766039999818e-02 -4.697214663400000045e-01 4.554027879520000099e-01 -7.431835631630000494e-01 -6.540336972110000202e-01
-5.624909578590000514e-01 -3.202639068829999935e-01 -2.369658277940000189e-03 3.449655506889999779e-01 -2.962406574289999997e-02 -8.474518766039999818e-02 -4.697214663400000045e-01 4.554027879520000099e-01 -7.431835631630000494e-01 -6.540336972110000202e-01
-5.624909578590000514e-01 -3.202639068829999935e-01 -2.958049037439999807e-03 3.449655506889999779e-01 -2.895121695990000160e-02 -8.474518766039999818e-02 -4.697214663400000045e-01 4.554027879520000099e-01 -7.431835631630000494e-01 -6.547065459940000220e-01
-5.624909578590000514e-01 -3.202639068829999935e-01 -2.369658277940000189e-03 3.465912778920000048e-01 -2.962406574289999997e-02 -8.474518766039999818e-02 -4.697214663400000045e-01 4.554027879520000099e-01 -4.050290200760000014e-01 -6.547065459940000220e-01
-5.624909578590000514e-01 -3.217599217580000004e-01 -2.958049037439999807e-03 3.449655506889999779e-01 -2.962406574289999997e-02 -8.474518766039999818e-02 -4.697214663400000045e-01 4.554027879520000099e-01 -3.546309714190000184e-01 -6.547065459940000220e-01
-5.624909578590000514e-01 -3.202639068829999935e-01 -2.958049037439999807e-03 3.449655506889999779e-01 -2.962406574289999997e-02 -8.474518766039999818e-02 -4.697214663400000045e-01 4.554027879520000099e-01 -3.530052442159999915e-01 -6.547065459940000220e-01
-5.624909578590000514e-01 -3.202639068829999935e-01 -2.958049037439999807e-03 3.449655506889999779e-01 -2.962406574289999997e-02 -8.474518766039999818e-02 -4.697214663400000045e-01 4.554027879520000099e-01 -3.530052442159999915e-01 -6.547065459940000220e-01
-5.624909578590000514e-01 -3.217599217580000004e-01 -2.958049037439999807e-03 3.449655506889999779e-01 -2.962406574289999997e-02 -8.474518766039999818e-02 -4.697214663400000045e-01 4.554027879520000099e-01 -3.530052442159999915e-01 -6.547065459940000220e-01
-5.624909578590000514e-01 -3.202639068829999935e-01 -2.958049037439999807e-03 3.449655506889999779e-01 -2.962406574289999997e-02 -8.474518766039999818e-02 -4.697214663400000045e-01 4.554027879520000099e-01 -3.546309714190000184e-01 -6.547065459940000220e-01
-5.624909578590000514e-01 -3.217599217580000004e-01 -2.958049037439999807e-03 3.449655506889999779e-01 -2.895121695990000160e-02 -7.003523577240000630e-02 -4.742095109660000030e-01 4.554027879520000099e-01 -2.603377829199999827e-01 -6.217367464759999685e-01
-5.624909578590000514e-01 -3.202639068829999935e-01 -2.958049037439999807e-03 3.449655506889999779e-01 -2.895121695990000160e-02 -7.003523577240000630e-02 -4.742095109660000030e-01 4.554027879520000099e-01 1.428463536540000023e-01 -6.190453513439999611e-01
-5.624909578590000514e-01 -3.202639068829999935e-01 -2.369658277940000189e-03 3.449655506889999779e-01 -2.895121695990000160e-02 -6.768167273439999743e-02 -4.742095109660000030e-01 4.554027879520000099e-01 2.729057933030000216e-01 -6.190453513439999611e-01
-5.624909578590000514e-01 -3.202639068829999935e-01 -2.958049037439999807e-03 3.449655506889999779e-01 -2.962406574289999997e-02 -6.768167273439999743e-02 -4.742095109660000030e-01 4.554027879520000099e-01 2.794089547929999862e-01 -6.190453513439999611e-01
-5.624909578590000514e-01 -3.217599217580000004e-01 -2.369658277940000189e-03 3.449655506889999779e-01 -2.962406574289999997e-02 -6.827006349389999618e-02 -4.622413919630000145e-01 4.418696633079999825e-01 2.013732910040000046e-01 -4.669800623190000222e-01
-5.624909578590000514e-01 -3.232559366330000072e-01 -2.958049037439999807e-03 3.449655506889999779e-01 -2.962406574289999997e-02 -2.088968267690000102e-01 -9.272199749609999486e-02 2.994777277549999783e-01 -1.888050279429999978e-01 3.345838352759999881e-03
-5.624909578590000514e-01 -3.217599217580000004e-01 -2.958049037439999807e-03 3.465912778920000048e-01 -2.962406574289999997e-02 -4.054213523479999748e-01 2.827812239549999940e-01 1.147212002659999952e-01 -3.204901947959999942e-01 4.102578850610000272e-02
-5.624909578590000514e-01 -3.157758622569999951e-01 -2.958049037439999807e-03 3.498427322989999810e-01 -2.895121695990000160e-02 -5.401641165770000308e-01 2.872695010979999797e-01 1.292859291939999974e-02 -3.399991739120000189e-01 4.506288120379999679e-02
-5.624909578590000514e-01 -3.172718771320000020e-01 -2.958049037439999807e-03 3.498427322989999810e-01 -2.962406574289999997e-02 -5.595811945409999710e-01 2.872695010979999797e-01 4.102640076600000060e-03 -3.399991739120000189e-01 4.506288120379999679e-02
