-5.624909578590000514e-01 -3.202639068829999935e-01 -2.369658277940000189e-03 3.465912778920000048e-01 -3.231546087469999717e-02 -5.607579760599999963e-01 3.186860459959999781e-01 4.102640076600000060e-03 -3.432506283189999952e-01 4.439003242080000189e-02
-5.624909578590000514e-01 -3.202639068829999935e-01 -2.369658277940000189e-03 3.465912778920000048e-01 -3.164261209170000227e-02 -5.601695853010000281e-01 4.697849435020000075e-01 4.102640076600000060e-03 -4.684328863580000113e-01 -1.917821910889999926e-01
-5.624909578590000514e-01 -3.172718771320000020e-01 -2.369658277940000189e-03 3.482170050949999762e-01 -3.164261209170000227e-02 -4.754404014299999925e-01 4.802572801459999985e-01 3.514249317100000009e-03 -7.496864719760000240e-01 -4.171886249180000172e-01
-5.624909578590000514e-01 -3.172718771320000020e-01 -2.369658277940000189e-03 3.482170050949999762e-01 -3.164261209170000227e-02 -3.142197786720000163e-01 4.787612652709999916e-01 4.102640076600000060e-03 -7.578152343309999539e-01 -4.266087170339999957e-01
-5.624909578590000514e-01 -3.172718771320000020e-01 -2.369658277940000189e-03 3.465912778920000048e-01 -3.231546087469999717e-02 -1.276981703550000014e-01 4.802572801459999985e-01 4.102640076600000060e-03 -7.578152343309999539e-01 -4.272815658169999975e-01
-5.624909578590000514e-01 -3.172718771320000020e-01 -2.369658277940000189e-03 3.482170050949999762e-01 -3.164261209170000227e-02 6.176557465949999992e-02 4.772652503950000069e-01 4.102640076600000060e-03 -7.561893807889999986e-01 -4.266087170339999957e-01
-5.624909578590000514e-01 -3.157758622569999951e-01 -2.369658277940000189e-03 3.482170050949999762e-01 -3.231546087469999717e-02 2.188673706510000094e-01 4.428564432300000075e-01 4.102640076600000060e-03 -7.464350175699999701e-01 -4.266087170339999957e-01
-5.624909578590000514e-01 -3.172718771320000020e-01 -2.369658277940000189e-03 3.482170050949999762e-01 -3.164261209170000227e-02 3.171296334400000028e-01 4.443524581050000144e-01 -5.900094285180000099e-03 -7.448092903659999653e-01 -4.272815658169999975e-01
-5.624909578590000514e-01 -3.172718771320000020e-01 -2.369658277940000189e-03 3.482170050949999762e-01 -3.164261209170000227e-02 3.536102263299999993e-01 4.533287798739999985e-01 -1.590282864699999951e-02 -7.578152343309999539e-01 -3.842188254000000192e-01
-5.624909578590000514e-01 -3.172718771320000020e-01 -2.369658277940000189e-03 3.465912778920000048e-01 -3.164261209170000227e-02 3.530218355709999756e-01 2.289242234109999941e-01 -2.531717224919999981e-02 -7.643181431440000395e-01 -3.700887918040000057e-01
-5.624909578590000514e-01 -3.172718771320000020e-01 -2.369658277940000189e-03 3.465912778920000048e-01 -3.164261209170000227e-02 3.524333533610000124e-01 1.197142074469999956e-01 -2.649395376830000065e-02 -7.675695975509999602e-01 -3.694159430210000039e-01
-5.624909578590000514e-01 -3.172718771320000020e-01 -2.369658277940000189e-03 3.465912778920000048e-01 -3.164261209170000227e-02 3.524333533610000124e-01 1.092418708030000046e-01 -2.649395376830000065e-02 -7.675695975509999602e-01 -3.700887918040000057e-01
-5.624909578590000514e-01 -3.172718771320000020e-01 -2.369658277940000189e-03 3.465912778920000048e-01 -3.164261209170000227e-02 3.524333533610000124e-01 1.092418708030000046e-01 -2.649395376830000065e-02 -7.691954510930000266e-01 -3.700887918040000057e-01
-5.624909578590000514e-01 -3.172718771320000020e-01 -2.369658277940000189e-03 3.465912778920000048e-01 -3.164261209170000227e-02 3.524333533610000124e-01 1.092418708030000046e-01 -2.649395376830000065e-02 -7.675695975509999602e-01 -3.700887918040000057e-01
-5.624909578590000514e-01 -3.172718771320000020e-01 -2.369658277940000189e-03 3.465912778920000048e-01 -3.164261209170000227e-02 3.524333533610000124e-01 1.092418708030000046e-01 -2.649395376830000065e-02 -7.691954510930000266e-01 -3.700887918040000057e-01
-5.624909578590000514e-01 -3.157758622569999951e-01 -2.369658277940000189e-03 3.465912778920000048e-01 -3.231546087469999717e-02 3.183064149589999725e-01 -5.532139309700000174e-02 -1.237239263970000072e-02 -6.683993537800000384e-01 -3.687430942380000021e-01
-5.624909578590000514e-01 -3.142798473819999883e-01 -2.369658277940000189e-03 3.482170050949999762e-01 -3.164261209170000227e-02 2.882982118740000099e-01 -1.016983192650000034e-01 -1.531443788750000076e-02 -3.172387403890000179e-01 -3.667245478889999966e-01
-5.624909578590000514e-01 -3.172718771320000020e-01 -2.369658277940000189e-03 3.449655506889999779e-01 -3.164261209170000227e-02 2.871213389039999897e-01 -1.316188492879999949e-01 -1.590282864699999951e-02 -2.684664189359999842e-01 -3.667245478889999966e-01
-5.624909578590000514e-01 -3.172718771320000020e-01 -2.369658277940000189e-03 3.449655506889999779e-01 -3.164261209170000227e-02 2.877098211140000084e-01 -1.316188492879999949e-01 -1.590282864699999951e-02 -2.424547836840000026e-01 -3.667245478889999966e-01
-5.624909578590000514e-01 -3.172718771320000020e-01 -2.369658277940000189e-03 3.449655506889999779e-01 -3.164261209170000227e-02 2.871213389039999897e-01 -1.301228344120000102e-01 -1.649121940650000173e-02 -2.424547836840000026e-01 -3.667245478889999966e-01
-5.624909578590000514e-01 -3.172718771320000020e-01 -2.369658277940000189e-03 3.433398234860000064e-01 -3.164261209170000227e-02 2.935937287090000236e-01 -3.736898207659999915e-02 -3.826186040849999942e-02 -3.790171321460000242e-01 -4.158429273520000136e-01
-5.624909578590000514e-01 -3.172718771320000020e-01 -2.369658277940000189e-03 3.449655506889999779e-01 -3.164261209170000227e-02 3.453726642470000274e-01 3.246701054969999833e-01 -3.120107984430000106e-02 -7.318033464009999767e-01 -4.293001121650000251e-01
-5.624909578590000514e-01 -3.172718771320000020e-01 -2.369658277940000189e-03 3.433398234860000064e-01 -3.231546087469999717e-02 3.565521801279999958e-01 4.338803539780000107e-01 -2.355190852050000061e-02 -7.643181431440000395e-01 -4.151700785690000117e-01
-5.624909578590000514e-01 -3.142798473819999883e-01 -2.369658277940000189e-03 3.449655506889999779e-01 -3.164261209170000227e-02 3.094804621159999991e-01 3.007336349759999750e-01 -2.355190852050000061e-02 -4.489240335799999926e-01 6.710186844559999989e-03
-5.624909578590000514e-01 -3.157758622569999951e-01 -2.369658277940000189e-03 3.433398234860000064e-01 -3.231546087469999717e-02 2.094530270480000067e-01 2.872695010979999797e-01 1.160686279079999961e-03 -3.481280626059999883e-01 3.766154459139999661e-02
-5.624909578590000514e-01 -3.172718771320000020e-01 -2.369658277940000189e-03 3.433398234860000064e-01 -3.164261209170000227e-02 3.881806068819999844e-02 2.887655159740000199e-01 6.456294564839999868e-03 -3.416249011160000237e-01 3.833439337430000204e-02
