-5.624909578590000514e-01 -3.202639068829999935e-01 -2.369658277940000189e-03 3.465912778920000048e-01 -3.164261209170000227e-02 -5.636999298579999929e-01 3.216780757470000252e-01 3.514249317100000009e-03 -3.383734467089999920e-01 4.573572998670000223e-02
-5.624909578590000514e-01 -3.187678920070000088e-01 -2.369658277940000189e-03 3.465912778920000048e-01 -3.164261209170000227e-02 -5.407525073369999769e-01 1.825472972430000063e-01 4.705562277150000111e-02 -1.660448470969999868e-01 -2.382091754210000079e-01
-5.624909578590000514e-01 -3.202639068829999935e-01 -2.369658277940000189e-03 3.465912778920000048e-01 -3.164261209170000227e-02 -3.771782300909999885e-01 -1.899638944579999933e-01 2.006270742050000055e-01 2.046247454100000029e-01 -5.948225860039999535e-01
-5.624909578590000514e-01 -3.202639068829999935e-01 -2.369658277940000189e-03 3.449655506889999779e-01 -3.231546087469999717e-02 -1.888913580450000129e-01 -4.472810106940000030e-01 3.753808673319999900e-01 2.680286116930000184e-01 -6.096252592290000161e-01
-5.624909578590000514e-01 -3.202639068829999935e-01 -2.369658277940000189e-03 3.465912778920000048e-01 -3.164261209170000227e-02 -7.591923481769999316e-02 -4.652334217140000061e-01 4.512840069099999796e-01 2.761572477090000199e-01 -6.102981080110000400e-01
-5.624909578590000514e-01 -3.202639068829999935e-01 -2.369658277940000189e-03 3.465912778920000048e-01 -3.164261209170000227e-02 -6.709328197489999868e-02 -4.667294365890000130e-01 4.542259607069999983e-01 2.810346819969999910e-01 -6.102981080110000400e-01
-5.624909578590000514e-01 -3.202639068829999935e-01 -2.369658277940000189e-03 3.465912778920000048e-01 -3.164261209170000227e-02 -6.709328197489999868e-02 -4.667294365890000130e-01 4.542259607069999983e-01 2.794089547929999862e-01 -6.102981080110000400e-01
-5.624909578590000514e-01 -3.202639068829999935e-01 -2.369658277940000189e-03 3.465912778920000048e-01 -3.231546087469999717e-02 -6.709328197489999868e-02 -4.667294365890000130e-01 4.542259607069999983e-01 2.794089547929999862e-01 -6.102981080110000400e-01
-5.624909578590000514e-01 -3.202639068829999935e-01 -2.369658277940000189e-03 3.465912778920000048e-01 -3.164261209170000227e-02 -6.827006349389999618e-02 -4.667294365890000130e-01 4.542259607069999983e-01 2.794089547929999862e-01 -6.432681166839999687e-01
-5.624909578590000514e-01 -3.202639068829999935e-01 -2.369658277940000189e-03 3.465912778920000048e-01 -3.164261209170000227e-02 -8.415679690089999943e-02 -4.682254514649999977e-01 4.542259607069999983e-01 7.909732394829999472e-03 -6.533608484280000184e-01
-5.624909578590000514e-01 -3.202639068829999935e-01 -2.369658277940000189e-03 3.465912778920000048e-01 -3.164261209170000227e-02 -8.474518766039999818e-02 -4.697214663400000045e-01 4.554027879520000099e-01 -4.359180896150000040e-01 -6.540336972110000202e-01
-5.624909578590000514e-01 -3.202639068829999935e-01 -2.369658277940000189e-03 3.465912778920000048e-01 -3.164261209170000227e-02 -9.827826657919999653e-02 -4.727134960900000182e-01 4.559911787109999781e-01 -7.171716752329999611e-01 -6.553793947770000239e-01
-5.624909578590000514e-01 -3.202639068829999935e-01 -2.369658277940000189e-03 3.465912778920000048e-01 -3.231546087469999717e-02 -9.827826657919999653e-02 -4.742095109660000030e-01 4.559911787109999781e-01 -7.415577096209999830e-01 -6.560522435600000257e-01
-5.624909578590000514e-01 -3.202639068829999935e-01 -2.369658277940000189e-03 3.465912778920000048e-01 -3.164261209170000227e-02 -9.827826657919999653e-02 -4.742095109660000030e-01 4.559911787109999781e-01 -7.415577096209999830e-01 -6.560522435600000257e-01
-5.624909578590000514e-01 -3.202639068829999935e-01 -1.781267518430000108e-03 3.465912778920000048e-01 -3.164261209170000227e-02 -9.827826657919999653e-02 -4.742095109660000030e-01 4.559911787109999781e-01 -7.415577096209999830e-01 -6.553793947770000239e-01
-5.624909578590000514e-01 -3.202639068829999935e-01 -2.369658277940000189e-03 3.465912778920000048e-01 -3.164261209170000227e-02 -9.827826657919999653e-02 -4.757055258410000098e-01 4.559911787109999781e-01 -6.261299411399999792e-01 -6.560522435600000257e-01
-5.624909578590000514e-01 -3.202639068829999935e-01 -2.369658277940000189e-03 3.465912778920000048e-01 -3.164261209170000227e-02 -9.827826657919999653e-02 -4.757055258410000098e-01 4.559911787109999781e-01 -3.676367890450000231e-01 -6.553793947770000239e-01
-5.624909578590000514e-01 -3.202639068829999935e-01 -2.369658277940000189e-03 3.465912778920000048e-01 -3.164261209170000227e-02 -9.827826657919999653e-02 -4.757055258410000098e-01 4.565795694709999797e-01 -3.546309714190000184e-01 -6.553793947770000239e-01
-5.624909578590000514e-01 -3.202639068829999935e-01 -2.369658277940000189e-03 3.465912778920000048e-01 -3.164261209170000227e-02 -9.827826657919999653e-02 -4.757055258410000098e-01 4.559911787109999781e-01 -3.530052442159999915e-01 -6.553793947770000239e-01
-5.624909578590000514e-01 -3.202639068829999935e-01 -2.369658277940000189e-03 3.449655506889999779e-01 -3.164261209170000227e-02 -9.827826657919999653e-02 -4.757055258410000098e-01 4.559911787109999781e-01 -3.530052442159999915e-01 -6.553793947770000239e-01
-5.624909578590000514e-01 -3.187678920070000088e-01 -2.369658277940000189e-03 3.465912778920000048e-01 -3.164261209170000227e-02 -7.121210874159999982e-02 -4.757055258410000098e-01 4.559911787109999781e-01 -2.278229861770000031e-01 -6.210638976929999666e-01
-5.624909578590000514e-01 -3.187678920070000088e-01 -2.369658277940000189e-03 3.465912778920000048e-01 -3.164261209170000227e-02 -7.003523577240000630e-02 -4.757055258410000098e-01 4.559911787109999781e-01 1.672325143800000025e-01 -6.190453513439999611e-01
-5.624909578590000514e-01 -3.202639068829999935e-01 -2.369658277940000189e-03 3.465912778920000048e-01 -3.164261209170000227e-02 -6.709328197489999868e-02 -4.757055258410000098e-01 4.559911787109999781e-01 2.680286116930000184e-01 -5.571426358500000120e-01
-5.624909578590000514e-01 -3.202639068829999935e-01 -1.781267518430000108e-03 3.465912778920000048e-01 -3.164261209170000227e-02 -1.665323262829999929e-01 -1.974442013509999927e-01 3.447842734870000259e-01 -8.475747622399999737e-02 -6.393966740440000518e-02
-5.624909578590000514e-01 -3.187678920070000088e-01 -2.369658277940000189e-03 3.465912778920000048e-01 -3.164261209170000227e-02 -3.518772445319999775e-01 1.586108267219999979e-01 1.617929182769999863e-01 -3.367477195060000206e-01 4.102578850610000272e-02
-5.624909578590000514e-01 -3.217599217580000004e-01 -2.369658277940000189e-03 3.222048644880000090e-01 -3.164261209170000227e-02 -5.207470386129999795e-01 2.812852090799999871e-01 2.116615500259999907e-02 -3.481280626059999883e-01 4.573572998670000223e-02
