-5.607257398549999605e-01 -3.202639068829999935e-01 -2.958049037439999807e-03 3.465912778920000048e-01 -3.096976330880000031e-02 -5.589928037820000029e-01 3.156940162460000199e-01 4.691030836099999678e-03 -3.432506283189999952e-01 4.506288120379999679e-02
-5.607257398549999605e-01 -2.634148765880000020e-01 -2.178673624200000089e-02 2.571752710019999943e-01 9.956415550790000124e-02 -5.589928037820000029e-01 3.156940162460000199e-01 4.102640076600000060e-03 -3.432506283189999952e-01 4.506288120379999679e-02
-4.218641945839999852e-01 8.516007710850000134e-02 -1.618251087570000135e-01 -1.330030479450000080e-01 5.719086025280000207e-01 -5.589928037820000029e-01 3.141980013699999796e-01 4.102640076600000060e-03 -3.432506283189999952e-01 4.506288120379999679e-02
-2.318121502599999884e-01 4.157826197839999960e-01 -3.406976372000000142e-01 -2.565595787809999972e-01 6.075699540440000490e-01 -5.589928037820000029e-01 3.141980013699999796e-01 4.102640076600000060e-03 -3.432506283189999952e-01 4.506288120379999679e-02
-9.000860546630000403e-02 4.741276649550000277e-01 -4.489626343520000118e-01 -2.598110331869999956e-01 6.075699540440000490e-01 -5.584044130219999458e-01 3.156940162460000199e-01 4.102640076600000060e-03 -3.432506283189999952e-01 4.506288120379999679e-02
-6.941465453310000089e-02 4.741276649550000277e-01 -4.572001049850000221e-01 -2.598110331869999956e-01 6.075699540440000490e-01 -5.589928037820000029e-01 3.141980013699999796e-01 4.691030836099999678e-03 -3.432506283189999952e-01 4.506288120379999679e-02
-6.941465453310000089e-02 4.741276649550000277e-01 -4.572001049850000221e-01 -2.598110331869999956e-01 6.068971052610000472e-01 -5.589928037820000029e-01 3.156940162460000199e-01 4.691030836099999678e-03 -3.432506283189999952e-01 4.506288120379999679e-02
-6.941465453310000089e-02 4.741276649550000277e-01 -4.572001049850000221e-01 -2.598110331869999956e-01 6.075699540440000490e-01 -5.589928037820000029e-01 3.141980013699999796e-01 4.691030836099999678e-03 -3.432506283189999952e-01 4.506288120379999679e-02
-6.941465453310000089e-02 4.741276649550000277e-01 -4.572001049850000221e-01 -2.598110331869999956e-01 6.068971052610000472e-01 -5.584044130219999458e-01 3.141980013699999796e-01 4.691030836099999678e-03 -3.432506283189999952e-01 4.506288120379999679e-02
-6.941465453310000089e-02 4.741276649550000277e-01 -4.572001049850000221e-01 -2.598110331869999956e-01 6.068971052610000472e-01 -5.589928037820000029e-01 3.156940162460000199e-01 4.691030836099999678e-03 -3.432506283189999952e-01 4.506288120379999679e-02
-6.941465453310000089e-02 4.741276649550000277e-01 -4.572001049850000221e-01 -2.598110331869999956e-01 6.068971052610000472e-01 -5.584044130219999458e-01 3.141980013699999796e-01 4.691030836099999678e-03 -3.432506283189999952e-01 4.506288120379999679e-02
-6.941465453310000089e-02 4.726316500789999875e-01 -4.572001049850000221e-01 -2.598110331869999956e-01 6.068971052610000472e-01 -5.584044130219999458e-01 3.156940162460000199e-01 4.102640076600000060e-03 -3.432506283189999952e-01 4.573572998670000223e-02
-6.941465453310000089e-02 4.741276649550000277e-01 -4.572001049850000221e-01 -2.598110331869999956e-01 6.075699540440000490e-01 -5.589928037820000029e-01 3.156940162460000199e-01 4.102640076600000060e-03 -3.416249011160000237e-01 4.506288120379999679e-02
-8.177104338309999776e-02 4.726316500789999875e-01 -4.572001049850000221e-01 -2.289219636479999931e-01 6.499598456780000255e-01 -5.584044130219999458e-01 3.141980013699999796e-01 4.691030836099999678e-03 -3.432506283189999952e-01 4.506288120379999679e-02
-8.647816945910000164e-02 4.741276649550000277e-01 -4.572001049850000221e-01 1.433733560630000015e-01 6.506326944610000274e-01 -5.589928037820000029e-01 3.141980013699999796e-01 4.691030836099999678e-03 -3.432506283189999952e-01 4.506288120379999679e-02
-8.706656021860000039e-02 4.726316500789999875e-01 -4.577884957439999902e-01 5.595635629399999811e-01 6.506326944610000274e-01 -5.584044130219999458e-01 3.156940162460000199e-01 4.102640076600000060e-03 -3.432506283189999952e-01 4.506288120379999679e-02
-9.471573154239999737e-02 4.756236798299999791e-01 -4.577884957439999902e-01 7.237635265359999570e-01 6.513055432440000292e-01 -5.589928037820000029e-01 3.156940162460000199e-01 4.102640076600000060e-03 -3.432506283189999952e-01 4.506288120379999679e-02
-9.471573154239999737e-02 4.756236798299999791e-01 -4.583768865039999918e-01 7.383950713650000441e-01 6.513055432440000292e-01 -5.584044130219999458e-01 3.156940162460000199e-01 4.102640076600000060e-03 -3.432506283189999952e-01 4.506288120379999679e-02
-9.471573154239999737e-02 4.756236798299999791e-01 -4.583768865039999918e-01 7.383950713650000441e-01 6.513055432440000292e-01 -5.589928037820000029e-01 3.156940162460000199e-01 4.102640076600000060e-03 -3.432506283189999952e-01 4.506288120379999679e-02
-9.471573154239999737e-02 4.756236798299999791e-01 -4.583768865039999918e-01 7.383950713650000441e-01 6.513055432440000292e-01 -5.584044130219999458e-01 3.156940162460000199e-01 4.102640076600000060e-03 -3.432506283189999952e-01 4.573572998670000223e-02
-9.471573154239999737e-02 4.741276649550000277e-01 -4.583768865039999918e-01 7.383950713650000441e-01 6.513055432440000292e-01 -5.589928037820000029e-01 3.141980013699999796e-01 4.102640076600000060e-03 -3.432506283189999952e-01 4.506288120379999679e-02
-9.471573154239999737e-02 4.756236798299999791e-01 -4.577884957439999902e-01 7.383950713650000441e-01 6.513055432440000292e-01 -5.584044130219999458e-01 3.156940162460000199e-01 4.691030836099999678e-03 -3.432506283189999952e-01 4.506288120379999679e-02
-9.530412230189999612e-02 4.756236798299999791e-01 -4.577884957439999902e-01 7.383950713650000441e-01 6.513055432440000292e-01 -5.584044130219999458e-01 3.141980013699999796e-01 4.691030836099999678e-03 -3.432506283189999952e-01 4.506288120379999679e-02
-9.530412230189999612e-02 4.756236798299999791e-01 -4.577884957439999902e-01 6.392247012559999497e-01 6.519783920270000310e-01 -5.589928037820000029e-01 3.141980013699999796e-01 4.691030836099999678e-03 -3.432506283189999952e-01 4.506288120379999679e-02
-9.471573154239999737e-02 4.756236798299999791e-01 -4.577884957439999902e-01 3.693514587380000158e-01 6.519783920270000310e-01 -5.584044130219999458e-01 3.141980013699999796e-01 4.691030836099999678e-03 -3.432506283189999952e-01 4.573572998670000223e-02
-9.471573154239999737e-02 4.756236798299999791e-01 -4.583768865039999918e-01 3.628485499249999857e-01 6.519783920270000310e-01 -5.589928037820000029e-01 3.141980013699999796e-01 4.691030836099999678e-03 -3.432506283189999952e-01 4.573572998670000223e-02
-9.471573154239999737e-02 4.756236798299999791e-01 -4.583768865039999918e-01 3.612228227209999809e-01 6.513055432440000292e-01 -5.589928037820000029e-01 3.156940162460000199e-01 4.102640076600000060e-03 -3.432506283189999952e-01 4.573572998670000223e-02
-9.471573154239999737e-02 4.756236798299999791e-01 -4.583768865039999918e-01 3.612228227209999809e-01 6.513055432440000292e-01 -5.589928037820000029e-01 3.156940162460000199e-01 4.691030836099999678e-03 -3.432506283189999952e-01 4.506288120379999679e-02
-9.471573154239999737e-02 4.756236798299999791e-01 -4.583768865039999918e-01 3.612228227209999809e-01 6.513055432440000292e-01 -5.584044130219999458e-01 3.156940162460000199e-01 4.691030836099999678e-03 -3.432506283189999952e-01 4.573572998670000223e-02
-9.530412230189999612e-02 4.756236798299999791e-01 -4.577884957439999902e-01 3.612228227209999809e-01 6.513055432440000292e-01 -5.589928037820000029e-01 3.156940162460000199e-01 4.691030836099999678e-03 -3.432506283189999952e-01 4.506288120379999679e-02
-6.823787301400000005e-02 4.756236798299999791e-01 -4.583768865039999918e-01 1.222383970659999958e-01 6.264098768320000010e-01 -5.589928037820000029e-01 3.156940162460000199e-01 4.691030836099999678e-03 -3.432506283189999952e-01 4.573572998670000223e-02
-6.823787301400000005e-02 4.756236798299999791e-01 -4.583768865039999918e-01 -2.337991452579999963e-01 6.264098768320000010e-01 -5.589928037820000029e-01 3.156940162460000199e-01 4.102640076600000060e-03 -3.432506283189999952e-01 4.573572998670000223e-02
-6.823787301400000005e-02 4.756236798299999791e-01 -4.583768865039999918e-01 -2.581853059840000242e-01 6.264098768320000010e-01 -5.589928037820000029e-01 3.156940162460000199e-01 4.102640076600000060e-03 -3.432506283189999952e-01 4.573572998670000223e-02
-6.823787301400000005e-02 4.756236798299999791e-01 -4.583768865039999918e-01 -2.598110331869999956e-01 6.264098768320000010e-01 -5.584044130219999458e-01 3.141980013699999796e-01 4.102640076600000060e-03 -3.432506283189999952e-01 4.573572998670000223e-02
-1.005997305879999942e-01 3.155486930720000083e-01 -3.965953080549999843e-01 -7.122490886559999790e-02 2.334624228159999926e-01 -5.584044130219999458e-01 3.141980013699999796e-01 4.691030836099999678e-03 -3.432506283189999952e-01 4.640857876969999712e-02
-2.647623071429999753e-01 -8.089920166710000415e-02 -2.336095130180000090e-01 2.783097246449999784e-01 -1.683983428980000141e-02 -5.584044130219999458e-01 3.156940162460000199e-01 4.102640076600000060e-03 -3.432506283189999952e-01 4.640857876969999712e-02
-4.554027879520000099e-01 -2.903433768600000020e-01 -6.179776513940000299e-02 3.417140962820000016e-01 -2.962406574289999997e-02 -5.589928037820000029e-01 3.082139418689999744e-01 4.691030836099999678e-03 -3.432506283189999952e-01 4.708142755260000256e-02
-5.530766142570000543e-01 -2.948314214860000004e-01 -4.723221315950000207e-03 3.498427322989999810e-01 -3.029691452579999847e-02 -5.589928037820000029e-01 3.141980013699999796e-01 4.691030836099999678e-03 -3.399991739120000189e-01 4.640857876969999712e-02
-5.548417865350000477e-01 -3.008154809870000057e-01 -4.134830556449999722e-03 3.482170050949999762e-01 -3.029691452579999847e-02 -5.589928037820000029e-01 3.141980013699999796e-01 4.102640076600000060e-03 -3.399991739120000189e-01 4.640857876969999712e-02
