-5.619025213739999858e-01 -3.202639068829999935e-01 -2.369658277940000189e-03 3.449655506889999779e-01 -3.366115844059999751e-02 -5.584044130219999458e-01 3.171900311210000267e-01 4.691030836099999678e-03 -3.416249011160000237e-01 4.439003242080000189e-02
-5.012976787189999950e-01 -1.078277019390000008e-01 -8.533357841989999693e-02 5.395734917359999716e-02 4.010033384260000000e-01 -5.584044130219999458e-01 3.171900311210000267e-01 4.691030836099999678e-03 -3.416249011160000237e-01 4.439003242080000189e-02
-3.200715872379999993e-01 2.841319156570000226e-01 -2.589105900279999872e-01 -2.451792356799999961e-01 6.042056578409999990e-01 -5.584044130219999458e-01 3.156940162460000199e-01 4.691030836099999678e-03 -3.416249011160000237e-01 4.439003242080000189e-02
-1.641464813150000090e-01 4.486951795579999791e-01 -3.983604803329999777e-01 -2.565595787809999972e-01 6.068971052610000472e-01 -5.584044130219999458e-01 3.171900311210000267e-01 4.102640076600000060e-03 -3.416249011160000237e-01 4.506288120379999679e-02
-6.764948225450000130e-02 4.726316500789999875e-01 -4.566117142250000205e-01 -2.598110331869999956e-01 6.068971052610000472e-01 -5.584044130219999458e-01 3.156940162460000199e-01 4.102640076600000060e-03 -3.416249011160000237e-01 4.506288120379999679e-02
-6.764948225450000130e-02 4.711356352039999806e-01 -4.572001049850000221e-01 -2.598110331869999956e-01 6.068971052610000472e-01 -5.584044130219999458e-01 3.171900311210000267e-01 4.691030836099999678e-03 -3.416249011160000237e-01 4.506288120379999679e-02
-6.764948225450000130e-02 4.726316500789999875e-01 -4.572001049850000221e-01 -2.598110331869999956e-01 6.068971052610000472e-01 -5.589928037820000029e-01 3.171900311210000267e-01 4.691030836099999678e-03 -3.416249011160000237e-01 4.506288120379999679e-02
-6.764948225450000130e-02 4.711356352039999806e-01 -4.572001049850000221e-01 -2.598110331869999956e-01 6.068971052610000472e-01 -5.584044130219999458e-01 3.156940162460000199e-01 4.102640076600000060e-03 -3.416249011160000237e-01 4.506288120379999679e-02
-8.118265262359999901e-02 4.711356352039999806e-01 -4.572001049850000221e-01 -2.289219636479999931e-01 6.499598456780000255e-01 -5.584044130219999458e-01 3.171900311210000267e-01 4.691030836099999678e-03 -3.432506283189999952e-01 4.506288120379999679e-02
-8.883173249709999664e-02 4.726316500789999875e-01 -4.577884957439999902e-01 1.547534464860000070e-01 6.499598456780000255e-01 -5.584044130219999458e-01 3.171900311210000267e-01 4.691030836099999678e-03 -3.416249011160000237e-01 4.506288120379999679e-02
-8.883173249709999664e-02 4.726316500789999875e-01 -4.577884957439999902e-01 5.595635629399999811e-01 6.499598456780000255e-01 -5.584044130219999458e-01 3.156940162460000199e-01 4.691030836099999678e-03 -3.416249011160000237e-01 4.573572998670000223e-02
-9.059699622580000278e-02 4.726316500789999875e-01 -4.583768865039999918e-01 7.351436169580000124e-01 6.499598456780000255e-01 -5.584044130219999458e-01 3.171900311210000267e-01 4.102640076600000060e-03 -3.416249011160000237e-01 4.506288120379999679e-02
-9.059699622580000278e-02 4.726316500789999875e-01 -4.583768865039999918e-01 7.481494345850000505e-01 6.506326944610000274e-01 -5.584044130219999458e-01 3.171900311210000267e-01 4.691030836099999678e-03 -3.416249011160000237e-01 4.506288120379999679e-02
-9.059699622580000278e-02 4.726316500789999875e-01 -4.589652772630000155e-01 7.465237073810000457e-01 6.499598456780000255e-01 -5.584044130219999458e-01 3.171900311210000267e-01 4.691030836099999678e-03 -3.416249011160000237e-01 4.573572998670000223e-02
-9.059699622580000278e-02 4.726316500789999875e-01 -4.583768865039999918e-01 7.481494345850000505e-01 6.506326944610000274e-01 -5.584044130219999458e-01 3.171900311210000267e-01 4.691030836099999678e-03 -3.416249011160000237e-01 4.506288120379999679e-02
-9.059699622580000278e-02 4.726316500789999875e-01 -4.583768865039999918e-01 4.880305552859999785e-01 6.506326944610000274e-01 -5.584044130219999458e-01 3.171900311210000267e-01 4.691030836099999678e-03 -3.416249011160000237e-01 4.506288120379999679e-02
-9.059699622580000278e-02 4.726316500789999875e-01 -4.583768865039999918e-01 3.661000043309999841e-01 6.506326944610000274e-01 -5.584044130219999458e-01 3.171900311210000267e-01 4.102640076600000060e-03 -3.416249011160000237e-01 4.506288120379999679e-02
-9.059699622580000278e-02 4.726316500789999875e-01 -4.583768865039999918e-01 3.628485499249999857e-01 6.506326944610000274e-01 -5.589928037820000029e-01 3.171900311210000267e-01 4.102640076600000060e-03 -3.416249011160000237e-01 4.573572998670000223e-02
-9.059699622580000278e-02 4.726316500789999875e-01 -4.583768865039999918e-01 3.628485499249999857e-01 6.499598456780000255e-01 -5.584044130219999458e-01 3.171900311210000267e-01 4.102640076600000060e-03 -3.416249011160000237e-01 4.506288120379999679e-02
-9.059699622580000278e-02 4.726316500789999875e-01 -4.583768865039999918e-01 3.612228227209999809e-01 6.499598456780000255e-01 -5.584044130219999458e-01 3.171900311210000267e-01 4.102640076600000060e-03 -3.416249011160000237e-01 4.573572998670000223e-02
-6.764948225450000130e-02 4.741276649550000277e-01 -4.583768865039999918e-01 8.484667139069999864e-02 6.210270342799999455e-01 -5.584044130219999458e-01 3.171900311210000267e-01 4.102640076600000060e-03 -3.416249011160000237e-01 4.573572998670000223e-02
-6.764948225450000130e-02 4.726316500789999875e-01 -4.583768865039999918e-01 -2.386763268669999938e-01 6.210270342799999455e-01 -5.584044130219999458e-01 3.171900311210000267e-01 4.691030836099999678e-03 -3.416249011160000237e-01 4.573572998670000223e-02
-7.059152750229999440e-02 4.576712688089999981e-01 -4.342526824640000060e-01 -2.012843485149999889e-01 4.319546961729999746e-01 -5.584044130219999458e-01 3.156940162460000199e-01 4.102640076600000060e-03 -3.416249011160000237e-01 4.573572998670000223e-02
-2.006270742050000055e-01 9.712819611070000470e-02 -2.895071838730000069e-01 2.084029495489999884e-01 6.037338061609999820e-03 -5.584044130219999458e-01 3.156940162460000199e-01 4.691030836099999678e-03 -3.432506283189999952e-01 4.775427633559999746e-02
-3.983282898530000060e-01 -2.664069063380000157e-01 -1.088694831509999933e-01 3.368369146719999985e-01 -3.096976330880000031e-02 -5.584044130219999458e-01 3.171900311210000267e-01 4.102640076600000060e-03 -3.399991739120000189e-01 4.640857876969999712e-02
-5.424854434100000455e-01 -3.053035256130000041e-01 -8.253657323200000798e-03 3.400883690789999747e-01 -3.231546087469999717e-02 -5.584044130219999458e-01 3.141980013699999796e-01 4.691030836099999678e-03 -3.416249011160000237e-01 4.775427633559999746e-02
