-5.613141306150000176e-01 -3.202639068829999935e-01 -2.958049037439999807e-03 3.482170050949999762e-01 -2.962406574289999997e-02 -5.601695853010000281e-01 3.201820608720000183e-01 4.102640076600000060e-03 -3.399991739120000189e-01 4.573572998670000223e-02
-5.613141306150000176e-01 -3.202639068829999935e-01 7.412187205930000078e-02 2.425437261729999905e-01 2.085667041160000068e-01 -5.601695853010000281e-01 3.201820608720000183e-01 4.102640076600000060e-03 -3.399991739120000189e-01 4.640857876969999712e-02
-4.730546479120000258e-01 -3.217599217580000004e-01 1.853288230079999932e-01 2.327893629530000119e-01 6.311198706020000326e-01 -5.601695853010000281e-01 3.186860459959999781e-01 4.102640076600000060e-03 -3.416249011160000237e-01 4.640857876969999712e-02
-3.183064149589999725e-01 -3.187678920070000088e-01 1.876823860459999882e-01 2.279116759879999954e-01 6.519783920270000310e-01 -5.601695853010000281e-01 3.201820608720000183e-01 4.102640076600000060e-03 -3.399991739120000189e-01 4.640857876969999712e-02
-1.282543706350000035e-01 -3.127838325060000035e-01 1.876823860459999882e-01 2.132801311589999915e-01 6.553426882299999701e-01 -5.595811945409999710e-01 3.186860459959999781e-01 4.102640076600000060e-03 -3.399991739120000189e-01 4.640857876969999712e-02
6.356293741790000618e-02 -2.993194661119999989e-01 1.876823860459999882e-01 2.132801311589999915e-01 6.553426882299999701e-01 -5.601695853010000281e-01 3.171900311210000267e-01 4.102640076600000060e-03 -3.399991739120000189e-01 4.640857876969999712e-02
2.353746852970000081e-01 -2.544385548190000179e-01 1.876823860459999882e-01 2.132801311589999915e-01 6.560155370129999719e-01 -5.595811945409999710e-01 3.186860459959999781e-01 4.102640076600000060e-03 -3.399991739120000189e-01 4.640857876969999712e-02
3.501120722530000062e-01 -2.544385548190000179e-01 1.959199481289999878e-01 2.132801311589999915e-01 6.560155370129999719e-01 -5.601695853010000281e-01 3.186860459959999781e-01 4.102640076600000060e-03 -3.399991739120000189e-01 4.640857876969999712e-02
4.083633061449999935e-01 -2.858553322340000036e-01 2.106298085670000042e-01 2.279116759879999954e-01 6.560155370129999719e-01 -5.595811945409999710e-01 3.186860459959999781e-01 4.102640076600000060e-03 -3.399991739120000189e-01 4.640857876969999712e-02
4.195427305760000003e-01 -2.948314214860000004e-01 2.135718538149999901e-01 2.327893629530000119e-01 6.553426882299999701e-01 -5.601695853010000281e-01 3.186860459959999781e-01 4.102640076600000060e-03 -3.399991739120000189e-01 4.640857876969999712e-02
4.195427305760000003e-01 -2.948314214860000004e-01 2.135718538149999901e-01 2.344150901569999890e-01 6.553426882299999701e-01 -5.595811945409999710e-01 3.171900311210000267e-01 4.102640076600000060e-03 -3.399991739120000189e-01 4.640857876969999712e-02
4.195427305760000003e-01 -2.948314214860000004e-01 2.135718538149999901e-01 2.344150901569999890e-01 6.560155370129999719e-01 -5.601695853010000281e-01 3.186860459959999781e-01 4.102640076600000060e-03 -3.399991739120000189e-01 4.640857876969999712e-02
4.195427305760000003e-01 -2.948314214860000004e-01 2.135718538149999901e-01 2.344150901569999890e-01 6.560155370129999719e-01 -5.595811945409999710e-01 3.186860459959999781e-01 4.102640076600000060e-03 -3.399991739120000189e-01 4.640857876969999712e-02
4.395481992990000197e-01 -1.287721427100000093e-01 3.230135410350000180e-01 2.344150901569999890e-01 2.623951296370000130e-01 -5.601695853010000281e-01 3.171900311210000267e-01 4.102640076600000060e-03 -3.399991739120000189e-01 4.640857876969999712e-02
4.419017623370000147e-01 2.302749151129999949e-01 3.942095545370000176e-01 2.327893629530000119e-01 1.890539848339999884e-01 -5.601695853010000281e-01 3.186860459959999781e-01 4.102640076600000060e-03 -3.399991739120000189e-01 4.640857876969999712e-02
4.424903359969999950e-01 4.831039867229999785e-01 3.942095545370000176e-01 2.392922717659999865e-01 1.890539848339999884e-01 -5.595811945409999710e-01 3.186860459959999781e-01 4.102640076600000060e-03 -3.399991739120000189e-01 4.640857876969999712e-02
4.430787267569999965e-01 4.741276649550000277e-01 3.918559914990000226e-01 2.409179989699999913e-01 1.890539848339999884e-01 -5.595811945409999710e-01 3.186860459959999781e-01 4.102640076600000060e-03 -3.399991739120000189e-01 4.640857876969999712e-02
4.424903359969999950e-01 4.741276649550000277e-01 3.918559914990000226e-01 2.425437261729999905e-01 1.890539848339999884e-01 -5.601695853010000281e-01 3.186860459959999781e-01 4.102640076600000060e-03 -3.416249011160000237e-01 4.640857876969999712e-02
4.424903359969999950e-01 4.756236798299999791e-01 3.918559914990000226e-01 2.425437261729999905e-01 1.890539848339999884e-01 -5.595811945409999710e-01 3.171900311210000267e-01 4.102640076600000060e-03 -3.399991739120000189e-01 4.640857876969999712e-02
4.424903359969999950e-01 4.756236798299999791e-01 3.918559914990000226e-01 2.409179989699999913e-01 1.890539848339999884e-01 -5.601695853010000281e-01 3.186860459959999781e-01 4.102640076600000060e-03 -3.399991739120000189e-01 4.640857876969999712e-02
4.424903359969999950e-01 4.756236798299999791e-01 3.918559914990000226e-01 2.425437261729999905e-01 1.883811360509999866e-01 -5.595811945409999710e-01 3.186860459959999781e-01 4.102640076600000060e-03 -3.399991739120000189e-01 4.640857876969999712e-02
4.424903359969999950e-01 4.741276649550000277e-01 3.918559914990000226e-01 2.409179989699999913e-01 1.890539848339999884e-01 -5.595811945409999710e-01 3.186860459959999781e-01 4.102640076600000060e-03 -3.399991739120000189e-01 4.640857876969999712e-02
4.424903359969999950e-01 4.741276649550000277e-01 3.918559914990000226e-01 2.425437261729999905e-01 1.890539848339999884e-01 -5.601695853010000281e-01 3.186860459959999781e-01 4.102640076600000060e-03 -3.399991739120000189e-01 4.640857876969999712e-02
4.424903359969999950e-01 4.157826197839999960e-01 3.889139462510000089e-01 2.457951805789999888e-01 1.883811360509999866e-01 -5.595811945409999710e-01 3.186860459959999781e-01 4.102640076600000060e-03 -3.399991739120000189e-01 4.640857876969999712e-02
4.430787267569999965e-01 4.142866049089999891e-01 3.889139462510000089e-01 2.457951805789999888e-01 1.883811360509999866e-01 -5.601695853010000281e-01 3.186860459959999781e-01 3.514249317100000009e-03 -3.399991739120000189e-01 4.640857876969999712e-02
4.424903359969999950e-01 4.083023128909999966e-01 3.889139462510000089e-01 2.457951805789999888e-01 1.890539848339999884e-01 -5.601695853010000281e-01 3.186860459959999781e-01 4.102640076600000060e-03 -3.399991739120000189e-01 4.640857876969999712e-02
4.424903359969999950e-01 4.083023128909999966e-01 3.889139462510000089e-01 2.457951805789999888e-01 1.890539848339999884e-01 -5.601695853010000281e-01 3.186860459959999781e-01 4.102640076600000060e-03 -3.399991739120000189e-01 4.640857876969999712e-02
4.424903359969999950e-01 4.068062980159999897e-01 3.889139462510000089e-01 2.457951805789999888e-01 1.883811360509999866e-01 -5.595811945409999710e-01 3.171900311210000267e-01 4.102640076600000060e-03 -3.399991739120000189e-01 4.640857876969999712e-02
4.430787267569999965e-01 4.083023128909999966e-01 3.889139462510000089e-01 2.457951805789999888e-01 1.890539848339999884e-01 -5.595811945409999710e-01 3.171900311210000267e-01 4.102640076600000060e-03 -3.399991739120000189e-01 4.640857876969999712e-02
4.424903359969999950e-01 3.903501343879999808e-01 3.765576488510000153e-01 2.474209077829999937e-01 2.395180618630000091e-01 -5.601695853010000281e-01 3.186860459959999781e-01 4.102640076600000060e-03 -3.399991739120000189e-01 4.640857876969999712e-02
4.124820414620000153e-01 1.270489586499999879e-01 2.494639644949999957e-01 3.189534100809999773e-01 6.291013242530000271e-01 -5.601695853010000281e-01 3.171900311210000267e-01 4.102640076600000060e-03 -3.399991739120000189e-01 4.640857876969999712e-02
4.077749153860000253e-01 -2.200299801710000058e-01 2.229861974169999872e-01 3.059475924549999726e-01 6.533240895930000347e-01 -5.595811945409999710e-01 3.186860459959999781e-01 4.102640076600000060e-03 -3.399991739120000189e-01 4.573572998670000223e-02
4.189543398159999987e-01 -2.888473619849999952e-01 2.176905891320000119e-01 2.718068158320000038e-01 6.539969906639999664e-01 -5.601695853010000281e-01 3.186860459959999781e-01 4.102640076600000060e-03 -3.399991739120000189e-01 4.640857876969999712e-02
4.195427305760000003e-01 -3.023114958620000126e-01 2.035691194529999914e-01 2.864388660159999933e-01 6.190084879310000510e-01 -5.601695853010000281e-01 3.186860459959999781e-01 4.102640076600000060e-03 -3.399991739120000189e-01 4.640857876969999712e-02
3.565843706080000231e-01 -3.187678920070000088e-01 7.000304529259999964e-02 3.400883690789999747e-01 1.036013527830000058e-01 -5.595811945409999710e-01 3.186860459959999781e-01 4.102640076600000060e-03 -3.399991739120000189e-01 4.573572998670000223e-02
2.924491376700000256e-01 -3.187678920070000088e-01 9.986639121859999801e-03 3.384626418760000033e-01 -2.693256603399999879e-02 -5.601695853010000281e-01 3.171900311210000267e-01 4.102640076600000060e-03 -3.399991739120000189e-01 4.573572998670000223e-02
1.541759374330000099e-01 -3.082957878800000051e-01 -7.076875804190000015e-03 3.384626418760000033e-01 -2.760551939400000127e-02 -5.595811945409999710e-01 3.186860459959999781e-01 4.102640076600000060e-03 -3.399991739120000189e-01 4.573572998670000223e-02
-4.352527821450000167e-02 -3.082957878800000051e-01 -7.076875804190000015e-03 3.400883690789999747e-01 -2.760551939400000127e-02 -5.601695853010000281e-01 3.186860459959999781e-01 4.102640076600000060e-03 -3.399991739120000189e-01 4.573572998670000223e-02
