-5.613141306150000176e-01 -3.217599217580000004e-01 -2.369658277940000189e-03 3.465912778920000048e-01 -3.231546087469999717e-02 -5.607579760599999963e-01 2.992376201010000236e-01 4.102640076600000060e-03 -3.399991739120000189e-01 4.640857876969999712e-02
-5.607257398549999605e-01 -3.217599217580000004e-01 -2.369658277940000189e-03 3.465912778920000048e-01 -3.231546087469999717e-02 -5.536971040460000326e-01 4.608088542500000107e-01 3.514249317100000009e-03 -6.049953611589999891e-01 -3.196247147740000072e-01
-5.607257398549999605e-01 -3.187678920070000088e-01 -2.369658277940000189e-03 3.465912778920000048e-01 -3.231546087469999717e-02 -4.383714177799999945e-01 4.787612652709999916e-01 4.102640076600000060e-03 -7.594409615349999587e-01 -4.279544145999999993e-01
-5.613141306150000176e-01 -3.157758622569999951e-01 -2.369658277940000189e-03 3.465912778920000048e-01 -3.231546087469999717e-02 -2.824464033080000269e-01 4.802572801459999985e-01 4.102640076600000060e-03 -7.578152343309999539e-01 -4.286272633820000233e-01
-5.613141306150000176e-01 -3.187678920070000088e-01 -2.369658277940000189e-03 3.482170050949999762e-01 -3.164261209170000227e-02 -7.533084405819999441e-02 4.802572801459999985e-01 4.102640076600000060e-03 -7.578152343309999539e-01 -4.286272633820000233e-01
-5.607257398549999605e-01 -3.172718771320000020e-01 -2.369658277940000189e-03 3.482170050949999762e-01 -3.231546087469999717e-02 1.070720289420000054e-01 4.563208096240000122e-01 4.691030836099999678e-03 -7.561893807889999986e-01 -4.286272633820000233e-01
-5.613141306150000176e-01 -3.172718771320000020e-01 -2.369658277940000189e-03 3.465912778920000048e-01 -3.231546087469999717e-02 2.500524467049999866e-01 4.443524581050000144e-01 3.514249317100000009e-03 -7.496864719760000240e-01 -4.286272633820000233e-01
-5.613141306150000176e-01 -3.172718771320000020e-01 -2.369658277940000189e-03 3.465912778920000048e-01 -3.231546087469999717e-02 3.330162753970000167e-01 4.473444878560000060e-01 -1.060722036119999927e-02 -7.496864719760000240e-01 -4.286272633820000233e-01
-5.613141306150000176e-01 -3.172718771320000020e-01 -2.369658277940000189e-03 3.465912778920000048e-01 -3.231546087469999717e-02 3.547870078490000245e-01 4.488405027310000128e-01 -1.884478244450000020e-02 -7.578152343309999539e-01 -3.761445354269999930e-01
-5.613141306150000176e-01 -3.172718771320000020e-01 -2.369658277940000189e-03 3.465912778920000048e-01 -3.231546087469999717e-02 3.536102263299999993e-01 1.002657815519999995e-01 -2.590556300869999856e-02 -7.740726327029999743e-01 -3.707616405870000076e-01
-5.607257398549999605e-01 -3.172718771320000020e-01 -2.369658277940000189e-03 3.449655506889999779e-01 -3.231546087469999717e-02 3.524333533610000124e-01 1.137299154290000031e-01 -2.649395376830000065e-02 -7.691954510930000266e-01 -3.707616405870000076e-01
-5.613141306150000176e-01 -3.172718771320000020e-01 -2.369658277940000189e-03 3.465912778920000048e-01 -3.231546087469999717e-02 3.530218355709999756e-01 1.062498410530000048e-01 -2.649395376830000065e-02 -7.675695975509999602e-01 -3.707616405870000076e-01
-5.613141306150000176e-01 -3.187678920070000088e-01 -2.369658277940000189e-03 3.465912778920000048e-01 -3.231546087469999717e-02 3.524333533610000124e-01 1.062498410530000048e-01 -2.649395376830000065e-02 -7.675695975509999602e-01 -3.707616405870000076e-01
-5.613141306150000176e-01 -3.187678920070000088e-01 -2.369658277940000189e-03 3.465912778920000048e-01 -3.231546087469999717e-02 3.530218355709999756e-01 1.062498410530000048e-01 -2.649395376830000065e-02 -7.691954510930000266e-01 -3.707616405870000076e-01
-5.607257398549999605e-01 -3.172718771320000020e-01 -2.369658277940000189e-03 3.465912778920000048e-01 -3.231546087469999717e-02 3.530218355709999756e-01 1.062498410530000048e-01 -2.649395376830000065e-02 -7.691954510930000266e-01 -3.707616405870000076e-01
-5.613141306150000176e-01 -3.217599217580000004e-01 -2.369658277940000189e-03 3.449655506889999779e-01 -3.231546087469999717e-02 3.130108066730000194e-01 -3.736898207659999915e-02 -1.119561112069999975e-02 -5.432170957409999668e-01 -3.687430942380000021e-01
-5.613141306150000176e-01 -3.157758622569999951e-01 -2.369658277940000189e-03 3.482170050949999762e-01 -3.231546087469999717e-02 2.877098211140000084e-01 -1.166584680180000055e-01 -1.590282864699999951e-02 -2.944785595430000069e-01 -3.673973966719999984e-01
-5.613141306150000176e-01 -3.172718771320000020e-01 -2.369658277940000189e-03 3.465912778920000048e-01 -3.231546087469999717e-02 2.877098211140000084e-01 -1.256347897860000118e-01 -1.590282864699999951e-02 -2.684664189359999842e-01 -3.673973966719999984e-01
-5.607257398549999605e-01 -3.187678920070000088e-01 -2.369658277940000189e-03 3.465912778920000048e-01 -3.231546087469999717e-02 2.877098211140000084e-01 -1.256347897860000118e-01 -1.649121940650000173e-02 -2.522091469030000033e-01 -3.673973966719999984e-01
-5.607257398549999605e-01 -3.172718771320000020e-01 -2.369658277940000189e-03 3.465912778920000048e-01 -3.231546087469999717e-02 2.877098211140000084e-01 -1.241387749110000049e-01 -1.590282864699999951e-02 -2.424547836840000026e-01 -3.680702454550000002e-01
-5.613141306150000176e-01 -3.172718771320000020e-01 -2.369658277940000189e-03 3.465912778920000048e-01 -3.231546087469999717e-02 3.124224159139999957e-01 6.735298926129999753e-02 -3.826186040849999942e-02 -5.090765717949999880e-01 -4.293001121650000251e-01
-5.607257398549999605e-01 -3.172718771320000020e-01 -2.369658277940000189e-03 3.465912778920000048e-01 -3.164261209170000227e-02 3.536102263299999993e-01 3.949835021870000129e-01 -2.414039073019999884e-02 -7.578152343309999539e-01 -4.293001121650000251e-01
-5.607257398549999605e-01 -3.172718771320000020e-01 -2.369658277940000189e-03 3.465912778920000048e-01 -3.164261209170000227e-02 3.524333533610000124e-01 4.084478685810000176e-01 -2.178673624200000089e-02 -6.911597873029999839e-01 -2.947289960739999937e-01
-5.607257398549999605e-01 -3.172718771320000020e-01 -2.369658277940000189e-03 3.465912778920000048e-01 -3.231546087469999717e-02 2.894749933929999797e-01 2.902615308490000268e-01 -9.430438842200000032e-03 -3.383734467089999920e-01 2.891440583599999906e-02
-5.607257398549999605e-01 -3.172718771320000020e-01 -2.369658277940000189e-03 3.465912778920000048e-01 -3.231546087469999717e-02 1.635580905560000131e-01 2.872695010979999797e-01 5.867903805340000251e-03 -3.448763555220000221e-01 3.766154459139999661e-02
-5.613141306150000176e-01 -3.157758622569999951e-01 -2.369658277940000189e-03 3.465912778920000048e-01 -3.231546087469999717e-02 -2.178673624200000089e-02 2.902615308490000268e-01 6.456294564839999868e-03 -3.416249011160000237e-01 3.833439337430000204e-02
