-5.595489583360000463e-01 -3.217599217580000004e-01 -2.369658277940000189e-03 3.433398234860000064e-01 -3.029691452579999847e-02 -5.595811945409999710e-01 3.156940162460000199e-01 4.102640076600000060e-03 -3.432506283189999952e-01 4.506288120379999679e-02
-5.595489583360000463e-01 -3.202639068829999935e-01 -2.369658277940000189e-03 3.433398234860000064e-01 -3.029691452579999847e-02 -5.578160222629999776e-01 3.141980013699999796e-01 -1.047506563839999960e-01 -2.489576924970000049e-01 -2.954018448569999955e-01
-5.595489583360000463e-01 -3.202639068829999935e-01 -2.369658277940000189e-03 3.433398234860000064e-01 -3.029691452579999847e-02 -4.560233234659999968e-01 3.171900311210000267e-01 -1.853610134879999927e-01 -2.327001677870000063e-01 -6.385581752040000447e-01
-5.595489583360000463e-01 -3.202639068829999935e-01 -2.369658277940000189e-03 3.433398234860000064e-01 -2.962406574289999997e-02 -2.959794822269999903e-01 3.156940162460000199e-01 -1.859494042469999886e-01 -2.278229861770000031e-01 -6.526879996450000165e-01
-5.595489583360000463e-01 -3.217599217580000004e-01 -2.369658277940000189e-03 3.433398234860000064e-01 -2.962406574289999997e-02 -9.592470354120000153e-02 3.127019864949999728e-01 -1.859494042469999886e-01 -2.213200773640000008e-01 -6.560522435600000257e-01
-5.595489583360000463e-01 -3.202639068829999935e-01 -2.369658277940000189e-03 3.433398234860000064e-01 -3.029691452579999847e-02 9.648090382089999362e-02 2.962455903499999765e-01 -1.859494042469999886e-01 -2.083140070600000004e-01 -6.560522435600000257e-01
-5.595489583360000463e-01 -3.202639068829999935e-01 -2.369658277940000189e-03 3.433398234860000064e-01 -3.029691452579999847e-02 2.671158701810000258e-01 2.543567088079999872e-01 -1.865377950069999902e-01 -2.115654614670000044e-01 -6.560522435600000257e-01
-5.601373490959999923e-01 -3.202639068829999935e-01 -2.369658277940000189e-03 3.433398234860000064e-01 -3.029691452579999847e-02 3.630245699319999964e-01 2.573487385589999787e-01 -1.941869663309999938e-01 -2.180686229569999968e-01 -6.560522435600000257e-01
-5.601373490959999923e-01 -3.202639068829999935e-01 -2.369658277940000189e-03 3.433398234860000064e-01 -3.029691452579999847e-02 4.083310242150000047e-01 2.917575457239999781e-01 -2.094852175280000062e-01 -2.359516221930000046e-01 -6.560522435600000257e-01
-5.595489583360000463e-01 -3.202639068829999935e-01 -2.369658277940000189e-03 3.433398234860000064e-01 -3.029691452579999847e-02 4.195106315459999902e-01 3.082139418689999744e-01 -2.118387805660000012e-01 -2.359516221930000046e-01 -6.560522435600000257e-01
-5.595489583360000463e-01 -3.202639068829999935e-01 -2.369658277940000189e-03 3.433398234860000064e-01 -3.029691452579999847e-02 4.195106315459999902e-01 3.082139418689999744e-01 -2.118387805660000012e-01 -2.375773493960000038e-01 -6.560522435600000257e-01
-5.595489583360000463e-01 -3.202639068829999935e-01 -2.369658277940000189e-03 3.433398234860000064e-01 -3.029691452579999847e-02 4.195106315459999902e-01 3.082139418689999744e-01 -2.118387805660000012e-01 -2.359516221930000046e-01 -6.560522435600000257e-01
-5.595489583360000463e-01 -3.202639068829999935e-01 -2.369658277940000189e-03 3.433398234860000064e-01 -3.029691452579999847e-02 4.200990223059999917e-01 3.082139418689999744e-01 -2.177227796110000058e-01 -2.375773493960000038e-01 -6.298109318710000126e-01
-5.595489583360000463e-01 -3.202639068829999935e-01 -2.369658277940000189e-03 3.433398234860000064e-01 -3.029691452579999847e-02 4.412812725479999809e-01 8.530540028180000345e-02 -3.477583263149999770e-01 -2.359516221930000046e-01 -2.260977927510000041e-01
-5.595489583360000463e-01 -3.202639068829999935e-01 -2.369658277940000189e-03 3.433398234860000064e-01 -3.029691452579999847e-02 4.412812725479999809e-01 -2.961821131879999736e-01 -3.907114004600000245e-01 -2.359516221930000046e-01 -1.877449938150000108e-01
-5.595489583360000463e-01 -3.202639068829999935e-01 -2.369658277940000189e-03 3.433398234860000064e-01 -3.029691452579999847e-02 4.418696633079999825e-01 -4.472810106940000030e-01 -3.907114004600000245e-01 -2.440805108870000018e-01 -1.877449938150000108e-01
-5.595489583360000463e-01 -3.202639068829999935e-01 -2.369658277940000189e-03 3.433398234860000064e-01 -3.029691452579999847e-02 4.418696633079999825e-01 -4.652334217140000061e-01 -3.907114004600000245e-01 -2.440805108870000018e-01 -1.877449938150000108e-01
-5.595489583360000463e-01 -3.202639068829999935e-01 -2.369658277940000189e-03 3.433398234860000064e-01 -3.029691452579999847e-02 4.418696633079999825e-01 -4.652334217140000061e-01 -3.907114004600000245e-01 -2.440805108870000018e-01 -1.877449938150000108e-01
-5.595489583360000463e-01 -3.202639068829999935e-01 -2.369658277940000189e-03 3.433398234860000064e-01 -3.029691452579999847e-02 4.418696633079999825e-01 -4.667294365890000130e-01 -3.907114004600000245e-01 -2.457062380900000009e-01 -1.897636447399999871e-01
-5.595489583360000463e-01 -3.202639068829999935e-01 -2.369658277940000189e-03 3.433398234860000064e-01 -3.029691452579999847e-02 4.418696633079999825e-01 -4.652334217140000061e-01 -3.907114004600000245e-01 -2.440805108870000018e-01 -1.890907959579999909e-01
-5.601373490959999923e-01 -3.202639068829999935e-01 -2.369658277940000189e-03 3.433398234860000064e-01 -3.029691452579999847e-02 4.418696633079999825e-01 -4.652334217140000061e-01 -3.907114004600000245e-01 -2.457062380900000009e-01 -1.897636447399999871e-01
-5.595489583360000463e-01 -3.202639068829999935e-01 -2.369658277940000189e-03 3.433398234860000064e-01 -3.029691452579999847e-02 4.418696633079999825e-01 -4.652334217140000061e-01 -3.907114004600000245e-01 -2.440805108870000018e-01 -1.897636447399999871e-01
-5.595489583360000463e-01 -3.202639068829999935e-01 -2.369658277940000189e-03 3.433398234860000064e-01 -3.029691452579999847e-02 4.418696633079999825e-01 -4.652334217140000061e-01 -3.907114004600000245e-01 -2.440805108870000018e-01 -1.877449938150000108e-01
-5.601373490959999923e-01 -3.202639068829999935e-01 -2.369658277940000189e-03 3.433398234860000064e-01 -3.029691452579999847e-02 4.418696633079999825e-01 -4.083841589020000273e-01 -3.907114004600000245e-01 -2.538348741070000081e-01 -1.877449938150000108e-01
-5.601373490959999923e-01 -3.202639068829999935e-01 -2.369658277940000189e-03 3.433398234860000064e-01 -2.962406574289999997e-02 4.418696633079999825e-01 -4.068881440270000205e-01 -3.907114004600000245e-01 -2.538348741070000081e-01 -1.877449938150000108e-01
-5.595489583360000463e-01 -3.202639068829999935e-01 -2.369658277940000189e-03 3.433398234860000064e-01 -3.029691452579999847e-02 4.418696633079999825e-01 -4.068881440270000205e-01 -3.907114004600000245e-01 -2.538348741070000081e-01 -1.890907959579999909e-01
-5.595489583360000463e-01 -3.202639068829999935e-01 -2.369658277940000189e-03 3.433398234860000064e-01 -3.029691452579999847e-02 4.418696633079999825e-01 -4.068881440270000205e-01 -3.907114004600000245e-01 -2.538348741070000081e-01 -1.890907959579999909e-01
-5.595489583360000463e-01 -3.202639068829999935e-01 -2.369658277940000189e-03 3.433398234860000064e-01 -3.029691452579999847e-02 4.418696633079999825e-01 -4.068881440270000205e-01 -3.907114004600000245e-01 -2.538348741070000081e-01 -1.890907959579999909e-01
-5.595489583360000463e-01 -3.202639068829999935e-01 -2.369658277940000189e-03 3.433398234860000064e-01 -3.029691452579999847e-02 4.418696633079999825e-01 -4.068881440270000205e-01 -3.907114004600000245e-01 -2.538348741070000081e-01 -1.890907959579999909e-01
-5.595489583360000463e-01 -3.202639068829999935e-01 -2.369658277940000189e-03 3.433398234860000064e-01 -3.029691452579999847e-02 4.412812725479999809e-01 -3.440550542310000237e-01 -3.477583263149999770e-01 -2.603377829199999827e-01 -3.398103874169999816e-01
-5.595489583360000463e-01 -3.202639068829999935e-01 -2.369658277940000189e-03 3.433398234860000064e-01 -3.029691452579999847e-02 4.124498509819999881e-01 -2.988890770020000143e-02 -2.359630760560000040e-01 -3.204901947959999942e-01 -6.412495703349999632e-01
-5.595489583360000463e-01 -3.202639068829999935e-01 -2.369658277940000189e-03 3.433398234860000064e-01 -3.029691452579999847e-02 4.142150232599999815e-01 2.603410008259999797e-01 -2.224299971379999907e-01 -2.879753980529999868e-01 -6.533608484280000184e-01
-5.595489583360000463e-01 -3.202639068829999935e-01 -2.369658277940000189e-03 3.433398234860000064e-01 -3.029691452579999847e-02 4.212758038250000170e-01 3.022296498509999818e-01 -2.177227796110000058e-01 -2.408288038030000078e-01 -6.553793947770000239e-01
-5.601373490959999923e-01 -3.202639068829999935e-01 -2.369658277940000189e-03 3.433398234860000064e-01 -3.029691452579999847e-02 4.165685862979999765e-01 3.156940162460000199e-01 -1.783002329239999906e-01 -3.253676290829999873e-01 -5.309013241609999989e-01
-5.595489583360000463e-01 -3.202639068829999935e-01 -2.369658277940000189e-03 3.433398234860000064e-01 -3.029691452579999847e-02 3.371351021640000001e-01 3.231740906219999765e-01 -4.944137628930000278e-02 -3.448763555220000221e-01 -2.625971725110000030e-02
-5.595489583360000463e-01 -3.202639068829999935e-01 -2.369658277940000189e-03 3.433398234860000064e-01 -3.029691452579999847e-02 2.488755737359999998e-01 3.082139418689999744e-01 -5.900094285180000099e-03 -3.351219923020000158e-01 3.698859123139999761e-02
-5.601373490959999923e-01 -3.202639068829999935e-01 -2.369658277940000189e-03 3.433398234860000064e-01 -3.029691452579999847e-02 8.412460642110000664e-02 2.992376201010000236e-01 6.456294564839999868e-03 -3.351219923020000158e-01 3.766154459139999661e-02
-5.595489583360000463e-01 -3.202639068829999935e-01 -2.369658277940000189e-03 3.433398234860000064e-01 -3.029691452579999847e-02 -1.041622656239999944e-01 3.007336349759999750e-01 6.456294564839999868e-03 -3.367477195060000206e-01 3.766154459139999661e-02
