-5.624909578590000514e-01 -3.202639068829999935e-01 -1.781267518430000108e-03 3.417140962820000016e-01 -3.164261209170000227e-02 -5.607579760599999963e-01 3.186860459959999781e-01 4.691030836099999678e-03 -3.416249011160000237e-01 4.506288120379999679e-02
-5.624909578590000514e-01 -3.202639068829999935e-01 -2.369658277940000189e-03 3.433398234860000064e-01 -3.231546087469999717e-02 -5.548738855649999469e-01 3.171900311210000267e-01 -1.188722175130000058e-01 -2.473319652930000001e-01 -3.404832361999999835e-01
-5.624909578590000514e-01 -3.202639068829999935e-01 -2.369658277940000189e-03 3.433398234860000064e-01 -3.164261209170000227e-02 -4.383714177799999945e-01 3.186860459959999781e-01 -1.859494042469999886e-01 -2.310744405830000014e-01 -6.452866630329999742e-01
-5.624909578590000514e-01 -3.202639068829999935e-01 -2.369658277940000189e-03 3.433398234860000064e-01 -3.164261209170000227e-02 -2.836231848269999967e-01 3.171900311210000267e-01 -1.865377950069999902e-01 -2.245715317699999991e-01 -6.560522435600000257e-01
-5.624909578590000514e-01 -3.202639068829999935e-01 -2.369658277940000189e-03 3.433398234860000064e-01 -3.164261209170000227e-02 -7.886118861520000078e-02 3.141980013699999796e-01 -1.865377950069999902e-01 -2.196943501599999959e-01 -6.553793947770000239e-01
-5.624909578590000514e-01 -3.202639068829999935e-01 -2.369658277940000189e-03 3.433398234860000064e-01 -3.164261209170000227e-02 1.064836381829999956e-01 2.872695010979999797e-01 -1.859494042469999886e-01 -2.083140070600000004e-01 -6.553793947770000239e-01
-5.624909578590000514e-01 -3.202639068829999935e-01 -2.369658277940000189e-03 3.433398234860000064e-01 -3.164261209170000227e-02 2.718230877069999774e-01 2.573487385589999787e-01 -1.859494042469999886e-01 -2.115654614670000044e-01 -6.553793947770000239e-01
-5.624909578590000514e-01 -3.202639068829999935e-01 -2.369658277940000189e-03 3.433398234860000064e-01 -3.164261209170000227e-02 3.700852590459999814e-01 2.618370157009999866e-01 -1.977173108879999863e-01 -2.196943501599999959e-01 -6.560522435600000257e-01
-5.624909578590000514e-01 -3.202639068829999935e-01 -2.369658277940000189e-03 3.433398234860000064e-01 -3.164261209170000227e-02 4.259829299010000070e-01 2.738051347039999750e-01 -2.577337170580000225e-01 -2.310744405830000014e-01 -4.730357013650000053e-01
-5.624909578590000514e-01 -3.202639068829999935e-01 -2.369658277940000189e-03 3.433398234860000064e-01 -3.164261209170000227e-02 4.389276637849999774e-01 -7.776184874329999941e-02 -3.818853561669999785e-01 -2.310744405830000014e-01 -1.924550398719999944e-01
-5.624909578590000514e-01 -3.202639068829999935e-01 -1.781267518430000108e-03 3.433398234860000064e-01 -3.164261209170000227e-02 4.395160545449999789e-01 -4.098801737769999787e-01 -3.901230097000000230e-01 -2.424547836840000026e-01 -1.884179471749999890e-01
-5.624909578590000514e-01 -3.202639068829999935e-01 -2.369658277940000189e-03 3.433398234860000064e-01 -3.231546087469999717e-02 4.401044910290000112e-01 -4.727134960900000182e-01 -3.907114004600000245e-01 -2.440805108870000018e-01 -1.884179471749999890e-01
-5.624909578590000514e-01 -3.202639068829999935e-01 -2.369658277940000189e-03 3.433398234860000064e-01 -3.164261209170000227e-02 4.401044910290000112e-01 -4.727134960900000182e-01 -3.907114004600000245e-01 -2.440805108870000018e-01 -1.884179471749999890e-01
-5.624909578590000514e-01 -3.202639068829999935e-01 -1.781267518430000108e-03 3.417140962820000016e-01 -3.164261209170000227e-02 4.401044910290000112e-01 -4.727134960900000182e-01 -3.901230097000000230e-01 -2.440805108870000018e-01 -1.904364935229999889e-01
-5.624909578590000514e-01 -3.202639068829999935e-01 -2.369658277940000189e-03 3.433398234860000064e-01 -3.164261209170000227e-02 4.401044910290000112e-01 -4.727134960900000182e-01 -3.907114004600000245e-01 -2.440805108870000018e-01 -1.897636447399999871e-01
-5.624909578590000514e-01 -3.202639068829999935e-01 -2.369658277940000189e-03 3.433398234860000064e-01 -3.164261209170000227e-02 4.401044910290000112e-01 -4.083841589020000273e-01 -3.907114004600000245e-01 -2.522091469030000033e-01 -1.884179471749999890e-01
-5.624909578590000514e-01 -3.202639068829999935e-01 -2.369658277940000189e-03 3.433398234860000064e-01 -3.164261209170000227e-02 4.401044910290000112e-01 -4.083841589020000273e-01 -3.907114004600000245e-01 -2.522091469030000033e-01 -1.877449938150000108e-01
-5.624909578590000514e-01 -3.202639068829999935e-01 -2.369658277940000189e-03 3.433398234860000064e-01 -3.231546087469999717e-02 4.401044910290000112e-01 -4.083841589020000273e-01 -3.907114004600000245e-01 -2.522091469030000033e-01 -1.877449938150000108e-01
-5.624909578590000514e-01 -3.202639068829999935e-01 -2.369658277940000189e-03 3.433398234860000064e-01 -3.164261209170000227e-02 4.401044910290000112e-01 -4.083841589020000273e-01 -3.907114004600000245e-01 -2.522091469030000033e-01 -1.897636447399999871e-01
-5.624909578590000514e-01 -3.202639068829999935e-01 -2.369658277940000189e-03 3.433398234860000064e-01 -3.231546087469999717e-02 4.401044910290000112e-01 -4.083841589020000273e-01 -3.901230097000000230e-01 -2.522091469030000033e-01 -1.890907959579999909e-01
-5.624909578590000514e-01 -3.202639068829999935e-01 -2.369658277940000189e-03 3.433398234860000064e-01 -3.164261209170000227e-02 4.242177576219999802e-01 -2.453171423939999873e-01 -2.936259191889999953e-01 -2.944785595430000069e-01 -5.423397534710000523e-01
-5.624909578590000514e-01 -3.202639068829999935e-01 -2.369658277940000189e-03 3.417140962820000016e-01 -3.231546087469999717e-02 4.124498509819999881e-01 1.391624008260000100e-01 -2.253719509350000094e-01 -3.204901947959999942e-01 -6.526879996450000165e-01
-5.624909578590000514e-01 -3.202639068829999935e-01 -2.369658277940000189e-03 3.433398234860000064e-01 -3.164261209170000227e-02 4.124498509819999881e-01 2.887655159740000199e-01 -1.735930153970000056e-01 -3.465023354030000169e-01 -5.066785588209999913e-01
-5.624909578590000514e-01 -3.202639068829999935e-01 -2.369658277940000189e-03 3.433398234860000064e-01 -3.164261209170000227e-02 3.324278846370000151e-01 3.186860459959999781e-01 -4.296907793480000265e-02 -3.497537898090000152e-01 -6.746997968530000361e-03
-5.624909578590000514e-01 -3.202639068829999935e-01 -2.369658277940000189e-03 3.433398234860000064e-01 -3.164261209170000227e-02 2.371076670960000077e-01 3.097099567450000146e-01 -4.723221315950000207e-03 -3.432506283189999952e-01 3.698859123139999761e-02
-5.630793486180000196e-01 -3.202639068829999935e-01 -2.369658277940000189e-03 3.417140962820000016e-01 -3.164261209170000227e-02 6.941465453310000089e-02 3.007336349759999750e-01 6.456294564839999868e-03 -3.383734467089999920e-01 3.833439337430000204e-02
