-5.595489583360000463e-01 -3.202639068829999935e-01 -2.369658277940000189e-03 3.465912778920000048e-01 -5.182828473429999805e-02 -5.601695853010000281e-01 3.141980013699999796e-01 4.102640076600000060e-03 -3.432506283189999952e-01 4.506288120379999679e-02
-5.530766142570000543e-01 -2.230220099209999918e-01 -3.531990661099999873e-02 2.067772223459999892e-01 1.742511024550000009e-01 -5.601695853010000281e-01 3.141980013699999796e-01 4.102640076600000060e-03 -3.432506283189999952e-01 4.506288120379999679e-02
-3.989166806130000076e-01 1.375210627769999916e-01 -1.859494042469999886e-01 -1.785239149910000100e-01 5.867114326190000506e-01 -5.601695853010000281e-01 3.141980013699999796e-01 4.102640076600000060e-03 -3.432506283189999952e-01 4.506288120379999679e-02
-2.065110732509999880e-01 4.367270605549999907e-01 -3.636450597220000081e-01 -2.598110331869999956e-01 6.068971052610000472e-01 -5.601695853010000281e-01 3.141980013699999796e-01 4.102640076600000060e-03 -3.432506283189999952e-01 4.506288120379999679e-02
-8.530138794010000414e-02 4.711356352039999806e-01 -4.524929789089999765e-01 -2.598110331869999956e-01 6.068971052610000472e-01 -5.601695853010000281e-01 3.141980013699999796e-01 4.102640076600000060e-03 -3.416249011160000237e-01 4.439003242080000189e-02
-6.823787301400000005e-02 4.711356352039999806e-01 -4.572001049850000221e-01 -2.663139420000000257e-01 6.068971052610000472e-01 -5.601695853010000281e-01 3.141980013699999796e-01 4.102640076600000060e-03 -3.432506283189999952e-01 4.506288120379999679e-02
-6.823787301400000005e-02 4.711356352039999806e-01 -4.577884957439999902e-01 -2.663139420000000257e-01 6.068971052610000472e-01 -5.601695853010000281e-01 3.156940162460000199e-01 4.102640076600000060e-03 -3.432506283189999952e-01 4.506288120379999679e-02
-6.823787301400000005e-02 4.726316500789999875e-01 -4.572001049850000221e-01 -2.646882147969999988e-01 6.068971052610000472e-01 -5.601695853010000281e-01 3.141980013699999796e-01 4.102640076600000060e-03 -3.416249011160000237e-01 4.506288120379999679e-02
-6.823787301400000005e-02 4.711356352039999806e-01 -4.572001049850000221e-01 -2.663139420000000257e-01 6.068971052610000472e-01 -5.601695853010000281e-01 3.141980013699999796e-01 4.102640076600000060e-03 -3.432506283189999952e-01 4.506288120379999679e-02
-6.823787301400000005e-02 4.711356352039999806e-01 -4.572001049850000221e-01 -2.663139420000000257e-01 6.068971052610000472e-01 -5.601695853010000281e-01 3.141980013699999796e-01 4.102640076600000060e-03 -3.432506283189999952e-01 4.506288120379999679e-02
-6.823787301400000005e-02 4.711356352039999806e-01 -4.572001049850000221e-01 -2.646882147969999988e-01 6.068971052610000472e-01 -5.601695853010000281e-01 3.156940162460000199e-01 4.102640076600000060e-03 -3.432506283189999952e-01 4.506288120379999679e-02
-6.823787301400000005e-02 4.711356352039999806e-01 -4.572001049850000221e-01 -2.663139420000000257e-01 6.068971052610000472e-01 -5.601695853010000281e-01 3.141980013699999796e-01 4.102640076600000060e-03 -3.432506283189999952e-01 4.506288120379999679e-02
-6.823787301400000005e-02 4.711356352039999806e-01 -4.572001049850000221e-01 -2.663139420000000257e-01 6.075699540440000490e-01 -5.601695853010000281e-01 3.141980013699999796e-01 4.102640076600000060e-03 -3.432506283189999952e-01 4.506288120379999679e-02
-8.706656021860000039e-02 4.726316500789999875e-01 -4.572001049850000221e-01 -1.638921174840000106e-01 6.499598456780000255e-01 -5.601695853010000281e-01 3.141980013699999796e-01 4.102640076600000060e-03 -3.432506283189999952e-01 4.506288120379999679e-02
-8.765495097809999914e-02 4.726316500789999875e-01 -4.577884957439999902e-01 2.588009982059999992e-01 6.499598456780000255e-01 -5.601695853010000281e-01 3.141980013699999796e-01 4.102640076600000060e-03 -3.432506283189999952e-01 4.506288120379999679e-02
-8.765495097809999914e-02 4.726316500789999875e-01 -4.577884957439999902e-01 6.310960652389999703e-01 6.506326944610000274e-01 -5.601695853010000281e-01 3.141980013699999796e-01 4.102640076600000060e-03 -3.432506283189999952e-01 4.506288120379999679e-02
-9.353895002339999987e-02 4.741276649550000277e-01 -4.583768865039999918e-01 7.416465257709999870e-01 6.506326944610000274e-01 -5.601695853010000281e-01 3.141980013699999796e-01 4.102640076600000060e-03 -3.416249011160000237e-01 4.506288120379999679e-02
-9.353895002339999987e-02 4.726316500789999875e-01 -4.583768865039999918e-01 7.416465257709999870e-01 6.506326944610000274e-01 -5.601695853010000281e-01 3.141980013699999796e-01 4.102640076600000060e-03 -3.416249011160000237e-01 4.506288120379999679e-02
-9.412734078289999862e-02 4.726316500789999875e-01 -4.583768865039999918e-01 7.416465257709999870e-01 6.499598456780000255e-01 -5.601695853010000281e-01 3.141980013699999796e-01 4.102640076600000060e-03 -3.416249011160000237e-01 4.506288120379999679e-02
-9.412734078289999862e-02 4.741276649550000277e-01 -4.583768865039999918e-01 7.416465257709999870e-01 6.506326944610000274e-01 -5.601695853010000281e-01 3.141980013699999796e-01 4.102640076600000060e-03 -3.416249011160000237e-01 4.506288120379999679e-02
-9.412734078289999862e-02 4.726316500789999875e-01 -4.583768865039999918e-01 7.416465257709999870e-01 6.506326944610000274e-01 -5.601695853010000281e-01 3.141980013699999796e-01 4.102640076600000060e-03 -3.432506283189999952e-01 4.506288120379999679e-02
-9.412734078289999862e-02 4.726316500789999875e-01 -4.583768865039999918e-01 7.416465257709999870e-01 6.499598456780000255e-01 -5.601695853010000281e-01 3.141980013699999796e-01 4.102640076600000060e-03 -3.432506283189999952e-01 4.506288120379999679e-02
-9.353895002339999987e-02 4.726316500789999875e-01 -4.583768865039999918e-01 7.416465257709999870e-01 6.506326944610000274e-01 -5.601695853010000281e-01 3.141980013699999796e-01 4.102640076600000060e-03 -3.432506283189999952e-01 4.506288120379999679e-02
-9.353895002339999987e-02 4.726316500789999875e-01 -4.583768865039999918e-01 5.205456047069999537e-01 6.513055432440000292e-01 -5.601695853010000281e-01 3.141980013699999796e-01 4.102640076600000060e-03 -3.432506283189999952e-01 4.506288120379999679e-02
-9.353895002339999987e-02 4.741276649550000277e-01 -4.583768865039999918e-01 3.661000043309999841e-01 6.513055432440000292e-01 -5.601695853010000281e-01 3.141980013699999796e-01 4.102640076600000060e-03 -3.432506283189999952e-01 4.506288120379999679e-02
-9.353895002339999987e-02 4.741276649550000277e-01 -4.583768865039999918e-01 3.612228227209999809e-01 6.513055432440000292e-01 -5.601695853010000281e-01 3.141980013699999796e-01 4.102640076600000060e-03 -3.416249011160000237e-01 4.506288120379999679e-02
-9.412734078289999862e-02 4.741276649550000277e-01 -4.583768865039999918e-01 3.612228227209999809e-01 6.513055432440000292e-01 -5.601695853010000281e-01 3.141980013699999796e-01 4.102640076600000060e-03 -3.416249011160000237e-01 4.506288120379999679e-02
-9.353895002339999987e-02 4.726316500789999875e-01 -4.583768865039999918e-01 3.612228227209999809e-01 6.513055432440000292e-01 -5.601695853010000281e-01 3.141980013699999796e-01 4.102640076600000060e-03 -3.432506283189999952e-01 4.506288120379999679e-02
-9.412734078289999862e-02 4.741276649550000277e-01 -4.583768865039999918e-01 3.612228227209999809e-01 6.506326944610000274e-01 -5.601695853010000281e-01 3.141980013699999796e-01 4.102640076600000060e-03 -3.416249011160000237e-01 4.506288120379999679e-02
-9.177377774490000362e-02 4.741276649550000277e-01 -4.583768865039999918e-01 3.384626418760000033e-01 6.365027131539999772e-01 -5.601695853010000281e-01 3.141980013699999796e-01 4.102640076600000060e-03 -3.416249011160000237e-01 4.506288120379999679e-02
-6.706109149500000255e-02 4.741276649550000277e-01 -4.583768865039999918e-01 8.436482127049999349e-03 6.237184817009999716e-01 -5.601695853010000281e-01 3.141980013699999796e-01 4.102640076600000060e-03 -3.416249011160000237e-01 4.573572998670000223e-02
-6.764948225450000130e-02 4.741276649550000277e-01 -4.583768865039999918e-01 -2.533081243740000210e-01 6.237184817009999716e-01 -5.601695853010000281e-01 3.141980013699999796e-01 4.102640076600000060e-03 -3.432506283189999952e-01 4.573572998670000223e-02
-6.764948225450000130e-02 4.756236798299999791e-01 -4.583768865039999918e-01 -2.598110331869999956e-01 6.237184817009999716e-01 -5.601695853010000281e-01 3.141980013699999796e-01 4.102640076600000060e-03 -3.416249011160000237e-01 4.573572998670000223e-02
-6.764948225450000130e-02 4.756236798299999791e-01 -4.583768865039999918e-01 -2.598110331869999956e-01 5.833471364150000227e-01 -5.601695853010000281e-01 3.141980013699999796e-01 4.102640076600000060e-03 -3.432506283189999952e-01 4.506288120379999679e-02
-1.317847151919999960e-01 2.123225040929999918e-01 -3.577611521269999928e-01 5.233162197030000184e-02 1.009098530739999944e-01 -5.601695853010000281e-01 3.141980013699999796e-01 4.102640076600000060e-03 -3.416249011160000237e-01 4.640857876969999712e-02
-3.153644611620000093e-01 -1.302681575859999941e-01 -1.812421867210000093e-01 3.368369146719999985e-01 -2.962406574289999997e-02 -5.601695853010000281e-01 3.141980013699999796e-01 4.102640076600000060e-03 -3.416249011160000237e-01 4.708142755260000256e-02
-4.930601623609999762e-01 -2.843590848420000095e-01 -3.120107984430000106e-02 3.498427322989999810e-01 -3.096976330880000031e-02 -5.601695853010000281e-01 3.201820608720000183e-01 4.102640076600000060e-03 -3.383734467089999920e-01 4.640857876969999712e-02
-5.601373490959999923e-01 -3.038075107379999973e-01 -3.546439796939999858e-03 3.482170050949999762e-01 -3.164261209170000227e-02 -5.601695853010000281e-01 3.112059716200000214e-01 4.102640076600000060e-03 -3.399991739120000189e-01 4.708142755260000256e-02
