-5.601373490959999923e-01 -3.038075107379999973e-01 -2.958049037439999807e-03 3.449655506889999779e-01 -3.164261209170000227e-02 -5.607579760599999963e-01 3.201820608720000183e-01 4.102640076600000060e-03 -3.416249011160000237e-01 4.573572998670000223e-02
-5.595489583360000463e-01 -4.549066407599999806e-01 -2.958049037439999807e-03 5.091655142840000314e-01 2.166409940890000052e-01 -5.607579760599999963e-01 3.171900311210000267e-01 4.102640076600000060e-03 -3.432506283189999952e-01 4.640857876969999712e-02
-4.724662571530000021e-01 -4.788428787649999796e-01 -2.958049037439999807e-03 7.579043031590000368e-01 4.245532549839999836e-01 -5.607579760599999963e-01 3.156940162460000199e-01 4.102640076600000060e-03 -3.399991739120000189e-01 4.640857876969999712e-02
-3.135991974330000209e-01 -4.908114628010000202e-01 -3.546439796939999858e-03 7.644072119720000114e-01 4.319546961729999746e-01 -5.607579760599999963e-01 3.141980013699999796e-01 4.102640076600000060e-03 -3.416249011160000237e-01 4.573572998670000223e-02
-1.259007161469999914e-01 -4.893154479260000134e-01 -3.546439796939999858e-03 7.627814847689999844e-01 4.319546961729999746e-01 -5.613463668200000534e-01 3.141980013699999796e-01 4.102640076600000060e-03 -3.399991739120000189e-01 4.573572998670000223e-02
6.473971893690000368e-02 -4.773468638899999728e-01 -3.546439796939999858e-03 7.595300303619999527e-01 4.333003937389999782e-01 -5.607579760599999963e-01 3.141980013699999796e-01 4.102640076600000060e-03 -3.399991739120000189e-01 4.573572998670000223e-02
2.159576073330000123e-01 -4.489225812589999753e-01 -4.134830556449999722e-03 7.514013943459999512e-01 4.333003937389999782e-01 -5.607579760599999963e-01 3.141980013699999796e-01 4.102640076600000060e-03 -3.399991739120000189e-01 4.573572998670000223e-02
3.171618239199999745e-01 -4.504185961350000156e-01 9.398248362359999317e-03 7.497751617879999664e-01 4.333003937389999782e-01 -5.607579760599999963e-01 3.141980013699999796e-01 4.102640076600000060e-03 -3.399991739120000189e-01 4.573572998670000223e-02
3.495236814930000047e-01 -4.593946853859999790e-01 1.704741968610000089e-02 7.611557575659999575e-01 4.353189400879999837e-01 -5.607579760599999963e-01 3.141980013699999796e-01 4.102640076600000060e-03 -3.399991739120000189e-01 4.573572998670000223e-02
3.571727613669999912e-01 -4.623867151370000261e-01 1.763581044559999964e-02 7.611557575659999575e-01 4.346460913049999819e-01 -5.607579760599999963e-01 3.141980013699999796e-01 4.102640076600000060e-03 -3.399991739120000189e-01 4.573572998670000223e-02
3.571727613669999912e-01 -4.623867151370000261e-01 1.763581044559999964e-02 7.611557575659999575e-01 4.346460913049999819e-01 -5.607579760599999963e-01 3.141980013699999796e-01 4.102640076600000060e-03 -3.399991739120000189e-01 4.573572998670000223e-02
3.571727613669999912e-01 -4.623867151370000261e-01 1.704741968610000089e-02 7.611557575659999575e-01 4.346460913049999819e-01 -5.613463668200000534e-01 3.141980013699999796e-01 4.102640076600000060e-03 -3.416249011160000237e-01 4.573572998670000223e-02
3.571727613669999912e-01 -4.623867151370000261e-01 1.704741968610000089e-02 7.611557575659999575e-01 4.353189400879999837e-01 -5.607579760599999963e-01 3.141980013699999796e-01 4.102640076600000060e-03 -3.399991739120000189e-01 4.573572998670000223e-02
3.565843706080000231e-01 -2.918393917350000089e-01 2.528498176940000008e-02 7.644072119720000114e-01 3.633234928499999850e-01 -5.607579760599999963e-01 3.141980013699999796e-01 4.102640076600000060e-03 -3.416249011160000237e-01 4.573572998670000223e-02
3.559959798480000215e-01 -1.153077763160000047e-01 2.587337252889999883e-02 7.644072119720000114e-01 3.633234928499999850e-01 -5.613463668200000534e-01 3.141980013699999796e-01 4.102640076600000060e-03 -3.399991739120000189e-01 4.640857876969999712e-02
3.559959798480000215e-01 -1.138117614400000061e-01 2.587337252889999883e-02 7.709101207849999859e-01 3.633234928499999850e-01 -5.613463668200000534e-01 3.141980013699999796e-01 4.102640076600000060e-03 -3.399991739120000189e-01 4.573572998670000223e-02
3.559959798480000215e-01 -1.138117614400000061e-01 2.587337252889999883e-02 7.709101207849999859e-01 3.633234928499999850e-01 -5.607579760599999963e-01 3.141980013699999796e-01 4.102640076600000060e-03 -3.399991739120000189e-01 4.573572998670000223e-02
3.554075890889999978e-01 -1.123157465649999992e-01 2.587337252889999883e-02 7.709101207849999859e-01 3.633234928499999850e-01 -5.607579760599999963e-01 3.141980013699999796e-01 4.102640076600000060e-03 -3.399991739120000189e-01 4.573572998670000223e-02
3.559959798480000215e-01 -1.138117614400000061e-01 2.587337252889999883e-02 7.709101207849999859e-01 3.633234928499999850e-01 -5.607579760599999963e-01 3.141980013699999796e-01 4.102640076600000060e-03 -3.399991739120000189e-01 4.573572998670000223e-02
3.559959798480000215e-01 -1.138117614400000061e-01 2.587337252889999883e-02 7.709101207849999859e-01 3.633234928499999850e-01 -5.613463668200000534e-01 3.141980013699999796e-01 4.102640076600000060e-03 -3.399991739120000189e-01 4.573572998670000223e-02
3.559959798480000215e-01 -1.138117614400000061e-01 2.587337252889999883e-02 7.709101207849999859e-01 3.633234928499999850e-01 -5.607579760599999963e-01 3.141980013699999796e-01 4.102640076600000060e-03 -3.399991739120000189e-01 4.573572998670000223e-02
3.559959798480000215e-01 -1.123157465649999992e-01 2.587337252889999883e-02 7.709101207849999859e-01 3.633234928499999850e-01 -5.607579760599999963e-01 3.141980013699999796e-01 4.102640076600000060e-03 -3.399991739120000189e-01 4.573572998670000223e-02
3.559959798480000215e-01 -1.123157465649999992e-01 2.587337252889999883e-02 7.709101207849999859e-01 3.633234928499999850e-01 -5.607579760599999963e-01 3.141980013699999796e-01 4.102640076600000060e-03 -3.416249011160000237e-01 4.573572998670000223e-02
3.136313879129999926e-01 4.925525506759999977e-02 1.116342064090000002e-02 5.384286039429999615e-01 3.592862955750000253e-01 -5.607579760599999963e-01 3.156940162460000199e-01 4.102640076600000060e-03 -3.383734467089999920e-01 4.506288120379999679e-02
2.853883571060000235e-01 1.150806071310000039e-01 1.822420120509999839e-02 2.961932292359999996e-01 3.592862955750000253e-01 -5.607579760599999963e-01 3.141980013699999796e-01 4.102640076600000060e-03 -3.399991739120000189e-01 4.640857876969999712e-02
2.853883571060000235e-01 1.225606815079999939e-01 1.822420120509999839e-02 2.701810886279999990e-01 3.592862955750000253e-01 -5.613463668200000534e-01 3.141980013699999796e-01 4.102640076600000060e-03 -3.399991739120000189e-01 4.640857876969999712e-02
2.853883571060000235e-01 1.225606815079999939e-01 1.822420120509999839e-02 2.701810886279999990e-01 3.592862955750000253e-01 -5.607579760599999963e-01 3.141980013699999796e-01 4.102640076600000060e-03 -3.399991739120000189e-01 4.640857876969999712e-02
2.853883571060000235e-01 1.225606815079999939e-01 1.822420120509999839e-02 2.701810886279999990e-01 3.592862955750000253e-01 -5.607579760599999963e-01 3.141980013699999796e-01 4.102640076600000060e-03 -3.399991739120000189e-01 4.640857876969999712e-02
2.853883571060000235e-01 1.225606815079999939e-01 1.822420120509999839e-02 2.701810886279999990e-01 3.592862955750000253e-01 -5.607579760599999963e-01 3.141980013699999796e-01 4.102640076600000060e-03 -3.399991739120000189e-01 4.640857876969999712e-02
2.853883571060000235e-01 1.165766220059999969e-01 2.763854480739999855e-02 2.718068158320000038e-01 4.117690235309999780e-01 -5.607579760599999963e-01 3.141980013699999796e-01 4.102640076600000060e-03 -3.399991739120000189e-01 4.640857876969999712e-02
3.348137296049999989e-01 -2.319980991729999886e-01 3.705288840970000219e-02 6.733654778790000295e-01 4.326275449559999764e-01 -5.613463668200000534e-01 3.141980013699999796e-01 4.102640076600000060e-03 -3.399991739120000189e-01 4.640857876969999712e-02
3.565843706080000231e-01 -4.354579823479999834e-01 2.175454576220000116e-02 7.644072119720000114e-01 4.326275449559999764e-01 -5.607579760599999963e-01 3.141980013699999796e-01 4.102640076600000060e-03 -3.399991739120000189e-01 4.640857876969999712e-02
3.565843706080000231e-01 -4.623867151370000261e-01 1.998937348360000157e-02 7.676586663790000431e-01 4.326275449559999764e-01 -5.613463668200000534e-01 3.141980013699999796e-01 4.102640076600000060e-03 -3.399991739120000189e-01 4.640857876969999712e-02
3.571727613669999912e-01 -4.623867151370000261e-01 1.998937348360000157e-02 7.676586663790000431e-01 4.084047796160000243e-01 -5.613463668200000534e-01 3.141980013699999796e-01 4.102640076600000060e-03 -3.399991739120000189e-01 4.640857876969999712e-02
3.183386054389999997e-01 -3.202639068829999935e-01 2.116615500259999907e-02 4.343810522239999750e-01 7.383035627510000157e-03 -5.607579760599999963e-01 3.141980013699999796e-01 4.102640076600000060e-03 -3.416249011160000237e-01 4.708142755260000256e-02
2.265487324540000069e-01 -3.038075107379999973e-01 -6.044859994279999779e-04 3.335849549109999868e-01 -2.895121695990000160e-02 -5.607579760599999963e-01 3.141980013699999796e-01 4.102640076600000060e-03 -3.399991739120000189e-01 4.640857876969999712e-02
6.591650045590000118e-02 -3.038075107379999973e-01 -6.488485044690000397e-03 3.335849549109999868e-01 -2.895121695990000160e-02 -5.607579760599999963e-01 3.141980013699999796e-01 4.102640076600000060e-03 -3.399991739120000189e-01 4.640857876969999712e-02
-1.276659798750000019e-01 -3.038075107379999973e-01 -5.311703525679999614e-03 3.352111874690000271e-01 -2.962406574289999997e-02 -5.607579760599999963e-01 3.141980013699999796e-01 4.102640076600000060e-03 -3.399991739120000189e-01 4.708142755260000256e-02
