-5.601373490959999923e-01 -3.023114958620000126e-01 -4.134830556449999722e-03 3.482170050949999762e-01 -3.164261209170000227e-02 -5.607579760599999963e-01 3.201820608720000183e-01 4.691030836099999678e-03 -3.399991739120000189e-01 4.640857876969999712e-02
-5.595489583360000463e-01 -4.414425068830000187e-01 -3.546439796939999858e-03 4.295038706140000273e-01 1.601211734359999916e-01 -5.613463668200000534e-01 3.201820608720000183e-01 4.691030836099999678e-03 -3.399991739120000189e-01 4.640857876969999712e-02
-4.712894756339999769e-01 -4.743548341389999812e-01 -3.546439796939999858e-03 7.530271215489999781e-01 4.238804062009999818e-01 -5.613463668200000534e-01 3.141980013699999796e-01 4.691030836099999678e-03 -3.399991739120000189e-01 4.573572998670000223e-02
-3.130108066730000194e-01 -4.893154479260000134e-01 -2.958049037439999807e-03 7.530271215489999781e-01 4.319546961729999746e-01 -5.613463668200000534e-01 3.141980013699999796e-01 4.691030836099999678e-03 -3.399991739120000189e-01 4.640857876969999712e-02
-1.241355438680000062e-01 -4.893154479260000134e-01 -3.546439796939999858e-03 7.514013943459999512e-01 4.326275449559999764e-01 -5.613463668200000534e-01 3.141980013699999796e-01 4.691030836099999678e-03 -3.399991739120000189e-01 4.640857876969999712e-02
6.062089217009999920e-02 -4.803388936399999865e-01 -4.134830556449999722e-03 7.481494345850000505e-01 4.326275449559999764e-01 -5.613463668200000534e-01 3.141980013699999796e-01 4.691030836099999678e-03 -3.399991739120000189e-01 4.640857876969999712e-02
2.159576073330000123e-01 -4.444345366329999769e-01 -3.546439796939999858e-03 7.432722529749999918e-01 4.339732425219999801e-01 -5.613463668200000534e-01 3.141980013699999796e-01 4.691030836099999678e-03 -3.399991739120000189e-01 4.640857876969999712e-02
3.189269961980000234e-01 -4.444345366329999769e-01 9.398248362359999317e-03 7.416465257709999870e-01 4.339732425219999801e-01 -5.613463668200000534e-01 3.141980013699999796e-01 4.691030836099999678e-03 -3.399991739120000189e-01 4.640857876969999712e-02
3.507004630119999744e-01 -4.593946853859999790e-01 1.704741968610000089e-02 7.546528487529999829e-01 4.353189400879999837e-01 -5.613463668200000534e-01 3.141980013699999796e-01 4.691030836099999678e-03 -3.399991739120000189e-01 4.640857876969999712e-02
3.542308075699999725e-01 -4.593946853859999790e-01 1.704741968610000089e-02 7.546528487529999829e-01 4.353189400879999837e-01 -5.613463668200000534e-01 3.141980013699999796e-01 4.691030836099999678e-03 -3.399991739120000189e-01 4.640857876969999712e-02
3.542308075699999725e-01 -4.593946853859999790e-01 1.704741968610000089e-02 7.562785759560000098e-01 4.353189400879999837e-01 -5.613463668200000534e-01 3.141980013699999796e-01 4.691030836099999678e-03 -3.399991739120000189e-01 4.640857876969999712e-02
3.542308075699999725e-01 -4.593946853859999790e-01 1.704741968610000089e-02 7.562785759560000098e-01 4.353189400879999837e-01 -5.607579760599999963e-01 3.141980013699999796e-01 4.691030836099999678e-03 -3.399991739120000189e-01 4.640857876969999712e-02
3.542308075699999725e-01 -4.578986705110000277e-01 1.704741968610000089e-02 7.562785759560000098e-01 4.353189400879999837e-01 -5.613463668200000534e-01 3.141980013699999796e-01 5.279513045829999952e-03 -3.399991739120000189e-01 4.640857876969999712e-02
3.542308075699999725e-01 -2.873513471090000104e-01 2.469659100990000133e-02 7.644072119720000114e-01 3.633234928499999850e-01 -5.613463668200000534e-01 3.141980013699999796e-01 4.691030836099999678e-03 -3.399991739120000189e-01 4.640857876969999712e-02
3.542308075699999725e-01 -1.078277019390000008e-01 2.587337252889999883e-02 7.660329391760000162e-01 3.639963416329999868e-01 -5.607579760599999963e-01 3.141980013699999796e-01 4.691030836099999678e-03 -3.399991739120000189e-01 4.640857876969999712e-02
3.542308075699999725e-01 -1.093237168149999994e-01 2.587337252889999883e-02 7.692843935819999590e-01 3.633234928499999850e-01 -5.607579760599999963e-01 3.141980013699999796e-01 4.691030836099999678e-03 -3.399991739120000189e-01 4.640857876969999712e-02
3.542308075699999725e-01 -1.093237168149999994e-01 2.587337252889999883e-02 7.725358479889999908e-01 3.633234928499999850e-01 -5.613463668200000534e-01 3.141980013699999796e-01 4.691030836099999678e-03 -3.399991739120000189e-01 4.640857876969999712e-02
3.542308075699999725e-01 -1.078277019390000008e-01 2.587337252889999883e-02 7.725358479889999908e-01 3.639963416329999868e-01 -5.607579760599999963e-01 3.141980013699999796e-01 4.691030836099999678e-03 -3.399991739120000189e-01 4.640857876969999712e-02
3.542308075699999725e-01 -1.093237168149999994e-01 2.587337252889999883e-02 7.709101207849999859e-01 3.639963416329999868e-01 -5.607579760599999963e-01 3.141980013699999796e-01 4.691030836099999678e-03 -3.399991739120000189e-01 4.640857876969999712e-02
3.542308075699999725e-01 -1.078277019390000008e-01 2.587337252889999883e-02 7.725358479889999908e-01 3.639963416329999868e-01 -5.613463668200000534e-01 3.141980013699999796e-01 4.691030836099999678e-03 -3.399991739120000189e-01 4.640857876969999712e-02
3.542308075699999725e-01 -1.093237168149999994e-01 2.587337252889999883e-02 7.725358479889999908e-01 3.639963416329999868e-01 -5.613463668200000534e-01 3.141980013699999796e-01 4.691030836099999678e-03 -3.399991739120000189e-01 4.640857876969999712e-02
3.542308075699999725e-01 -1.093237168149999994e-01 2.587337252889999883e-02 7.709101207849999859e-01 3.639963416329999868e-01 -5.607579760599999963e-01 3.141980013699999796e-01 4.691030836099999678e-03 -3.399991739120000189e-01 4.640857876969999712e-02
3.542308075699999725e-01 -1.093237168149999994e-01 2.587337252889999883e-02 7.709101207849999859e-01 3.633234928499999850e-01 -5.613463668200000534e-01 3.141980013699999796e-01 4.691030836099999678e-03 -3.399991739120000189e-01 4.640857876969999712e-02
3.083358710770000011e-01 4.327119556649999810e-02 1.116342064090000002e-02 5.335514223330000139e-01 3.592862955750000253e-01 -5.613463668200000534e-01 3.156940162460000199e-01 4.691030836099999678e-03 -3.399991739120000189e-01 4.506288120379999679e-02
2.842115755869999982e-01 1.150806071310000039e-01 1.881259196460000060e-02 2.961932292359999996e-01 3.586134467920000235e-01 -5.613463668200000534e-01 3.141980013699999796e-01 4.691030836099999678e-03 -3.399991739120000189e-01 4.640857876969999712e-02
2.836231848269999967e-01 1.255529437750000088e-01 1.881259196460000060e-02 2.685553614250000276e-01 3.586134467920000235e-01 -5.613463668200000534e-01 3.141980013699999796e-01 4.691030836099999678e-03 -3.399991739120000189e-01 4.640857876969999712e-02
2.836231848269999967e-01 1.255529437750000088e-01 1.881259196460000060e-02 2.685553614250000276e-01 3.586134467920000235e-01 -5.607579760599999963e-01 3.141980013699999796e-01 4.691030836099999678e-03 -3.399991739120000189e-01 4.640857876969999712e-02
2.836231848269999967e-01 1.255529437750000088e-01 1.881259196460000060e-02 2.685553614250000276e-01 3.586134467920000235e-01 -5.607579760599999963e-01 3.141980013699999796e-01 4.691030836099999678e-03 -3.399991739120000189e-01 4.640857876969999712e-02
2.836231848269999967e-01 1.270489586499999879e-01 1.822420120509999839e-02 2.685553614250000276e-01 3.586134467920000235e-01 -5.607579760599999963e-01 3.141980013699999796e-01 4.691030836099999678e-03 -3.399991739120000189e-01 4.640857876969999712e-02
2.836231848269999967e-01 1.165766220059999969e-01 2.763854480739999855e-02 2.718068158320000038e-01 4.117690235309999780e-01 -5.613463668200000534e-01 3.141980013699999796e-01 4.691030836099999678e-03 -3.399991739120000189e-01 4.640857876969999712e-02
3.336369480859999737e-01 -2.230220099209999918e-01 3.764127916920000094e-02 6.684882962689999708e-01 4.326275449559999764e-01 -5.613463668200000534e-01 3.141980013699999796e-01 4.691030836099999678e-03 -3.399991739120000189e-01 4.640857876969999712e-02
3.565843706080000231e-01 -4.369539972229999902e-01 2.057776424310000032e-02 7.644072119720000114e-01 4.333003937389999782e-01 -5.613463668200000534e-01 3.141980013699999796e-01 4.691030836099999678e-03 -3.399991739120000189e-01 4.640857876969999712e-02
3.571727613669999912e-01 -4.608907002620000193e-01 1.998937348360000157e-02 7.644072119720000114e-01 4.333003937389999782e-01 -5.613463668200000534e-01 3.141980013699999796e-01 4.691030836099999678e-03 -3.399991739120000189e-01 4.640857876969999712e-02
3.565843706080000231e-01 -4.549066407599999806e-01 2.057776424310000032e-02 7.497751617879999664e-01 3.572677492269999977e-01 -5.613463668200000534e-01 3.141980013699999796e-01 4.691030836099999678e-03 -3.399991739120000189e-01 4.640857876969999712e-02
3.083358710770000011e-01 -2.978234512360000141e-01 1.645902892659999867e-02 4.132465985809999909e-01 -1.364103127879999966e-03 -5.607579760599999963e-01 3.141980013699999796e-01 4.691030836099999678e-03 -3.399991739120000189e-01 4.640857876969999712e-02
2.147808258139999871e-01 -3.008154809870000057e-01 -2.958049037439999807e-03 3.352111874690000271e-01 -2.827836817699999963e-02 -5.613463668200000534e-01 3.141980013699999796e-01 4.691030836099999678e-03 -3.399991739120000189e-01 4.640857876969999712e-02
3.943864192760000026e-02 -3.008154809870000057e-01 -6.488485044690000397e-03 3.352111874690000271e-01 -2.895121695990000160e-02 -5.613463668200000534e-01 3.141980013699999796e-01 4.691030836099999678e-03 -3.399991739120000189e-01 4.640857876969999712e-02
-1.535553561939999867e-01 -3.023114958620000126e-01 -5.900094285180000099e-03 3.368369146719999985e-01 -2.962406574289999997e-02 -5.613463668200000534e-01 3.141980013699999796e-01 4.691030836099999678e-03 -3.399991739120000189e-01 4.708142755260000256e-02
