-5.613141306150000176e-01 -3.202639068829999935e-01 -1.781267518430000108e-03 3.465912778920000048e-01 -3.366115844059999751e-02 -5.625231483389999676e-01 3.216780757470000252e-01 3.514249317100000009e-03 -3.399991739120000189e-01 4.640857876969999712e-02
-5.613141306150000176e-01 -3.202639068829999935e-01 6.764948225450000130e-02 2.425437261729999905e-01 1.789611485120000123e-01 -5.625231483389999676e-01 3.216780757470000252e-01 4.102640076600000060e-03 -3.399991739120000189e-01 4.573572998670000223e-02
-4.812922099949999977e-01 -3.217599217580000004e-01 1.829751685200000089e-01 2.327893629530000119e-01 6.223727841349999679e-01 -5.619347575790000215e-01 3.216780757470000252e-01 3.514249317100000009e-03 -3.416249011160000237e-01 4.573572998670000223e-02
-3.324278846370000151e-01 -3.187678920070000088e-01 1.882707768059999898e-01 2.279116759879999954e-01 6.553426882299999701e-01 -5.625231483389999676e-01 3.201820608720000183e-01 3.514249317100000009e-03 -3.399991739120000189e-01 4.573572998670000223e-02
-1.429642310729999921e-01 -3.157758622569999951e-01 1.882707768059999898e-01 2.132801311589999915e-01 6.553426882299999701e-01 -5.619347575790000215e-01 3.201820608720000183e-01 4.102640076600000060e-03 -3.399991739120000189e-01 4.573572998670000223e-02
5.002976704880000153e-02 -3.023114958620000126e-01 1.882707768059999898e-01 2.132801311589999915e-01 6.560155370129999719e-01 -5.625231483389999676e-01 3.201820608720000183e-01 4.102640076600000060e-03 -3.416249011160000237e-01 4.573572998670000223e-02
2.265487324540000069e-01 -2.544385548190000179e-01 1.882707768059999898e-01 2.132801311589999915e-01 6.560155370129999719e-01 -5.619347575790000215e-01 3.186860459959999781e-01 3.514249317100000009e-03 -3.416249011160000237e-01 4.573572998670000223e-02
3.430512002389999870e-01 -2.529425399440000111e-01 1.953315573699999919e-01 2.132801311589999915e-01 6.560155370129999719e-01 -5.625231483389999676e-01 3.186860459959999781e-01 4.102640076600000060e-03 -3.416249011160000237e-01 4.573572998670000223e-02
4.095400876640000187e-01 -2.828630699670000026e-01 2.247513696959999863e-01 2.262859487849999962e-01 6.082428028270000508e-01 -5.625231483389999676e-01 3.186860459959999781e-01 3.514249317100000009e-03 -3.399991739120000189e-01 4.573572998670000223e-02
4.395481992990000197e-01 -5.097867164449999822e-02 3.630245699319999964e-01 2.246602215819999970e-01 2.105853550419999887e-01 -5.619347575790000215e-01 3.186860459959999781e-01 4.102640076600000060e-03 -3.399991739120000189e-01 4.573572998670000223e-02
4.401365900590000213e-01 3.215327525730000136e-01 3.947979452959999858e-01 2.360408173599999881e-01 1.903996823989999865e-01 -5.625231483389999676e-01 3.186860459959999781e-01 4.102640076600000060e-03 -3.399991739120000189e-01 4.573572998670000223e-02
4.407249808179999895e-01 4.905840611000000240e-01 3.912676007390000210e-01 2.425437261729999905e-01 1.897268336169999903e-01 -5.625231483389999676e-01 3.186860459959999781e-01 3.514249317100000009e-03 -3.399991739120000189e-01 4.573572998670000223e-02
4.407249808179999895e-01 4.860960164740000256e-01 3.883255554919999852e-01 2.441694533759999897e-01 1.897268336169999903e-01 -5.619347575790000215e-01 3.186860459959999781e-01 4.102640076600000060e-03 -3.399991739120000189e-01 4.573572998670000223e-02
4.407249808179999895e-01 4.860960164740000256e-01 3.883255554919999852e-01 2.425437261729999905e-01 1.897268336169999903e-01 -5.619347575790000215e-01 3.201820608720000183e-01 4.102640076600000060e-03 -3.399991739120000189e-01 4.573572998670000223e-02
4.407249808179999895e-01 4.860960164740000256e-01 3.883255554919999852e-01 2.425437261729999905e-01 1.897268336169999903e-01 -5.625231483389999676e-01 3.186860459959999781e-01 4.102640076600000060e-03 -3.399991739120000189e-01 4.573572998670000223e-02
4.407249808179999895e-01 4.172786346599999807e-01 3.883255554919999852e-01 2.457951805789999888e-01 1.883811360509999866e-01 -5.625231483389999676e-01 3.186860459959999781e-01 4.102640076600000060e-03 -3.399991739120000189e-01 4.573572998670000223e-02
4.407249808179999895e-01 4.127905900339999823e-01 3.883255554919999852e-01 2.474209077829999937e-01 1.883811360509999866e-01 -5.619347575790000215e-01 3.186860459959999781e-01 3.514249317100000009e-03 -3.416249011160000237e-01 4.573572998670000223e-02
4.407249808179999895e-01 4.083023128909999966e-01 3.883255554919999852e-01 2.457951805789999888e-01 1.883811360509999866e-01 -5.625231483389999676e-01 3.186860459959999781e-01 4.102640076600000060e-03 -3.399991739120000189e-01 4.573572998670000223e-02
4.407249808179999895e-01 4.083023128909999966e-01 3.883255554919999852e-01 2.474209077829999937e-01 1.883811360509999866e-01 -5.625231483389999676e-01 3.186860459959999781e-01 3.514249317100000009e-03 -3.416249011160000237e-01 4.573572998670000223e-02
4.407249808179999895e-01 4.083023128909999966e-01 3.883255554919999852e-01 2.457951805789999888e-01 1.883811360509999866e-01 -5.625231483389999676e-01 3.186860459959999781e-01 3.514249317100000009e-03 -3.399991739120000189e-01 4.573572998670000223e-02
4.401365900590000213e-01 3.349968864510000088e-01 3.377234929230000238e-01 2.620524526119999975e-01 3.962933969460000205e-01 -5.619347575790000215e-01 3.186860459959999781e-01 3.514249317100000009e-03 -3.399991739120000189e-01 4.573572998670000223e-02
4.077749153860000253e-01 -9.089790102469999869e-03 2.324005410199999899e-01 3.222048644880000090e-01 6.465955494749999755e-01 -5.619347575790000215e-01 3.186860459959999781e-01 3.514249317100000009e-03 -3.416249011160000237e-01 4.573572998670000223e-02
4.130704322209999835e-01 -2.679029212140000005e-01 2.041575102129999930e-01 3.173276828780000058e-01 6.149713429449999991e-01 -5.625231483389999676e-01 3.186860459959999781e-01 3.514249317100000009e-03 -3.399991739120000189e-01 4.573572998670000223e-02
3.554075890889999978e-01 -3.187678920070000088e-01 7.471026281879999953e-02 3.465912778920000048e-01 1.190769793680000049e-01 -5.625231483389999676e-01 3.186860459959999781e-01 4.102640076600000060e-03 -3.416249011160000237e-01 4.573572998670000223e-02
2.853883571060000235e-01 -3.187678920070000088e-01 9.986639121859999801e-03 3.465912778920000048e-01 -2.087692698749999895e-02 -5.625231483389999676e-01 3.186860459959999781e-01 4.102640076600000060e-03 -3.399991739120000189e-01 4.573572998670000223e-02
1.482920298379999946e-01 -3.067995404880000110e-01 -7.665266563689999632e-03 3.449655506889999779e-01 -2.827836817699999963e-02 -5.619347575790000215e-01 3.186860459959999781e-01 4.102640076600000060e-03 -3.416249011160000237e-01 4.573572998670000223e-02
