-5.589605675769999671e-01 -3.202639068829999935e-01 -2.369658277940000189e-03 3.465912778920000048e-01 -2.962406574289999997e-02 -5.601695853010000281e-01 3.171900311210000267e-01 4.102640076600000060e-03 -3.399991739120000189e-01 4.573572998670000223e-02
-5.595489583360000463e-01 -3.202639068829999935e-01 -2.369658277940000189e-03 3.465912778920000048e-01 -2.895121695990000160e-02 -5.325148538030000100e-01 1.586108267219999979e-01 5.529318485470000044e-02 -1.400329591679999874e-01 -2.779076719229999770e-01
-5.595489583360000463e-01 -3.202639068829999935e-01 -2.369658277940000189e-03 3.465912778920000048e-01 -2.962406574289999997e-02 -3.654102320000000015e-01 -2.139003649790000017e-01 2.129834630549999885e-01 2.257591990529999870e-01 -5.988596787009999867e-01
-5.595489583360000463e-01 -3.217599217580000004e-01 -2.369658277940000189e-03 3.465912778920000048e-01 -2.962406574289999997e-02 -1.771234514049999931e-01 -4.457849958180000183e-01 3.853836016939999887e-01 2.712800660990000168e-01 -6.102981080110000400e-01
-5.595489583360000463e-01 -3.202639068829999935e-01 -2.369658277940000189e-03 3.465912778920000048e-01 -2.895121695990000160e-02 -7.474245329869999566e-02 -4.637374068389999993e-01 4.518723976690000033e-01 2.745315205059999930e-01 -6.102981080110000400e-01
-5.595489583360000463e-01 -3.202639068829999935e-01 -2.369658277940000189e-03 3.465912778920000048e-01 -2.962406574289999997e-02 -6.768167273439999743e-02 -4.667294365890000130e-01 4.536375699479999746e-01 2.810346819969999910e-01 -6.102981080110000400e-01
-5.595489583360000463e-01 -3.202639068829999935e-01 -2.369658277940000189e-03 3.465912778920000048e-01 -2.895121695990000160e-02 -6.768167273439999743e-02 -4.667294365890000130e-01 4.536375699479999746e-01 2.810346819969999910e-01 -6.102981080110000400e-01
-5.595489583360000463e-01 -3.202639068829999935e-01 -2.369658277940000189e-03 3.465912778920000048e-01 -2.962406574289999997e-02 -6.768167273439999743e-02 -4.667294365890000130e-01 4.536375699479999746e-01 2.794089547929999862e-01 -6.102981080110000400e-01
-5.595489583360000463e-01 -3.202639068829999935e-01 -2.369658277940000189e-03 3.465912778920000048e-01 -2.962406574289999997e-02 -6.768167273439999743e-02 -4.667294365890000130e-01 4.536375699479999746e-01 2.794089547929999862e-01 -6.102981080110000400e-01
-5.595489583360000463e-01 -3.202639068829999935e-01 -2.369658277940000189e-03 3.465912778920000048e-01 -2.895121695990000160e-02 -6.768167273439999743e-02 -4.667294365890000130e-01 4.536375699479999746e-01 2.810346819969999910e-01 -6.102981080110000400e-01
-5.595489583360000463e-01 -3.202639068829999935e-01 -2.369658277940000189e-03 3.465912778920000048e-01 -2.895121695990000160e-02 -6.768167273439999743e-02 -4.667294365890000130e-01 4.536375699479999746e-01 2.810346819969999910e-01 -6.096252592290000161e-01
-5.595489583360000463e-01 -3.202639068829999935e-01 -2.369658277940000189e-03 3.465912778920000048e-01 -2.895121695990000160e-02 -6.768167273439999743e-02 -4.667294365890000130e-01 4.536375699479999746e-01 2.810346819969999910e-01 -6.102981080110000400e-01
-5.595489583360000463e-01 -3.202639068829999935e-01 -2.369658277940000189e-03 3.465912778920000048e-01 -2.895121695990000160e-02 -6.768167273439999743e-02 -4.667294365890000130e-01 4.536375699479999746e-01 2.810346819969999910e-01 -6.358667800720000374e-01
-5.589605675769999671e-01 -3.202639068829999935e-01 -2.369658277940000189e-03 3.465912778920000048e-01 -2.895121695990000160e-02 -8.474518766039999818e-02 -4.667294365890000130e-01 4.536375699479999746e-01 5.505632664460000103e-02 -6.533608484280000184e-01
-5.595489583360000463e-01 -3.202639068829999935e-01 -2.369658277940000189e-03 3.465912778920000048e-01 -2.962406574289999997e-02 -8.474518766039999818e-02 -4.667294365890000130e-01 4.542259607069999983e-01 -3.806428593489999956e-01 -6.540336972110000202e-01
-5.595489583360000463e-01 -3.202639068829999935e-01 -2.369658277940000189e-03 3.465912778920000048e-01 -2.962406574289999997e-02 -8.474518766039999818e-02 -4.667294365890000130e-01 4.554027879520000099e-01 -6.927855145069999887e-01 -6.540336972110000202e-01
-5.595489583360000463e-01 -3.202639068829999935e-01 -2.369658277940000189e-03 3.465912778920000048e-01 -2.895121695990000160e-02 -8.474518766039999818e-02 -4.682254514649999977e-01 4.554027879520000099e-01 -7.448092903659999653e-01 -6.547065459940000220e-01
-5.595489583360000463e-01 -3.202639068829999935e-01 -2.369658277940000189e-03 3.465912778920000048e-01 -2.895121695990000160e-02 -8.474518766039999818e-02 -4.682254514649999977e-01 4.554027879520000099e-01 -7.464350175699999701e-01 -6.540336972110000202e-01
-5.595489583360000463e-01 -3.202639068829999935e-01 -2.369658277940000189e-03 3.465912778920000048e-01 -2.895121695990000160e-02 -8.474518766039999818e-02 -4.667294365890000130e-01 4.554027879520000099e-01 -7.464350175699999701e-01 -6.540336972110000202e-01
-5.595489583360000463e-01 -3.202639068829999935e-01 -2.369658277940000189e-03 3.465912778920000048e-01 -2.895121695990000160e-02 -8.474518766039999818e-02 -4.667294365890000130e-01 4.554027879520000099e-01 -7.464350175699999701e-01 -6.540336972110000202e-01
-5.595489583360000463e-01 -3.202639068829999935e-01 -2.369658277940000189e-03 3.465912778920000048e-01 -2.895121695990000160e-02 -8.474518766039999818e-02 -4.667294365890000130e-01 4.554027879520000099e-01 -7.448092903659999653e-01 -6.540336972110000202e-01
-5.595489583360000463e-01 -3.202639068829999935e-01 -2.369658277940000189e-03 3.465912778920000048e-01 -2.962406574289999997e-02 -8.474518766039999818e-02 -4.682254514649999977e-01 4.554027879520000099e-01 -7.448092903659999653e-01 -6.540336972110000202e-01
-5.595489583360000463e-01 -3.202639068829999935e-01 -2.369658277940000189e-03 3.465912778920000048e-01 -2.895121695990000160e-02 -8.474518766039999818e-02 -4.682254514649999977e-01 4.554027879520000099e-01 -7.464350175699999701e-01 -6.547065459940000220e-01
-5.595489583360000463e-01 -3.202639068829999935e-01 -2.369658277940000189e-03 3.465912778920000048e-01 -2.962406574289999997e-02 -8.474518766039999818e-02 -4.682254514649999977e-01 4.554027879520000099e-01 -4.261636000569999916e-01 -6.547065459940000220e-01
-5.595489583360000463e-01 -3.202639068829999935e-01 -2.369658277940000189e-03 3.465912778920000048e-01 -2.962406574289999997e-02 -8.474518766039999818e-02 -4.667294365890000130e-01 4.554027879520000099e-01 -3.546309714190000184e-01 -6.547065459940000220e-01
-5.595489583360000463e-01 -3.202639068829999935e-01 -2.369658277940000189e-03 3.465912778920000048e-01 -2.962406574289999997e-02 -8.474518766039999818e-02 -4.682254514649999977e-01 4.554027879520000099e-01 -3.546309714190000184e-01 -6.547065459940000220e-01
-5.595489583360000463e-01 -3.202639068829999935e-01 -2.369658277940000189e-03 3.465912778920000048e-01 -2.962406574289999997e-02 -8.474518766039999818e-02 -4.682254514649999977e-01 4.554027879520000099e-01 -3.530052442159999915e-01 -6.547065459940000220e-01
-5.595489583360000463e-01 -3.202639068829999935e-01 -2.369658277940000189e-03 3.465912778920000048e-01 -2.895121695990000160e-02 -8.474518766039999818e-02 -4.682254514649999977e-01 4.554027879520000099e-01 -3.530052442159999915e-01 -6.547065459940000220e-01
-5.595489583360000463e-01 -3.202639068829999935e-01 -2.369658277940000189e-03 3.465912778920000048e-01 -2.895121695990000160e-02 -8.474518766039999818e-02 -4.682254514649999977e-01 4.554027879520000099e-01 -3.546309714190000184e-01 -6.547065459940000220e-01
-5.595489583360000463e-01 -3.217599217580000004e-01 -2.369658277940000189e-03 3.465912778920000048e-01 -2.962406574289999997e-02 -7.356567177959999482e-02 -4.712174812150000114e-01 4.554027879520000099e-01 -2.863496708489999820e-01 -6.237552928249999740e-01
-5.595489583360000463e-01 -3.217599217580000004e-01 -2.369658277940000189e-03 3.465912778920000048e-01 -2.962406574289999997e-02 -6.768167273439999743e-02 -4.727134960900000182e-01 4.554027879520000099e-01 9.732573928469999414e-02 -6.190453513439999611e-01
-5.595489583360000463e-01 -3.202639068829999935e-01 -2.369658277940000189e-03 3.465912778920000048e-01 -2.895121695990000160e-02 -6.768167273439999743e-02 -4.727134960900000182e-01 4.554027879520000099e-01 2.712800660990000168e-01 -6.190453513439999611e-01
-5.595489583360000463e-01 -3.202639068829999935e-01 -2.369658277940000189e-03 3.465912778920000048e-01 -2.895121695990000160e-02 -6.768167273439999743e-02 -4.727134960900000182e-01 4.554027879520000099e-01 2.794089547929999862e-01 -6.190453513439999611e-01
-5.595489583360000463e-01 -3.202639068829999935e-01 -2.369658277940000189e-03 3.465912778920000048e-01 -2.962406574289999997e-02 -6.768167273439999743e-02 -4.667294365890000130e-01 4.465768351089999810e-01 2.208820174430000116e-01 -4.912028276589999742e-01
-5.595489583360000463e-01 -3.202639068829999935e-01 -2.369658277940000189e-03 3.465912778920000048e-01 -2.895121695990000160e-02 -1.883029672859999892e-01 -1.540593049339999965e-01 3.177180242000000043e-01 -1.546645039969999913e-01 -1.751268307279999978e-02
-5.595489583360000463e-01 -3.217599217580000004e-01 -2.369658277940000189e-03 3.449655506889999779e-01 -2.962406574289999997e-02 -3.971836988140000080e-01 2.753011495789999818e-01 1.229587623489999948e-01 -3.221161746760000111e-01 4.102578850610000272e-02
-5.595489583360000463e-01 -3.127838325060000035e-01 -2.369658277940000189e-03 3.514684595020000080e-01 -2.962406574289999997e-02 -5.336916353220000353e-01 2.947495754750000252e-01 1.469385664810000068e-02 -3.399991739120000189e-01 4.506288120379999679e-02
-5.595489583360000463e-01 -3.172718771320000020e-01 -2.369658277940000189e-03 3.482170050949999762e-01 -2.895121695990000160e-02 -5.595811945409999710e-01 2.962455903499999765e-01 4.102640076600000060e-03 -3.399991739120000189e-01 4.506288120379999679e-02
