-5.595489583360000463e-01 -3.202639068829999935e-01 -2.958049037439999807e-03 3.465912778920000048e-01 -2.693256603399999879e-02 -5.589928037820000029e-01 2.812852090799999871e-01 4.691030836099999678e-03 -3.399991739120000189e-01 4.573572998670000223e-02
-5.595489583360000463e-01 -3.217599217580000004e-01 -2.958049037439999807e-03 3.449655506889999779e-01 -2.693256603399999879e-02 -5.501667594889999569e-01 4.563208096240000122e-01 4.102640076600000060e-03 -6.228784867340000364e-01 -3.411560849829999853e-01
-5.595489583360000463e-01 -3.187678920070000088e-01 -2.958049037439999807e-03 3.482170050949999762e-01 -2.693256603399999879e-02 -4.230730751330000206e-01 4.817532950210000053e-01 4.102640076600000060e-03 -7.610666887379999856e-01 -4.212259267699999810e-01
-5.595489583360000463e-01 -3.187678920070000088e-01 -2.958049037439999807e-03 3.465912778920000048e-01 -2.693256603399999879e-02 -2.783276679919999830e-01 4.847453247719999969e-01 4.102640076600000060e-03 -7.610666887379999856e-01 -4.286272633820000233e-01
-5.595489583360000463e-01 -3.187678920070000088e-01 -2.958049037439999807e-03 3.482170050949999762e-01 -2.693256603399999879e-02 -6.591650045590000118e-02 4.817532950210000053e-01 4.691030836099999678e-03 -7.610666887379999856e-01 -4.286272633820000233e-01
-5.595489583360000463e-01 -3.187678920070000088e-01 -2.958049037439999807e-03 3.465912778920000048e-01 -2.693256603399999879e-02 1.206051993109999998e-01 4.383683986040000091e-01 4.102640076600000060e-03 -7.594409615349999587e-01 -4.293001121650000251e-01
-5.595489583360000463e-01 -3.187678920070000088e-01 -2.958049037439999807e-03 3.465912778920000048e-01 -2.693256603399999879e-02 2.577015265789999732e-01 4.413604283550000007e-01 1.160686279079999961e-03 -7.545636535859999716e-01 -4.293001121650000251e-01
-5.595489583360000463e-01 -3.187678920070000088e-01 -2.958049037439999807e-03 3.465912778920000048e-01 -2.693256603399999879e-02 3.347815391260000051e-01 4.518327649989999917e-01 -1.060722036119999927e-02 -7.480607447729999970e-01 -4.293001121650000251e-01
-5.595489583360000463e-01 -3.187678920070000088e-01 -2.958049037439999807e-03 3.465912778920000048e-01 -2.693256603399999879e-02 3.565521801279999958e-01 4.533287798739999985e-01 -1.472604712800000028e-02 -7.594409615349999587e-01 -4.293001121650000251e-01
-5.595489583360000463e-01 -3.187678920070000088e-01 -2.958049037439999807e-03 3.465912778920000048e-01 -2.693256603399999879e-02 3.565521801279999958e-01 4.533287798739999985e-01 -1.472604712800000028e-02 -7.594409615349999587e-01 -4.293001121650000251e-01
-5.595489583360000463e-01 -3.187678920070000088e-01 -2.958049037439999807e-03 3.465912778920000048e-01 -2.693256603399999879e-02 3.565521801279999958e-01 4.533287798739999985e-01 -1.472604712800000028e-02 -7.594409615349999587e-01 -4.293001121650000251e-01
-5.595489583360000463e-01 -3.187678920070000088e-01 -2.958049037439999807e-03 3.465912778920000048e-01 -2.693256603399999879e-02 3.559637893679999943e-01 4.518327649989999917e-01 -1.472604712800000028e-02 -7.578152343309999539e-01 -4.293001121650000251e-01
-5.595489583360000463e-01 -3.187678920070000088e-01 -2.958049037439999807e-03 3.482170050949999762e-01 -2.693256603399999879e-02 3.565521801279999958e-01 4.533287798739999985e-01 -1.472604712800000028e-02 -7.594409615349999587e-01 -3.936387083610000115e-01
-5.595489583360000463e-01 -3.202639068829999935e-01 -2.958049037439999807e-03 3.465912778920000048e-01 -2.693256603399999879e-02 3.547870078490000245e-01 2.289242234109999941e-01 -2.531717224919999981e-02 -7.626924159410000126e-01 -3.687430942380000021e-01
-5.595489583360000463e-01 -3.187678920070000088e-01 -2.958049037439999807e-03 3.465912778920000048e-01 -2.693256603399999879e-02 3.536102263299999993e-01 1.212102223229999942e-01 -2.531717224919999981e-02 -7.659438703480000443e-01 -3.687430942380000021e-01
-5.595489583360000463e-01 -3.187678920070000088e-01 -2.958049037439999807e-03 3.465912778920000048e-01 -2.693256603399999879e-02 3.536102263299999993e-01 1.002657815519999995e-01 -2.531717224919999981e-02 -7.691954510930000266e-01 -3.687430942380000021e-01
-5.595489583360000463e-01 -3.187678920070000088e-01 -2.958049037439999807e-03 3.465912778920000048e-01 -2.693256603399999879e-02 3.536102263299999993e-01 1.002657815519999995e-01 -2.531717224919999981e-02 -7.691954510930000266e-01 -3.687430942380000021e-01
-5.595489583360000463e-01 -3.187678920070000088e-01 -2.958049037439999807e-03 3.465912778920000048e-01 -2.693256603399999879e-02 3.536102263299999993e-01 1.002657815519999995e-01 -2.531717224919999981e-02 -7.691954510930000266e-01 -3.687430942380000021e-01
-5.595489583360000463e-01 -3.187678920070000088e-01 -2.958049037439999807e-03 3.465912778920000048e-01 -2.693256603399999879e-02 3.536102263299999993e-01 1.002657815519999995e-01 -2.531717224919999981e-02 -7.691954510930000266e-01 -3.687430942380000021e-01
-5.595489583360000463e-01 -3.187678920070000088e-01 -2.958049037439999807e-03 3.465912778920000048e-01 -2.693256603399999879e-02 3.536102263299999993e-01 1.002657815519999995e-01 -2.531717224919999981e-02 -7.691954510930000266e-01 -3.694159430210000039e-01
-5.595489583360000463e-01 -3.187678920070000088e-01 -2.958049037439999807e-03 3.465912778920000048e-01 -2.693256603399999879e-02 3.536102263299999993e-01 1.002657815519999995e-01 -2.531717224919999981e-02 -7.675695975509999602e-01 -3.694159430210000039e-01
-5.595489583360000463e-01 -3.187678920070000088e-01 -2.958049037439999807e-03 3.465912778920000048e-01 -2.693256603399999879e-02 3.536102263299999993e-01 1.002657815519999995e-01 -2.531717224919999981e-02 -7.675695975509999602e-01 -3.694159430210000039e-01
-5.595489583360000463e-01 -3.187678920070000088e-01 -2.958049037439999807e-03 3.465912778920000048e-01 -2.693256603399999879e-02 3.465494457659999972e-01 8.979344490759999520e-02 -2.296351776099999839e-02 -7.594409615349999587e-01 -3.687430942380000021e-01
-5.595489583360000463e-01 -3.157758622569999951e-01 -2.958049037439999807e-03 3.482170050949999762e-01 -2.693256603399999879e-02 2.965357739569999818e-01 -1.585473495599999949e-01 -1.178400188020000024e-02 -4.489240335799999926e-01 -3.673973966719999984e-01
-5.595489583360000463e-01 -3.172718771320000020e-01 -2.958049037439999807e-03 3.482170050949999762e-01 -2.693256603399999879e-02 2.865329481450000215e-01 -1.346108790380000086e-01 -1.590282864699999951e-02 -2.765953076300000091e-01 -3.653788503229999929e-01
-5.595489583360000463e-01 -3.172718771320000020e-01 -2.958049037439999807e-03 3.482170050949999762e-01 -2.693256603399999879e-02 2.865329481450000215e-01 -1.346108790380000086e-01 -1.590282864699999951e-02 -2.635892373259999810e-01 -3.660516991059999947e-01
-5.595489583360000463e-01 -3.172718771320000020e-01 -2.958049037439999807e-03 3.482170050949999762e-01 -2.693256603399999879e-02 2.865329481450000215e-01 -1.346108790380000086e-01 -1.590282864699999951e-02 -2.635892373259999810e-01 -3.653788503229999929e-01
-5.595489583360000463e-01 -3.172718771320000020e-01 -2.958049037439999807e-03 3.482170050949999762e-01 -2.693256603399999879e-02 2.871213389039999897e-01 -1.346108790380000086e-01 -1.590282864699999951e-02 -2.635892373259999810e-01 -3.660516991059999947e-01
-5.595489583360000463e-01 -3.172718771320000020e-01 -2.958049037439999807e-03 3.482170050949999762e-01 -2.693256603399999879e-02 2.865329481450000215e-01 -1.331148641630000018e-01 -1.590282864699999951e-02 -2.635892373259999810e-01 -3.660516991059999947e-01
-5.595489583360000463e-01 -3.172718771320000020e-01 -2.958049037439999807e-03 3.482170050949999762e-01 -2.693256603399999879e-02 2.924169471899999984e-01 -4.036101182710000179e-02 -3.826186040849999942e-02 -3.773912786040000134e-01 -4.151700785690000117e-01
-5.595489583360000463e-01 -3.172718771320000020e-01 -2.958049037439999807e-03 3.482170050949999762e-01 -2.693256603399999879e-02 3.465494457659999972e-01 3.201820608720000183e-01 -3.061268908479999884e-02 -7.318033464009999767e-01 -4.293001121650000251e-01
-5.595489583360000463e-01 -3.172718771320000020e-01 -2.958049037439999807e-03 3.482170050949999762e-01 -2.693256603399999879e-02 3.571405708870000195e-01 4.458484729800000212e-01 -2.296351776099999839e-02 -7.659438703480000443e-01 -4.293001121650000251e-01
-5.595489583360000463e-01 -3.172718771320000020e-01 -2.958049037439999807e-03 3.482170050949999762e-01 -2.693256603399999879e-02 3.571405708870000195e-01 4.518327649989999917e-01 -2.296351776099999839e-02 -7.659438703480000443e-01 -4.299729609480000270e-01
-5.595489583360000463e-01 -3.172718771320000020e-01 -2.958049037439999807e-03 3.482170050949999762e-01 -2.693256603399999879e-02 3.518449626010000109e-01 4.174239578330000144e-01 -2.296351776099999839e-02 -6.716508081869999591e-01 -2.927104497249999882e-01
-5.595489583360000463e-01 -3.172718771320000020e-01 -2.958049037439999807e-03 3.482170050949999762e-01 -2.693256603399999879e-02 2.965357739569999818e-01 2.887655159740000199e-01 -1.060722036119999927e-02 -3.855200409589999988e-01 2.689575491009999972e-02
-5.595489583360000463e-01 -3.157758622569999951e-01 -2.958049037439999807e-03 3.465912778920000048e-01 -2.693256603399999879e-02 1.723840433989999865e-01 2.932535605989999850e-01 5.279513045829999952e-03 -3.351219923020000158e-01 3.766154459139999661e-02
-5.595489583360000463e-01 -3.172718771320000020e-01 -2.958049037439999807e-03 3.465912778920000048e-01 -2.693256603399999879e-02 -1.178400188020000024e-02 2.932535605989999850e-01 5.867903805340000251e-03 -3.351219923020000158e-01 3.766154459139999661e-02
-5.595489583360000463e-01 -3.172718771320000020e-01 -2.958049037439999807e-03 3.465912778920000048e-01 -2.693256603399999879e-02 -2.030129191739999950e-01 3.007336349759999750e-01 5.867903805340000251e-03 -3.351219923020000158e-01 3.833439337430000204e-02
