-5.613141306150000176e-01 -3.202639068829999935e-01 -2.958049037439999807e-03 3.433398234860000064e-01 -3.298830965760000261e-02 -5.619347575790000215e-01 3.216780757470000252e-01 4.102640076600000060e-03 -3.399991739120000189e-01 4.573572998670000223e-02
-5.613141306150000176e-01 -4.414425068830000187e-01 -2.958049037439999807e-03 4.295038706140000273e-01 1.695411609739999881e-01 -5.619347575790000215e-01 3.201820608720000183e-01 4.102640076600000060e-03 -3.399991739120000189e-01 4.640857876969999712e-02
-4.812922099949999977e-01 -4.743548341389999812e-01 -2.369658277940000189e-03 7.286407081450000378e-01 4.245532549839999836e-01 -5.619347575790000215e-01 3.156940162460000199e-01 4.102640076600000060e-03 -3.383734467089999920e-01 4.506288120379999679e-02
-3.277207585610000251e-01 -4.818349085149999933e-01 -2.958049037439999807e-03 7.481494345850000505e-01 4.333003937389999782e-01 -5.619347575790000215e-01 3.141980013699999796e-01 4.102640076600000060e-03 -3.383734467089999920e-01 4.573572998670000223e-02
-1.406106680349999971e-01 -4.803388936399999865e-01 -3.546439796939999858e-03 7.465237073810000457e-01 4.333003937389999782e-01 -5.619347575790000215e-01 3.141980013699999796e-01 3.514249317100000009e-03 -3.399991739120000189e-01 4.573572998670000223e-02
5.179503077759999713e-02 -4.713628043879999896e-01 -3.546439796939999858e-03 7.465237073810000457e-01 4.346460913049999819e-01 -5.619347575790000215e-01 3.141980013699999796e-01 4.102640076600000060e-03 -3.399991739120000189e-01 4.573572998670000223e-02
2.088968267690000102e-01 -4.459305515090000172e-01 -4.134830556449999722e-03 7.351436169580000124e-01 4.339732425219999801e-01 -5.619347575790000215e-01 3.141980013699999796e-01 3.514249317100000009e-03 -3.399991739120000189e-01 4.640857876969999712e-02
3.148081694320000179e-01 -4.474265663840000240e-01 9.398248362359999317e-03 7.448979801780000187e-01 4.346460913049999819e-01 -5.619347575790000215e-01 3.141980013699999796e-01 4.102640076600000060e-03 -3.399991739120000189e-01 4.573572998670000223e-02
3.489352907339999810e-01 -4.564026556360000209e-01 1.763581044559999964e-02 7.562785759560000098e-01 3.949476993800000169e-01 -5.613463668200000534e-01 3.141980013699999796e-01 4.102640076600000060e-03 -3.383734467089999920e-01 4.573572998670000223e-02
3.501120722530000062e-01 -2.110536584019999939e-01 2.705015404789999980e-02 7.627814847689999844e-01 3.653420391989999905e-01 -5.619347575790000215e-01 3.141980013699999796e-01 4.102640076600000060e-03 -3.399991739120000189e-01 4.573572998670000223e-02
3.507004630119999744e-01 -1.033396573130000023e-01 2.705015404789999980e-02 7.676586663790000431e-01 3.653420391989999905e-01 -5.619347575790000215e-01 3.141980013699999796e-01 4.102640076600000060e-03 -3.383734467089999920e-01 4.573572998670000223e-02
3.507004630119999744e-01 -1.033396573130000023e-01 2.705015404789999980e-02 7.709101207849999859e-01 3.653420391989999905e-01 -5.613463668200000534e-01 3.141980013699999796e-01 4.102640076600000060e-03 -3.383734467089999920e-01 4.573572998670000223e-02
3.507004630119999744e-01 -1.033396573130000023e-01 2.705015404789999980e-02 7.709101207849999859e-01 3.653420391989999905e-01 -5.619347575790000215e-01 3.141980013699999796e-01 4.102640076600000060e-03 -3.399991739120000189e-01 4.573572998670000223e-02
3.507004630119999744e-01 -1.033396573130000023e-01 2.705015404789999980e-02 7.709101207849999859e-01 3.660148879819999923e-01 -5.619347575790000215e-01 3.141980013699999796e-01 3.514249317100000009e-03 -3.399991739120000189e-01 4.573572998670000223e-02
3.507004630119999744e-01 -1.033396573130000023e-01 2.646176328840000105e-02 7.709101207849999859e-01 3.660148879819999923e-01 -5.619347575790000215e-01 3.141980013699999796e-01 4.102640076600000060e-03 -3.399991739120000189e-01 4.506288120379999679e-02
3.265761675220000271e-01 3.728713606540000336e-02 1.587063816709999992e-02 6.717397506760000025e-01 3.613049465009999794e-01 -5.619347575790000215e-01 3.141980013699999796e-01 3.514249317100000009e-03 -3.399991739120000189e-01 4.573572998670000223e-02
2.906839653919999766e-01 1.524814440470000088e-01 1.645902892659999867e-02 3.189534100809999773e-01 3.572677492269999977e-01 -5.619347575790000215e-01 3.141980013699999796e-01 4.102640076600000060e-03 -3.383734467089999920e-01 4.573572998670000223e-02
2.847999663460000219e-01 1.345290330270000057e-01 1.822420120509999839e-02 2.734325430349999753e-01 3.572677492269999977e-01 -5.613463668200000534e-01 3.141980013699999796e-01 4.102640076600000060e-03 -3.399991739120000189e-01 4.640857876969999712e-02
2.847999663460000219e-01 1.330330181519999988e-01 1.822420120509999839e-02 2.701810886279999990e-01 3.572677492269999977e-01 -5.613463668200000534e-01 3.141980013699999796e-01 4.102640076600000060e-03 -3.399991739120000189e-01 4.640857876969999712e-02
2.847999663460000219e-01 1.330330181519999988e-01 1.822420120509999839e-02 2.701810886279999990e-01 3.572677492269999977e-01 -5.619347575790000215e-01 3.141980013699999796e-01 3.514249317100000009e-03 -3.383734467089999920e-01 4.640857876969999712e-02
2.900955746319999751e-01 5.224751733519999997e-02 3.881806068819999844e-02 3.563456411120000111e-01 4.265719059099999932e-01 -5.613463668200000534e-01 3.141980013699999796e-01 3.514249317100000009e-03 -3.399991739120000189e-01 4.640857876969999712e-02
3.448163725169999805e-01 -2.993194661119999989e-01 3.293415309319999706e-02 7.237635265359999570e-01 4.333003937389999782e-01 -5.613463668200000534e-01 3.141980013699999796e-01 4.102640076600000060e-03 -3.383734467089999920e-01 4.640857876969999712e-02
3.554075890889999978e-01 -4.354579823479999834e-01 2.116615500259999907e-02 7.644072119720000114e-01 3.989847920779999724e-01 -5.619347575790000215e-01 3.141980013699999796e-01 4.102640076600000060e-03 -3.399991739120000189e-01 4.640857876969999712e-02
3.159850424010000047e-01 -3.277439812590000057e-01 2.175454576220000116e-02 4.295038706140000273e-01 1.209297710810000072e-02 -5.619347575790000215e-01 3.141980013699999796e-01 4.102640076600000060e-03 -3.399991739120000189e-01 4.640857876969999712e-02
2.236067786569999882e-01 -2.903433768600000020e-01 -1.192876758930000057e-03 3.319592277080000153e-01 -3.164261209170000227e-02 -5.619347575790000215e-01 3.141980013699999796e-01 3.514249317100000009e-03 -3.399991739120000189e-01 4.708142755260000256e-02
5.767893837259999851e-02 -2.918393917350000089e-01 -6.488485044690000397e-03 3.335849549109999868e-01 -3.298830965760000261e-02 -5.619347575790000215e-01 3.141980013699999796e-01 4.102640076600000060e-03 -3.399991739120000189e-01 4.708142755260000256e-02
