-5.613141306150000176e-01 -3.202639068829999935e-01 -2.369658277940000189e-03 3.465912778920000048e-01 -3.231546087469999717e-02 -5.619347575790000215e-01 3.216780757470000252e-01 4.102640076600000060e-03 -3.416249011160000237e-01 4.573572998670000223e-02
-5.613141306150000176e-01 -3.202639068829999935e-01 -2.369658277940000189e-03 3.465912778920000048e-01 -3.231546087469999717e-02 -5.572276315030000315e-01 2.304202382860000009e-01 2.999210784540000049e-02 -2.213200773640000008e-01 -1.534293921529999993e-01
-5.613141306150000176e-01 -3.202639068829999935e-01 -2.369658277940000189e-03 3.465912778920000048e-01 -3.231546087469999717e-02 -3.989488710929999793e-01 -1.435869682900000055e-01 1.817983870010000114e-01 1.737354231930000048e-01 -5.847296451050000288e-01
-5.607257398549999605e-01 -3.217599217580000004e-01 -2.369658277940000189e-03 3.449655506889999779e-01 -3.164261209170000227e-02 -2.065432637309999875e-01 -4.398009363170000130e-01 3.583173524059999893e-01 2.696543388959999898e-01 -6.096252592290000161e-01
-5.607257398549999605e-01 -3.202639068829999935e-01 -2.369658277940000189e-03 3.465912778920000048e-01 -3.231546087469999717e-02 -8.415679690089999943e-02 -4.622413919630000145e-01 4.489303981469999760e-01 2.712800660990000168e-01 -6.102981080110000400e-01
-5.613141306150000176e-01 -3.202639068829999935e-01 -2.369658277940000189e-03 3.465912778920000048e-01 -3.164261209170000227e-02 -6.709328197489999868e-02 -4.637374068389999993e-01 4.536375699479999746e-01 2.810346819969999910e-01 -6.102981080110000400e-01
-5.607257398549999605e-01 -3.202639068829999935e-01 -2.369658277940000189e-03 3.465912778920000048e-01 -3.231546087469999717e-02 -6.709328197489999868e-02 -4.637374068389999993e-01 4.542259607069999983e-01 2.810346819969999910e-01 -6.096252592290000161e-01
-5.607257398549999605e-01 -3.202639068829999935e-01 -2.369658277940000189e-03 3.465912778920000048e-01 -3.231546087469999717e-02 -6.709328197489999868e-02 -4.637374068389999993e-01 4.542259607069999983e-01 2.810346819969999910e-01 -6.096252592290000161e-01
-5.613141306150000176e-01 -3.202639068829999935e-01 -2.369658277940000189e-03 3.449655506889999779e-01 -3.231546087469999717e-02 -6.827006349389999618e-02 -4.637374068389999993e-01 4.542259607069999983e-01 2.777829749130000248e-01 -6.432681166839999687e-01
-5.613141306150000176e-01 -3.202639068829999935e-01 -2.369658277940000189e-03 3.465912778920000048e-01 -3.231546087469999717e-02 -8.415679690089999943e-02 -4.712174812150000114e-01 4.542259607069999983e-01 3.032550785029999949e-03 -6.533608484280000184e-01
-5.607257398549999605e-01 -3.202639068829999935e-01 -2.369658277940000189e-03 3.465912778920000048e-01 -3.164261209170000227e-02 -8.415679690089999943e-02 -4.697214663400000045e-01 4.542259607069999983e-01 -4.310409080050000008e-01 -6.540336972110000202e-01
-5.613141306150000176e-01 -3.202639068829999935e-01 -2.369658277940000189e-03 3.465912778920000048e-01 -3.231546087469999717e-02 -9.474792202220000403e-02 -4.712174812150000114e-01 4.559911787109999781e-01 -7.253003112500000515e-01 -6.540336972110000202e-01
-5.613141306150000176e-01 -3.202639068829999935e-01 -2.369658277940000189e-03 3.465912778920000048e-01 -3.231546087469999717e-02 -9.533631278170000278e-02 -4.757055258410000098e-01 4.559911787109999781e-01 -7.415577096209999830e-01 -6.553793947770000239e-01
-5.607257398549999605e-01 -3.202639068829999935e-01 -2.369658277940000189e-03 3.465912778920000048e-01 -3.231546087469999717e-02 -9.533631278170000278e-02 -4.742095109660000030e-01 4.559911787109999781e-01 -7.415577096209999830e-01 -6.553793947770000239e-01
-5.613141306150000176e-01 -3.202639068829999935e-01 -2.369658277940000189e-03 3.465912778920000048e-01 -3.164261209170000227e-02 -9.533631278170000278e-02 -4.757055258410000098e-01 4.565795694709999797e-01 -7.415577096209999830e-01 -6.553793947770000239e-01
-5.607257398549999605e-01 -3.202639068829999935e-01 -2.369658277940000189e-03 3.465912778920000048e-01 -3.164261209170000227e-02 -9.533631278170000278e-02 -4.757055258410000098e-01 4.565795694709999797e-01 -6.440131930539999550e-01 -6.553793947770000239e-01
-5.607257398549999605e-01 -3.202639068829999935e-01 -2.369658277940000189e-03 3.465912778920000048e-01 -3.231546087469999717e-02 -9.533631278170000278e-02 -4.757055258410000098e-01 4.559911787109999781e-01 -3.692625162489999724e-01 -6.553793947770000239e-01
-5.613141306150000176e-01 -3.202639068829999935e-01 -2.369658277940000189e-03 3.465912778920000048e-01 -3.231546087469999717e-02 -9.533631278170000278e-02 -4.757055258410000098e-01 4.559911787109999781e-01 -3.546309714190000184e-01 -6.553793947770000239e-01
-5.613141306150000176e-01 -3.202639068829999935e-01 -2.369658277940000189e-03 3.465912778920000048e-01 -3.231546087469999717e-02 -9.533631278170000278e-02 -4.757055258410000098e-01 4.559911787109999781e-01 -3.546309714190000184e-01 -6.553793947770000239e-01
-5.607257398549999605e-01 -3.217599217580000004e-01 -2.369658277940000189e-03 3.465912778920000048e-01 -3.231546087469999717e-02 -9.533631278170000278e-02 -4.757055258410000098e-01 4.565795694709999797e-01 -3.546309714190000184e-01 -6.553793947770000239e-01
-5.607257398549999605e-01 -3.202639068829999935e-01 -2.369658277940000189e-03 3.465912778920000048e-01 -3.231546087469999717e-02 -7.062371798210000107e-02 -4.772015407160000167e-01 4.565795694709999797e-01 -2.587120557159999779e-01 -6.230824440419999721e-01
-5.607257398549999605e-01 -3.202639068829999935e-01 -2.369658277940000189e-03 3.465912778920000048e-01 -3.231546087469999717e-02 -7.062371798210000107e-02 -4.772015407160000167e-01 4.565795694709999797e-01 1.428463536540000023e-01 -6.190453513439999611e-01
-5.607257398549999605e-01 -3.202639068829999935e-01 -2.369658277940000189e-03 3.465912778920000048e-01 -3.231546087469999717e-02 -6.885845425339999493e-02 -4.772015407160000167e-01 4.565795694709999797e-01 2.680286116930000184e-01 -5.806925524079999956e-01
-5.607257398549999605e-01 -3.217599217580000004e-01 -2.369658277940000189e-03 3.465912778920000048e-01 -3.231546087469999717e-02 -1.600599364789999923e-01 -2.064202906029999895e-01 3.553753986090000261e-01 -5.711986109089999680e-02 -8.748958396169999319e-02
-5.607257398549999605e-01 -3.202639068829999935e-01 -2.369658277940000189e-03 3.465912778920000048e-01 -3.231546087469999717e-02 -3.406976372000000142e-01 1.376663859510000032e-01 1.729724341580000102e-01 -3.383734467089999920e-01 4.035293972319999728e-02
-5.607257398549999605e-01 -3.247519515089999920e-01 -2.369658277940000189e-03 3.270820460980000122e-01 -3.231546087469999717e-02 -5.142745573579999840e-01 2.782931793299999734e-01 2.646176328840000105e-02 -3.465023354030000169e-01 4.506288120379999679e-02
