-5.601373490959999923e-01 -3.202639068829999935e-01 -2.369658277940000189e-03 3.433398234860000064e-01 -3.029691452579999847e-02 -5.589928037820000029e-01 3.112059716200000214e-01 4.102640076600000060e-03 -3.432506283189999952e-01 4.506288120379999679e-02
-5.107120223209999921e-01 -1.197960534590000042e-01 -7.827279785570000203e-02 7.021487388380000250e-02 3.767805730859999924e-01 -5.589928037820000029e-01 3.112059716200000214e-01 4.102640076600000060e-03 -3.432506283189999952e-01 4.506288120379999679e-02
-3.371351021640000001e-01 2.572034153850000227e-01 -2.424354658610000102e-01 -2.403020540709999986e-01 6.042056578409999990e-01 -5.589928037820000029e-01 3.112059716200000214e-01 4.102640076600000060e-03 -3.432506283189999952e-01 4.506288120379999679e-02
-1.623813090369999879e-01 4.531832241839999775e-01 -3.983604803329999777e-01 -2.598110331869999956e-01 6.075699540440000490e-01 -5.589928037820000029e-01 3.112059716200000214e-01 4.102640076600000060e-03 -3.432506283189999952e-01 4.506288120379999679e-02
-6.941465453310000089e-02 4.726316500789999875e-01 -4.560233234659999968e-01 -2.598110331869999956e-01 6.082428028270000508e-01 -5.589928037820000029e-01 3.112059716200000214e-01 4.102640076600000060e-03 -3.432506283189999952e-01 4.506288120379999679e-02
-6.764948225450000130e-02 4.726316500789999875e-01 -4.572001049850000221e-01 -2.598110331869999956e-01 6.075699540440000490e-01 -5.589928037820000029e-01 3.112059716200000214e-01 4.102640076600000060e-03 -3.432506283189999952e-01 4.506288120379999679e-02
-6.764948225450000130e-02 4.726316500789999875e-01 -4.572001049850000221e-01 -2.598110331869999956e-01 6.075699540440000490e-01 -5.589928037820000029e-01 3.112059716200000214e-01 4.102640076600000060e-03 -3.432506283189999952e-01 4.506288120379999679e-02
-6.764948225450000130e-02 4.726316500789999875e-01 -4.572001049850000221e-01 -2.598110331869999956e-01 6.075699540440000490e-01 -5.584044130219999458e-01 3.112059716200000214e-01 4.102640076600000060e-03 -3.432506283189999952e-01 4.506288120379999679e-02
-6.823787301400000005e-02 4.726316500789999875e-01 -4.572001049850000221e-01 -2.598110331869999956e-01 6.075699540440000490e-01 -5.589928037820000029e-01 3.112059716200000214e-01 4.102640076600000060e-03 -3.432506283189999952e-01 4.506288120379999679e-02
-6.764948225450000130e-02 4.726316500789999875e-01 -4.566117142250000205e-01 -2.598110331869999956e-01 6.075699540440000490e-01 -5.589928037820000029e-01 3.112059716200000214e-01 4.102640076600000060e-03 -3.432506283189999952e-01 4.506288120379999679e-02
-6.764948225450000130e-02 4.726316500789999875e-01 -4.572001049850000221e-01 -2.598110331869999956e-01 6.075699540440000490e-01 -5.584044130219999458e-01 3.112059716200000214e-01 4.102640076600000060e-03 -3.432506283189999952e-01 4.506288120379999679e-02
-6.823787301400000005e-02 4.726316500789999875e-01 -4.572001049850000221e-01 -2.598110331869999956e-01 6.075699540440000490e-01 -5.589928037820000029e-01 3.112059716200000214e-01 4.102640076600000060e-03 -3.432506283189999952e-01 4.506288120379999679e-02
-6.823787301400000005e-02 4.726316500789999875e-01 -4.572001049850000221e-01 -2.598110331869999956e-01 6.425584044890000346e-01 -5.589928037820000029e-01 3.112059716200000214e-01 4.102640076600000060e-03 -3.432506283189999952e-01 4.506288120379999679e-02
-8.706656021860000039e-02 4.726316500789999875e-01 -4.572001049850000221e-01 -2.732976902239999881e-02 6.499598456780000255e-01 -5.589928037820000029e-01 3.112059716200000214e-01 4.102640076600000060e-03 -3.432506283189999952e-01 4.506288120379999679e-02
-8.706656021860000039e-02 4.741276649550000277e-01 -4.577884957439999902e-01 4.099951441749999925e-01 6.499598456780000255e-01 -5.589928037820000029e-01 3.112059716200000214e-01 4.102640076600000060e-03 -3.432506283189999952e-01 4.506288120379999679e-02
-9.236216850440000237e-02 4.741276649550000277e-01 -4.583768865039999918e-01 6.977518912829999698e-01 6.506326944610000274e-01 -5.589928037820000029e-01 3.112059716200000214e-01 4.102640076600000060e-03 -3.432506283189999952e-01 4.506288120379999679e-02
-9.295055926390000112e-02 4.741276649550000277e-01 -4.583768865039999918e-01 7.432722529749999918e-01 6.506326944610000274e-01 -5.589928037820000029e-01 3.112059716200000214e-01 4.102640076600000060e-03 -3.432506283189999952e-01 4.506288120379999679e-02
-9.295055926390000112e-02 4.741276649550000277e-01 -4.583768865039999918e-01 7.432722529749999918e-01 6.506326944610000274e-01 -5.589928037820000029e-01 3.112059716200000214e-01 4.102640076600000060e-03 -3.432506283189999952e-01 4.506288120379999679e-02
-9.295055926390000112e-02 4.741276649550000277e-01 -4.583768865039999918e-01 7.432722529749999918e-01 6.499598456780000255e-01 -5.584044130219999458e-01 3.112059716200000214e-01 4.102640076600000060e-03 -3.432506283189999952e-01 4.506288120379999679e-02
-9.295055926390000112e-02 4.726316500789999875e-01 -4.583768865039999918e-01 7.432722529749999918e-01 6.499598456780000255e-01 -5.589928037820000029e-01 3.112059716200000214e-01 4.102640076600000060e-03 -3.432506283189999952e-01 4.506288120379999679e-02
-9.353895002339999987e-02 4.741276649550000277e-01 -4.583768865039999918e-01 7.432722529749999918e-01 6.499598456780000255e-01 -5.589928037820000029e-01 3.112059716200000214e-01 4.102640076600000060e-03 -3.432506283189999952e-01 4.506288120379999679e-02
-9.295055926390000112e-02 4.741276649550000277e-01 -4.583768865039999918e-01 7.432722529749999918e-01 6.499598456780000255e-01 -5.584044130219999458e-01 3.112059716200000214e-01 4.102640076600000060e-03 -3.432506283189999952e-01 4.506288120379999679e-02
-9.295055926390000112e-02 4.741276649550000277e-01 -4.583768865039999918e-01 7.416465257709999870e-01 6.506326944610000274e-01 -5.584044130219999458e-01 3.112059716200000214e-01 4.102640076600000060e-03 -3.432506283189999952e-01 4.506288120379999679e-02
-9.295055926390000112e-02 4.741276649550000277e-01 -4.583768865039999918e-01 4.018665081580000131e-01 6.506326944610000274e-01 -5.589928037820000029e-01 3.112059716200000214e-01 4.102640076600000060e-03 -3.432506283189999952e-01 4.506288120379999679e-02
-9.295055926390000112e-02 4.741276649550000277e-01 -4.583768865039999918e-01 3.677257315349999889e-01 6.513055432440000292e-01 -5.589928037820000029e-01 3.112059716200000214e-01 4.102640076600000060e-03 -3.432506283189999952e-01 4.506288120379999679e-02
-9.295055926390000112e-02 4.741276649550000277e-01 -4.583768865039999918e-01 3.661000043309999841e-01 6.506326944610000274e-01 -5.589928037820000029e-01 3.112059716200000214e-01 4.102640076600000060e-03 -3.432506283189999952e-01 4.506288120379999679e-02
-9.295055926390000112e-02 4.741276649550000277e-01 -4.583768865039999918e-01 3.661000043309999841e-01 6.506326944610000274e-01 -5.584044130219999458e-01 3.112059716200000214e-01 4.102640076600000060e-03 -3.432506283189999952e-01 4.573572998670000223e-02
-9.353895002339999987e-02 4.741276649550000277e-01 -4.583768865039999918e-01 3.661000043309999841e-01 6.506326944610000274e-01 -5.589928037820000029e-01 3.112059716200000214e-01 4.102640076600000060e-03 -3.432506283189999952e-01 4.506288120379999679e-02
-9.295055926390000112e-02 4.741276649550000277e-01 -4.583768865039999918e-01 3.661000043309999841e-01 6.506326944610000274e-01 -5.584044130219999458e-01 3.112059716200000214e-01 4.102640076600000060e-03 -3.432506283189999952e-01 4.506288120379999679e-02
-6.647270073550000380e-02 4.741276649550000277e-01 -4.583768865039999918e-01 2.571752710019999943e-01 6.257370280489999992e-01 -5.584044130219999458e-01 3.112059716200000214e-01 4.102640076600000060e-03 -3.432506283189999952e-01 4.506288120379999679e-02
-6.647270073550000380e-02 4.741276649550000277e-01 -4.583768865039999918e-01 -1.476348454520000075e-01 6.250641792669999752e-01 -5.589928037820000029e-01 3.112059716200000214e-01 4.102640076600000060e-03 -3.432506283189999952e-01 4.506288120379999679e-02
-6.647270073550000380e-02 4.741276649550000277e-01 -4.583768865039999918e-01 -2.598110331869999956e-01 6.257370280489999992e-01 -5.589928037820000029e-01 3.112059716200000214e-01 4.102640076600000060e-03 -3.432506283189999952e-01 4.573572998670000223e-02
-6.647270073550000380e-02 4.741276649550000277e-01 -4.583768865039999918e-01 -2.598110331869999956e-01 6.250641792669999752e-01 -5.584044130219999458e-01 3.112059716200000214e-01 4.102640076600000060e-03 -3.432506283189999952e-01 4.506288120379999679e-02
-6.882626377349999880e-02 4.606635310769999769e-01 -4.354294639829999758e-01 -2.061615301239999865e-01 4.359917888709999856e-01 -5.584044130219999458e-01 3.112059716200000214e-01 4.102640076600000060e-03 -3.432506283189999952e-01 4.573572998670000223e-02
-2.041575102129999930e-01 9.862444350309999830e-02 -2.900955746319999751e-01 2.067772223459999892e-01 6.037338061609999820e-03 -5.589928037820000029e-01 3.112059716200000214e-01 4.102640076600000060e-03 -3.432506283189999952e-01 4.640857876969999712e-02
-3.989166806130000076e-01 -2.723909658399999989e-01 -1.094578739100000031e-01 3.384626418760000033e-01 -3.029691452579999847e-02 -5.589928037820000029e-01 3.127019864949999728e-01 4.102640076600000060e-03 -3.416249011160000237e-01 4.573572998670000223e-02
-5.407202711320000521e-01 -3.067995404880000110e-01 -8.253657323200000798e-03 3.384626418760000033e-01 -3.096976330880000031e-02 -5.589928037820000029e-01 3.097099567450000146e-01 4.102640076600000060e-03 -3.416249011160000237e-01 4.640857876969999712e-02
-5.542533957759999685e-01 -3.008154809870000057e-01 -4.134830556449999722e-03 3.482170050949999762e-01 -3.096976330880000031e-02 -5.589928037820000029e-01 3.127019864949999728e-01 4.102640076600000060e-03 -3.399991739120000189e-01 4.640857876969999712e-02
