-5.601373490959999923e-01 -3.202639068829999935e-01 -2.958049037439999807e-03 3.465912778920000048e-01 -2.962406574289999997e-02 -5.595811945409999710e-01 3.171900311210000267e-01 4.691030836099999678e-03 -3.399991739120000189e-01 4.640857876969999712e-02
-5.536650050160000225e-01 -3.217599217580000004e-01 1.117792464679999986e-01 2.392922717659999865e-01 3.350635302350000178e-01 -5.595811945409999710e-01 3.171900311210000267e-01 4.691030836099999678e-03 -3.399991739120000189e-01 4.640857876969999712e-02
-4.459884443489999795e-01 -3.217599217580000004e-01 1.870939952869999923e-01 2.311636357500000127e-01 6.432313055599999663e-01 -5.595811945409999710e-01 3.171900311210000267e-01 4.691030836099999678e-03 -3.399991739120000189e-01 4.640857876969999712e-02
-2.965357739569999818e-01 -3.187678920070000088e-01 1.876823860459999882e-01 2.262859487849999962e-01 6.513055432440000292e-01 -5.595811945409999710e-01 3.171900311210000267e-01 4.691030836099999678e-03 -3.399991739120000189e-01 4.640857876969999712e-02
-9.353895002339999987e-02 -3.127838325060000035e-01 1.876823860459999882e-01 2.165315855659999955e-01 6.553426882299999701e-01 -5.595811945409999710e-01 3.171900311210000267e-01 4.691030836099999678e-03 -3.399991739120000189e-01 4.640857876969999712e-02
1.100462646700000047e-01 -2.948314214860000004e-01 1.876823860459999882e-01 2.132801311589999915e-01 6.560155370129999719e-01 -5.595811945409999710e-01 3.156940162460000199e-01 4.691030836099999678e-03 -3.399991739120000189e-01 4.640857876969999712e-02
2.689133243899999859e-01 -2.514465250690000042e-01 1.876823860459999882e-01 2.132801311589999915e-01 6.560155370129999719e-01 -5.595811945409999710e-01 3.171900311210000267e-01 4.691030836099999678e-03 -3.383734467089999920e-01 4.640857876969999712e-02
3.707059317360000272e-01 -2.544385548190000179e-01 2.006270742050000055e-01 2.165315855659999955e-01 6.560155370129999719e-01 -5.595811945409999710e-01 3.171900311210000267e-01 4.691030836099999678e-03 -3.399991739120000189e-01 4.640857876969999712e-02
4.130704322209999835e-01 -2.828630699670000026e-01 2.123950722959999926e-01 2.327893629530000119e-01 6.560155370129999719e-01 -5.589928037820000029e-01 3.171900311210000267e-01 4.691030836099999678e-03 -3.399991739120000189e-01 4.640857876969999712e-02
4.148356045000000103e-01 -3.008154809870000057e-01 2.129834630549999885e-01 2.327893629530000119e-01 6.560155370129999719e-01 -5.595811945409999710e-01 3.171900311210000267e-01 4.691030836099999678e-03 -3.399991739120000189e-01 4.640857876969999712e-02
4.154239952589999785e-01 -3.008154809870000057e-01 2.135718538149999901e-01 2.327893629530000119e-01 6.560155370129999719e-01 -5.595811945409999710e-01 3.171900311210000267e-01 4.691030836099999678e-03 -3.399991739120000189e-01 4.640857876969999712e-02
4.148356045000000103e-01 -3.008154809870000057e-01 2.135718538149999901e-01 2.327893629530000119e-01 6.560155370129999719e-01 -5.595811945409999710e-01 3.171900311210000267e-01 4.691030836099999678e-03 -3.399991739120000189e-01 4.640857876969999712e-02
4.201311213350000240e-01 -3.008154809870000057e-01 2.259281512150000115e-01 2.327893629530000119e-01 6.042056578409999990e-01 -5.595811945409999710e-01 3.171900311210000267e-01 4.691030836099999678e-03 -3.399991739120000189e-01 4.640857876969999712e-02
4.413133715779999910e-01 -3.751430524990000126e-02 3.718505227750000253e-01 2.311636357500000127e-01 2.045296114179999958e-01 -5.595811945409999710e-01 3.171900311210000267e-01 4.691030836099999678e-03 -3.399991739120000189e-01 4.640857876969999712e-02
4.419017623370000147e-01 3.469652379700000067e-01 3.947979452959999858e-01 2.360408173599999881e-01 1.890539848339999884e-01 -5.595811945409999710e-01 3.156940162460000199e-01 4.691030836099999678e-03 -3.399991739120000189e-01 4.640857876969999712e-02
4.419017623370000147e-01 4.666475905779999822e-01 3.936211637770000160e-01 2.392922717659999865e-01 1.890539848339999884e-01 -5.595811945409999710e-01 3.171900311210000267e-01 4.691030836099999678e-03 -3.383734467089999920e-01 4.640857876969999712e-02
4.419017623370000147e-01 4.666475905779999822e-01 3.918559914990000226e-01 2.425437261729999905e-01 1.890539848339999884e-01 -5.595811945409999710e-01 3.156940162460000199e-01 4.691030836099999678e-03 -3.399991739120000189e-01 4.640857876969999712e-02
4.419017623370000147e-01 4.666475905779999822e-01 3.918559914990000226e-01 2.425437261729999905e-01 1.890539848339999884e-01 -5.595811945409999710e-01 3.156940162460000199e-01 4.691030836099999678e-03 -3.399991739120000189e-01 4.640857876969999712e-02
4.419017623370000147e-01 4.666475905779999822e-01 3.918559914990000226e-01 2.409179989699999913e-01 1.890539848339999884e-01 -5.595811945409999710e-01 3.156940162460000199e-01 4.691030836099999678e-03 -3.399991739120000189e-01 4.640857876969999712e-02
4.419017623370000147e-01 4.666475905779999822e-01 3.918559914990000226e-01 2.409179989699999913e-01 1.890539848339999884e-01 -5.595811945409999710e-01 3.171900311210000267e-01 4.691030836099999678e-03 -3.399991739120000189e-01 4.640857876969999712e-02
4.419017623370000147e-01 4.666475905779999822e-01 3.918559914990000226e-01 2.409179989699999913e-01 1.890539848339999884e-01 -5.595811945409999710e-01 3.171900311210000267e-01 4.691030836099999678e-03 -3.383734467089999920e-01 4.640857876969999712e-02
4.419017623370000147e-01 4.666475905779999822e-01 3.918559914990000226e-01 2.425437261729999905e-01 1.890539848339999884e-01 -5.595811945409999710e-01 3.171900311210000267e-01 4.691030836099999678e-03 -3.399991739120000189e-01 4.640857876969999712e-02
4.419017623370000147e-01 4.651515757029999754e-01 3.912676007390000210e-01 2.441694533759999897e-01 1.883811360509999866e-01 -5.595811945409999710e-01 3.171900311210000267e-01 4.691030836099999678e-03 -3.399991739120000189e-01 4.640857876969999712e-02
4.424903359969999950e-01 4.097983277660000034e-01 3.859719924539999902e-01 2.474209077829999937e-01 1.870353339080000066e-01 -5.589928037820000029e-01 3.156940162460000199e-01 4.691030836099999678e-03 -3.383734467089999920e-01 4.640857876969999712e-02
4.424903359969999950e-01 4.097983277660000034e-01 3.859719924539999902e-01 2.474209077829999937e-01 1.877081826910000084e-01 -5.595811945409999710e-01 3.171900311210000267e-01 4.691030836099999678e-03 -3.399991739120000189e-01 4.640857876969999712e-02
4.424903359969999950e-01 4.097983277660000034e-01 3.859719924539999902e-01 2.474209077829999937e-01 1.870353339080000066e-01 -5.595811945409999710e-01 3.171900311210000267e-01 4.691030836099999678e-03 -3.399991739120000189e-01 4.640857876969999712e-02
4.424903359969999950e-01 4.097983277660000034e-01 3.859719924539999902e-01 2.474209077829999937e-01 1.870353339080000066e-01 -5.589928037820000029e-01 3.171900311210000267e-01 4.691030836099999678e-03 -3.399991739120000189e-01 4.640857876969999712e-02
4.419017623370000147e-01 4.097983277660000034e-01 3.859719924539999902e-01 2.474209077829999937e-01 1.870353339080000066e-01 -5.595811945409999710e-01 3.171900311210000267e-01 4.691030836099999678e-03 -3.399991739120000189e-01 4.640857876969999712e-02
4.424903359969999950e-01 4.097983277660000034e-01 3.859719924539999902e-01 2.474209077829999937e-01 1.870353339080000066e-01 -5.595811945409999710e-01 3.156940162460000199e-01 4.691030836099999678e-03 -3.399991739120000189e-01 4.640857876969999712e-02
4.413133715779999910e-01 3.484612528459999914e-01 3.512565718419999872e-01 2.522980893919999912e-01 3.458292153390000179e-01 -5.595811945409999710e-01 3.171900311210000267e-01 4.691030836099999678e-03 -3.383734467089999920e-01 4.640857876969999712e-02
4.071865246260000237e-01 -1.137008507950000021e-04 2.341657132980000111e-01 3.222048644880000090e-01 6.459227006919999736e-01 -5.595811945409999710e-01 3.171900311210000267e-01 4.691030836099999678e-03 -3.383734467089999920e-01 4.640857876969999712e-02
4.142472137400000087e-01 -2.604228468370000105e-01 2.194557614100000054e-01 2.896903204230000251e-01 6.539969906639999664e-01 -5.595811945409999710e-01 3.171900311210000267e-01 4.691030836099999678e-03 -3.399991739120000189e-01 4.640857876969999712e-02
4.195427305760000003e-01 -2.903433768600000020e-01 2.176905891320000119e-01 2.718068158320000038e-01 6.539969906639999664e-01 -5.595811945409999710e-01 3.156940162460000199e-01 4.691030836099999678e-03 -3.399991739120000189e-01 4.640857876969999712e-02
4.130704322209999835e-01 -3.187678920070000088e-01 1.676769173229999965e-01 3.335849549109999868e-01 4.696346463270000271e-01 -5.595811945409999710e-01 3.171900311210000267e-01 4.691030836099999678e-03 -3.383734467089999920e-01 4.640857876969999712e-02
3.424628094789999855e-01 -3.247519515089999920e-01 4.823240429049999861e-02 3.384626418760000033e-01 3.160580096780000320e-02 -5.595811945409999710e-01 3.156940162460000199e-01 4.691030836099999678e-03 -3.399991739120000189e-01 4.640857876969999712e-02
2.530265909819999770e-01 -3.232559366330000072e-01 1.160686279079999961e-03 3.384626418760000033e-01 -3.096976330880000031e-02 -5.595811945409999710e-01 3.156940162460000199e-01 4.691030836099999678e-03 -3.399991739120000189e-01 4.640857876969999712e-02
8.121484310340000567e-02 -3.053035256130000041e-01 -7.076875804190000015e-03 3.384626418760000033e-01 -3.096976330880000031e-02 -5.595811945409999710e-01 3.156940162460000199e-01 4.691030836099999678e-03 -3.399991739120000189e-01 4.573572998670000223e-02
-1.029532936260000031e-01 -3.067995404880000110e-01 -6.488485044690000397e-03 3.400883690789999747e-01 -3.096976330880000031e-02 -5.595811945409999710e-01 3.171900311210000267e-01 4.691030836099999678e-03 -3.399991739120000189e-01 4.640857876969999712e-02
