-5.601373490959999923e-01 -3.202639068829999935e-01 -2.369658277940000189e-03 3.465912778920000048e-01 -3.096976330880000031e-02 -5.584044130219999458e-01 3.171900311210000267e-01 4.691030836099999678e-03 -3.416249011160000237e-01 4.506288120379999679e-02
-5.601373490959999923e-01 -3.202639068829999935e-01 -2.369658277940000189e-03 3.482170050949999762e-01 -3.164261209170000227e-02 -5.566392407439999523e-01 3.171900311210000267e-01 -1.088694831509999933e-01 -2.473319652930000001e-01 -3.108775760190000126e-01
-5.601373490959999923e-01 -3.202639068829999935e-01 -2.369658277940000189e-03 3.482170050949999762e-01 -3.164261209170000227e-02 -4.507278066300000052e-01 3.186860459959999781e-01 -1.853610134879999927e-01 -2.343258949900000054e-01 -6.405767215519999613e-01
-5.601373490959999923e-01 -3.202639068829999935e-01 -2.369658277940000189e-03 3.482170050949999762e-01 -3.096976330880000031e-02 -2.953910914680000221e-01 3.171900311210000267e-01 -1.859494042469999886e-01 -2.261972589729999983e-01 -6.526879996450000165e-01
-5.601373490959999923e-01 -3.202639068829999935e-01 -2.369658277940000189e-03 3.465912778920000048e-01 -3.096976330880000031e-02 -9.474792202220000403e-02 3.156940162460000199e-01 -1.859494042469999886e-01 -2.180686229569999968e-01 -6.553793947770000239e-01
-5.601373490959999923e-01 -3.202639068829999935e-01 -2.369658277940000189e-03 3.465912778920000048e-01 -3.096976330880000031e-02 9.765768533990000499e-02 2.917575457239999781e-01 -1.859494042469999886e-01 -2.099397342629999996e-01 -6.553793947770000239e-01
-5.601373490959999923e-01 -3.202639068829999935e-01 -2.369658277940000189e-03 3.465912778920000048e-01 -3.096976330880000031e-02 2.577015265789999732e-01 2.573487385589999787e-01 -1.859494042469999886e-01 -2.115654614670000044e-01 -6.560522435600000257e-01
-5.601373490959999923e-01 -3.202639068829999935e-01 -2.369658277940000189e-03 3.465912778920000048e-01 -3.164261209170000227e-02 3.653781329699999914e-01 2.573487385589999787e-01 -1.959521386089999873e-01 -2.196943501599999959e-01 -6.560522435600000257e-01
-5.601373490959999923e-01 -3.202639068829999935e-01 -2.369658277940000189e-03 3.482170050949999762e-01 -3.096976330880000031e-02 4.100962879439999931e-01 2.992376201010000236e-01 -2.106619990470000037e-01 -2.359516221930000046e-01 -6.560522435600000257e-01
-5.601373490959999923e-01 -3.202639068829999935e-01 -2.369658277940000189e-03 3.465912778920000048e-01 -3.096976330880000031e-02 4.189221493360000270e-01 2.992376201010000236e-01 -2.106619990470000037e-01 -2.359516221930000046e-01 -6.560522435600000257e-01
-5.601373490959999923e-01 -3.202639068829999935e-01 -2.369658277940000189e-03 3.465912778920000048e-01 -3.096976330880000031e-02 4.189221493360000270e-01 2.992376201010000236e-01 -2.112503898070000052e-01 -2.359516221930000046e-01 -6.560522435600000257e-01
-5.601373490959999923e-01 -3.202639068829999935e-01 -2.369658277940000189e-03 3.465912778920000048e-01 -3.096976330880000031e-02 4.189221493360000270e-01 2.992376201010000236e-01 -2.112503898070000052e-01 -2.359516221930000046e-01 -6.560522435600000257e-01
-5.601373490959999923e-01 -3.202639068829999935e-01 -2.369658277940000189e-03 3.465912778920000048e-01 -3.164261209170000227e-02 4.189221493360000270e-01 2.992376201010000236e-01 -2.200763426490000008e-01 -2.359516221930000046e-01 -6.203910489099999648e-01
-5.601373490959999923e-01 -3.202639068829999935e-01 -2.369658277940000189e-03 3.465912778920000048e-01 -3.096976330880000031e-02 4.418696633079999825e-01 5.688088513439999716e-02 -3.565843706080000231e-01 -2.343258949900000054e-01 -2.133135612979999984e-01
-5.601373490959999923e-01 -3.202639068829999935e-01 -2.369658277940000189e-03 3.465912778920000048e-01 -3.096976330880000031e-02 4.418696633079999825e-01 -3.156305390840000169e-01 -3.901230097000000230e-01 -2.375773493960000038e-01 -1.877449938150000108e-01
-5.601373490959999923e-01 -3.202639068829999935e-01 -2.369658277940000189e-03 3.465912778920000048e-01 -3.164261209170000227e-02 4.418696633079999825e-01 -4.517690553190000236e-01 -3.901230097000000230e-01 -2.440805108870000018e-01 -1.877449938150000108e-01
-5.601373490959999923e-01 -3.202639068829999935e-01 -2.369658277940000189e-03 3.482170050949999762e-01 -3.096976330880000031e-02 4.418696633079999825e-01 -4.727134960900000182e-01 -3.901230097000000230e-01 -2.440805108870000018e-01 -1.870721450320000090e-01
-5.601373490959999923e-01 -3.202639068829999935e-01 -2.369658277940000189e-03 3.482170050949999762e-01 -3.096976330880000031e-02 4.418696633079999825e-01 -4.727134960900000182e-01 -3.907114004600000245e-01 -2.440805108870000018e-01 -1.870721450320000090e-01
-5.601373490959999923e-01 -3.202639068829999935e-01 -2.369658277940000189e-03 3.482170050949999762e-01 -3.164261209170000227e-02 4.418696633079999825e-01 -4.727134960900000182e-01 -3.901230097000000230e-01 -2.440805108870000018e-01 -1.890907959579999909e-01
-5.601373490959999923e-01 -3.202639068829999935e-01 -2.369658277940000189e-03 3.465912778920000048e-01 -3.164261209170000227e-02 4.418696633079999825e-01 -4.727134960900000182e-01 -3.901230097000000230e-01 -2.440805108870000018e-01 -1.890907959579999909e-01
-5.601373490959999923e-01 -3.202639068829999935e-01 -2.369658277940000189e-03 3.465912778920000048e-01 -3.164261209170000227e-02 4.418696633079999825e-01 -4.727134960900000182e-01 -3.901230097000000230e-01 -2.440805108870000018e-01 -1.897636447399999871e-01
-5.601373490959999923e-01 -3.202639068829999935e-01 -2.369658277940000189e-03 3.482170050949999762e-01 -3.096976330880000031e-02 4.418696633079999825e-01 -4.727134960900000182e-01 -3.907114004600000245e-01 -2.440805108870000018e-01 -1.890907959579999909e-01
-5.601373490959999923e-01 -3.202639068829999935e-01 -2.369658277940000189e-03 3.465912778920000048e-01 -3.164261209170000227e-02 4.418696633079999825e-01 -4.682254514649999977e-01 -3.907114004600000245e-01 -2.457062380900000009e-01 -1.870721450320000090e-01
-5.601373490959999923e-01 -3.202639068829999935e-01 -2.369658277940000189e-03 3.465912778920000048e-01 -3.164261209170000227e-02 4.418696633079999825e-01 -4.068881440270000205e-01 -3.901230097000000230e-01 -2.522091469030000033e-01 -1.877449938150000108e-01
-5.601373490959999923e-01 -3.202639068829999935e-01 -2.369658277940000189e-03 3.465912778920000048e-01 -3.164261209170000227e-02 4.418696633079999825e-01 -4.068881440270000205e-01 -3.901230097000000230e-01 -2.522091469030000033e-01 -1.870721450320000090e-01
-5.601373490959999923e-01 -3.202639068829999935e-01 -2.369658277940000189e-03 3.482170050949999762e-01 -3.096976330880000031e-02 4.418696633079999825e-01 -4.068881440270000205e-01 -3.907114004600000245e-01 -2.522091469030000033e-01 -1.884179471749999890e-01
-5.601373490959999923e-01 -3.202639068829999935e-01 -2.369658277940000189e-03 3.465912778920000048e-01 -3.164261209170000227e-02 4.418696633079999825e-01 -4.068881440270000205e-01 -3.901230097000000230e-01 -2.522091469030000033e-01 -1.890907959579999909e-01
-5.601373490959999923e-01 -3.202639068829999935e-01 -2.369658277940000189e-03 3.465912778920000048e-01 -3.096976330880000031e-02 4.418696633079999825e-01 -4.068881440270000205e-01 -3.901230097000000230e-01 -2.538348741070000081e-01 -1.884179471749999890e-01
-5.601373490959999923e-01 -3.202639068829999935e-01 -2.369658277940000189e-03 3.465912778920000048e-01 -3.096976330880000031e-02 4.418696633079999825e-01 -4.068881440270000205e-01 -3.901230097000000230e-01 -2.522091469030000033e-01 -1.890907959579999909e-01
-5.601373490959999923e-01 -3.202639068829999935e-01 -2.369658277940000189e-03 3.465912778920000048e-01 -3.164261209170000227e-02 4.412812725479999809e-01 -3.470470839820000153e-01 -3.524656352910000012e-01 -2.603377829199999827e-01 -3.276989001699999737e-01
-5.601373490959999923e-01 -3.202639068829999935e-01 -2.369658277940000189e-03 3.482170050949999762e-01 -3.096976330880000031e-02 4.118614602219999865e-01 3.185483958869999942e-05 -2.336095130180000090e-01 -3.204901947959999942e-01 -6.466323605989999779e-01
-5.601373490959999923e-01 -3.202639068829999935e-01 -2.369658277940000189e-03 3.465912778920000048e-01 -3.164261209170000227e-02 4.153918047790000068e-01 2.693170900779999766e-01 -2.212532156189999932e-01 -2.798467620360000074e-01 -6.533608484280000184e-01
-5.601373490959999923e-01 -3.217599217580000004e-01 -2.369658277940000189e-03 3.465912778920000048e-01 -3.164261209170000227e-02 4.218641945839999852e-01 3.052216796019999734e-01 -2.177227796110000058e-01 -2.310744405830000014e-01 -6.580709990630000394e-01
-5.601373490959999923e-01 -3.202639068829999935e-01 -2.369658277940000189e-03 3.465912778920000048e-01 -3.164261209170000227e-02 4.189221493360000270e-01 3.082139418689999744e-01 -1.841842319689999952e-01 -3.221161746760000111e-01 -5.369569632080000154e-01
-5.601373490959999923e-01 -3.202639068829999935e-01 -2.369658277940000189e-03 3.482170050949999762e-01 -3.096976330880000031e-02 3.359583206449999748e-01 3.261661203730000236e-01 -4.826459477029999834e-02 -3.465023354030000169e-01 -1.953122942159999861e-02
-5.595489583360000463e-01 -3.202639068829999935e-01 -2.369658277940000189e-03 3.482170050949999762e-01 -3.096976330880000031e-02 2.388728393740000011e-01 3.082139418689999744e-01 -4.134830556449999722e-03 -3.318705378960000174e-01 3.698859123139999761e-02
-5.601373490959999923e-01 -3.202639068829999935e-01 -2.369658277940000189e-03 3.465912778920000048e-01 -3.096976330880000031e-02 8.294782490209999526e-02 2.992376201010000236e-01 7.044685324340000353e-03 -3.334962650989999888e-01 3.833439337430000204e-02
-5.601373490959999923e-01 -3.202639068829999935e-01 -2.369658277940000189e-03 3.465912778920000048e-01 -3.096976330880000031e-02 -1.200489990320000033e-01 3.007336349759999750e-01 7.044685324340000353e-03 -3.334962650989999888e-01 3.833439337430000204e-02
