-5.613141306150000176e-01 -3.202639068829999935e-01 -2.958049037439999807e-03 3.417140962820000016e-01 -3.164261209170000227e-02 -5.613463668200000534e-01 3.201820608720000183e-01 4.691030836099999678e-03 -3.416249011160000237e-01 4.640857876969999712e-02
-5.436622706539999683e-01 -4.549066407599999806e-01 -2.958049037439999807e-03 6.245931564259999957e-01 3.518849589629999830e-01 -5.613463668200000534e-01 3.171900311210000267e-01 4.691030836099999678e-03 -3.416249011160000237e-01 4.573572998670000223e-02
-4.183337585770000033e-01 -4.833309233909999780e-01 -2.958049037439999807e-03 7.416465257709999870e-01 4.258990571269999914e-01 -5.613463668200000534e-01 3.141980013699999796e-01 4.691030836099999678e-03 -3.399991739120000189e-01 4.573572998670000223e-02
-2.659390886620000005e-01 -4.833309233909999780e-01 -4.134830556449999722e-03 7.530271215489999781e-01 4.346460913049999819e-01 -5.613463668200000534e-01 3.141980013699999796e-01 4.102640076600000060e-03 -3.399991739120000189e-01 4.573572998670000223e-02
-5.705835713330000003e-02 -4.788428787649999796e-01 -4.134830556449999722e-03 7.530271215489999781e-01 4.339732425219999801e-01 -5.613463668200000534e-01 3.141980013699999796e-01 4.102640076600000060e-03 -3.399991739120000189e-01 4.573572998670000223e-02
1.218141713099999968e-01 -4.414425068830000187e-01 -4.134830556449999722e-03 7.497751617879999664e-01 4.353189400879999837e-01 -5.613463668200000534e-01 3.141980013699999796e-01 4.102640076600000060e-03 -3.399991739120000189e-01 4.573572998670000223e-02
2.577337170580000225e-01 -4.444345366329999769e-01 -1.609523992420000148e-05 7.383950713650000441e-01 4.353189400879999837e-01 -5.613463668200000534e-01 3.141980013699999796e-01 4.691030836099999678e-03 -3.399991739120000189e-01 4.573572998670000223e-02
3.348137296049999989e-01 -4.549066407599999806e-01 1.351698367890000023e-02 7.530271215489999781e-01 4.353189400879999837e-01 -5.613463668200000534e-01 3.141980013699999796e-01 4.691030836099999678e-03 -3.399991739120000189e-01 4.573572998670000223e-02
3.501120722530000062e-01 -4.190018187199999744e-01 2.293132728119999866e-02 7.562785759560000098e-01 3.720706316060000129e-01 -5.613463668200000534e-01 3.141980013699999796e-01 4.691030836099999678e-03 -3.399991739120000189e-01 4.640857876969999712e-02
3.501120722530000062e-01 -1.527086132319999956e-01 2.705015404789999980e-02 7.627814847689999844e-01 3.639963416329999868e-01 -5.613463668200000534e-01 3.141980013699999796e-01 4.691030836099999678e-03 -3.399991739120000189e-01 4.640857876969999712e-02
3.507004630119999744e-01 -1.048356721890000010e-01 2.705015404789999980e-02 7.692843935819999590e-01 3.639963416329999868e-01 -5.613463668200000534e-01 3.141980013699999796e-01 4.691030836099999678e-03 -3.399991739120000189e-01 4.640857876969999712e-02
3.507004630119999744e-01 -1.033396573130000023e-01 2.705015404789999980e-02 7.709101207849999859e-01 3.639963416329999868e-01 -5.613463668200000534e-01 3.141980013699999796e-01 4.102640076600000060e-03 -3.399991739120000189e-01 4.640857876969999712e-02
3.507004630119999744e-01 -1.033396573130000023e-01 2.705015404789999980e-02 7.709101207849999859e-01 3.639963416329999868e-01 -5.613463668200000534e-01 3.141980013699999796e-01 4.691030836099999678e-03 -3.399991739120000189e-01 4.573572998670000223e-02
3.507004630119999744e-01 -1.048356721890000010e-01 2.705015404789999980e-02 7.709101207849999859e-01 3.639963416329999868e-01 -5.613463668200000534e-01 3.141980013699999796e-01 4.691030836099999678e-03 -3.399991739120000189e-01 4.640857876969999712e-02
3.507004630119999744e-01 -1.033396573130000023e-01 2.705015404789999980e-02 7.725358479889999908e-01 3.633234928499999850e-01 -5.613463668200000534e-01 3.141980013699999796e-01 4.102640076600000060e-03 -3.399991739120000189e-01 4.573572998670000223e-02
3.106894341149999961e-01 5.523954708579999900e-02 1.116342064090000002e-02 5.205456047069999537e-01 3.579405980099999995e-01 -5.613463668200000534e-01 3.156940162460000199e-01 4.102640076600000060e-03 -3.399991739120000189e-01 4.573572998670000223e-02
2.853883571060000235e-01 1.240569289000000019e-01 1.881259196460000060e-02 2.929417748290000234e-01 3.572677492269999977e-01 -5.613463668200000534e-01 3.141980013699999796e-01 4.691030836099999678e-03 -3.399991739120000189e-01 4.640857876969999712e-02
2.847999663460000219e-01 1.315370032759999863e-01 1.881259196460000060e-02 2.718068158320000038e-01 3.572677492269999977e-01 -5.613463668200000534e-01 3.141980013699999796e-01 4.102640076600000060e-03 -3.399991739120000189e-01 4.640857876969999712e-02
2.847999663460000219e-01 1.315370032759999863e-01 1.881259196460000060e-02 2.718068158320000038e-01 3.572677492269999977e-01 -5.613463668200000534e-01 3.141980013699999796e-01 4.102640076600000060e-03 -3.399991739120000189e-01 4.640857876969999712e-02
2.842115755869999982e-01 1.315370032759999863e-01 1.881259196460000060e-02 2.718068158320000038e-01 3.572677492269999977e-01 -5.613463668200000534e-01 3.141980013699999796e-01 4.691030836099999678e-03 -3.399991739120000189e-01 4.640857876969999712e-02
3.124546063940000229e-01 -6.593882039729999367e-02 3.940645144769999719e-02 5.221713319099999806e-01 4.319546961729999746e-01 -5.613463668200000534e-01 3.141980013699999796e-01 4.102640076600000060e-03 -3.399991739120000189e-01 4.640857876969999712e-02
3.536424168100000265e-01 -3.890810561799999956e-01 2.646176328840000105e-02 7.595300303619999527e-01 4.333003937389999782e-01 -5.613463668200000534e-01 3.141980013699999796e-01 4.691030836099999678e-03 -3.399991739120000189e-01 4.640857876969999712e-02
3.465815447960000073e-01 -3.845930115539999972e-01 2.410820025039999911e-02 6.571082058470000264e-01 2.267338304100000035e-01 -5.613463668200000534e-01 3.141980013699999796e-01 4.691030836099999678e-03 -3.399991739120000189e-01 4.640857876969999712e-02
2.889187931130000053e-01 -2.873513471090000104e-01 9.398248362359999317e-03 3.693514587380000158e-01 -1.683983428980000141e-02 -5.613463668200000534e-01 3.141980013699999796e-01 4.691030836099999678e-03 -3.399991739120000189e-01 4.640857876969999712e-02
1.688858893209999879e-01 -2.873513471090000104e-01 -7.076875804190000015e-03 3.319592277080000153e-01 -2.760551939400000127e-02 -5.613463668200000534e-01 3.141980013699999796e-01 4.691030836099999678e-03 -3.399991739120000189e-01 4.640857876969999712e-02
-2.175454576220000116e-02 -2.873513471090000104e-01 -6.488485044690000397e-03 3.335849549109999868e-01 -3.164261209170000227e-02 -5.613463668200000534e-01 3.141980013699999796e-01 4.691030836099999678e-03 -3.399991739120000189e-01 4.708142755260000256e-02
