-5.619025213739999858e-01 -3.187678920070000088e-01 -2.369658277940000189e-03 3.449655506889999779e-01 -3.298830965760000261e-02 -5.625231483389999676e-01 3.201820608720000183e-01 4.102640076600000060e-03 -3.399991739120000189e-01 4.573572998670000223e-02
-5.619025213739999858e-01 -3.202639068829999935e-01 -1.781267518430000108e-03 3.465912778920000048e-01 -3.298830965760000261e-02 -5.125093850799999906e-01 1.212102223229999942e-01 7.235669978080000453e-02 -9.126063771459999585e-02 -3.451931776800000184e-01
-5.619025213739999858e-01 -3.202639068829999935e-01 -1.781267518430000108e-03 3.465912778920000048e-01 -3.298830965760000261e-02 -3.354021203650000005e-01 -2.617733060219999963e-01 2.412264938620000132e-01 2.452681781699999897e-01 -6.035696201819999995e-01
-5.619025213739999858e-01 -3.202639068829999935e-01 -1.781267518430000108e-03 3.449655506889999779e-01 -3.298830965760000261e-02 -1.759466698859999956e-01 -4.502730404440000167e-01 3.877371647319999837e-01 2.696543388959999898e-01 -6.102981080110000400e-01
-5.619025213739999858e-01 -3.202639068829999935e-01 -2.369658277940000189e-03 3.449655506889999779e-01 -3.298830965760000261e-02 -7.297728102009999607e-02 -4.652334217140000061e-01 4.536375699479999746e-01 2.761572477090000199e-01 -6.102981080110000400e-01
-5.619025213739999858e-01 -3.202639068829999935e-01 -1.781267518430000108e-03 3.465912778920000048e-01 -3.298830965760000261e-02 -6.709328197489999868e-02 -4.682254514649999977e-01 4.542259607069999983e-01 2.794089547929999862e-01 -6.109709567940000419e-01
-5.619025213739999858e-01 -3.202639068829999935e-01 -1.781267518430000108e-03 3.449655506889999779e-01 -3.298830965760000261e-02 -6.709328197489999868e-02 -4.697214663400000045e-01 4.542259607069999983e-01 2.794089547929999862e-01 -6.102981080110000400e-01
-5.619025213739999858e-01 -3.202639068829999935e-01 -2.369658277940000189e-03 3.465912778920000048e-01 -3.298830965760000261e-02 -6.709328197489999868e-02 -4.682254514649999977e-01 4.542259607069999983e-01 2.794089547929999862e-01 -6.102981080110000400e-01
-5.619025213739999858e-01 -3.202639068829999935e-01 -2.369658277940000189e-03 3.465912778920000048e-01 -3.298830965760000261e-02 -8.415679690089999943e-02 -4.697214663400000045e-01 4.542259607069999983e-01 2.192562902400000124e-01 -6.513423020799999907e-01
-5.619025213739999858e-01 -3.202639068829999935e-01 -1.781267518430000108e-03 3.465912778920000048e-01 -3.366115844059999751e-02 -8.415679690089999943e-02 -4.697214663400000045e-01 4.542259607069999983e-01 -1.481615951839999890e-01 -6.540336972110000202e-01
-5.619025213739999858e-01 -3.202639068829999935e-01 -2.369658277940000189e-03 3.465912778920000048e-01 -3.298830965760000261e-02 -8.415679690089999943e-02 -4.697214663400000045e-01 4.559911787109999781e-01 -5.594744941120000092e-01 -6.540336972110000202e-01
-5.619025213739999858e-01 -3.202639068829999935e-01 -1.781267518430000108e-03 3.449655506889999779e-01 -3.298830965760000261e-02 -9.651309430070000028e-02 -4.727134960900000182e-01 4.559911787109999781e-01 -7.253003112500000515e-01 -6.553793947770000239e-01
-5.619025213739999858e-01 -3.202639068829999935e-01 -1.781267518430000108e-03 3.465912778920000048e-01 -3.298830965760000261e-02 -9.651309430070000028e-02 -4.742095109660000030e-01 4.559911787109999781e-01 -7.366805280110000353e-01 -6.553793947770000239e-01
-5.619025213739999858e-01 -3.202639068829999935e-01 -1.781267518430000108e-03 3.449655506889999779e-01 -3.366115844059999751e-02 -9.651309430070000028e-02 -4.742095109660000030e-01 4.559911787109999781e-01 -7.399319824179999561e-01 -6.553793947770000239e-01
-5.619025213739999858e-01 -3.202639068829999935e-01 -2.369658277940000189e-03 3.465912778920000048e-01 -3.298830965760000261e-02 -9.651309430070000028e-02 -4.742095109660000030e-01 4.559911787109999781e-01 -7.383062552150000402e-01 -6.553793947770000239e-01
-5.619025213739999858e-01 -3.202639068829999935e-01 -1.781267518430000108e-03 3.449655506889999779e-01 -3.366115844059999751e-02 -9.651309430070000028e-02 -4.757055258410000098e-01 4.559911787109999781e-01 -5.269596973700000353e-01 -6.553793947770000239e-01
-5.619025213739999858e-01 -3.202639068829999935e-01 -2.369658277940000189e-03 3.449655506889999779e-01 -3.298830965760000261e-02 -9.651309430070000028e-02 -4.757055258410000098e-01 4.559911787109999781e-01 -3.578824258259999946e-01 -6.553793947770000239e-01
-5.619025213739999858e-01 -3.202639068829999935e-01 -1.781267518430000108e-03 3.465912778920000048e-01 -3.298830965760000261e-02 -9.592470354120000153e-02 -4.757055258410000098e-01 4.559911787109999781e-01 -3.546309714190000184e-01 -6.553793947770000239e-01
-5.619025213739999858e-01 -3.202639068829999935e-01 -1.781267518430000108e-03 3.449655506889999779e-01 -3.298830965760000261e-02 -9.651309430070000028e-02 -4.757055258410000098e-01 4.559911787109999781e-01 -3.530052442159999915e-01 -6.553793947770000239e-01
-5.619025213739999858e-01 -3.202639068829999935e-01 -1.781267518430000108e-03 3.465912778920000048e-01 -3.298830965760000261e-02 -9.651309430070000028e-02 -4.757055258410000098e-01 4.559911787109999781e-01 -3.546309714190000184e-01 -6.553793947770000239e-01
-5.619025213739999858e-01 -3.202639068829999935e-01 -1.781267518430000108e-03 3.449655506889999779e-01 -3.366115844059999751e-02 -7.062371798210000107e-02 -4.786975555920000014e-01 4.559911787109999781e-01 -1.237754344569999970e-01 -6.197182001269999629e-01
-5.619025213739999858e-01 -3.202639068829999935e-01 -2.369658277940000189e-03 3.449655506889999779e-01 -3.298830965760000261e-02 -7.003523577240000630e-02 -4.772015407160000167e-01 4.559911787109999781e-01 2.355138149500000111e-01 -6.190453513439999611e-01
-5.619025213739999858e-01 -3.202639068829999935e-01 -2.369658277940000189e-03 3.465912778920000048e-01 -3.298830965760000261e-02 -6.944684501289999368e-02 -4.577531148210000067e-01 4.389276637849999774e-01 1.948701295130000066e-01 -4.515043311570000051e-01
-5.619025213739999858e-01 -3.217599217580000004e-01 -1.781267518430000108e-03 3.449655506889999779e-01 -3.298830965760000261e-02 -2.106619990470000037e-01 -8.673793799500000012e-02 2.971241647160000054e-01 -1.936824622309999966e-01 3.345838352759999881e-03
-5.619025213739999858e-01 -3.217599217580000004e-01 -2.369658277940000189e-03 3.449655506889999779e-01 -3.298830965760000261e-02 -4.095400876640000187e-01 2.857734862229999728e-01 1.117792464679999986e-01 -3.188644675919999893e-01 4.035293972319999728e-02
-5.619025213739999858e-01 -3.127838325060000035e-01 -2.369658277940000189e-03 3.498427322989999810e-01 -3.366115844059999751e-02 -5.395757258179999516e-01 2.872695010979999797e-01 1.234020215989999926e-02 -3.399991739120000189e-01 4.506288120379999679e-02
