-5.613141306150000176e-01 -3.202639068829999935e-01 -2.369658277940000189e-03 3.449655506889999779e-01 -3.298830965760000261e-02 -5.625231483389999676e-01 3.216780757470000252e-01 3.514249317100000009e-03 -3.416249011160000237e-01 4.506288120379999679e-02
-5.619025213739999858e-01 -3.217599217580000004e-01 -2.369658277940000189e-03 3.465912778920000048e-01 -3.298830965760000261e-02 -5.130977758389999588e-01 1.212102223229999942e-01 7.176830902130000578e-02 -9.126063771459999585e-02 -3.478845728120000258e-01
-5.619025213739999858e-01 -3.202639068829999935e-01 -2.369658277940000189e-03 3.449655506889999779e-01 -3.298830965760000261e-02 -3.342253388459999752e-01 -2.647653357729999879e-01 2.418148846219999870e-01 2.452681781699999897e-01 -6.035696201819999995e-01
-5.613141306150000176e-01 -3.202639068829999935e-01 -2.369658277940000189e-03 3.465912778920000048e-01 -3.298830965760000261e-02 -1.700626708400000131e-01 -4.487770255690000099e-01 3.918559914990000226e-01 2.696543388959999898e-01 -6.096252592290000161e-01
-5.613141306150000176e-01 -3.202639068829999935e-01 -2.369658277940000189e-03 3.465912778920000048e-01 -3.298830965760000261e-02 -7.238889026059999732e-02 -4.637374068389999993e-01 4.536375699479999746e-01 2.794089547929999862e-01 -6.102981080110000400e-01
-5.619025213739999858e-01 -3.202639068829999935e-01 -2.369658277940000189e-03 3.465912778920000048e-01 -3.298830965760000261e-02 -6.709328197489999868e-02 -4.697214663400000045e-01 4.542259607069999983e-01 2.794089547929999862e-01 -6.102981080110000400e-01
-5.613141306150000176e-01 -3.202639068829999935e-01 -2.369658277940000189e-03 3.465912778920000048e-01 -3.298830965760000261e-02 -6.709328197489999868e-02 -4.697214663400000045e-01 4.542259607069999983e-01 2.794089547929999862e-01 -6.102981080110000400e-01
-5.613141306150000176e-01 -3.202639068829999935e-01 -2.369658277940000189e-03 3.449655506889999779e-01 -3.298830965760000261e-02 -6.709328197489999868e-02 -4.697214663400000045e-01 4.542259607069999983e-01 2.810346819969999910e-01 -6.096252592290000161e-01
-5.613141306150000176e-01 -3.202639068829999935e-01 -2.369658277940000189e-03 3.449655506889999779e-01 -3.298830965760000261e-02 -8.415679690089999943e-02 -4.697214663400000045e-01 4.542259607069999983e-01 2.208820174430000116e-01 -6.513423020799999907e-01
-5.613141306150000176e-01 -3.217599217580000004e-01 -2.369658277940000189e-03 3.465912778920000048e-01 -3.298830965760000261e-02 -8.415679690089999943e-02 -4.697214663400000045e-01 4.542259607069999983e-01 -1.351555248799999887e-01 -6.540336972110000202e-01
-5.613141306150000176e-01 -3.202639068829999935e-01 -2.369658277940000189e-03 3.449655506889999779e-01 -3.298830965760000261e-02 -8.415679690089999943e-02 -4.697214663400000045e-01 4.554027879520000099e-01 -5.627260748579999694e-01 -6.540336972110000202e-01
-5.613141306150000176e-01 -3.202639068829999935e-01 -2.369658277940000189e-03 3.449655506889999779e-01 -3.298830965760000261e-02 -9.886665733869999528e-02 -4.772015407160000167e-01 4.559911787109999781e-01 -7.285517656559999944e-01 -6.567250923430000276e-01
-5.613141306150000176e-01 -3.202639068829999935e-01 -2.369658277940000189e-03 3.465912778920000048e-01 -3.298830965760000261e-02 -9.886665733869999528e-02 -4.772015407160000167e-01 4.559911787109999781e-01 -7.415577096209999830e-01 -6.567250923430000276e-01
-5.613141306150000176e-01 -3.202639068829999935e-01 -2.369658277940000189e-03 3.465912778920000048e-01 -3.298830965760000261e-02 -9.886665733869999528e-02 -4.772015407160000167e-01 4.559911787109999781e-01 -7.415577096209999830e-01 -6.567250923430000276e-01
-5.613141306150000176e-01 -3.202639068829999935e-01 -2.369658277940000189e-03 3.465912778920000048e-01 -3.298830965760000261e-02 -9.886665733869999528e-02 -4.786975555920000014e-01 4.559911787109999781e-01 -7.415577096209999830e-01 -6.567250923430000276e-01
-5.613141306150000176e-01 -3.202639068829999935e-01 -2.369658277940000189e-03 3.449655506889999779e-01 -3.298830965760000261e-02 -9.886665733869999528e-02 -4.786975555920000014e-01 4.559911787109999781e-01 -5.220823894210000482e-01 -6.567250923430000276e-01
-5.613141306150000176e-01 -3.202639068829999935e-01 -2.369658277940000189e-03 3.449655506889999779e-01 -3.298830965760000261e-02 -9.886665733869999528e-02 -4.786975555920000014e-01 4.559911787109999781e-01 -3.578824258259999946e-01 -6.567250923430000276e-01
-5.613141306150000176e-01 -3.202639068829999935e-01 -2.369658277940000189e-03 3.449655506889999779e-01 -3.298830965760000261e-02 -9.886665733869999528e-02 -4.786975555920000014e-01 4.559911787109999781e-01 -3.546309714190000184e-01 -6.567250923430000276e-01
-5.613141306150000176e-01 -3.202639068829999935e-01 -2.369658277940000189e-03 3.465912778920000048e-01 -3.298830965760000261e-02 -9.886665733869999528e-02 -4.786975555920000014e-01 4.559911787109999781e-01 -3.546309714190000184e-01 -6.567250923430000276e-01
-5.613141306150000176e-01 -3.202639068829999935e-01 -2.369658277940000189e-03 3.449655506889999779e-01 -3.298830965760000261e-02 -9.886665733869999528e-02 -4.786975555920000014e-01 4.559911787109999781e-01 -3.546309714190000184e-01 -6.567250923430000276e-01
-5.613141306150000176e-01 -3.202639068829999935e-01 -2.369658277940000189e-03 3.449655506889999779e-01 -3.298830965760000261e-02 -7.062371798210000107e-02 -4.786975555920000014e-01 4.559911787109999781e-01 -1.351555248799999887e-01 -6.197182001269999629e-01
-5.619025213739999858e-01 -3.217599217580000004e-01 -2.369658277940000189e-03 3.449655506889999779e-01 -3.298830965760000261e-02 -7.003523577240000630e-02 -4.786975555920000014e-01 4.565795694709999797e-01 2.371395421530000103e-01 -6.190453513439999611e-01
-5.619025213739999858e-01 -3.202639068829999935e-01 -2.369658277940000189e-03 3.449655506889999779e-01 -3.298830965760000261e-02 -7.003523577240000630e-02 -4.547610850700000151e-01 4.383392730260000092e-01 1.932444023100000074e-01 -4.494857848079999996e-01
-5.613141306150000176e-01 -3.217599217580000004e-01 -2.369658277940000189e-03 3.449655506889999779e-01 -3.298830965760000261e-02 -2.124272627759999921e-01 -8.075387849380000205e-02 2.959472917470000186e-01 -1.969339166369999949e-01 5.364384701609999952e-03
-5.613141306150000176e-01 -3.217599217580000004e-01 -2.369658277940000189e-03 3.465912778920000048e-01 -3.298830965760000261e-02 -4.054213523479999748e-01 2.827812239549999940e-01 1.153095910250000050e-01 -3.253676290829999873e-01 4.035293972319999728e-02
-5.613141306150000176e-01 -3.142798473819999883e-01 -2.369658277940000189e-03 3.498427322989999810e-01 -3.298830965760000261e-02 -5.401641165770000308e-01 2.917575457239999781e-01 1.175181140040000051e-02 -3.399991739120000189e-01 4.506288120379999679e-02
