-5.601373490959999923e-01 -3.202639068829999935e-01 -2.369658277940000189e-03 3.449655506889999779e-01 -3.029691452579999847e-02 -5.613463668200000534e-01 3.216780757470000252e-01 4.102640076600000060e-03 -3.416249011160000237e-01 4.573572998670000223e-02
-5.601373490959999923e-01 -3.202639068829999935e-01 -2.369658277940000189e-03 3.465912778920000048e-01 -3.029691452579999847e-02 -5.119209943200000446e-01 1.197142074469999956e-01 7.353348129980000203e-02 -8.638345610479999936e-02 -3.505760725209999817e-01
-5.595489583360000463e-01 -3.202639068829999935e-01 -2.369658277940000189e-03 3.449655506889999779e-01 -2.962406574289999997e-02 -3.406976372000000142e-01 -2.542932316459999842e-01 2.365192763360000061e-01 2.436424509660000126e-01 -6.028967713989999977e-01
-5.601373490959999923e-01 -3.202639068829999935e-01 -2.369658277940000189e-03 3.465912778920000048e-01 -3.029691452579999847e-02 -1.659439355239999969e-01 -4.502730404440000167e-01 3.936211637770000160e-01 2.712800660990000168e-01 -6.102981080110000400e-01
-5.601373490959999923e-01 -3.202639068829999935e-01 -2.369658277940000189e-03 3.465912778920000048e-01 -3.029691452579999847e-02 -7.415406253919999691e-02 -4.682254514649999977e-01 4.530491791879999730e-01 2.777829749130000248e-01 -6.102981080110000400e-01
-5.595489583360000463e-01 -3.202639068829999935e-01 -2.369658277940000189e-03 3.449655506889999779e-01 -2.962406574289999997e-02 -6.709328197489999868e-02 -4.682254514649999977e-01 4.536375699479999746e-01 2.810346819969999910e-01 -6.109709567940000419e-01
-5.595489583360000463e-01 -3.202639068829999935e-01 -2.369658277940000189e-03 3.449655506889999779e-01 -3.029691452579999847e-02 -6.709328197489999868e-02 -4.697214663400000045e-01 4.542259607069999983e-01 2.810346819969999910e-01 -6.102981080110000400e-01
-5.595489583360000463e-01 -3.202639068829999935e-01 -2.369658277940000189e-03 3.465912778920000048e-01 -3.029691452579999847e-02 -6.709328197489999868e-02 -4.682254514649999977e-01 4.542259607069999983e-01 2.810346819969999910e-01 -6.102981080110000400e-01
-5.595489583360000463e-01 -3.202639068829999935e-01 -2.369658277940000189e-03 3.449655506889999779e-01 -3.029691452579999847e-02 -8.003797013419999828e-02 -4.697214663400000045e-01 4.542259607069999983e-01 2.387652693569999873e-01 -6.499966045139999871e-01
-5.601373490959999923e-01 -3.202639068829999935e-01 -2.369658277940000189e-03 3.465912778920000048e-01 -2.962406574289999997e-02 -8.415679690089999943e-02 -4.697214663400000045e-01 4.542259607069999983e-01 -1.140210712379999963e-01 -6.540336972110000202e-01
-5.595489583360000463e-01 -3.202639068829999935e-01 -2.369658277940000189e-03 3.465912778920000048e-01 -3.029691452579999847e-02 -8.415679690089999943e-02 -4.697214663400000045e-01 4.554027879520000099e-01 -5.399656413340000460e-01 -6.540336972110000202e-01
-5.595489583360000463e-01 -3.202639068829999935e-01 -2.369658277940000189e-03 3.449655506889999779e-01 -2.962406574289999997e-02 -8.533357841989999693e-02 -4.697214663400000045e-01 4.559911787109999781e-01 -7.366805280110000353e-01 -6.540336972110000202e-01
-5.595489583360000463e-01 -3.202639068829999935e-01 -2.369658277940000189e-03 3.449655506889999779e-01 -3.029691452579999847e-02 -8.533357841989999693e-02 -4.712174812150000114e-01 4.559911787109999781e-01 -7.431835631630000494e-01 -6.547065459940000220e-01
-5.601373490959999923e-01 -3.202639068829999935e-01 -2.369658277940000189e-03 3.465912778920000048e-01 -2.962406574289999997e-02 -8.533357841989999693e-02 -4.697214663400000045e-01 4.559911787109999781e-01 -7.431835631630000494e-01 -6.547065459940000220e-01
-5.595489583360000463e-01 -3.202639068829999935e-01 -2.369658277940000189e-03 3.465912778920000048e-01 -3.029691452579999847e-02 -8.533357841989999693e-02 -4.697214663400000045e-01 4.559911787109999781e-01 -7.431835631630000494e-01 -6.547065459940000220e-01
-5.595489583360000463e-01 -3.202639068829999935e-01 -2.369658277940000189e-03 3.449655506889999779e-01 -3.029691452579999847e-02 -8.533357841989999693e-02 -4.712174812150000114e-01 4.559911787109999781e-01 -5.237082429630000036e-01 -6.547065459940000220e-01
-5.595489583360000463e-01 -3.202639068829999935e-01 -2.958049037439999807e-03 3.465912778920000048e-01 -2.962406574289999997e-02 -8.533357841989999693e-02 -4.697214663400000045e-01 4.559911787109999781e-01 -3.578824258259999946e-01 -6.547065459940000220e-01
-5.595489583360000463e-01 -3.202639068829999935e-01 -2.369658277940000189e-03 3.465912778920000048e-01 -3.029691452579999847e-02 -8.533357841989999693e-02 -4.697214663400000045e-01 4.559911787109999781e-01 -3.546309714190000184e-01 -6.547065459940000220e-01
-5.595489583360000463e-01 -3.202639068829999935e-01 -2.369658277940000189e-03 3.465912778920000048e-01 -3.029691452579999847e-02 -8.533357841989999693e-02 -4.712174812150000114e-01 4.559911787109999781e-01 -3.546309714190000184e-01 -6.547065459940000220e-01
-5.601373490959999923e-01 -3.202639068829999935e-01 -2.369658277940000189e-03 3.449655506889999779e-01 -3.029691452579999847e-02 -8.533357841989999693e-02 -4.697214663400000045e-01 4.559911787109999781e-01 -3.530052442159999915e-01 -6.547065459940000220e-01
-5.595489583360000463e-01 -3.202639068829999935e-01 -2.369658277940000189e-03 3.465912778920000048e-01 -3.029691452579999847e-02 -7.003523577240000630e-02 -4.727134960900000182e-01 4.559911787109999781e-01 -1.302783432709999911e-01 -6.197182001269999629e-01
-5.595489583360000463e-01 -3.202639068829999935e-01 -2.369658277940000189e-03 3.465912778920000048e-01 -3.029691452579999847e-02 -7.003523577240000630e-02 -4.727134960900000182e-01 4.559911787109999781e-01 2.355138149500000111e-01 -6.190453513439999611e-01
-5.601373490959999923e-01 -3.202639068829999935e-01 -2.369658277940000189e-03 3.465912778920000048e-01 -2.962406574289999997e-02 -7.062371798210000107e-02 -4.577531148210000067e-01 4.383392730260000092e-01 1.932444023100000074e-01 -4.488129360249999977e-01
-5.595489583360000463e-01 -3.232559366330000072e-01 -2.369658277940000189e-03 3.449655506889999779e-01 -2.962406574289999997e-02 -2.136040442949999896e-01 -7.626583386799999642e-02 2.953589009879999949e-01 -1.969339166369999949e-01 7.383035627510000157e-03
-5.595489583360000463e-01 -3.217599217580000004e-01 -2.369658277940000189e-03 3.449655506889999779e-01 -3.029691452579999847e-02 -4.042443879279999930e-01 2.842772388309999787e-01 1.158979817850000066e-01 -3.237419018800000159e-01 4.102578850610000272e-02
-5.595489583360000463e-01 -3.127838325060000035e-01 -2.369658277940000189e-03 3.514684595020000080e-01 -3.029691452579999847e-02 -5.395757258179999516e-01 2.992376201010000236e-01 1.175181140040000051e-02 -3.383734467089999920e-01 4.506288120379999679e-02
