-5.613141306150000176e-01 -3.202639068829999935e-01 -2.369658277940000189e-03 3.465912778920000048e-01 -3.164261209170000227e-02 -5.584044130219999458e-01 3.171900311210000267e-01 4.691030836099999678e-03 -3.432506283189999952e-01 4.439003242080000189e-02
-5.536650050160000225e-01 -2.275100545469999902e-01 -3.531990661099999873e-02 2.067772223459999892e-01 1.742511024550000009e-01 -5.584044130219999458e-01 3.171900311210000267e-01 4.691030836099999678e-03 -3.432506283189999952e-01 4.439003242080000189e-02
-3.977398990939999823e-01 1.420091074029999900e-01 -1.871261857669999917e-01 -1.817753693979999863e-01 5.880571301850000543e-01 -5.584044130219999458e-01 3.171900311210000267e-01 4.691030836099999678e-03 -3.432506283189999952e-01 4.506288120379999679e-02
-2.100414178080000083e-01 4.352310456799999838e-01 -3.601147151649999878e-01 -2.565595787809999972e-01 6.068971052610000472e-01 -5.584044130219999458e-01 3.156940162460000199e-01 4.691030836099999678e-03 -3.432506283189999952e-01 4.506288120379999679e-02
-8.353621566159999401e-02 4.726316500789999875e-01 -4.524929789089999765e-01 -2.598110331869999956e-01 6.068971052610000472e-01 -5.584044130219999458e-01 3.171900311210000267e-01 4.691030836099999678e-03 -3.432506283189999952e-01 4.506288120379999679e-02
-6.882626377349999880e-02 4.726316500789999875e-01 -4.572001049850000221e-01 -2.598110331869999956e-01 6.068971052610000472e-01 -5.584044130219999458e-01 3.156940162460000199e-01 4.102640076600000060e-03 -3.432506283189999952e-01 4.506288120379999679e-02
-6.882626377349999880e-02 4.726316500789999875e-01 -4.572001049850000221e-01 -2.598110331869999956e-01 6.068971052610000472e-01 -5.584044130219999458e-01 3.171900311210000267e-01 4.691030836099999678e-03 -3.432506283189999952e-01 4.506288120379999679e-02
-6.882626377349999880e-02 4.726316500789999875e-01 -4.572001049850000221e-01 -2.598110331869999956e-01 6.068971052610000472e-01 -5.584044130219999458e-01 3.156940162460000199e-01 4.691030836099999678e-03 -3.432506283189999952e-01 4.506288120379999679e-02
-6.882626377349999880e-02 4.726316500789999875e-01 -4.572001049850000221e-01 -2.598110331869999956e-01 6.405398581400000291e-01 -5.584044130219999458e-01 3.171900311210000267e-01 4.691030836099999678e-03 -3.432506283189999952e-01 4.506288120379999679e-02
-8.765495097809999914e-02 4.726316500789999875e-01 -4.572001049850000221e-01 -2.245258741259999885e-02 6.506326944610000274e-01 -5.584044130219999458e-01 3.171900311210000267e-01 4.691030836099999678e-03 -3.432506283189999952e-01 4.573572998670000223e-02
-8.765495097809999914e-02 4.741276649550000277e-01 -4.577884957439999902e-01 4.132465985809999909e-01 6.506326944610000274e-01 -5.584044130219999458e-01 3.171900311210000267e-01 4.691030836099999678e-03 -3.432506283189999952e-01 4.573572998670000223e-02
-9.177377774490000362e-02 4.726316500789999875e-01 -4.583768865039999918e-01 7.010033456900000015e-01 6.513055432440000292e-01 -5.584044130219999458e-01 3.171900311210000267e-01 4.102640076600000060e-03 -3.432506283189999952e-01 4.573572998670000223e-02
-9.177377774490000362e-02 4.741276649550000277e-01 -4.583768865039999918e-01 7.383950713650000441e-01 6.513055432440000292e-01 -5.584044130219999458e-01 3.171900311210000267e-01 4.102640076600000060e-03 -3.432506283189999952e-01 4.573572998670000223e-02
-9.177377774490000362e-02 4.741276649550000277e-01 -4.583768865039999918e-01 7.448979801780000187e-01 6.513055432440000292e-01 -5.584044130219999458e-01 3.156940162460000199e-01 4.691030836099999678e-03 -3.432506283189999952e-01 4.573572998670000223e-02
-9.177377774490000362e-02 4.741276649550000277e-01 -4.583768865039999918e-01 7.465237073810000457e-01 6.506326944610000274e-01 -5.584044130219999458e-01 3.156940162460000199e-01 4.691030836099999678e-03 -3.432506283189999952e-01 4.573572998670000223e-02
-9.177377774490000362e-02 4.741276649550000277e-01 -4.589652772630000155e-01 6.424761556620000036e-01 6.513055432440000292e-01 -5.584044130219999458e-01 3.156940162460000199e-01 4.691030836099999678e-03 -3.432506283189999952e-01 4.573572998670000223e-02
-9.177377774490000362e-02 4.741276649550000277e-01 -4.583768865039999918e-01 3.677257315349999889e-01 6.513055432440000292e-01 -5.584044130219999458e-01 3.171900311210000267e-01 4.691030836099999678e-03 -3.432506283189999952e-01 4.573572998670000223e-02
-9.177377774490000362e-02 4.726316500789999875e-01 -4.583768865039999918e-01 3.612228227209999809e-01 6.513055432440000292e-01 -5.584044130219999458e-01 3.171900311210000267e-01 4.691030836099999678e-03 -3.432506283189999952e-01 4.573572998670000223e-02
-9.177377774490000362e-02 4.741276649550000277e-01 -4.583768865039999918e-01 3.612228227209999809e-01 6.513055432440000292e-01 -5.584044130219999458e-01 3.156940162460000199e-01 4.691030836099999678e-03 -3.432506283189999952e-01 4.573572998670000223e-02
-9.177377774490000362e-02 4.741276649550000277e-01 -4.583768865039999918e-01 3.612228227209999809e-01 6.506326944610000274e-01 -5.584044130219999458e-01 3.156940162460000199e-01 4.691030836099999678e-03 -3.432506283189999952e-01 4.573572998670000223e-02
-6.706109149500000255e-02 4.741276649550000277e-01 -4.583768865039999918e-01 2.506723621890000198e-01 6.264098768320000010e-01 -5.584044130219999458e-01 3.156940162460000199e-01 4.691030836099999678e-03 -3.432506283189999952e-01 4.573572998670000223e-02
-6.706109149500000255e-02 4.741276649550000277e-01 -4.589652772630000155e-01 -1.492605726550000067e-01 6.216999353519999660e-01 -5.584044130219999458e-01 3.171900311210000267e-01 4.691030836099999678e-03 -3.432506283189999952e-01 4.573572998670000223e-02
-6.706109149500000255e-02 4.741276649550000277e-01 -4.583768865039999918e-01 -2.549338515780000258e-01 5.725814513110000226e-01 -5.584044130219999458e-01 3.171900311210000267e-01 4.691030836099999678e-03 -3.432506283189999952e-01 4.573572998670000223e-02
-1.406106680349999971e-01 2.018503999659999881e-01 -3.507004630119999744e-01 6.371196507069999682e-02 8.206998257420000664e-02 -5.584044130219999458e-01 3.156940162460000199e-01 4.102640076600000060e-03 -3.432506283189999952e-01 4.708142755260000256e-02
-3.312511031179999899e-01 -1.407402617129999978e-01 -1.677091078019999904e-01 3.335849549109999868e-01 -3.029691452579999847e-02 -5.584044130219999458e-01 3.156940162460000199e-01 4.691030836099999678e-03 -3.432506283189999952e-01 4.708142755260000256e-02
-5.048280690009999683e-01 -2.843590848420000095e-01 -2.590556300869999856e-02 3.547199139080000063e-01 -3.164261209170000227e-02 -5.584044130219999458e-01 3.216780757470000252e-01 4.102640076600000060e-03 -3.367477195060000206e-01 4.708142755260000256e-02
