-5.624909578590000514e-01 -3.202639068829999935e-01 -2.958049037439999807e-03 3.433398234860000064e-01 -2.962406574289999997e-02 -5.584044130219999458e-01 3.186860459959999781e-01 4.102640076600000060e-03 -3.399991739120000189e-01 4.506288120379999679e-02
-5.624909578590000514e-01 -3.202639068829999935e-01 -2.958049037439999807e-03 3.433398234860000064e-01 -2.962406574289999997e-02 -5.584044130219999458e-01 3.171900311210000267e-01 -6.297454665839999355e-02 -2.505834196999999763e-01 -1.635222284739999976e-01
-5.624909578590000514e-01 -3.202639068829999935e-01 -2.958049037439999807e-03 3.433398234860000064e-01 -2.962406574289999997e-02 -4.819128826849999880e-01 3.186860459959999781e-01 -1.835958412089999936e-01 -2.327001677870000063e-01 -6.224095952589999703e-01
-5.624909578590000514e-01 -3.202639068829999935e-01 -2.369658277940000189e-03 3.433398234860000064e-01 -2.962406574289999997e-02 -3.436395909980000107e-01 3.171900311210000267e-01 -1.865377950069999902e-01 -2.294487133800000023e-01 -6.533608484280000184e-01
-5.624909578590000514e-01 -3.202639068829999935e-01 -2.958049037439999807e-03 3.433398234860000064e-01 -2.962406574289999997e-02 -1.447615938310000128e-01 3.156940162460000199e-01 -1.865377950069999902e-01 -2.261972589729999983e-01 -6.560522435600000257e-01
-5.624909578590000514e-01 -3.202639068829999935e-01 -2.958049037439999807e-03 3.433398234860000064e-01 -2.962406574289999997e-02 4.646723201200000236e-02 2.977416052249999834e-01 -1.859494042469999886e-01 -1.936824622309999966e-01 -6.560522435600000257e-01
-5.624909578590000514e-01 -3.202639068829999935e-01 -2.958049037439999807e-03 3.433398234860000064e-01 -2.962406574289999997e-02 2.247513696959999863e-01 2.573487385589999787e-01 -1.859494042469999886e-01 -2.115654614670000044e-01 -6.560522435600000257e-01
-5.624909578590000514e-01 -3.202639068829999935e-01 -2.958049037439999807e-03 3.433398234860000064e-01 -2.962406574289999997e-02 3.459610550059999956e-01 2.573487385589999787e-01 -1.930100933620000070e-01 -2.164426430760000020e-01 -6.560522435600000257e-01
-5.624909578590000514e-01 -3.202639068829999935e-01 -2.958049037439999807e-03 3.433398234860000064e-01 -2.962406574289999997e-02 4.036238981390000147e-01 2.767971644539999887e-01 -2.059548729710000137e-01 -2.310744405830000014e-01 -6.560522435600000257e-01
-5.624909578590000514e-01 -3.202639068829999935e-01 -2.958049037439999807e-03 3.433398234860000064e-01 -2.962406574289999997e-02 4.183337585770000033e-01 3.067176944769999802e-01 -2.112503898070000052e-01 -2.359516221930000046e-01 -6.560522435600000257e-01
-5.624909578590000514e-01 -3.202639068829999935e-01 -2.369658277940000189e-03 3.433398234860000064e-01 -2.962406574289999997e-02 4.189221493360000270e-01 3.052216796019999734e-01 -2.112503898070000052e-01 -2.359516221930000046e-01 -6.560522435600000257e-01
-5.624909578590000514e-01 -3.202639068829999935e-01 -2.958049037439999807e-03 3.433398234860000064e-01 -2.962406574289999997e-02 4.183337585770000033e-01 3.067176944769999802e-01 -2.112503898070000052e-01 -2.359516221930000046e-01 -6.560522435600000257e-01
-5.624909578590000514e-01 -3.202639068829999935e-01 -2.958049037439999807e-03 3.433398234860000064e-01 -2.962406574289999997e-02 4.189221493360000270e-01 3.067176944769999802e-01 -2.112503898070000052e-01 -2.359516221930000046e-01 -6.560522435600000257e-01
-5.624909578590000514e-01 -3.202639068829999935e-01 -2.958049037439999807e-03 3.433398234860000064e-01 -2.962406574289999997e-02 4.395160545449999789e-01 1.436506779689999957e-01 -3.159850424010000047e-01 -2.343258949900000054e-01 -2.758891255740000270e-01
-5.624909578590000514e-01 -3.202639068829999935e-01 -2.369658277940000189e-03 3.433398234860000064e-01 -2.962406574289999997e-02 4.418696633079999825e-01 -2.303567611239999979e-01 -3.901230097000000230e-01 -2.343258949900000054e-01 -1.884179471749999890e-01
-5.624909578590000514e-01 -3.202639068829999935e-01 -2.958049037439999807e-03 3.433398234860000064e-01 -2.962406574289999997e-02 4.418696633079999825e-01 -4.472810106940000030e-01 -3.907114004600000245e-01 -2.424547836840000026e-01 -1.877449938150000108e-01
-5.624909578590000514e-01 -3.202639068829999935e-01 -2.369658277940000189e-03 3.433398234860000064e-01 -3.029691452579999847e-02 4.424580540670000062e-01 -4.637374068389999993e-01 -3.907114004600000245e-01 -2.440805108870000018e-01 -1.877449938150000108e-01
-5.624909578590000514e-01 -3.202639068829999935e-01 -2.369658277940000189e-03 3.433398234860000064e-01 -2.962406574289999997e-02 4.424580540670000062e-01 -4.637374068389999993e-01 -3.901230097000000230e-01 -2.440805108870000018e-01 -1.877449938150000108e-01
-5.624909578590000514e-01 -3.202639068829999935e-01 -2.958049037439999807e-03 3.433398234860000064e-01 -2.962406574289999997e-02 4.424580540670000062e-01 -4.652334217140000061e-01 -3.907114004600000245e-01 -2.440805108870000018e-01 -1.897636447399999871e-01
-5.624909578590000514e-01 -3.202639068829999935e-01 -2.958049037439999807e-03 3.433398234860000064e-01 -2.962406574289999997e-02 4.424580540670000062e-01 -4.637374068389999993e-01 -3.907114004600000245e-01 -2.440805108870000018e-01 -1.897636447399999871e-01
-5.624909578590000514e-01 -3.202639068829999935e-01 -2.958049037439999807e-03 3.433398234860000064e-01 -2.962406574289999997e-02 4.424580540670000062e-01 -4.637374068389999993e-01 -3.907114004600000245e-01 -2.440805108870000018e-01 -1.897636447399999871e-01
-5.624909578590000514e-01 -3.202639068829999935e-01 -2.958049037439999807e-03 3.433398234860000064e-01 -2.962406574289999997e-02 4.424580540670000062e-01 -4.637374068389999993e-01 -3.901230097000000230e-01 -2.440805108870000018e-01 -1.897636447399999871e-01
-5.624909578590000514e-01 -3.202639068829999935e-01 -2.369658277940000189e-03 3.433398234860000064e-01 -2.962406574289999997e-02 4.424580540670000062e-01 -4.637374068389999993e-01 -3.907114004600000245e-01 -2.440805108870000018e-01 -1.897636447399999871e-01
-5.624909578590000514e-01 -3.202639068829999935e-01 -2.958049037439999807e-03 3.433398234860000064e-01 -2.962406574289999997e-02 4.424580540670000062e-01 -4.083841589020000273e-01 -3.901230097000000230e-01 -2.522091469030000033e-01 -1.877449938150000108e-01
-5.624909578590000514e-01 -3.202639068829999935e-01 -2.958049037439999807e-03 3.433398234860000064e-01 -2.962406574289999997e-02 4.424580540670000062e-01 -4.068881440270000205e-01 -3.907114004600000245e-01 -2.522091469030000033e-01 -1.877449938150000108e-01
-5.624909578590000514e-01 -3.202639068829999935e-01 -2.958049037439999807e-03 3.433398234860000064e-01 -2.962406574289999997e-02 4.424580540670000062e-01 -4.068881440270000205e-01 -3.907114004600000245e-01 -2.522091469030000033e-01 -1.877449938150000108e-01
-5.624909578590000514e-01 -3.202639068829999935e-01 -2.958049037439999807e-03 3.433398234860000064e-01 -3.029691452579999847e-02 4.424580540670000062e-01 -4.068881440270000205e-01 -3.907114004600000245e-01 -2.538348741070000081e-01 -1.897636447399999871e-01
-5.624909578590000514e-01 -3.202639068829999935e-01 -2.958049037439999807e-03 3.433398234860000064e-01 -2.962406574289999997e-02 4.424580540670000062e-01 -4.068881440270000205e-01 -3.901230097000000230e-01 -2.522091469030000033e-01 -1.897636447399999871e-01
-5.624909578590000514e-01 -3.202639068829999935e-01 -2.958049037439999807e-03 3.433398234860000064e-01 -2.962406574289999997e-02 4.424580540670000062e-01 -4.068881440270000205e-01 -3.901230097000000230e-01 -2.522091469030000033e-01 -1.890907959579999909e-01
-5.624909578590000514e-01 -3.202639068829999935e-01 -2.958049037439999807e-03 3.433398234860000064e-01 -2.962406574289999997e-02 4.424580540670000062e-01 -3.934240101490000252e-01 -3.830621376860000038e-01 -2.538348741070000081e-01 -2.146592588640000021e-01
-5.624909578590000514e-01 -3.202639068829999935e-01 -2.958049037439999807e-03 3.433398234860000064e-01 -2.962406574289999997e-02 4.142150232599999815e-01 -1.301228344120000102e-01 -2.530265909819999770e-01 -3.172387403890000179e-01 -6.237552928249999740e-01
-5.624909578590000514e-01 -3.202639068829999935e-01 -2.958049037439999807e-03 3.433398234860000064e-01 -2.962406574289999997e-02 4.118614602219999865e-01 2.259321936610000081e-01 -2.230183878969999867e-01 -3.042329227630000132e-01 -6.533608484280000184e-01
-5.624909578590000514e-01 -3.202639068829999935e-01 -2.958049037439999807e-03 3.433398234860000064e-01 -2.962406574289999997e-02 4.200990223059999917e-01 2.917575457239999781e-01 -2.177227796110000058e-01 -2.749695804269999821e-01 -6.540336972110000202e-01
-5.624909578590000514e-01 -3.202639068829999935e-01 -2.958049037439999807e-03 3.433398234860000064e-01 -2.962406574289999997e-02 4.212758038250000170e-01 3.082139418689999744e-01 -2.065432637309999875e-01 -2.847239436460000106e-01 -6.257738391730000016e-01
-5.624909578590000514e-01 -3.202639068829999935e-01 -2.958049037439999807e-03 3.433398234860000064e-01 -2.962406574289999997e-02 3.530218355709999756e-01 3.201820608720000183e-01 -7.650762557720000578e-02 -3.448763555220000221e-01 -1.204594880570000054e-01
-5.624909578590000514e-01 -3.202639068829999935e-01 -2.958049037439999807e-03 3.433398234860000064e-01 -2.962406574289999997e-02 2.800606497900000047e-01 3.201820608720000183e-01 -1.119561112069999975e-02 -3.432506283189999952e-01 3.497004488250000237e-02
-5.624909578590000514e-01 -3.202639068829999935e-01 -2.958049037439999807e-03 3.433398234860000064e-01 -2.962406574289999997e-02 1.394338865159999996e-01 2.977416052249999834e-01 6.456294564839999868e-03 -3.383734467089999920e-01 3.766154459139999661e-02
-5.624909578590000514e-01 -3.202639068829999935e-01 -2.369658277940000189e-03 3.433398234860000064e-01 -2.962406574289999997e-02 -5.591376609410000226e-02 2.992376201010000236e-01 6.456294564839999868e-03 -3.367477195060000206e-01 3.833439337430000204e-02
