-5.601373490959999923e-01 -3.202639068829999935e-01 -2.369658277940000189e-03 3.465912778920000048e-01 -2.962406574289999997e-02 -5.584044130219999458e-01 3.171900311210000267e-01 4.102640076600000060e-03 -3.416249011160000237e-01 4.439003242080000189e-02
-5.601373490959999923e-01 -3.202639068829999935e-01 -2.369658277940000189e-03 3.465912778920000048e-01 -3.029691452579999847e-02 -5.536971040460000326e-01 3.156940162460000199e-01 -1.194606082720000018e-01 -2.473319652930000001e-01 -3.472117240290000240e-01
-5.601373490959999923e-01 -3.202639068829999935e-01 -2.369658277940000189e-03 3.465912778920000048e-01 -2.962406574289999997e-02 -4.371946362610000247e-01 3.186860459959999781e-01 -1.859494042469999886e-01 -2.310744405830000014e-01 -6.446138142499999724e-01
-5.601373490959999923e-01 -3.202639068829999935e-01 -2.369658277940000189e-03 3.465912778920000048e-01 -2.962406574289999997e-02 -2.918607469110000019e-01 3.171900311210000267e-01 -1.859494042469999886e-01 -2.245715317699999991e-01 -6.540336972110000202e-01
-5.607257398549999605e-01 -3.202639068829999935e-01 -2.369658277940000189e-03 3.465912778920000048e-01 -3.029691452579999847e-02 -8.356840614140000068e-02 3.127019864949999728e-01 -1.859494042469999886e-01 -2.164426430760000020e-01 -6.560522435600000257e-01
-5.601373490959999923e-01 -3.202639068829999935e-01 -2.369658277940000189e-03 3.465912778920000048e-01 -2.962406574289999997e-02 9.648090382089999362e-02 2.902615308490000268e-01 -1.859494042469999886e-01 -2.083140070600000004e-01 -6.560522435600000257e-01
-5.601373490959999923e-01 -3.202639068829999935e-01 -2.369658277940000189e-03 3.465912778920000048e-01 -2.962406574289999997e-02 2.718230877069999774e-01 2.588447534339999856e-01 -1.859494042469999886e-01 -2.115654614670000044e-01 -6.560522435600000257e-01
-5.601373490959999923e-01 -3.202639068829999935e-01 -2.369658277940000189e-03 3.465912778920000048e-01 -2.962406574289999997e-02 3.694968682870000132e-01 2.603410008259999797e-01 -1.971289201280000125e-01 -2.196943501599999959e-01 -6.560522435600000257e-01
-5.601373490959999923e-01 -3.202639068829999935e-01 -2.369658277940000189e-03 3.465912778920000048e-01 -3.029691452579999847e-02 4.289249751479999873e-01 2.618370157009999866e-01 -2.706784966679999793e-01 -2.327001677870000063e-01 -4.252630194679999920e-01
-5.601373490959999923e-01 -3.202639068829999935e-01 -2.369658277940000189e-03 3.465912778920000048e-01 -2.962406574289999997e-02 4.395160545449999789e-01 -7.028154184979999719e-02 -3.824737469260000022e-01 -2.327001677870000063e-01 -1.931278886549999962e-01
-5.601373490959999923e-01 -3.202639068829999935e-01 -2.369658277940000189e-03 3.465912778920000048e-01 -2.962406574289999997e-02 4.401044910290000112e-01 -4.188564955460000183e-01 -3.907114004600000245e-01 -2.424547836840000026e-01 -1.877449938150000108e-01
-5.601373490959999923e-01 -3.202639068829999935e-01 -2.369658277940000189e-03 3.465912778920000048e-01 -2.962406574289999997e-02 4.406928817890000127e-01 -4.712174812150000114e-01 -3.907114004600000245e-01 -2.440805108870000018e-01 -1.877449938150000108e-01
-5.607257398549999605e-01 -3.202639068829999935e-01 -2.369658277940000189e-03 3.465912778920000048e-01 -3.029691452579999847e-02 4.406928817890000127e-01 -4.712174812150000114e-01 -3.907114004600000245e-01 -2.440805108870000018e-01 -1.877449938150000108e-01
-5.601373490959999923e-01 -3.202639068829999935e-01 -2.369658277940000189e-03 3.465912778920000048e-01 -2.962406574289999997e-02 4.406928817890000127e-01 -4.712174812150000114e-01 -3.907114004600000245e-01 -2.440805108870000018e-01 -1.897636447399999871e-01
-5.601373490959999923e-01 -3.202639068829999935e-01 -2.369658277940000189e-03 3.465912778920000048e-01 -3.029691452579999847e-02 4.406928817890000127e-01 -4.712174812150000114e-01 -3.907114004600000245e-01 -2.440805108870000018e-01 -1.897636447399999871e-01
-5.601373490959999923e-01 -3.202639068829999935e-01 -2.369658277940000189e-03 3.465912778920000048e-01 -3.029691452579999847e-02 4.406928817890000127e-01 -4.083841589020000273e-01 -3.907114004600000245e-01 -2.522091469030000033e-01 -1.877449938150000108e-01
-5.601373490959999923e-01 -3.202639068829999935e-01 -2.369658277940000189e-03 3.465912778920000048e-01 -2.962406574289999997e-02 4.406928817890000127e-01 -4.083841589020000273e-01 -3.907114004600000245e-01 -2.538348741070000081e-01 -1.877449938150000108e-01
-5.601373490959999923e-01 -3.202639068829999935e-01 -2.369658277940000189e-03 3.465912778920000048e-01 -2.962406574289999997e-02 4.412812725479999809e-01 -4.068881440270000205e-01 -3.907114004600000245e-01 -2.522091469030000033e-01 -1.877449938150000108e-01
-5.601373490959999923e-01 -3.202639068829999935e-01 -2.369658277940000189e-03 3.465912778920000048e-01 -2.962406574289999997e-02 4.406928817890000127e-01 -4.083841589020000273e-01 -3.907114004600000245e-01 -2.538348741070000081e-01 -1.890907959579999909e-01
-5.607257398549999605e-01 -3.202639068829999935e-01 -2.369658277940000189e-03 3.465912778920000048e-01 -3.029691452579999847e-02 4.412812725479999809e-01 -4.068881440270000205e-01 -3.907114004600000245e-01 -2.522091469030000033e-01 -1.890907959579999909e-01
-5.601373490959999923e-01 -3.202639068829999935e-01 -2.369658277940000189e-03 3.465912778920000048e-01 -2.962406574289999997e-02 4.259829299010000070e-01 -2.527972167709999773e-01 -2.959794822269999903e-01 -2.928525796620000121e-01 -5.349384168590000099e-01
-5.601373490959999923e-01 -3.202639068829999935e-01 -2.369658277940000189e-03 3.465912778920000048e-01 -2.962406574289999997e-02 4.118614602219999865e-01 1.301863115740000132e-01 -2.271371232140000085e-01 -3.221161746760000111e-01 -6.526879996450000165e-01
-5.601373490959999923e-01 -3.202639068829999935e-01 -2.369658277940000189e-03 3.465912778920000048e-01 -3.029691452579999847e-02 4.112730694630000183e-01 2.917575457239999781e-01 -1.712394523590000106e-01 -3.481280626059999883e-01 -4.999498618370000202e-01
-5.601373490959999923e-01 -3.202639068829999935e-01 -2.369658277940000189e-03 3.465912778920000048e-01 -2.962406574289999997e-02 3.318394938779999914e-01 3.186860459959999781e-01 -4.238059572510000095e-02 -3.513795170130000201e-01 -5.401195825569999644e-03
-5.601373490959999923e-01 -3.202639068829999935e-01 -2.369658277940000189e-03 3.465912778920000048e-01 -2.962406574289999997e-02 2.394612301340000027e-01 3.112059716200000214e-01 -5.311703525679999614e-03 -3.416249011160000237e-01 3.766154459139999661e-02
-5.607257398549999605e-01 -3.202639068829999935e-01 -2.369658277940000189e-03 3.465912778920000048e-01 -2.962406574289999997e-02 8.412460642110000664e-02 2.992376201010000236e-01 7.044685324340000353e-03 -3.399991739120000189e-01 3.833439337430000204e-02
