-5.607257398549999605e-01 -3.202639068829999935e-01 -2.958049037439999807e-03 3.465912778920000048e-01 -3.096976330880000031e-02 -5.607579760599999963e-01 2.827812239549999940e-01 4.102640076600000060e-03 -3.399991739120000189e-01 4.573572998670000223e-02
-5.607257398549999605e-01 -3.217599217580000004e-01 -2.958049037439999807e-03 3.449655506889999779e-01 -3.096976330880000031e-02 -5.507551502480000361e-01 4.578168244999999970e-01 4.102640076600000060e-03 -6.196270323270000047e-01 -3.411560849829999853e-01
-5.607257398549999605e-01 -3.187678920070000088e-01 -2.958049037439999807e-03 3.465912778920000048e-01 -3.164261209170000227e-02 -4.236614658919999887e-01 4.802572801459999985e-01 4.102640076600000060e-03 -7.594409615349999587e-01 -4.286272633820000233e-01
-5.607257398549999605e-01 -3.202639068829999935e-01 -2.958049037439999807e-03 3.465912778920000048e-01 -3.096976330880000031e-02 -2.706784966679999793e-01 4.817532950210000053e-01 4.102640076600000060e-03 -7.594409615349999587e-01 -4.286272633820000233e-01
-5.607257398549999605e-01 -3.187678920070000088e-01 -2.958049037439999807e-03 3.465912778920000048e-01 -3.096976330880000031e-02 -6.415132817740000493e-02 4.802572801459999985e-01 4.102640076600000060e-03 -7.578152343309999539e-01 -4.286272633820000233e-01
-5.607257398549999605e-01 -3.187678920070000088e-01 -2.958049037439999807e-03 3.465912778920000048e-01 -3.096976330880000031e-02 1.200168085520000039e-01 4.428564432300000075e-01 4.691030836099999678e-03 -7.578152343309999539e-01 -4.286272633820000233e-01
-5.607257398549999605e-01 -3.187678920070000088e-01 -2.958049037439999807e-03 3.465912778920000048e-01 -3.096976330880000031e-02 2.582899173379999969e-01 4.428564432300000075e-01 2.337467798090000094e-03 -7.496864719760000240e-01 -4.286272633820000233e-01
-5.607257398549999605e-01 -3.187678920070000088e-01 -2.958049037439999807e-03 3.465912778920000048e-01 -3.096976330880000031e-02 3.347815391260000051e-01 4.473444878560000060e-01 -1.119561112069999975e-02 -7.496864719760000240e-01 -4.293001121650000251e-01
-5.607257398549999605e-01 -3.187678920070000088e-01 -2.958049037439999807e-03 3.465912778920000048e-01 -3.096976330880000031e-02 3.571405708870000195e-01 4.533287798739999985e-01 -1.472604712800000028e-02 -7.594409615349999587e-01 -4.293001121650000251e-01
-5.607257398549999605e-01 -3.187678920070000088e-01 -2.958049037439999807e-03 3.465912778920000048e-01 -3.096976330880000031e-02 3.571405708870000195e-01 4.533287798739999985e-01 -1.472604712800000028e-02 -7.594409615349999587e-01 -4.293001121650000251e-01
-5.607257398549999605e-01 -3.187678920070000088e-01 -2.958049037439999807e-03 3.465912778920000048e-01 -3.096976330880000031e-02 3.571405708870000195e-01 4.533287798739999985e-01 -1.472604712800000028e-02 -7.594409615349999587e-01 -4.286272633820000233e-01
-5.607257398549999605e-01 -3.187678920070000088e-01 -2.958049037439999807e-03 3.465912778920000048e-01 -3.096976330880000031e-02 3.571405708870000195e-01 4.533287798739999985e-01 -1.472604712800000028e-02 -7.594409615349999587e-01 -4.286272633820000233e-01
-5.607257398549999605e-01 -3.187678920070000088e-01 -2.958049037439999807e-03 3.465912778920000048e-01 -3.096976330880000031e-02 3.571405708870000195e-01 4.533287798739999985e-01 -1.472604712800000028e-02 -7.610666887379999856e-01 -3.848916741830000210e-01
-5.607257398549999605e-01 -3.187678920070000088e-01 -2.958049037439999807e-03 3.465912778920000048e-01 -3.096976330880000031e-02 3.553753986090000261e-01 1.840433121189999910e-01 -2.531717224919999981e-02 -7.643181431440000395e-01 -3.687430942380000021e-01
-5.607257398549999605e-01 -3.187678920070000088e-01 -2.958049037439999807e-03 3.465912778920000048e-01 -3.096976330880000031e-02 3.547870078490000245e-01 1.197142074469999956e-01 -2.531717224919999981e-02 -7.675695975509999602e-01 -3.687430942380000021e-01
-5.607257398549999605e-01 -3.187678920070000088e-01 -2.958049037439999807e-03 3.465912778920000048e-01 -3.096976330880000031e-02 3.541986170900000008e-01 1.002657815519999995e-01 -2.531717224919999981e-02 -7.675695975509999602e-01 -3.687430942380000021e-01
-5.607257398549999605e-01 -3.187678920070000088e-01 -2.958049037439999807e-03 3.465912778920000048e-01 -3.096976330880000031e-02 3.541986170900000008e-01 1.002657815519999995e-01 -2.531717224919999981e-02 -7.675695975509999602e-01 -3.694159430210000039e-01
-5.607257398549999605e-01 -3.187678920070000088e-01 -2.958049037439999807e-03 3.465912778920000048e-01 -3.096976330880000031e-02 3.547870078490000245e-01 1.002657815519999995e-01 -2.531717224919999981e-02 -7.691954510930000266e-01 -3.694159430210000039e-01
-5.607257398549999605e-01 -3.187678920070000088e-01 -2.958049037439999807e-03 3.465912778920000048e-01 -3.096976330880000031e-02 3.541986170900000008e-01 1.002657815519999995e-01 -2.531717224919999981e-02 -7.675695975509999602e-01 -3.694159430210000039e-01
-5.607257398549999605e-01 -3.187678920070000088e-01 -2.958049037439999807e-03 3.465912778920000048e-01 -3.096976330880000031e-02 3.547870078490000245e-01 1.002657815519999995e-01 -2.531717224919999981e-02 -7.691954510930000266e-01 -3.687430942380000021e-01
-5.607257398549999605e-01 -3.187678920070000088e-01 -2.958049037439999807e-03 3.465912778920000048e-01 -3.096976330880000031e-02 3.541986170900000008e-01 1.002657815519999995e-01 -2.531717224919999981e-02 -7.675695975509999602e-01 -3.694159430210000039e-01
-5.607257398549999605e-01 -3.187678920070000088e-01 -2.958049037439999807e-03 3.465912778920000048e-01 -3.164261209170000227e-02 3.541986170900000008e-01 1.002657815519999995e-01 -2.531717224919999981e-02 -7.675695975509999602e-01 -3.694159430210000039e-01
-5.607257398549999605e-01 -3.172718771320000020e-01 -2.958049037439999807e-03 3.465912778920000048e-01 -3.096976330880000031e-02 3.483146180439999906e-01 9.278547465820000117e-02 -2.296351776099999839e-02 -7.610666887379999856e-01 -3.687430942380000021e-01
-5.607257398549999605e-01 -3.157758622569999951e-01 -2.958049037439999807e-03 3.498427322989999810e-01 -3.096976330880000031e-02 2.983009462349999752e-01 -1.555553198090000033e-01 -1.119561112069999975e-02 -4.619299775449999812e-01 -3.673973966719999984e-01
-5.607257398549999605e-01 -3.172718771320000020e-01 -2.958049037439999807e-03 3.482170050949999762e-01 -3.096976330880000031e-02 2.871213389039999897e-01 -1.346108790380000086e-01 -1.590282864699999951e-02 -2.684664189359999842e-01 -3.660516991059999947e-01
-5.607257398549999605e-01 -3.187678920070000088e-01 -2.958049037439999807e-03 3.482170050949999762e-01 -3.096976330880000031e-02 2.865329481450000215e-01 -1.346108790380000086e-01 -1.590282864699999951e-02 -2.668406917330000128e-01 -3.667245478889999966e-01
-5.607257398549999605e-01 -3.172718771320000020e-01 -2.958049037439999807e-03 3.482170050949999762e-01 -3.096976330880000031e-02 2.865329481450000215e-01 -1.346108790380000086e-01 -1.590282864699999951e-02 -2.668406917330000128e-01 -3.667245478889999966e-01
-5.607257398549999605e-01 -3.172718771320000020e-01 -2.958049037439999807e-03 3.482170050949999762e-01 -3.096976330880000031e-02 2.865329481450000215e-01 -1.346108790380000086e-01 -1.590282864699999951e-02 -2.668406917330000128e-01 -3.667245478889999966e-01
-5.607257398549999605e-01 -3.172718771320000020e-01 -2.958049037439999807e-03 3.482170050949999762e-01 -3.096976330880000031e-02 2.871213389039999897e-01 -1.346108790380000086e-01 -1.590282864699999951e-02 -2.668406917330000128e-01 -3.673973966719999984e-01
-5.607257398549999605e-01 -3.172718771320000020e-01 -2.958049037439999807e-03 3.482170050949999762e-01 -3.096976330880000031e-02 2.941821194690000252e-01 -3.587296720130000310e-02 -3.767346964900000067e-02 -3.822685865520000226e-01 -4.144972297860000099e-01
-5.607257398549999605e-01 -3.172718771320000020e-01 -2.958049037439999807e-03 3.482170050949999762e-01 -3.096976330880000031e-02 3.465494457659999972e-01 3.141980013699999796e-01 -3.178947060380000328e-02 -7.269260384529999675e-01 -4.299729609480000270e-01
-5.607257398549999605e-01 -3.172718771320000020e-01 -2.958049037439999807e-03 3.482170050949999762e-01 -3.096976330880000031e-02 3.583173524059999893e-01 4.458484729800000212e-01 -2.296351776099999839e-02 -7.659438703480000443e-01 -4.299729609480000270e-01
-5.607257398549999605e-01 -3.172718771320000020e-01 -2.958049037439999807e-03 3.482170050949999762e-01 -3.096976330880000031e-02 3.577289616470000211e-01 4.548247947490000054e-01 -2.296351776099999839e-02 -7.659438703480000443e-01 -4.299729609480000270e-01
-5.607257398549999605e-01 -3.187678920070000088e-01 -2.958049037439999807e-03 3.482170050949999762e-01 -3.096976330880000031e-02 3.459610550059999956e-01 3.860074129350000161e-01 -2.296351776099999839e-02 -6.456389202569999819e-01 -2.395548729870000115e-01
-5.607257398549999605e-01 -3.172718771320000020e-01 -2.958049037439999807e-03 3.465912778920000048e-01 -3.096976330880000031e-02 2.900633841520000034e-01 2.872695010979999797e-01 -1.001882960170000052e-02 -3.692625162489999724e-01 2.958725461890000102e-02
-5.607257398549999605e-01 -3.172718771320000020e-01 -2.958049037439999807e-03 3.465912778920000048e-01 -3.096976330880000031e-02 1.641464813150000090e-01 2.887655159740000199e-01 6.456294564839999868e-03 -3.432506283189999952e-01 3.766154459139999661e-02
-5.607257398549999605e-01 -3.172718771320000020e-01 -2.958049037439999807e-03 3.465912778920000048e-01 -3.096976330880000031e-02 -2.060995472299999992e-02 2.932535605989999850e-01 6.456294564839999868e-03 -3.399991739120000189e-01 3.766154459139999661e-02
-5.607257398549999605e-01 -3.172718771320000020e-01 -2.958049037439999807e-03 3.465912778920000048e-01 -3.096976330880000031e-02 -2.118387805660000012e-01 2.992376201010000236e-01 6.456294564839999868e-03 -3.416249011160000237e-01 3.833439337430000204e-02
