-5.613141306150000176e-01 -3.202639068829999935e-01 -2.369658277940000189e-03 3.465912778920000048e-01 -3.298830965760000261e-02 -5.601695853010000281e-01 3.112059716200000214e-01 4.102640076600000060e-03 -3.432506283189999952e-01 4.506288120379999679e-02
-5.613141306150000176e-01 -3.202639068829999935e-01 -2.369658277940000189e-03 3.465912778920000048e-01 -3.298830965760000261e-02 -5.536971040460000326e-01 3.112059716200000214e-01 -1.194606082720000018e-01 -2.473319652930000001e-01 -3.431746313319999908e-01
-5.613141306150000176e-01 -3.202639068829999935e-01 -2.369658277940000189e-03 3.465912778920000048e-01 -3.298830965760000261e-02 -4.377830270210000263e-01 3.127019864949999728e-01 -1.859494042469999886e-01 -2.310744405830000014e-01 -6.446138142499999724e-01
-5.613141306150000176e-01 -3.202639068829999935e-01 -2.369658277940000189e-03 3.465912778920000048e-01 -3.298830965760000261e-02 -2.824464033080000269e-01 3.127019864949999728e-01 -1.859494042469999886e-01 -2.261972589729999983e-01 -6.540336972110000202e-01
-5.613141306150000176e-01 -3.202639068829999935e-01 -2.369658277940000189e-03 3.465912778920000048e-01 -3.298830965760000261e-02 -9.298274974369999391e-02 3.112059716200000214e-01 -1.859494042469999886e-01 -2.196943501599999959e-01 -6.560522435600000257e-01
-5.613141306150000176e-01 -3.202639068829999935e-01 -2.369658277940000189e-03 3.465912778920000048e-01 -3.298830965760000261e-02 1.064836381829999956e-01 2.887655159740000199e-01 -1.859494042469999886e-01 -2.083140070600000004e-01 -6.560522435600000257e-01
-5.613141306150000176e-01 -3.202639068829999935e-01 -2.369658277940000189e-03 3.465912778920000048e-01 -3.298830965760000261e-02 2.729998692260000026e-01 2.573487385589999787e-01 -1.859494042469999886e-01 -2.115654614670000044e-01 -6.560522435600000257e-01
-5.613141306150000176e-01 -3.202639068829999935e-01 -2.369658277940000189e-03 3.465912778920000048e-01 -3.298830965760000261e-02 3.730273042939999950e-01 2.603410008259999797e-01 -1.977173108879999863e-01 -2.196943501599999959e-01 -6.560522435600000257e-01
-5.613141306150000176e-01 -3.202639068829999935e-01 -2.369658277940000189e-03 3.465912778920000048e-01 -3.298830965760000261e-02 4.277481021790000004e-01 2.618370157009999866e-01 -2.695017151490000096e-01 -2.327001677870000063e-01 -4.313186585139999751e-01
-5.613141306150000176e-01 -3.202639068829999935e-01 -2.369658277940000189e-03 3.465912778920000048e-01 -3.298830965760000261e-02 4.401044910290000112e-01 -7.476958647560000282e-02 -3.830621376860000038e-01 -2.310744405830000014e-01 -1.924550398719999944e-01
-5.613141306150000176e-01 -3.202639068829999935e-01 -2.369658277940000189e-03 3.465912778920000048e-01 -3.298830965760000261e-02 4.401044910290000112e-01 -4.158644657960000046e-01 -3.907114004600000245e-01 -2.424547836840000026e-01 -1.884179471749999890e-01
-5.613141306150000176e-01 -3.202639068829999935e-01 -2.369658277940000189e-03 3.465912778920000048e-01 -3.298830965760000261e-02 4.412812725479999809e-01 -4.712174812150000114e-01 -3.907114004600000245e-01 -2.440805108870000018e-01 -1.884179471749999890e-01
-5.613141306150000176e-01 -3.202639068829999935e-01 -2.369658277940000189e-03 3.465912778920000048e-01 -3.298830965760000261e-02 4.412812725479999809e-01 -4.712174812150000114e-01 -3.907114004600000245e-01 -2.440805108870000018e-01 -1.884179471749999890e-01
-5.613141306150000176e-01 -3.202639068829999935e-01 -2.369658277940000189e-03 3.465912778920000048e-01 -3.298830965760000261e-02 4.406928817890000127e-01 -4.712174812150000114e-01 -3.907114004600000245e-01 -2.440805108870000018e-01 -1.904364935229999889e-01
-5.619025213739999858e-01 -3.202639068829999935e-01 -2.369658277940000189e-03 3.465912778920000048e-01 -3.298830965760000261e-02 4.412812725479999809e-01 -4.727134960900000182e-01 -3.901230097000000230e-01 -2.457062380900000009e-01 -1.904364935229999889e-01
-5.613141306150000176e-01 -3.202639068829999935e-01 -2.369658277940000189e-03 3.465912778920000048e-01 -3.298830965760000261e-02 4.412812725479999809e-01 -4.083841589020000273e-01 -3.907114004600000245e-01 -2.522091469030000033e-01 -1.877449938150000108e-01
-5.613141306150000176e-01 -3.202639068829999935e-01 -2.369658277940000189e-03 3.465912778920000048e-01 -3.298830965760000261e-02 4.412812725479999809e-01 -4.083841589020000273e-01 -3.907114004600000245e-01 -2.522091469030000033e-01 -1.877449938150000108e-01
-5.619025213739999858e-01 -3.202639068829999935e-01 -2.369658277940000189e-03 3.465912778920000048e-01 -3.298830965760000261e-02 4.406928817890000127e-01 -4.083841589020000273e-01 -3.907114004600000245e-01 -2.522091469030000033e-01 -1.877449938150000108e-01
-5.613141306150000176e-01 -3.202639068829999935e-01 -2.369658277940000189e-03 3.465912778920000048e-01 -3.298830965760000261e-02 4.406928817890000127e-01 -4.083841589020000273e-01 -3.907114004600000245e-01 -2.522091469030000033e-01 -1.890907959579999909e-01
-5.619025213739999858e-01 -3.202639068829999935e-01 -2.369658277940000189e-03 3.465912778920000048e-01 -3.298830965760000261e-02 4.412812725479999809e-01 -4.083841589020000273e-01 -3.907114004600000245e-01 -2.522091469030000033e-01 -1.890907959579999909e-01
-5.613141306150000176e-01 -3.202639068829999935e-01 -2.369658277940000189e-03 3.465912778920000048e-01 -3.298830965760000261e-02 4.236293668630000120e-01 -2.438211275190000082e-01 -2.930375284300000271e-01 -2.944785595430000069e-01 -5.416669046880000504e-01
-5.613141306150000176e-01 -3.202639068829999935e-01 -2.369658277940000189e-03 3.465912778920000048e-01 -3.298830965760000261e-02 4.118614602219999865e-01 1.286902966990000063e-01 -2.271371232140000085e-01 -3.221161746760000111e-01 -6.520151508629999926e-01
-5.613141306150000176e-01 -3.202639068829999935e-01 -2.369658277940000189e-03 3.465912778920000048e-01 -3.298830965760000261e-02 4.136266325010000133e-01 2.872695010979999797e-01 -1.812421867210000093e-01 -3.399991739120000189e-01 -5.362841144250000136e-01
-5.613141306150000176e-01 -3.202639068829999935e-01 -2.369658277940000189e-03 3.465912778920000048e-01 -3.298830965760000261e-02 3.324278846370000151e-01 3.171900311210000267e-01 -4.296907793480000265e-02 -3.497537898090000152e-01 -5.401195825569999644e-03
-5.613141306150000176e-01 -3.187678920070000088e-01 -2.369658277940000189e-03 3.465912778920000048e-01 -3.298830965760000261e-02 2.371076670960000077e-01 3.097099567450000146e-01 -3.546439796939999858e-03 -3.416249011160000237e-01 3.698859123139999761e-02
-5.613141306150000176e-01 -3.202639068829999935e-01 -2.369658277940000189e-03 3.465912778920000048e-01 -3.298830965760000261e-02 6.941465453310000089e-02 2.992376201010000236e-01 6.456294564839999868e-03 -3.416249011160000237e-01 3.766154459139999661e-02
