-5.601373490959999923e-01 -3.023114958620000126e-01 -4.134830556449999722e-03 3.482170050949999762e-01 -3.164261209170000227e-02 -5.589928037820000029e-01 3.171900311210000267e-01 4.691030836099999678e-03 -3.399991739120000189e-01 4.573572998670000223e-02
-5.424854434100000455e-01 -4.564026556360000209e-01 -3.546439796939999858e-03 6.148387932069999673e-01 3.599591443580000272e-01 -5.589928037820000029e-01 3.201820608720000183e-01 4.691030836099999678e-03 -3.383734467089999920e-01 4.506288120379999679e-02
-4.230409761030000104e-01 -4.743548341389999812e-01 -3.546439796939999858e-03 7.660329391760000162e-01 4.312818473899999727e-01 -5.589928037820000029e-01 3.141980013699999796e-01 4.691030836099999678e-03 -3.383734467089999920e-01 4.506288120379999679e-02
-2.671158701810000258e-01 -4.758508490139999880e-01 -3.546439796939999858e-03 7.660329391760000162e-01 4.326275449559999764e-01 -5.589928037820000029e-01 3.141980013699999796e-01 4.691030836099999678e-03 -3.383734467089999920e-01 4.506288120379999679e-02
-6.058870169029999947e-02 -4.713628043879999896e-01 -4.723221315950000207e-03 7.644072119720000114e-01 4.333003937389999782e-01 -5.589928037820000029e-01 3.141980013699999796e-01 4.691030836099999678e-03 -3.383734467089999920e-01 4.573572998670000223e-02
1.229909528289999943e-01 -4.384500120979999971e-01 -4.134830556449999722e-03 7.595300303619999527e-01 4.333003937389999782e-01 -5.589928037820000029e-01 3.141980013699999796e-01 4.691030836099999678e-03 -3.399991739120000189e-01 4.573572998670000223e-02
2.559685447799999736e-01 -4.459305515090000172e-01 5.722955195789999503e-04 7.465237073810000457e-01 4.333003937389999782e-01 -5.589928037820000029e-01 3.141980013699999796e-01 4.691030836099999678e-03 -3.399991739120000189e-01 4.573572998670000223e-02
3.324601665670000039e-01 -4.534106258849999738e-01 1.351698367890000023e-02 7.497751617879999664e-01 4.346460913049999819e-01 -5.589928037820000029e-01 3.141980013699999796e-01 4.691030836099999678e-03 -3.383734467089999920e-01 4.573572998670000223e-02
3.542308075699999725e-01 -4.638827300119999775e-01 1.763581044559999964e-02 7.595300303619999527e-01 4.353189400879999837e-01 -5.589928037820000029e-01 3.141980013699999796e-01 4.691030836099999678e-03 -3.399991739120000189e-01 4.573572998670000223e-02
3.542308075699999725e-01 -4.638827300119999775e-01 1.763581044559999964e-02 7.595300303619999527e-01 4.353189400879999837e-01 -5.589928037820000029e-01 3.141980013699999796e-01 4.691030836099999678e-03 -3.399991739120000189e-01 4.573572998670000223e-02
3.542308075699999725e-01 -4.638827300119999775e-01 1.763581044559999964e-02 7.595300303619999527e-01 4.346460913049999819e-01 -5.589928037820000029e-01 3.141980013699999796e-01 4.691030836099999678e-03 -3.399991739120000189e-01 4.573572998670000223e-02
3.542308075699999725e-01 -4.638827300119999775e-01 1.704741968610000089e-02 7.595300303619999527e-01 4.353189400879999837e-01 -5.589928037820000029e-01 3.141980013699999796e-01 4.691030836099999678e-03 -3.399991739120000189e-01 4.573572998670000223e-02
3.542308075699999725e-01 -4.638827300119999775e-01 1.763581044559999964e-02 7.595300303619999527e-01 3.862005606250000223e-01 -5.589928037820000029e-01 3.141980013699999796e-01 4.691030836099999678e-03 -3.399991739120000189e-01 4.573572998670000223e-02
3.542308075699999725e-01 -1.916054650229999934e-01 2.587337252889999883e-02 7.595300303619999527e-01 3.633234928499999850e-01 -5.589928037820000029e-01 3.141980013699999796e-01 4.691030836099999678e-03 -3.399991739120000189e-01 4.573572998670000223e-02
3.536424168100000265e-01 -1.063316870639999939e-01 2.587337252889999883e-02 7.676586663790000431e-01 3.633234928499999850e-01 -5.589928037820000029e-01 3.141980013699999796e-01 4.691030836099999678e-03 -3.399991739120000189e-01 4.573572998670000223e-02
3.536424168100000265e-01 -1.063316870639999939e-01 2.587337252889999883e-02 7.725358479889999908e-01 3.633234928499999850e-01 -5.589928037820000029e-01 3.141980013699999796e-01 4.102640076600000060e-03 -3.383734467089999920e-01 4.573572998670000223e-02
3.542308075699999725e-01 -1.063316870639999939e-01 2.587337252889999883e-02 7.725358479889999908e-01 3.633234928499999850e-01 -5.589928037820000029e-01 3.141980013699999796e-01 4.691030836099999678e-03 -3.399991739120000189e-01 4.573572998670000223e-02
3.542308075699999725e-01 -1.063316870639999939e-01 2.528498176940000008e-02 7.725358479889999908e-01 3.633234928499999850e-01 -5.589928037820000029e-01 3.156940162460000199e-01 4.691030836099999678e-03 -3.399991739120000189e-01 4.573572998670000223e-02
3.542308075699999725e-01 -1.063316870639999939e-01 2.587337252889999883e-02 7.725358479889999908e-01 3.633234928499999850e-01 -5.589928037820000029e-01 3.141980013699999796e-01 4.691030836099999678e-03 -3.399991739120000189e-01 4.573572998670000223e-02
3.542308075699999725e-01 -1.063316870639999939e-01 2.587337252889999883e-02 7.725358479889999908e-01 3.633234928499999850e-01 -5.589928037820000029e-01 3.141980013699999796e-01 4.102640076600000060e-03 -3.399991739120000189e-01 4.573572998670000223e-02
3.536424168100000265e-01 -1.063316870639999939e-01 2.587337252889999883e-02 7.725358479889999908e-01 3.633234928499999850e-01 -5.589928037820000029e-01 3.141980013699999796e-01 4.691030836099999678e-03 -3.399991739120000189e-01 4.573572998670000223e-02
3.542308075699999725e-01 -1.063316870639999939e-01 2.587337252889999883e-02 7.725358479889999908e-01 3.633234928499999850e-01 -5.589928037820000029e-01 3.141980013699999796e-01 4.691030836099999678e-03 -3.399991739120000189e-01 4.573572998670000223e-02
3.471699355549999755e-01 -9.436356806170000111e-02 2.410820025039999911e-02 7.546528487529999829e-01 3.626506440669999831e-01 -5.589928037820000029e-01 3.141980013699999796e-01 4.691030836099999678e-03 -3.383734467089999920e-01 4.573572998670000223e-02
2.983331367150000024e-01 1.524814440470000088e-01 1.234020215989999926e-02 4.360067794270000019e-01 3.592862955750000253e-01 -5.589928037820000029e-01 3.141980013699999796e-01 4.691030836099999678e-03 -3.399991739120000189e-01 4.640857876969999712e-02
2.830347940679999730e-01 1.300409884010000072e-01 1.881259196460000060e-02 2.718068158320000038e-01 3.586134467920000235e-01 -5.589928037820000029e-01 3.141980013699999796e-01 4.691030836099999678e-03 -3.399991739120000189e-01 4.640857876969999712e-02
2.830347940679999730e-01 1.285449735260000004e-01 1.881259196460000060e-02 2.718068158320000038e-01 3.586134467920000235e-01 -5.589928037820000029e-01 3.141980013699999796e-01 4.691030836099999678e-03 -3.399991739120000189e-01 4.640857876969999712e-02
2.830347940679999730e-01 1.285449735260000004e-01 1.881259196460000060e-02 2.701810886279999990e-01 3.586134467920000235e-01 -5.589928037820000029e-01 3.141980013699999796e-01 4.691030836099999678e-03 -3.399991739120000189e-01 4.640857876969999712e-02
2.830347940679999730e-01 1.285449735260000004e-01 1.881259196460000060e-02 2.701810886279999990e-01 3.586134467920000235e-01 -5.589928037820000029e-01 3.141980013699999796e-01 4.691030836099999678e-03 -3.399991739120000189e-01 4.640857876969999712e-02
2.830347940679999730e-01 1.285449735260000004e-01 1.881259196460000060e-02 2.701810886279999990e-01 3.586134467920000235e-01 -5.589928037820000029e-01 3.141980013699999796e-01 4.691030836099999678e-03 -3.399991739120000189e-01 4.640857876969999712e-02
2.965679644370000090e-01 3.579112119010000037e-02 3.881806068819999844e-02 3.807315491609999936e-01 4.285904522589999988e-01 -5.589928037820000029e-01 3.141980013699999796e-01 4.691030836099999678e-03 -3.399991739120000189e-01 4.640857876969999712e-02
3.465815447960000073e-01 -3.187678920070000088e-01 3.175728012390000021e-02 7.367693441620000172e-01 4.333003937389999782e-01 -5.589928037820000029e-01 3.141980013699999796e-01 4.102640076600000060e-03 -3.399991739120000189e-01 4.640857876969999712e-02
3.559959798480000215e-01 -4.534106258849999738e-01 2.057776424310000032e-02 7.660329391760000162e-01 4.333003937389999782e-01 -5.589928037820000029e-01 3.141980013699999796e-01 4.691030836099999678e-03 -3.399991739120000189e-01 4.640857876969999712e-02
3.565843706080000231e-01 -4.653787448869999843e-01 1.998937348360000157e-02 7.676586663790000431e-01 4.333003937389999782e-01 -5.589928037820000029e-01 3.141980013699999796e-01 4.691030836099999678e-03 -3.399991739120000189e-01 4.640857876969999712e-02
3.483467170740000007e-01 -3.845930115539999972e-01 2.234293652169999991e-02 6.701140234729999756e-01 2.300980743250000127e-01 -5.589928037820000029e-01 3.141980013699999796e-01 4.691030836099999678e-03 -3.399991739120000189e-01 4.640857876969999712e-02
2.936259191889999953e-01 -2.993194661119999989e-01 9.398248362359999317e-03 3.709771859409999872e-01 -1.683983428980000141e-02 -5.589928037820000029e-01 3.141980013699999796e-01 4.691030836099999678e-03 -3.399991739120000189e-01 4.708142755260000256e-02
1.753582791259999940e-01 -3.008154809870000057e-01 -6.488485044690000397e-03 3.303335005040000105e-01 -2.827836817699999963e-02 -5.589928037820000029e-01 3.141980013699999796e-01 4.691030836099999678e-03 -3.399991739120000189e-01 4.640857876969999712e-02
-1.234020215989999926e-02 -3.008154809870000057e-01 -6.488485044690000397e-03 3.319592277080000153e-01 -2.827836817699999963e-02 -5.589928037820000029e-01 3.141980013699999796e-01 4.691030836099999678e-03 -3.399991739120000189e-01 4.708142755260000256e-02
-1.959199481289999878e-01 -3.067995404880000110e-01 -5.311703525679999614e-03 3.368369146719999985e-01 -2.895121695990000160e-02 -5.589928037820000029e-01 3.141980013699999796e-01 4.691030836099999678e-03 -3.399991739120000189e-01 4.708142755260000256e-02
