-5.619025213739999858e-01 -3.202639068829999935e-01 -2.369658277940000189e-03 3.465912778920000048e-01 -3.231546087469999717e-02 -5.631115390980000468e-01 3.201820608720000183e-01 4.102640076600000060e-03 -3.416249011160000237e-01 4.640857876969999712e-02
-5.536650050160000225e-01 -3.217599217580000004e-01 1.158979817850000066e-01 2.392922717659999865e-01 3.411192738589999829e-01 -5.636999298579999929e-01 3.201820608720000183e-01 4.102640076600000060e-03 -3.416249011160000237e-01 4.573572998670000223e-02
-4.442232263459999775e-01 -3.217599217580000004e-01 1.870939952869999923e-01 2.327893629530000119e-01 6.425584044890000346e-01 -5.636999298579999929e-01 3.186860459959999781e-01 4.102640076600000060e-03 -3.416249011160000237e-01 4.573572998670000223e-02
-2.947705102279999934e-01 -3.172718771320000020e-01 1.882707768059999898e-01 2.279116759879999954e-01 6.553426882299999701e-01 -5.636999298579999929e-01 3.186860459959999781e-01 4.102640076600000060e-03 -3.399991739120000189e-01 4.573572998670000223e-02
-9.295055926390000112e-02 -3.127838325060000035e-01 1.882707768059999898e-01 2.132801311589999915e-01 6.560155370129999719e-01 -5.636999298579999929e-01 3.186860459959999781e-01 4.102640076600000060e-03 -3.416249011160000237e-01 4.573572998670000223e-02
1.000435303080000060e-01 -2.903433768600000020e-01 1.882707768059999898e-01 2.132801311589999915e-01 6.560155370129999719e-01 -5.631115390980000468e-01 3.186860459959999781e-01 4.102640076600000060e-03 -3.416249011160000237e-01 4.573572998670000223e-02
2.665596699009999959e-01 -2.559345696940000248e-01 1.882707768059999898e-01 2.132801311589999915e-01 6.560155370129999719e-01 -5.636999298579999929e-01 3.186860459959999781e-01 4.102640076600000060e-03 -3.416249011160000237e-01 4.573572998670000223e-02
3.671755871790000070e-01 -2.559345696940000248e-01 2.000386834460000096e-01 2.165315855659999955e-01 6.560155370129999719e-01 -5.636999298579999929e-01 3.186860459959999781e-01 4.102640076600000060e-03 -3.416249011160000237e-01 4.573572998670000223e-02
4.213079028539999937e-01 -2.783750253410000042e-01 2.629971348640000040e-01 2.262859487849999962e-01 4.521403688160000045e-01 -5.636999298579999929e-01 3.186860459959999781e-01 4.102640076600000060e-03 -3.416249011160000237e-01 4.640857876969999712e-02
4.395481992990000197e-01 7.768000273210000362e-02 3.871487739730000155e-01 2.230344943789999979e-01 1.957824726630000012e-01 -5.636999298579999929e-01 3.186860459959999781e-01 3.514249317100000009e-03 -3.416249011160000237e-01 4.573572998670000223e-02
4.401365900590000213e-01 3.933421641379999945e-01 3.942095545370000176e-01 2.392922717659999865e-01 1.897268336169999903e-01 -5.636999298579999929e-01 3.186860459959999781e-01 4.102640076600000060e-03 -3.416249011160000237e-01 4.573572998670000223e-02
4.407249808179999895e-01 4.816079718480000271e-01 3.924443822579999908e-01 2.409179989699999913e-01 1.897268336169999903e-01 -5.636999298579999929e-01 3.171900311210000267e-01 4.102640076600000060e-03 -3.416249011160000237e-01 4.573572998670000223e-02
4.407249808179999895e-01 4.801117244559999775e-01 3.918559914990000226e-01 2.425437261729999905e-01 1.890539848339999884e-01 -5.636999298579999929e-01 3.186860459959999781e-01 4.102640076600000060e-03 -3.416249011160000237e-01 4.573572998670000223e-02
4.407249808179999895e-01 4.801117244559999775e-01 3.918559914990000226e-01 2.425437261729999905e-01 1.897268336169999903e-01 -5.636999298579999929e-01 3.186860459959999781e-01 4.102640076600000060e-03 -3.416249011160000237e-01 4.573572998670000223e-02
4.407249808179999895e-01 4.801117244559999775e-01 3.918559914990000226e-01 2.425437261729999905e-01 1.897268336169999903e-01 -5.636999298579999929e-01 3.186860459959999781e-01 4.102640076600000060e-03 -3.416249011160000237e-01 4.573572998670000223e-02
4.407249808179999895e-01 4.172786346599999807e-01 3.847952109350000205e-01 2.474209077829999937e-01 1.883811360509999866e-01 -5.636999298579999929e-01 3.186860459959999781e-01 4.102640076600000060e-03 -3.416249011160000237e-01 4.573572998670000223e-02
4.407249808179999895e-01 4.097983277660000034e-01 3.853836016939999887e-01 2.457951805789999888e-01 1.883811360509999866e-01 -5.636999298579999929e-01 3.186860459959999781e-01 4.102640076600000060e-03 -3.416249011160000237e-01 4.573572998670000223e-02
4.407249808179999895e-01 4.097983277660000034e-01 3.853836016939999887e-01 2.457951805789999888e-01 1.883811360509999866e-01 -5.636999298579999929e-01 3.186860459959999781e-01 4.102640076600000060e-03 -3.416249011160000237e-01 4.573572998670000223e-02
4.407249808179999895e-01 4.112945751589999754e-01 3.853836016939999887e-01 2.474209077829999937e-01 1.890539848339999884e-01 -5.636999298579999929e-01 3.186860459959999781e-01 4.102640076600000060e-03 -3.416249011160000237e-01 4.640857876969999712e-02
4.407249808179999895e-01 4.097983277660000034e-01 3.853836016939999887e-01 2.474209077829999937e-01 1.883811360509999866e-01 -5.636999298579999929e-01 3.186860459959999781e-01 4.102640076600000060e-03 -3.416249011160000237e-01 4.573572998670000223e-02
4.230730751330000206e-01 2.452352963830000121e-01 2.912401656709999731e-01 2.929417748290000234e-01 5.537415285229999595e-01 -5.636999298579999929e-01 3.186860459959999781e-01 4.102640076600000060e-03 -3.416249011160000237e-01 4.573572998670000223e-02
4.077749153860000253e-01 -1.317641724610000009e-01 2.271049327340000090e-01 3.205791372849999821e-01 6.513055432440000292e-01 -5.636999298579999929e-01 3.171900311210000267e-01 4.102640076600000060e-03 -3.416249011160000237e-01 4.573572998670000223e-02
4.136588229809999850e-01 -2.948314214860000004e-01 1.794448239629999886e-01 3.335849549109999868e-01 5.194258745730000459e-01 -5.636999298579999929e-01 3.186860459959999781e-01 4.102640076600000060e-03 -3.416249011160000237e-01 4.573572998670000223e-02
3.389324649220000207e-01 -3.202639068829999935e-01 4.764401353099999986e-02 3.449655506889999779e-01 2.891440583599999906e-02 -5.636999298579999929e-01 3.186860459959999781e-01 4.102640076600000060e-03 -3.416249011160000237e-01 4.506288120379999679e-02
2.477309826970000017e-01 -3.097918027559999898e-01 1.749077038590000042e-03 3.449655506889999779e-01 -3.164261209170000227e-02 -5.636999298579999929e-01 3.186860459959999781e-01 4.102640076600000060e-03 -3.416249011160000237e-01 4.573572998670000223e-02
9.004079594620000015e-02 -3.082957878800000051e-01 -7.076875804190000015e-03 3.449655506889999779e-01 -3.164261209170000227e-02 -5.636999298579999929e-01 3.186860459959999781e-01 4.102640076600000060e-03 -3.399991739120000189e-01 4.506288120379999679e-02
