-5.601373490959999923e-01 -3.202639068829999935e-01 -2.369658277940000189e-03 3.465912778920000048e-01 -3.096976330880000031e-02 -5.601695853010000281e-01 3.171900311210000267e-01 4.102640076600000060e-03 -3.399991739120000189e-01 4.640857876969999712e-02
-5.513113962529999634e-01 -3.217599217580000004e-01 1.264891069059999873e-01 2.376665445629999873e-01 3.754348755199999887e-01 -5.601695853010000281e-01 3.156940162460000199e-01 4.691030836099999678e-03 -3.383734467089999920e-01 4.640857876969999712e-02
-4.365740550219999738e-01 -3.217599217580000004e-01 1.870939952869999923e-01 2.327893629530000119e-01 6.445770031259999699e-01 -5.601695853010000281e-01 3.171900311210000267e-01 4.691030836099999678e-03 -3.383734467089999920e-01 4.640857876969999712e-02
-2.918285564309999747e-01 -3.187678920070000088e-01 1.876823860459999882e-01 2.262859487849999962e-01 6.519783920270000310e-01 -5.601695853010000281e-01 3.171900311210000267e-01 4.691030836099999678e-03 -3.399991739120000189e-01 4.640857876969999712e-02
-7.647543509729999578e-02 -3.112878176309999967e-01 1.876823860459999882e-01 2.181573127689999947e-01 6.553426882299999701e-01 -5.601695853010000281e-01 3.171900311210000267e-01 4.102640076600000060e-03 -3.383734467089999920e-01 4.640857876969999712e-02
1.082810923910000056e-01 -2.918393917350000089e-01 1.876823860459999882e-01 2.132801311589999915e-01 6.560155370129999719e-01 -5.601695853010000281e-01 3.171900311210000267e-01 4.102640076600000060e-03 -3.383734467089999920e-01 4.640857876969999712e-02
2.724436689470000061e-01 -2.544385548190000179e-01 1.870939952869999923e-01 2.084029495489999884e-01 6.560155370129999719e-01 -5.601695853010000281e-01 3.171900311210000267e-01 4.102640076600000060e-03 -3.399991739120000189e-01 4.640857876969999712e-02
3.707059317360000272e-01 -2.574305845700000095e-01 2.006270742050000055e-01 2.165315855659999955e-01 6.553426882299999701e-01 -5.601695853010000281e-01 3.171900311210000267e-01 4.102640076600000060e-03 -3.399991739120000189e-01 4.640857876969999712e-02
4.124820414620000153e-01 -2.858553322340000036e-01 2.123950722959999926e-01 2.344150901569999890e-01 6.560155370129999719e-01 -5.601695853010000281e-01 3.171900311210000267e-01 4.102640076600000060e-03 -3.399991739120000189e-01 4.573572998670000223e-02
4.154239952589999785e-01 -2.933354066109999936e-01 2.135718538149999901e-01 2.344150901569999890e-01 6.560155370129999719e-01 -5.601695853010000281e-01 3.171900311210000267e-01 4.102640076600000060e-03 -3.399991739120000189e-01 4.640857876969999712e-02
4.154239952589999785e-01 -2.933354066109999936e-01 2.135718538149999901e-01 2.344150901569999890e-01 6.553426882299999701e-01 -5.601695853010000281e-01 3.171900311210000267e-01 4.691030836099999678e-03 -3.383734467089999920e-01 4.640857876969999712e-02
4.154239952589999785e-01 -2.933354066109999936e-01 2.135718538149999901e-01 2.344150901569999890e-01 6.560155370129999719e-01 -5.601695853010000281e-01 3.171900311210000267e-01 4.102640076600000060e-03 -3.399991739120000189e-01 4.573572998670000223e-02
4.224846843730000190e-01 -2.933354066109999936e-01 2.306352772910000015e-01 2.344150901569999890e-01 5.779642938629999671e-01 -5.601695853010000281e-01 3.171900311210000267e-01 4.102640076600000060e-03 -3.399991739120000189e-01 4.640857876969999712e-02
4.413133715779999910e-01 -3.452227549930000222e-02 3.718505227750000253e-01 2.311636357500000127e-01 2.038567626359999996e-01 -5.601695853010000281e-01 3.156940162460000199e-01 4.102640076600000060e-03 -3.399991739120000189e-01 4.640857876969999712e-02
4.419017623370000147e-01 3.499572677209999982e-01 3.942095545370000176e-01 2.360408173599999881e-01 1.890539848339999884e-01 -5.601695853010000281e-01 3.156940162460000199e-01 4.691030836099999678e-03 -3.399991739120000189e-01 4.573572998670000223e-02
4.424903359969999950e-01 4.726316500789999875e-01 3.942095545370000176e-01 2.392922717659999865e-01 1.890539848339999884e-01 -5.601695853010000281e-01 3.171900311210000267e-01 4.691030836099999678e-03 -3.383734467089999920e-01 4.640857876969999712e-02
4.424903359969999950e-01 4.711356352039999806e-01 3.918559914990000226e-01 2.425437261729999905e-01 1.890539848339999884e-01 -5.601695853010000281e-01 3.171900311210000267e-01 4.102640076600000060e-03 -3.399991739120000189e-01 4.640857876969999712e-02
4.424903359969999950e-01 4.711356352039999806e-01 3.918559914990000226e-01 2.425437261729999905e-01 1.890539848339999884e-01 -5.601695853010000281e-01 3.156940162460000199e-01 4.102640076600000060e-03 -3.399991739120000189e-01 4.573572998670000223e-02
4.424903359969999950e-01 4.711356352039999806e-01 3.918559914990000226e-01 2.425437261729999905e-01 1.890539848339999884e-01 -5.601695853010000281e-01 3.171900311210000267e-01 4.102640076600000060e-03 -3.399991739120000189e-01 4.640857876969999712e-02
4.424903359969999950e-01 4.711356352039999806e-01 3.924443822579999908e-01 2.409179989699999913e-01 1.890539848339999884e-01 -5.601695853010000281e-01 3.171900311210000267e-01 4.691030836099999678e-03 -3.399991739120000189e-01 4.640857876969999712e-02
4.424903359969999950e-01 4.711356352039999806e-01 3.918559914990000226e-01 2.425437261729999905e-01 1.890539848339999884e-01 -5.595811945409999710e-01 3.171900311210000267e-01 4.102640076600000060e-03 -3.399991739120000189e-01 4.640857876969999712e-02
4.424903359969999950e-01 4.711356352039999806e-01 3.924443822579999908e-01 2.409179989699999913e-01 1.897268336169999903e-01 -5.601695853010000281e-01 3.171900311210000267e-01 4.691030836099999678e-03 -3.399991739120000189e-01 4.573572998670000223e-02
4.424903359969999950e-01 4.666475905779999822e-01 3.900907277699999787e-01 2.441694533759999897e-01 1.883811360509999866e-01 -5.601695853010000281e-01 3.171900311210000267e-01 4.102640076600000060e-03 -3.399991739120000189e-01 4.573572998670000223e-02
4.424903359969999950e-01 4.127905900339999823e-01 3.853836016939999887e-01 2.474209077829999937e-01 1.877081826910000084e-01 -5.595811945409999710e-01 3.171900311210000267e-01 4.691030836099999678e-03 -3.399991739120000189e-01 4.640857876969999712e-02
4.424903359969999950e-01 4.068062980159999897e-01 3.853836016939999887e-01 2.474209077829999937e-01 1.883811360509999866e-01 -5.601695853010000281e-01 3.171900311210000267e-01 4.102640076600000060e-03 -3.383734467089999920e-01 4.573572998670000223e-02
4.424903359969999950e-01 4.083023128909999966e-01 3.853836016939999887e-01 2.474209077829999937e-01 1.883811360509999866e-01 -5.601695853010000281e-01 3.171900311210000267e-01 4.691030836099999678e-03 -3.399991739120000189e-01 4.573572998670000223e-02
4.424903359969999950e-01 4.068062980159999897e-01 3.853836016939999887e-01 2.474209077829999937e-01 1.883811360509999866e-01 -5.601695853010000281e-01 3.171900311210000267e-01 4.102640076600000060e-03 -3.399991739120000189e-01 4.573572998670000223e-02
4.424903359969999950e-01 4.083023128909999966e-01 3.853836016939999887e-01 2.474209077829999937e-01 1.877081826910000084e-01 -5.601695853010000281e-01 3.171900311210000267e-01 4.102640076600000060e-03 -3.399991739120000189e-01 4.640857876969999712e-02
4.424903359969999950e-01 4.068062980159999897e-01 3.853836016939999887e-01 2.474209077829999937e-01 1.877081826910000084e-01 -5.601695853010000281e-01 3.171900311210000267e-01 4.102640076600000060e-03 -3.399991739120000189e-01 4.573572998670000223e-02
4.389598085399999960e-01 3.305088418250000104e-01 3.347815391260000051e-01 2.604267254090000261e-01 3.996576408609999742e-01 -5.601695853010000281e-01 3.171900311210000267e-01 4.691030836099999678e-03 -3.399991739120000189e-01 4.640857876969999712e-02
4.071865246260000237e-01 1.382314024490000027e-03 2.335773225389999874e-01 3.205791372849999821e-01 6.459227006919999736e-01 -5.601695853010000281e-01 3.171900311210000267e-01 4.102640076600000060e-03 -3.399991739120000189e-01 4.573572998670000223e-02
4.136588229809999850e-01 -2.574305845700000095e-01 2.194557614100000054e-01 2.913160476259999965e-01 6.526512408100000329e-01 -5.601695853010000281e-01 3.171900311210000267e-01 4.102640076600000060e-03 -3.383734467089999920e-01 4.573572998670000223e-02
4.201311213350000240e-01 -2.903433768600000020e-01 2.171021983720000104e-01 2.718068158320000038e-01 6.533240895930000347e-01 -5.601695853010000281e-01 3.171900311210000267e-01 4.102640076600000060e-03 -3.399991739120000189e-01 4.640857876969999712e-02
4.124820414620000153e-01 -3.187678920070000088e-01 1.682653080819999925e-01 3.352111874690000271e-01 4.703074951099999734e-01 -5.601695853010000281e-01 3.171900311210000267e-01 4.102640076600000060e-03 -3.399991739120000189e-01 4.640857876969999712e-02
3.324601665670000039e-01 -3.172718771320000020e-01 4.058323296670000163e-02 3.384626418760000033e-01 9.401581976349999981e-03 -5.601695853010000281e-01 3.171900311210000267e-01 4.691030836099999678e-03 -3.399991739120000189e-01 4.573572998670000223e-02
2.512614187039999836e-01 -3.142798473819999883e-01 1.749077038590000042e-03 3.384626418760000033e-01 -2.827836817699999963e-02 -5.601695853010000281e-01 3.171900311210000267e-01 4.691030836099999678e-03 -3.399991739120000189e-01 4.573572998670000223e-02
8.003797013419999828e-02 -3.082957878800000051e-01 -7.076875804190000015e-03 3.384626418760000033e-01 -2.827836817699999963e-02 -5.601695853010000281e-01 3.171900311210000267e-01 4.102640076600000060e-03 -3.399991739120000189e-01 4.573572998670000223e-02
-1.100140741900000052e-01 -3.082957878800000051e-01 -6.488485044690000397e-03 3.400883690789999747e-01 -2.827836817699999963e-02 -5.601695853010000281e-01 3.171900311210000267e-01 4.102640076600000060e-03 -3.399991739120000189e-01 4.573572998670000223e-02
