3.787884116172790527e-01 5.719489455223083496e-01 -2.067404240369796753e-01 4.242730438709259033e-01 -4.643885791301727295e-01 3.155671060085296631e-02 9.961306452751159668e-01 8.592488169670104980e-01 -1.801068633794784546e-01 -2.830756604671478271e-01
3.889422118663787842e-01 5.661233663558959961e-01 -2.127748578786849976e-01 4.308515489101409912e-01 -4.698592126369476318e-01 3.246532380580902100e-02 1.010655045509338379e+00 8.748714327812194824e-01 -1.845335960388183594e-01 -2.764022648334503174e-01
3.344480395317077637e-01 5.422397255897521973e-01 -1.636024564504623413e-01 3.917719423770904541e-01 -5.070716142654418945e-01 4.278139770030975342e-02 1.290590882301330566e+00 8.888226151466369629e-01 -5.535655468702316284e-02 -2.264494895935058594e-01
4.648417532444000244e-01 8.275414705276489258e-01 -2.153292745351791382e-01 4.308658242225646973e-01 -2.298128008842468262e-01 3.846538066864013672e-01 1.368874907493591309e+00 8.701801300048828125e-01 3.389712870121002197e-01 -5.472791790962219238e-01
5.875594615936279297e-01 1.092222332954406738e+00 -2.279650717973709106e-01 5.319420099258422852e-01 -1.178682446479797363e-01 5.243976116180419922e-01 1.012257695198059082e+00 8.452928066253662109e-01 4.634959399700164795e-01 -7.632119655609130859e-01
6.224312186241149902e-01 1.185706019401550293e+00 -2.450124472379684448e-01 5.260295867919921875e-01 -9.715721011161804199e-03 6.546689271926879883e-01 9.723102450370788574e-01 9.125824570655822754e-01 5.077958703041076660e-01 -8.522878289222717285e-01
5.735728144645690918e-01 1.354202747344970703e+00 -1.967820674180984497e-01 5.124628543853759766e-01 6.375980377197265625e-02 6.640672087669372559e-01 9.098873734474182129e-01 8.962780833244323730e-01 4.251274764537811279e-01 -7.410933375358581543e-01
5.772269368171691895e-01 1.350470662117004395e+00 -1.960823982954025269e-01 5.033180713653564453e-01 7.102410495281219482e-02 6.568418145179748535e-01 8.871312141418457031e-01 8.922291994094848633e-01 4.356814324855804443e-01 -7.555709481239318848e-01
5.718688368797302246e-01 1.354372382164001465e+00 -1.946606487035751343e-01 5.100067853927612305e-01 5.520625412464141846e-02 6.622596383094787598e-01 8.990367054939270020e-01 8.907744884490966797e-01 4.265396893024444580e-01 -7.453446984291076660e-01
5.629346966743469238e-01 1.344852209091186523e+00 -1.947762519121170044e-01 5.071326494216918945e-01 4.529386758804321289e-02 6.519730091094970703e-01 8.899127840995788574e-01 9.077228307723999023e-01 4.281484186649322510e-01 -7.386006712913513184e-01
5.776805281639099121e-01 1.351070880889892578e+00 -1.932356506586074829e-01 5.127054452896118164e-01 4.991739988327026367e-02 6.563302278518676758e-01 8.908091187477111816e-01 9.076889753341674805e-01 4.236989319324493408e-01 -7.389721870422363281e-01
5.727759003639221191e-01 1.340303182601928711e+00 -1.992935091257095337e-01 5.082607269287109375e-01 4.923875629901885986e-02 6.544242501258850098e-01 9.044718742370605469e-01 8.951501250267028809e-01 4.288921654224395752e-01 -7.379868030548095703e-01
5.790970921516418457e-01 1.352588772773742676e+00 -1.950897425413131714e-01 5.132324695587158203e-01 5.286155641078948975e-02 6.495222449302673340e-01 8.977549672126770020e-01 8.893802762031555176e-01 4.243579208850860596e-01 -7.400980591773986816e-01
5.842427015304565430e-01 1.341317057609558105e+00 -1.826163679361343384e-01 5.346182584762573242e-01 2.190591394901275635e-02 6.087906360626220703e-01 8.509776592254638672e-01 9.260191321372985840e-01 3.737383484840393066e-01 -7.478760480880737305e-01
6.893093585968017578e-01 1.340512394905090332e+00 -2.849885821342468262e-01 3.002620637416839600e-01 5.744748115539550781e-01 1.488428115844726562e+00 7.263377308845520020e-01 7.007351517677307129e-01 4.766447842121124268e-01 -8.929077982902526855e-01
4.328395128250122070e-01 5.112121105194091797e-01 -4.114776849746704102e-01 4.728948175907135010e-01 1.170432806015014648e+00 6.317200660705566406e-01 4.652590155601501465e-01 5.084250569343566895e-01 9.648185372352600098e-01 -4.806195497512817383e-01
4.229207038879394531e-01 4.857616722583770752e-01 -3.679062426090240479e-01 4.761762022972106934e-01 1.560359001159667969e+00 2.584896683692932129e-01 -1.415612101554870605e-01 5.535056591033935547e-01 8.886436820030212402e-01 -6.465660333633422852e-01
4.299315214157104492e-01 4.877222776412963867e-01 -3.699929118156433105e-01 4.695725142955780029e-01 1.564855575561523438e+00 2.520343661308288574e-01 -1.327977776527404785e-01 5.470812916755676270e-01 8.921881318092346191e-01 -6.495221257209777832e-01
4.265220165252685547e-01 4.832072854042053223e-01 -3.701250553131103516e-01 4.616457521915435791e-01 1.561312198638916016e+00 2.402046173810958862e-01 -1.391807198524475098e-01 5.483534932136535645e-01 8.941773772239685059e-01 -6.545860767364501953e-01
4.175686240196228027e-01 4.842254519462585449e-01 -3.609863221645355225e-01 4.802351295948028564e-01 1.566095352172851562e+00 2.511250376701354980e-01 -1.297013163566589355e-01 5.591961741447448730e-01 8.929704427719116211e-01 -6.487851142883300781e-01
4.257372617721557617e-01 4.818462729454040527e-01 -3.703075349330902100e-01 4.701148271560668945e-01 1.564496994018554688e+00 2.518817782402038574e-01 -1.345964074134826660e-01 5.450967550277709961e-01 8.896820545196533203e-01 -6.481438875198364258e-01
4.182419180870056152e-01 4.859902560710906982e-01 -3.696226775646209717e-01 4.770469963550567627e-01 1.564415693283081055e+00 2.470084279775619507e-01 -1.315944790840148926e-01 5.481182932853698730e-01 8.870732784271240234e-01 -6.444607377052307129e-01
4.182476401329040527e-01 4.883322417736053467e-01 -3.660652041435241699e-01 4.751342535018920898e-01 1.566304087638854980e+00 2.493145316839218140e-01 -1.245003342628479004e-01 5.531804561614990234e-01 8.882229328155517578e-01 -6.437739133834838867e-01
4.524438381195068359e-01 4.681057333946228027e-01 -1.624148339033126831e-01 4.715333282947540283e-01 1.397286415100097656e+00 4.696950316429138184e-01 8.046847581863403320e-02 6.022440195083618164e-01 1.015829920768737793e+00 -4.316696822643280029e-01
6.759153008460998535e-01 1.184308052062988281e+00 1.730913370847702026e-01 4.452314674854278564e-01 1.683966875076293945e+00 1.084826231002807617e+00 -9.690600633621215820e-02 6.451792716979980469e-01 7.841518521308898926e-01 -7.643908858299255371e-01
6.591746211051940918e-01 1.212909698486328125e+00 1.892956346273422241e-01 4.127530157566070557e-01 1.669841051101684570e+00 1.070791244506835938e+00 -1.073765158653259277e-01 6.411995291709899902e-01 7.183818221092224121e-01 -7.671028375625610352e-01
6.670545339584350586e-01 1.231173634529113770e+00 1.852923184633255005e-01 4.120531976222991943e-01 1.666284918785095215e+00 1.072901010513305664e+00 -9.538882970809936523e-02 6.372055411338806152e-01 7.234924435615539551e-01 -7.679361701011657715e-01
6.674448847770690918e-01 1.230198264122009277e+00 1.862248927354812622e-01 4.159762859344482422e-01 1.676094532012939453e+00 1.077110052108764648e+00 -9.671694040298461914e-02 6.331750750541687012e-01 7.158830165863037109e-01 -7.745823860168457031e-01
6.624808907508850098e-01 1.217378377914428711e+00 1.854005306959152222e-01 4.079611003398895264e-01 1.677122831344604492e+00 1.061119318008422852e+00 -9.460431337356567383e-02 6.282619237899780273e-01 7.200622558593750000e-01 -7.713785767555236816e-01
6.652529835700988770e-01 1.226297855377197266e+00 1.857374459505081177e-01 4.143027365207672119e-01 1.683478355407714844e+00 1.071869254112243652e+00 -9.936100244522094727e-02 6.316762566566467285e-01 7.178224921226501465e-01 -7.710536122322082520e-01
7.692766189575195312e-01 1.309032917022705078e+00 2.517783343791961670e-01 4.334106147289276123e-01 1.284286022186279297e+00 9.112924337387084961e-01 -6.164026632905006409e-02 5.286329388618469238e-01 5.709594488143920898e-01 -8.550799489021301270e-01
8.052362203598022461e-01 1.286418080329895020e+00 3.644530475139617920e-01 6.400474309921264648e-01 8.950806260108947754e-01 2.671190202236175537e-01 -8.289637975394725800e-03 6.972258687019348145e-01 6.040543317794799805e-01 -8.394080996513366699e-01
8.015025854110717773e-01 1.267030477523803711e+00 3.767796754837036133e-01 6.442964673042297363e-01 8.681392669677734375e-01 2.423729747533798218e-01 -1.303738635033369064e-02 7.154087424278259277e-01 5.912930965423583984e-01 -8.186470270156860352e-01
8.012039661407470703e-01 1.274254679679870605e+00 3.736653327941894531e-01 6.438684463500976562e-01 8.672924637794494629e-01 2.455293387174606323e-01 -3.286364488303661346e-03 7.180929780006408691e-01 5.981882810592651367e-01 -8.262375593185424805e-01
5.154104828834533691e-01 8.623325824737548828e-01 3.108452558517456055e-01 5.480133295059204102e-01 9.603428840637207031e-01 -3.932268917560577393e-02 -6.832721643149852753e-03 5.625242590904235840e-01 5.219907164573669434e-01 -6.053318977355957031e-01
4.326121807098388672e-01 3.490627408027648926e-01 3.222281336784362793e-01 3.847904503345489502e-01 1.185862302780151367e+00 -4.152922332286834717e-02 -1.405518651008605957e-01 5.363360643386840820e-01 3.594297766685485840e-01 -4.874045550823211670e-01
6.080978512763977051e-01 4.288684129714965820e-01 4.274156391620635986e-01 3.590212166309356689e-01 1.210153698921203613e+00 -5.368782579898834229e-02 -3.786019682884216309e-01 5.132189989089965820e-01 2.495110034942626953e-01 -5.037915706634521484e-01
6.013048291206359863e-01 4.901047945022583008e-01 4.703435599803924561e-01 3.687915503978729248e-01 1.204395055770874023e+00 -3.950221836566925049e-02 -4.235206246376037598e-01 4.750798046588897705e-01 2.129218131303787231e-01 -5.274778008460998535e-01
