5.209164619445800781e-01 -1.387609392404556274e-01 5.968652367591857910e-01 1.234919667243957520e+00 -3.246750235557556152e-01 2.562135457992553711e-01 4.058545827865600586e-01 9.948496818542480469e-01 7.938406616449356079e-02 -4.597859084606170654e-01
5.008218288421630859e-01 -1.288514882326126099e-01 6.465475559234619141e-01 1.174635767936706543e+00 -3.224785029888153076e-01 3.020551800727844238e-01 3.525093793869018555e-01 9.531490802764892578e-01 6.986994296312332153e-02 -4.355305731296539307e-01
4.893096685409545898e-01 -1.336177736520767212e-01 5.901585817337036133e-01 1.261189103126525879e+00 -3.802525103092193604e-01 2.106521576642990112e-01 5.214243531227111816e-01 9.934136271476745605e-01 1.274445205926895142e-01 -4.150799512863159180e-01
4.174134433269500732e-01 -1.380202919244766235e-01 6.053383946418762207e-01 1.096220374107360840e+00 -4.953445494174957275e-01 2.564597129821777344e-01 7.031945586204528809e-01 9.437302350997924805e-01 1.841300278902053833e-01 -3.265605568885803223e-01
3.755380511283874512e-01 -1.096408516168594360e-01 5.692682266235351562e-01 1.103661417961120605e+00 -5.214892625808715820e-01 2.908622026443481445e-01 9.415106773376464844e-01 9.901177287101745605e-01 2.500006556510925293e-01 -2.914444208145141602e-01
2.809834778308868408e-01 3.241984546184539795e-02 5.132230520248413086e-01 1.070907473564147949e+00 -5.261449217796325684e-01 3.795425295829772949e-01 9.596209526062011719e-01 8.600322008132934570e-01 3.760489821434020996e-01 -3.808913230895996094e-01
2.115116566419601440e-01 -3.023602068424224854e-02 2.540223002433776855e-01 9.563498497009277344e-01 -4.112128317356109619e-01 2.550536990165710449e-01 9.257424473762512207e-01 7.808371782302856445e-01 5.520890951156616211e-01 -4.433094859123229980e-01
3.357284665107727051e-01 1.530006974935531616e-01 4.459604322910308838e-01 1.195584774017333984e+00 -8.877902030944824219e-01 1.676453836262226105e-02 4.788511991500854492e-01 7.329548001289367676e-01 5.272373557090759277e-01 -5.767081975936889648e-01
4.322192668914794922e-01 2.251670211553573608e-01 5.359604358673095703e-01 1.249616980552673340e+00 -9.100722670555114746e-01 6.528709828853607178e-02 3.412291407585144043e-01 7.581772208213806152e-01 4.913628101348876953e-01 -6.686178445816040039e-01
5.016114711761474609e-01 2.693691253662109375e-01 5.324431657791137695e-01 1.304254293441772461e+00 -1.306644439697265625e+00 -1.646289229393005371e-01 -7.794191837310791016e-01 8.625304102897644043e-01 3.536662459373474121e-01 -9.823833703994750977e-01
5.220317840576171875e-01 3.376038670539855957e-01 5.769456624984741211e-01 1.256235480308532715e+00 -1.442120790481567383e+00 -1.931241452693939209e-01 -8.275714516639709473e-01 7.963986396789550781e-01 4.212150275707244873e-01 -9.789581894874572754e-01
5.352436304092407227e-01 2.926736474037170410e-01 5.758267045021057129e-01 1.272009968757629395e+00 -1.468412876129150391e+00 -2.128728479146957397e-01 -8.925766348838806152e-01 7.829350829124450684e-01 3.827891647815704346e-01 -9.581040740013122559e-01
5.331299304962158203e-01 2.894599437713623047e-01 5.805257558822631836e-01 1.285887956619262695e+00 -1.471562266349792480e+00 -2.151185721158981323e-01 -8.971352577209472656e-01 7.827478647232055664e-01 3.808799386024475098e-01 -9.541839957237243652e-01
5.369824171066284180e-01 2.863224148750305176e-01 5.834016799926757812e-01 1.281314969062805176e+00 -1.474028825759887695e+00 -2.109949439764022827e-01 -8.943440318107604980e-01 7.860400080680847168e-01 3.843034803867340088e-01 -9.517257809638977051e-01
5.303828120231628418e-01 2.951191663742065430e-01 5.730949640274047852e-01 1.270729303359985352e+00 -1.468609213829040527e+00 -2.118421345949172974e-01 -8.922755122184753418e-01 7.761728167533874512e-01 3.833732903003692627e-01 -9.604055285453796387e-01
6.678742170333862305e-01 -9.199704229831695557e-02 9.630964994430541992e-01 1.225942254066467285e+00 -1.722781658172607422e+00 -2.076417356729507446e-01 -9.378586411476135254e-01 7.860504984855651855e-01 4.902963638305664062e-01 -2.965118288993835449e-01
5.783061385154724121e-01 1.764664500951766968e-01 8.734311461448669434e-01 1.475938916206359863e+00 -1.972265243530273438e+00 3.477422595024108887e-01 -7.394736409187316895e-01 1.338710784912109375e+00 1.076167821884155273e+00 -2.108447551727294922e-01
6.548376083374023438e-01 1.746098846197128296e-01 9.559326171875000000e-01 1.516796588897705078e+00 -1.893372416496276855e+00 4.193427562713623047e-01 -6.931395530700683594e-01 1.492452263832092285e+00 1.132902503013610840e+00 -2.042776942253112793e-01
6.435623764991760254e-01 1.739797443151473999e-01 9.470667243003845215e-01 1.515929102897644043e+00 -1.886721253395080566e+00 4.131911396980285645e-01 -6.780189871788024902e-01 1.476335763931274414e+00 1.142030954360961914e+00 -1.957584619522094727e-01
6.280433535575866699e-01 1.876072734594345093e-01 9.179423451423645020e-01 1.510803818702697754e+00 -1.842081308364868164e+00 4.348579049110412598e-01 -6.300379633903503418e-01 1.461392283439636230e+00 1.165056705474853516e+00 -2.250951528549194336e-01
6.426289677619934082e-01 3.405181169509887695e-01 8.336439728736877441e-01 1.323050856590270996e+00 -1.734953522682189941e+00 3.682601451873779297e-01 -4.508187770843505859e-01 1.309227943420410156e+00 1.254689455032348633e+00 -3.396362662315368652e-01
5.312252640724182129e-01 2.248133271932601929e-01 1.426086068153381348e+00 1.405393004417419434e+00 -1.844811081886291504e+00 2.069750875234603882e-01 6.462538242340087891e-02 1.210798501968383789e+00 1.180864334106445312e+00 -3.964829072356224060e-02
6.572995185852050781e-01 2.259732335805892944e-01 1.600743889808654785e+00 1.523472666740417480e+00 -2.006136655807495117e+00 2.748963832855224609e-01 1.469762325286865234e-01 1.175228238105773926e+00 1.184519648551940918e+00 -3.165286406874656677e-02
4.926190078258514404e-01 2.051826566457748413e-01 1.434600949287414551e+00 1.361681699752807617e+00 -1.909067749977111816e+00 1.949768811464309692e-01 2.657320797443389893e-01 1.128359675407409668e+00 1.342910170555114746e+00 -6.041403859853744507e-03
2.573705017566680908e-01 -7.644952833652496338e-02 1.216767787933349609e+00 1.196183323860168457e+00 -1.857280850410461426e+00 1.213275045156478882e-01 6.069081425666809082e-01 1.162006378173828125e+00 1.093365788459777832e+00 2.669625878334045410e-01
3.883930444717407227e-01 -2.212882786989212036e-01 1.572568774223327637e+00 1.306531786918640137e+00 -1.840929985046386719e+00 2.523325681686401367e-01 4.743677079677581787e-01 1.268468022346496582e+00 9.534106254577636719e-01 3.885571658611297607e-01
