4.094647765159606934e-01 5.163152217864990234e-01 -2.278649657964706421e-01 3.809278011322021484e-01 -6.612089276313781738e-01 2.013245075941085815e-01 1.000647306442260742e+00 8.487395644187927246e-01 -1.264526546001434326e-01 -4.009863734245300293e-01
3.639161586761474609e-01 5.249322056770324707e-01 -1.508969515562057495e-01 3.157826364040374756e-01 -6.638918519020080566e-01 3.005215525627136230e-01 9.540150165557861328e-01 7.813528180122375488e-01 -1.338658481836318970e-01 -3.681071996688842773e-01
3.652981817722320557e-01 5.342477560043334961e-01 -1.663740128278732300e-01 3.868139684200286865e-01 -6.998955607414245605e-01 2.057827562093734741e-01 1.150587558746337891e+00 8.518332839012145996e-01 -5.753374099731445312e-02 -3.519165515899658203e-01
2.415249198675155640e-01 5.548289418220520020e-01 -3.415729105472564697e-02 3.075786530971527100e-01 -6.663386225700378418e-01 2.504947185516357422e-01 1.262957453727722168e+00 7.420234084129333496e-01 -6.143192946910858154e-02 -1.892658174037933350e-01
2.282056063413619995e-01 5.518668889999389648e-01 -4.305680096149444580e-02 3.070091307163238525e-01 -6.712498068809509277e-01 2.783836722373962402e-01 1.481141448020935059e+00 7.719516158103942871e-01 2.298094332218170166e-02 -1.695216298103332520e-01
1.586017012596130371e-01 7.303223609924316406e-01 -9.085014462471008301e-03 2.844833731651306152e-01 -6.173858642578125000e-01 3.815758228302001953e-01 1.414995312690734863e+00 7.033633589744567871e-01 1.574433594942092896e-01 -2.681233882904052734e-01
6.928540766239166260e-02 6.532782912254333496e-01 -1.203273981809616089e-01 2.793790996074676514e-01 -4.981081485748291016e-01 2.609069943428039551e-01 1.418730258941650391e+00 6.131139397621154785e-01 3.573687970638275146e-01 -2.735320925712585449e-01
2.561103999614715576e-01 1.216959714889526367e+00 3.098107576370239258e-01 5.922759771347045898e-01 -1.361706137657165527e+00 -3.405394852161407471e-01 7.180105447769165039e-01 7.011479735374450684e-01 2.981496453285217285e-01 -3.577199578285217285e-01
3.183737993240356445e-01 1.292261719703674316e+00 3.756194114685058594e-01 6.442654132843017578e-01 -1.493144273757934570e+00 -3.171284794807434082e-01 6.214616894721984863e-01 7.109805941581726074e-01 2.643705606460571289e-01 -3.837222456932067871e-01
3.216679692268371582e-01 1.294701099395751953e+00 3.852303028106689453e-01 6.491304636001586914e-01 -1.494872212409973145e+00 -3.156501650810241699e-01 6.236926317214965820e-01 6.986111402511596680e-01 2.628814578056335449e-01 -3.816259205341339111e-01
3.217170834541320801e-01 1.290560364723205566e+00 3.857972621917724609e-01 6.292170286178588867e-01 -1.504745602607727051e+00 -3.053186535835266113e-01 6.199406981468200684e-01 7.078920006752014160e-01 2.582192718982696533e-01 -3.893942236900329590e-01
3.128845095634460449e-01 1.288541436195373535e+00 3.931689262390136719e-01 6.345258355140686035e-01 -1.498726367950439453e+00 -3.058897852897644043e-01 6.180851459503173828e-01 7.041784524917602539e-01 2.648832499980926514e-01 -3.765889406204223633e-01
3.249585628509521484e-01 1.304061055183410645e+00 3.811043500900268555e-01 6.416494250297546387e-01 -1.492308855056762695e+00 -3.040063083171844482e-01 6.124866008758544922e-01 7.025231719017028809e-01 2.617367804050445557e-01 -3.886358141899108887e-01
3.398085236549377441e-01 1.415040493011474609e+00 3.723898530006408691e-01 4.413526058197021484e-01 -1.012341260910034180e+00 -1.631507575511932373e-01 3.929978236556053162e-02 6.632437109947204590e-01 3.485665023326873779e-01 -5.563023090362548828e-01
3.037692606449127197e-01 1.246204853057861328e+00 3.650434613227844238e-01 3.884013891220092773e-01 -1.426386356353759766e+00 -2.357394248247146606e-01 -5.291744470596313477e-01 5.938832163810729980e-01 7.735212147235870361e-02 -5.516034364700317383e-01
3.099861741065979004e-01 1.233902215957641602e+00 3.628501296043395996e-01 3.940640687942504883e-01 -1.422030687332153320e+00 -2.498472183942794800e-01 -5.259546637535095215e-01 5.961312055587768555e-01 9.119750559329986572e-02 -5.589035749435424805e-01
3.192868232727050781e-01 1.148053646087646484e+00 3.607266545295715332e-01 3.801483213901519775e-01 -1.458355188369750977e+00 -2.737318873405456543e-01 -6.107621788978576660e-01 5.978341102600097656e-01 6.267060339450836182e-02 -5.169978737831115723e-01
3.306590318679809570e-01 1.157157897949218750e+00 3.661578893661499023e-01 3.885481655597686768e-01 -1.465724945068359375e+00 -2.560246288776397705e-01 -6.190869808197021484e-01 6.021763086318969727e-01 6.312720477581024170e-02 -5.140426754951477051e-01
3.400314450263977051e-01 1.154351115226745605e+00 3.661536872386932373e-01 3.746648132801055908e-01 -1.475283741950988770e+00 -2.629082202911376953e-01 -6.052293181419372559e-01 5.967378616333007812e-01 6.391657888889312744e-02 -5.041723847389221191e-01
3.286176025867462158e-01 1.155662655830383301e+00 3.651445209980010986e-01 3.834449946880340576e-01 -1.459475040435791016e+00 -2.672433555126190186e-01 -6.132115721702575684e-01 5.954214334487915039e-01 6.180465221405029297e-02 -5.099632740020751953e-01
3.322803080081939697e-01 1.155140995979309082e+00 3.595188260078430176e-01 3.842588365077972412e-01 -1.464566707611083984e+00 -2.681204676628112793e-01 -6.085021495819091797e-01 5.917502641677856445e-01 6.331355869770050049e-02 -5.090740323066711426e-01
3.305116891860961914e-01 1.157124996185302734e+00 3.634594976902008057e-01 3.801583349704742432e-01 -1.482014179229736328e+00 -2.698069810867309570e-01 -6.148616075515747070e-01 5.907689929008483887e-01 6.033325195312500000e-02 -5.152283310890197754e-01
3.415820300579071045e-01 1.161939144134521484e+00 3.651727437973022461e-01 3.864635825157165527e-01 -1.465736150741577148e+00 -2.624085545539855957e-01 -6.140832304954528809e-01 5.962913036346435547e-01 6.037008762359619141e-02 -5.030494332313537598e-01
5.796835422515869141e-01 5.267949700355529785e-01 5.809957981109619141e-01 7.136046886444091797e-01 -1.762607812881469727e+00 2.621889710426330566e-01 -6.178786158561706543e-01 1.170887708663940430e+00 6.315505504608154297e-01 3.064439892768859863e-01
5.699190497398376465e-01 6.119544506072998047e-01 5.535264015197753906e-01 6.451965570449829102e-01 -1.255623817443847656e+00 5.613481402397155762e-01 -5.941793322563171387e-01 1.185827255249023438e+00 8.737299442291259766e-01 4.510765671730041504e-01
5.355305075645446777e-01 6.172240376472473145e-01 5.186218023300170898e-01 6.218180656433105469e-01 -1.269806861877441406e+00 6.260034441947937012e-01 -5.638995170593261719e-01 1.153867483139038086e+00 9.033024311065673828e-01 4.200754761695861816e-01
5.320417284965515137e-01 6.233369112014770508e-01 5.235391259193420410e-01 6.383758783340454102e-01 -1.282320141792297363e+00 6.263126134872436523e-01 -5.695925951004028320e-01 1.154354214668273926e+00 8.996704816818237305e-01 4.220076799392700195e-01
5.314158797264099121e-01 6.098427772521972656e-01 5.078962445259094238e-01 6.245874166488647461e-01 -1.278738260269165039e+00 6.170518994331359863e-01 -5.562663674354553223e-01 1.153144121170043945e+00 9.089940786361694336e-01 4.176286458969116211e-01
5.361394882202148438e-01 6.050505042076110840e-01 5.122399926185607910e-01 6.280605792999267578e-01 -1.278894186019897461e+00 6.109455227851867676e-01 -5.650035142898559570e-01 1.158592820167541504e+00 9.135032892227172852e-01 4.179672598838806152e-01
4.461246728897094727e-01 6.675302982330322266e-01 4.463187456130981445e-01 5.082327723503112793e-01 -1.209648847579956055e+00 5.046643614768981934e-01 -3.243355154991149902e-01 9.617639183998107910e-01 1.033838152885437012e+00 2.759949564933776855e-01
2.810390889644622803e-01 8.449536561965942383e-01 5.857989788055419922e-01 4.297774732112884521e-01 -1.383786916732788086e+00 5.537761449813842773e-01 1.739295721054077148e-01 9.565669298171997070e-01 9.915173053741455078e-01 2.750052213668823242e-01
4.090876281261444092e-01 8.989913463592529297e-01 8.288381099700927734e-01 5.949395895004272461e-01 -1.746461749076843262e+00 6.232910156250000000e-01 3.943579792976379395e-01 9.328438639640808105e-01 9.132565259933471680e-01 4.629511237144470215e-01
4.346946477890014648e-01 8.756508231163024902e-01 8.465838432312011719e-01 6.053260564804077148e-01 -1.754848241806030273e+00 6.422038078308105469e-01 4.358580708503723145e-01 9.263613820075988770e-01 9.124228954315185547e-01 4.949173331260681152e-01
4.610248208045959473e-01 9.697754979133605957e-01 8.665907979011535645e-01 6.686947345733642578e-01 -1.729864120483398438e+00 6.648035645484924316e-01 3.994522094726562500e-01 9.639875292778015137e-01 9.158417582511901855e-01 4.673354625701904297e-01
2.859690487384796143e-01 8.578470945358276367e-01 7.281676530838012695e-01 5.363801121711730957e-01 -1.598529696464538574e+00 5.594224333763122559e-01 5.578095316886901855e-01 9.368419051170349121e-01 1.053957104682922363e+00 4.214444160461425781e-01
1.221174523234367371e-01 4.876136183738708496e-01 6.660187840461730957e-01 4.051313996315002441e-01 -1.550409197807312012e+00 5.603157877922058105e-01 9.799933433532714844e-01 8.648374080657958984e-01 8.789682984352111816e-01 5.775560140609741211e-01
2.344364672899246216e-01 4.191220998764038086e-01 8.834022879600524902e-01 5.390679836273193359e-01 -1.559354066848754883e+00 6.474299430847167969e-01 8.297972083091735840e-01 9.473024606704711914e-01 8.104876875877380371e-01 7.783198952674865723e-01
3.139933943748474121e-01 4.278703331947326660e-01 9.596430063247680664e-01 5.415862798690795898e-01 -1.546270728111267090e+00 6.578934788703918457e-01 7.231916785240173340e-01 9.885008931159973145e-01 7.204388976097106934e-01 8.084648251533508301e-01
