3.677825331687927246e-01 1.645783036947250366e-01 7.684371471405029297e-01 9.256396889686584473e-01 -3.140300214290618896e-01 6.143011152744293213e-02 8.808744549751281738e-01 1.051468372344970703e+00 -2.062255740165710449e-01 -8.977960348129272461e-01
3.856380581855773926e-01 1.580867618322372437e-01 7.348372936248779297e-01 9.487105607986450195e-01 -3.109572231769561768e-01 3.440301120281219482e-02 8.548741936683654785e-01 1.065429687500000000e+00 -2.208799868822097778e-01 -9.271208047866821289e-01
3.299721479415893555e-01 1.722262948751449585e-01 8.079773187637329102e-01 8.783254623413085938e-01 -3.539944589138031006e-01 1.310725361108779907e-01 9.216854572296142578e-01 1.023536682128906250e+00 -1.930035352706909180e-01 -8.040759563446044922e-01
3.146566152572631836e-01 1.550739854574203491e-01 7.609962224960327148e-01 9.023757576942443848e-01 -4.183534085750579834e-01 5.008129775524139404e-02 1.131067276000976562e+00 1.065187335014343262e+00 -1.184089183807373047e-01 -7.933931946754455566e-01
2.468829005956649780e-01 1.453927606344223022e-01 7.765234708786010742e-01 8.102583289146423340e-01 -4.715555608272552490e-01 1.456458419561386108e-01 1.371622204780578613e+00 1.017820119857788086e+00 -4.501327127218246460e-02 -6.703409552574157715e-01
2.045126110315322876e-01 2.214947789907455444e-01 6.918916702270507812e-01 8.418786525726318359e-01 -4.920673370361328125e-01 1.558662801980972290e-01 1.464897036552429199e+00 1.022854089736938477e+00 6.957960873842239380e-02 -7.068718075752258301e-01
1.553365886211395264e-01 1.532683819532394409e-01 4.119733870029449463e-01 6.568300724029541016e-01 -2.439830005168914795e-01 9.267280995845794678e-02 1.337595343589782715e+00 9.143523573875427246e-01 3.131017684936523438e-01 -8.805877566337585449e-01
1.058368682861328125e-01 5.270695686340332031e-01 6.241605281829833984e-01 9.639568328857421875e-01 -7.110806703567504883e-01 -9.566874802112579346e-02 1.106993556022644043e+00 9.787536263465881348e-01 2.822669446468353271e-01 -9.628927707672119141e-01
1.858803778886795044e-01 6.511645913124084473e-01 7.329690456390380859e-01 1.028220176696777344e+00 -9.223183989524841309e-01 -1.312341094017028809e-01 7.658147811889648438e-01 9.813899397850036621e-01 2.237626761198043823e-01 -1.077965140342712402e+00
2.086336463689804077e-01 7.086900472640991211e-01 5.404669046401977539e-01 7.036629319190979004e-01 -5.955502390861511230e-01 4.580365121364593506e-02 6.470751762390136719e-02 9.013855457305908203e-01 3.548834323883056641e-01 -1.466401696205139160e+00
2.748564779758453369e-01 5.165754556655883789e-01 5.510208606719970703e-01 7.070022821426391602e-01 -6.720138192176818848e-01 2.762831933796405792e-02 -4.898235797882080078e-01 9.008842706680297852e-01 4.026482999324798584e-02 -1.470866918563842773e+00
3.102301359176635742e-01 4.896941781044006348e-01 5.052819252014160156e-01 7.278214097023010254e-01 -6.899711489677429199e-01 -2.961732260882854462e-02 -5.453761219978332520e-01 9.019667506217956543e-01 2.149258553981781006e-02 -1.505385875701904297e+00
3.122038245201110840e-01 4.803645014762878418e-01 5.071062445640563965e-01 7.333372831344604492e-01 -6.903311610221862793e-01 -4.313679039478302002e-02 -5.508263111114501953e-01 8.866553902626037598e-01 2.385647594928741455e-02 -1.508286952972412109e+00
3.050969541072845459e-01 4.852275848388671875e-01 5.112451314926147461e-01 7.483586668968200684e-01 -6.872617602348327637e-01 -3.223998844623565674e-02 -5.481072068214416504e-01 9.018669128417968750e-01 2.565531432628631592e-02 -1.506614804267883301e+00
3.006698489189147949e-01 4.800465106964111328e-01 5.079742670059204102e-01 7.378820776939392090e-01 -7.049491405487060547e-01 -3.652580082416534424e-02 -5.463948845863342285e-01 8.864094614982604980e-01 2.590174973011016846e-02 -1.490812659263610840e+00
3.358148932456970215e-01 4.067924618721008301e-01 5.590690374374389648e-01 7.669826745986938477e-01 -7.926658987998962402e-01 -7.618118822574615479e-02 -5.611405968666076660e-01 9.481561779975891113e-01 6.036235392093658447e-02 -1.284382343292236328e+00
6.066644191741943359e-01 8.446022868156433105e-03 9.214303493499755859e-01 9.365274906158447266e-01 -1.420397043228149414e+00 4.004563689231872559e-01 -7.357923984527587891e-01 1.265146255493164062e+00 7.296941876411437988e-01 -1.798631548881530762e-01
4.748126864433288574e-01 -6.651903688907623291e-02 5.968027114868164062e-01 1.096391558647155762e+00 -7.299211621284484863e-01 9.098253250122070312e-01 -6.193638443946838379e-01 1.283249855041503906e+00 1.256287455558776855e+00 -6.018805131316184998e-02
4.876018762588500977e-01 -6.941200792789459229e-02 5.930796861648559570e-01 1.100526213645935059e+00 -7.263414859771728516e-01 9.088113307952880859e-01 -6.269554495811462402e-01 1.298201799392700195e+00 1.252189517021179199e+00 -6.747299432754516602e-02
4.888674616813659668e-01 -5.918474495410919189e-02 6.012802124023437500e-01 1.093941450119018555e+00 -7.395428419113159180e-01 9.196683168411254883e-01 -6.236776709556579590e-01 1.291957497596740723e+00 1.255286693572998047e+00 -6.873267889022827148e-02
3.846015334129333496e-01 -1.141013205051422119e-02 6.046930551528930664e-01 1.012574553489685059e+00 -6.896581053733825684e-01 9.062952995300292969e-01 -4.641008377075195312e-01 1.186772942543029785e+00 1.357865214347839355e+00 -1.327696442604064941e-01
3.169420361518859863e-01 2.924109697341918945e-01 6.393843293190002441e-01 7.333081364631652832e-01 -7.392106652259826660e-01 9.628456234931945801e-01 2.960748672485351562e-01 9.973371624946594238e-01 1.404629588127136230e+00 -3.373540639877319336e-01
4.567041099071502686e-01 2.218336910009384155e-01 9.828784465789794922e-01 9.288133382797241211e-01 -1.106014251708984375e+00 9.475544095039367676e-01 6.345874667167663574e-01 9.017368555068969727e-01 1.414851784706115723e+00 -1.256104111671447754e-01
4.110840857028961182e-01 3.008302450180053711e-01 9.245042204856872559e-01 8.811253905296325684e-01 -9.902272224426269531e-01 9.336100220680236816e-01 5.922496914863586426e-01 8.977370858192443848e-01 1.593466997146606445e+00 -2.473772764205932617e-01
2.309782207012176514e-01 9.925614297389984131e-02 7.621854543685913086e-01 6.754614114761352539e-01 -9.444473385810852051e-01 6.654311418533325195e-01 1.192388415336608887e+00 8.451690077781677246e-01 1.451238274574279785e+00 -2.524888142943382263e-02
2.413248121738433838e-01 -1.625092327594757080e-02 1.055747389793395996e+00 8.201694488525390625e-01 -8.898373842239379883e-01 8.121173381805419922e-01 1.056366086006164551e+00 9.514132142066955566e-01 1.335791230201721191e+00 1.766720414161682129e-01
