8.438589572906494141e-01 6.607360839843750000e-01 1.287526935338973999e-01 6.767466068267822266e-01 -9.072616696357727051e-03 1.046317070722579956e-01 5.269715785980224609e-01 1.123803973197937012e+00 -1.525846570730209351e-01 6.451936960220336914e-01
8.552124500274658203e-01 6.741023063659667969e-01 1.259347051382064819e-01 6.825245618820190430e-01 -2.368762623518705368e-03 1.002697795629501343e-01 5.121334791183471680e-01 1.127354025840759277e+00 -1.648399978876113892e-01 6.444001793861389160e-01
8.595813512802124023e-01 6.996426582336425781e-01 1.354464143514633179e-01 7.060728073120117188e-01 -9.147077798843383789e-03 9.843437373638153076e-02 4.993663132190704346e-01 1.128954648971557617e+00 -1.727434992790222168e-01 6.425758600234985352e-01
8.553190231323242188e-01 6.541903018951416016e-01 1.387646347284317017e-01 6.914513111114501953e-01 -3.026117384433746338e-02 1.012940853834152222e-01 5.472716689109802246e-01 1.137149333953857422e+00 -1.614503860473632812e-01 6.515071988105773926e-01
8.445565700531005859e-01 5.562074184417724609e-01 1.302296668291091919e-01 6.266624927520751953e-01 -6.261546909809112549e-02 7.842700183391571045e-02 6.381590962409973145e-01 1.121014833450317383e+00 -1.151924878358840942e-01 6.361644864082336426e-01
7.356401681900024414e-01 4.623098373413085938e-01 1.148367375135421753e-01 4.897406697273254395e-01 -1.478315442800521851e-01 1.299963444471359253e-01 8.240932822227478027e-01 1.081748247146606445e+00 -4.222443699836730957e-02 6.973093152046203613e-01
5.955840945243835449e-01 5.123947262763977051e-01 1.423581391572952271e-01 5.166942477226257324e-01 -2.247164398431777954e-01 1.335747092962265015e-01 1.124621033668518066e+00 1.117437839508056641e+00 6.646560132503509521e-02 7.317124009132385254e-01
4.540154933929443359e-01 6.491215825080871582e-01 1.206230670213699341e-01 4.624295532703399658e-01 -3.374530375003814697e-01 1.706561297178268433e-01 1.368744969367980957e+00 9.920238256454467773e-01 2.120725214481353760e-01 6.663455367088317871e-01
5.850807428359985352e-01 9.143565893173217773e-01 1.668792515993118286e-01 6.075992584228515625e-01 -4.759497940540313721e-01 9.542207419872283936e-02 1.172996520996093750e+00 9.614455699920654297e-01 2.730104923248291016e-01 5.674782395362854004e-01
6.812238693237304688e-01 9.830331802368164062e-01 1.826439052820205688e-01 6.684412360191345215e-01 -4.718875586986541748e-01 8.011190593242645264e-02 9.746902585029602051e-01 9.454610347747802734e-01 2.111937701702117920e-01 5.603737235069274902e-01
6.857680082321166992e-01 9.829370975494384766e-01 1.943108290433883667e-01 6.745561361312866211e-01 -4.738098978996276855e-01 7.557962834835052490e-02 9.751863479614257812e-01 9.560346007347106934e-01 1.971131265163421631e-01 5.730698704719543457e-01
6.929375529289245605e-01 9.847529530525207520e-01 1.947122365236282349e-01 6.590520739555358887e-01 -4.765323698520660400e-01 8.032540977001190186e-02 9.664943814277648926e-01 9.484410881996154785e-01 2.029581218957901001e-01 5.592455267906188965e-01
6.922209262847900391e-01 9.887959957122802734e-01 1.898443251848220825e-01 6.705302000045776367e-01 -4.626490175724029541e-01 7.661144435405731201e-02 9.720907211303710938e-01 9.426977634429931641e-01 2.037629932165145874e-01 5.683967471122741699e-01
6.387367248535156250e-01 8.255931735038757324e-01 1.590610593557357788e-01 6.496726870536804199e-01 -4.114013016223907471e-01 7.374341785907745361e-02 9.907044172286987305e-01 9.633498191833496094e-01 1.849542409181594849e-01 6.324741244316101074e-01
7.898328900337219238e-01 1.239162921905517578e+00 -1.319929212331771851e-01 6.141501069068908691e-01 -1.433715373277664185e-01 2.733847200870513916e-01 7.241867780685424805e-01 1.148235440254211426e+00 4.858707487583160400e-01 2.770215868949890137e-01
1.683905243873596191e+00 6.675921082496643066e-01 9.363288283348083496e-01 9.823722839355468750e-01 -6.514230370521545410e-01 -9.248647689819335938e-01 -9.683924317359924316e-01 1.063605308532714844e+00 2.451682239770889282e-01 -7.833695411682128906e-02
1.615524530410766602e+00 2.081650346517562866e-01 1.208623647689819336e+00 8.269408345222473145e-01 6.106926500797271729e-02 -7.906389832496643066e-01 -9.179753661155700684e-01 1.145218133926391602e+00 1.732709556818008423e-01 1.543806195259094238e-01
1.618356823921203613e+00 2.125298231840133667e-01 1.206587791442871094e+00 8.204354047775268555e-01 5.613663792610168457e-02 -7.951180338859558105e-01 -9.120388627052307129e-01 1.139941930770874023e+00 1.717156767845153809e-01 1.563519239425659180e-01
1.613069891929626465e+00 2.199336737394332886e-01 1.210366249084472656e+00 8.185997009277343750e-01 5.612711608409881592e-02 -7.915801405906677246e-01 -9.264518618583679199e-01 1.137692451477050781e+00 1.682350784540176392e-01 1.506640911102294922e-01
1.616777300834655762e+00 2.138094753026962280e-01 1.208959698677062988e+00 8.175146579742431641e-01 6.304305791854858398e-02 -7.951004505157470703e-01 -9.176378846168518066e-01 1.140270233154296875e+00 1.660762280225753784e-01 1.543560624122619629e-01
1.615966916084289551e+00 2.152156084775924683e-01 1.204357028007507324e+00 8.240439295768737793e-01 6.414908170700073242e-02 -7.962352633476257324e-01 -9.169898033142089844e-01 1.140022277832031250e+00 1.686138063669204712e-01 1.539071202278137207e-01
1.615127563476562500e+00 2.136670202016830444e-01 1.198325276374816895e+00 8.013083934783935547e-01 6.347659230232238770e-02 -7.968478202819824219e-01 -9.084225893020629883e-01 1.134642839431762695e+00 1.692022681236267090e-01 1.525922417640686035e-01
1.611808657646179199e+00 2.193846553564071655e-01 1.200725674629211426e+00 8.162401914596557617e-01 6.032066047191619873e-02 -7.943733930587768555e-01 -9.125612378120422363e-01 1.146317005157470703e+00 1.722449213266372681e-01 1.560470461845397949e-01
1.518893599510192871e+00 4.953815937042236328e-01 9.151325225830078125e-01 8.534316420555114746e-01 -4.545338451862335205e-02 -1.017732977867126465e+00 -9.182272553443908691e-01 1.144916296005249023e+00 4.179600179195404053e-01 -7.132494449615478516e-02
1.504733800888061523e+00 5.025004744529724121e-01 9.321111440658569336e-01 8.361470699310302734e-01 -3.442619740962982178e-02 -1.005136847496032715e+00 -9.190104603767395020e-01 1.149020314216613770e+00 4.146767556667327881e-01 -7.962220907211303711e-02
1.507434606552124023e+00 5.048796534538269043e-01 9.249803423881530762e-01 8.390600681304931641e-01 -3.594851493835449219e-02 -1.019252896308898926e+00 -9.142226576805114746e-01 1.137385129928588867e+00 4.139486551284790039e-01 -8.299487829208374023e-02
1.511376023292541504e+00 4.959543943405151367e-01 9.177581071853637695e-01 8.247113227844238281e-01 -2.174694836139678955e-02 -1.009464979171752930e+00 -9.050834178924560547e-01 1.138985633850097656e+00 4.212471544742584229e-01 -8.385032415390014648e-02
1.501249313354492188e+00 5.101292133331298828e-01 9.357815980911254883e-01 8.317643404006958008e-01 -2.483950555324554443e-02 -1.004921078681945801e+00 -9.068341851234436035e-01 1.143186926841735840e+00 4.127714335918426514e-01 -7.970654964447021484e-02
1.496437549591064453e+00 5.156010389328002930e-01 9.248257279396057129e-01 8.196595311164855957e-01 -2.581794559955596924e-02 -1.004769206047058105e+00 -9.001649022102355957e-01 1.144272208213806152e+00 4.201389253139495850e-01 -7.743918895721435547e-02
1.503206729888916016e+00 5.117010474205017090e-01 9.217537641525268555e-01 8.161643147468566895e-01 -3.153371810913085938e-02 -1.010147809982299805e+00 -8.921443223953247070e-01 1.132999181747436523e+00 4.270043075084686279e-01 -7.498282194137573242e-02
1.531305432319641113e+00 5.625658631324768066e-01 8.848111033439636230e-01 8.789899349212646484e-01 -1.795455347746610641e-03 -9.533733725547790527e-01 -8.270024657249450684e-01 1.046495914459228516e+00 6.187759041786193848e-01 -7.057392597198486328e-02
1.240483999252319336e+00 6.795695424079895020e-01 1.088098406791687012e+00 8.109316229820251465e-01 -1.351556181907653809e-02 -9.286693930625915527e-01 9.035346098244190216e-03 8.315761685371398926e-01 1.345210909843444824e+00 8.190900087356567383e-02
1.132651209831237793e+00 3.776075243949890137e-01 1.348875403404235840e+00 7.487222552299499512e-01 -2.505265176296234131e-02 -9.357642531394958496e-01 4.466062188148498535e-01 7.994166016578674316e-01 7.795649170875549316e-01 4.447429776191711426e-01
1.150787949562072754e+00 3.491109609603881836e-01 1.417647004127502441e+00 7.489123344421386719e-01 -2.325241267681121826e-02 -9.428339600563049316e-01 4.330486059188842773e-01 7.751038670539855957e-01 7.012987732887268066e-01 4.671010971069335938e-01
1.103590130805969238e+00 3.632628321647644043e-01 1.283829689025878906e+00 7.140809297561645508e-01 -6.119932234287261963e-02 -1.006417393684387207e+00 4.730899333953857422e-01 7.942641377449035645e-01 7.789930105209350586e-01 4.646652936935424805e-01
1.151044964790344238e+00 4.884364604949951172e-01 1.268221735954284668e+00 7.193647623062133789e-01 -5.392819643020629883e-02 -9.590491652488708496e-01 3.634351491928100586e-01 8.239973187446594238e-01 9.573733806610107422e-01 3.645312190055847168e-01
9.443531036376953125e-01 2.096349447965621948e-01 1.097605824470520020e+00 6.152578592300415039e-01 -3.579178452491760254e-02 -9.780445694923400879e-01 5.830259323120117188e-01 8.473372459411621094e-01 8.360965847969055176e-01 4.624579548835754395e-01
1.080567359924316406e+00 1.504339426755905151e-01 1.384026169776916504e+00 7.000722289085388184e-01 2.203942835330963135e-02 -8.905143141746520996e-01 5.183354020118713379e-01 8.370696902275085449e-01 6.073171496391296387e-01 5.780270695686340332e-01
1.150894641876220703e+00 1.046318858861923218e-01 1.463229537010192871e+00 7.117340564727783203e-01 3.138107061386108398e-02 -8.719075322151184082e-01 4.097986221313476562e-01 8.452699780464172363e-01 5.269923806190490723e-01 6.003749966621398926e-01
