4.371954202651977539e-01 2.111297696828842163e-01 -1.109875440597534180e+00 1.123772501945495605e+00 -8.049308657646179199e-01 2.203255742788314819e-01 3.794120848178863525e-01 1.012486577033996582e+00 2.455163896083831787e-01 6.200895085930824280e-02
4.514436721801757812e-01 2.203913778066635132e-01 -1.135954260826110840e+00 1.157963752746582031e+00 -7.970565557479858398e-01 2.231978625059127808e-01 3.431022763252258301e-01 1.017105579376220703e+00 2.346792668104171753e-01 4.260039702057838440e-02
4.376347362995147705e-01 2.321299165487289429e-01 -1.118682146072387695e+00 1.157937526702880859e+00 -8.179383873939514160e-01 2.170259207487106323e-01 3.305419087409973145e-01 1.021756291389465332e+00 2.337598055601119995e-01 5.757084861397743225e-02
4.416846036911010742e-01 1.813534349203109741e-01 -1.120280265808105469e+00 1.088094234466552734e+00 -8.107597827911376953e-01 2.206534594297409058e-01 4.191205203533172607e-01 1.025388121604919434e+00 2.535610795021057129e-01 4.992652311921119690e-02
4.170276820659637451e-01 1.253791898488998413e-01 -1.074865341186523438e+00 9.534476995468139648e-01 -8.333432674407958984e-01 1.735613793134689331e-01 5.538048744201660156e-01 9.791459441184997559e-01 3.136624097824096680e-01 7.131585478782653809e-02
3.262599706649780273e-01 1.273967474699020386e-01 -9.580196142196655273e-01 8.669649362564086914e-01 -8.800148367881774902e-01 1.906966418027877808e-01 7.499240040779113770e-01 1.014469265937805176e+00 3.683013319969177246e-01 1.495069861412048340e-01
1.876911371946334839e-01 2.406533807516098022e-01 -8.135101795196533203e-01 8.532159328460693359e-01 -8.584629893302917480e-01 2.493508309125900269e-01 1.073699831962585449e+00 7.957153916358947754e-01 4.895385205745697021e-01 2.394623160362243652e-01
2.117890268564224243e-01 3.708908557891845703e-01 -7.673012614250183105e-01 9.226865768432617188e-01 -1.079995632171630859e+00 1.566478461027145386e-01 1.121681571006774902e+00 8.418691158294677734e-01 6.158965826034545898e-01 1.356178224086761475e-01
3.091561794281005859e-01 4.982250332832336426e-01 -7.700564265251159668e-01 1.067815184593200684e+00 -1.207303166389465332e+00 1.716851443052291870e-01 8.871404528617858887e-01 8.466549515724182129e-01 6.168473362922668457e-01 9.237486124038696289e-02
3.223744630813598633e-01 4.821363091468811035e-01 -7.887357473373413086e-01 1.087218999862670898e+00 -1.231092214584350586e+00 1.560165733098983765e-01 8.137185573577880859e-01 8.347495794296264648e-01 5.774203538894653320e-01 9.758803248405456543e-02
3.213319778442382812e-01 4.926261901855468750e-01 -7.941815853118896484e-01 1.083472728729248047e+00 -1.220553159713745117e+00 1.577537506818771362e-01 8.081035614013671875e-01 8.203935623168945312e-01 5.767315030097961426e-01 1.029584705829620361e-01
3.132989704608917236e-01 4.878934025764465332e-01 -7.807342410087585449e-01 1.070295810699462891e+00 -1.221705317497253418e+00 1.614909023046493530e-01 8.073133230209350586e-01 8.318052887916564941e-01 5.750881433486938477e-01 1.002619266510009766e-01
3.092502355575561523e-01 4.903277754783630371e-01 -8.025727272033691406e-01 1.082604646682739258e+00 -1.211169958114624023e+00 1.650655418634414673e-01 7.952072024345397949e-01 8.269560337066650391e-01 5.661327242851257324e-01 9.734869003295898438e-02
1.495954245328903198e-01 4.538635611534118652e-01 -7.515133619308471680e-01 9.236448407173156738e-01 -9.736908674240112305e-01 2.142782658338546753e-01 1.025070548057556152e+00 8.870515227317810059e-01 7.349671721458435059e-01 7.626876235008239746e-02
2.590567767620086670e-01 1.228233098983764648e+00 -1.118568629026412964e-01 1.192888021469116211e+00 -1.963135242462158203e+00 -5.119900703430175781e-01 -7.981257438659667969e-01 9.577487707138061523e-01 8.672811388969421387e-01 9.730792045593261719e-02
5.415614843368530273e-01 3.716890215873718262e-01 4.424746036529541016e-01 1.092786431312561035e+00 -4.104764163494110107e-01 -1.031001091003417969e+00 -1.136492848396301270e+00 7.563981413841247559e-01 3.503278493881225586e-01 5.909879803657531738e-01
5.822511911392211914e-01 2.974324226379394531e-01 4.970969557762145996e-01 1.072351813316345215e+00 -2.923232018947601318e-01 -9.734351038932800293e-01 -1.105155229568481445e+00 7.819547057151794434e-01 3.307642042636871338e-01 6.471519470214843750e-01
5.854086875915527344e-01 2.903555631637573242e-01 4.929341673851013184e-01 1.074354529380798340e+00 -3.013435304164886475e-01 -9.802734851837158203e-01 -1.100605130195617676e+00 7.770561575889587402e-01 3.313823044300079346e-01 6.465420126914978027e-01
5.808660387992858887e-01 3.017019629478454590e-01 4.896165728569030762e-01 1.076517939567565918e+00 -2.941368222236633301e-01 -9.898877739906311035e-01 -1.095621228218078613e+00 7.762488722801208496e-01 3.259087502956390381e-01 6.430522799491882324e-01
5.869815349578857422e-01 2.892794013023376465e-01 4.978703260421752930e-01 1.100707173347473145e+00 -3.048518598079681396e-01 -9.823678135871887207e-01 -1.112997770309448242e+00 7.823991179466247559e-01 3.277235031127929688e-01 6.504085659980773926e-01
5.771906971931457520e-01 2.967677712440490723e-01 4.996738433837890625e-01 1.092643380165100098e+00 -3.093643486499786377e-01 -9.822015166282653809e-01 -1.107574224472045898e+00 7.851178050041198730e-01 3.267119824886322021e-01 6.365472674369812012e-01
5.791783928871154785e-01 2.881284952163696289e-01 5.000125765800476074e-01 1.081757903099060059e+00 -3.097594678401947021e-01 -9.800381660461425781e-01 -1.108446002006530762e+00 7.724187970161437988e-01 3.298336267471313477e-01 6.521773338317871094e-01
5.825684070587158203e-01 2.869091629981994629e-01 4.935489892959594727e-01 1.079847455024719238e+00 -3.092989623546600342e-01 -9.840447306632995605e-01 -1.111224293708801270e+00 7.817452549934387207e-01 3.324615061283111572e-01 6.491789221763610840e-01
4.187753200531005859e-01 5.575389862060546875e-01 3.022625446319580078e-01 1.041071534156799316e+00 -4.119385778903961182e-01 -1.316771507263183594e+00 -1.144229531288146973e+00 7.255513072013854980e-01 5.390133261680603027e-01 4.044246077537536621e-01
4.207950830459594727e-01 5.627539157867431641e-01 3.096323609352111816e-01 1.049579262733459473e+00 -4.015974700450897217e-01 -1.290535092353820801e+00 -1.143551349639892578e+00 7.285780310630798340e-01 5.340060591697692871e-01 4.146738648414611816e-01
4.248713850975036621e-01 5.794193148612976074e-01 3.000143766403198242e-01 1.045126080513000488e+00 -4.097033441066741943e-01 -1.321109294891357422e+00 -1.137070059776306152e+00 7.309477329254150391e-01 5.412241220474243164e-01 4.073151350021362305e-01
4.231370091438293457e-01 5.627738833427429199e-01 2.997843027114868164e-01 1.048461079597473145e+00 -4.049752056598663330e-01 -1.308983087539672852e+00 -1.145508408546447754e+00 7.208961844444274902e-01 5.405176877975463867e-01 4.133940935134887695e-01
4.247108697891235352e-01 5.613926649093627930e-01 2.965086698532104492e-01 1.052360057830810547e+00 -4.098510444164276123e-01 -1.317313075065612793e+00 -1.136650919914245605e+00 7.255192399024963379e-01 5.425925850868225098e-01 4.105467200279235840e-01
4.189532399177551270e-01 5.627324581146240234e-01 2.978819608688354492e-01 1.034493088722229004e+00 -4.092569649219512939e-01 -1.313795328140258789e+00 -1.131026268005371094e+00 7.169545292854309082e-01 5.413682460784912109e-01 4.119434952735900879e-01
4.251781105995178223e-01 6.355925798416137695e-01 2.884669303894042969e-01 1.069741845130920410e+00 -4.105298817157745361e-01 -1.358182072639465332e+00 -1.086951613426208496e+00 6.701895594596862793e-01 6.448604464530944824e-01 4.119356274604797363e-01
2.949893772602081299e-01 8.133103251457214355e-01 3.538273572921752930e-01 1.161280035972595215e+00 -2.700155079364776611e-01 -1.200174450874328613e+00 -6.576063036918640137e-01 5.134032368659973145e-01 1.341378092765808105e+00 3.446393311023712158e-01
2.747087776660919189e-01 5.150178670883178711e-01 6.616801023483276367e-01 1.090060591697692871e+00 -3.213525712490081787e-01 -1.137165904045104980e+00 2.318148612976074219e-01 4.970241487026214600e-01 9.806707501411437988e-01 8.196489214897155762e-01
3.493850827217102051e-01 4.690920114517211914e-01 7.566366195678710938e-01 1.132322311401367188e+00 -2.978652417659759521e-01 -1.112456917762756348e+00 2.190157175064086914e-01 4.792025685310363770e-01 7.992802262306213379e-01 8.969066739082336426e-01
3.397121131420135498e-01 4.760379791259765625e-01 6.598247885704040527e-01 1.121113300323486328e+00 -3.287733197212219238e-01 -1.150586009025573730e+00 1.645061373710632324e-01 4.970291256904602051e-01 8.480229973793029785e-01 9.029975533485412598e-01
2.950224280357360840e-01 6.105834245681762695e-01 6.605571508407592773e-01 1.091701507568359375e+00 -3.297946453094482422e-01 -1.149359822273254395e+00 1.606162786483764648e-01 5.377696156501770020e-01 1.069140434265136719e+00 7.925475239753723145e-01
2.095251679420471191e-01 4.068609476089477539e-01 5.637713670730590820e-01 9.823325872421264648e-01 -2.942658066749572754e-01 -1.122608304023742676e+00 3.056792616844177246e-01 4.929664433002471924e-01 1.032138824462890625e+00 8.384131789207458496e-01
2.331819236278533936e-01 2.639119625091552734e-01 6.910680532455444336e-01 9.265367984771728516e-01 -2.699401676654815674e-01 -9.570938944816589355e-01 3.366148471832275391e-01 4.256630539894104004e-01 7.734699845314025879e-01 1.003172397613525391e+00
3.789885044097900391e-01 1.766403764486312866e-01 7.359899282455444336e-01 1.091208815574645996e+00 -3.028067648410797119e-01 -1.013105869293212891e+00 2.689662575721740723e-01 5.250996947288513184e-01 6.550764441490173340e-01 1.061305046081542969e+00
