1.108685135841369629e+00 3.881739974021911621e-01 -4.828201234340667725e-02 9.414020180702209473e-01 -2.869279086589813232e-01 1.685749739408493042e-01 6.763220429420471191e-01 1.484107255935668945e+00 5.674144625663757324e-02 3.330815136432647705e-01
1.158629655838012695e+00 4.220025241374969482e-01 -9.751708805561065674e-02 9.849615693092346191e-01 -2.715214490890502930e-01 9.145389497280120850e-02 6.844573616981506348e-01 1.514889597892761230e+00 7.905460894107818604e-02 3.116304278373718262e-01
1.025820851325988770e+00 4.025349617004394531e-01 1.140750944614410400e-02 8.534747362136840820e-01 -2.204521149396896362e-01 1.445678919553756714e-01 6.558254361152648926e-01 1.384739875793457031e+00 -8.071430027484893799e-02 5.497875809669494629e-01
9.424943923950195312e-01 3.723626136779785156e-01 -8.171930909156799316e-03 8.661661744117736816e-01 -2.694586217403411865e-01 1.638061255216598511e-01 6.757909655570983887e-01 1.407918453216552734e+00 -9.174358844757080078e-02 5.422427654266357422e-01
8.442265987396240234e-01 4.036802053451538086e-01 -3.567223250865936279e-02 8.032425642013549805e-01 -3.196053802967071533e-01 1.868971437215805054e-01 6.774933934211730957e-01 1.365593910217285156e+00 -7.151006162166595459e-02 5.210364460945129395e-01
9.355427026748657227e-01 3.217805624008178711e-01 -2.563698589801788330e-02 8.138128519058227539e-01 -3.579641282558441162e-01 1.460212916135787964e-01 6.049291491508483887e-01 1.429886817932128906e+00 -1.111622601747512817e-01 5.441457629203796387e-01
9.992312192916870117e-01 2.116547077894210815e-01 5.691095720976591110e-03 8.430949449539184570e-01 -3.803397417068481445e-01 6.849209964275360107e-02 5.652672648429870605e-01 1.403609514236450195e+00 -2.083851099014282227e-01 6.556754112243652344e-01
1.155726552009582520e+00 2.337490767240524292e-01 -5.028147995471954346e-02 6.601766943931579590e-01 -3.881451487541198730e-01 -1.179267279803752899e-02 4.718770384788513184e-01 1.255850315093994141e+00 -2.237193882465362549e-01 6.461477279663085938e-01
1.197837114334106445e+00 2.896865010261535645e-01 -5.447693169116973877e-02 6.329809427261352539e-01 -3.343073129653930664e-01 -2.955026738345623016e-02 4.639891386032104492e-01 1.273984432220458984e+00 -1.808879822492599487e-01 6.100583672523498535e-01
1.209918022155761719e+00 2.934442758560180664e-01 -5.189888179302215576e-02 6.389794349670410156e-01 -3.186703026294708252e-01 -3.227491676807403564e-02 4.571286141872406006e-01 1.257978200912475586e+00 -1.770626753568649292e-01 5.924203991889953613e-01
1.197127699851989746e+00 3.054440617561340332e-01 -3.993634879589080811e-02 6.352387666702270508e-01 -3.247875869274139404e-01 -2.184326760470867157e-02 4.573025107383728027e-01 1.249938011169433594e+00 -1.742489635944366455e-01 6.093407273292541504e-01
1.199002146720886230e+00 3.013591170310974121e-01 -5.233038961887359619e-02 6.253267526626586914e-01 -3.192293047904968262e-01 -3.939159214496612549e-02 4.554900228977203369e-01 1.252979278564453125e+00 -1.710612326860427856e-01 5.965070128440856934e-01
1.206250309944152832e+00 2.873347401618957520e-01 -5.124314129352569580e-02 6.323602199554443359e-01 -3.197344839572906494e-01 -2.421910874545574188e-02 4.613552093505859375e-01 1.254792690277099609e+00 -1.712488979101181030e-01 6.090615987777709961e-01
1.316884875297546387e+00 3.386132419109344482e-02 -4.872708022594451904e-02 8.044202327728271484e-01 -2.090058624744415283e-01 1.038483232259750366e-01 6.158270239830017090e-01 1.300866365432739258e+00 -2.515760362148284912e-01 7.300472855567932129e-01
1.976159572601318359e+00 -1.579966694116592407e-01 -7.645075023174285889e-02 5.614247322082519531e-01 -1.979583650827407837e-01 -8.686931431293487549e-02 -2.247338891029357910e-01 1.263484358787536621e+00 -4.913822114467620850e-01 3.687313795089721680e-01
1.984959602355957031e+00 -1.502640396356582642e-01 -8.892248570919036865e-02 5.707393884658813477e-01 -1.890338063240051270e-01 -8.270181715488433838e-02 -2.291063070297241211e-01 1.265319347381591797e+00 -4.986934363842010498e-01 3.544474244117736816e-01
2.066550493240356445e+00 -1.599988490343093872e-01 -9.598092734813690186e-02 5.490668416023254395e-01 -1.680623739957809448e-01 -7.729066908359527588e-02 -2.752102613449096680e-01 1.263279795646667480e+00 -5.024673342704772949e-01 3.017345070838928223e-01
2.065023899078369141e+00 -1.619703918695449829e-01 -1.053190976381301880e-01 5.372705459594726562e-01 -1.837727129459381104e-01 -8.823718130588531494e-02 -2.895885705947875977e-01 1.256776094436645508e+00 -4.963007271289825439e-01 3.074933290481567383e-01
2.054158210754394531e+00 -1.594721227884292603e-01 -9.837912023067474365e-02 5.464028120040893555e-01 -1.768182218074798584e-01 -9.042353928089141846e-02 -2.872937321662902832e-01 1.263095140457153320e+00 -4.936382472515106201e-01 3.062247037887573242e-01
2.067337036132812500e+00 -1.630700379610061646e-01 -9.912045300006866455e-02 5.535033345222473145e-01 -1.829642057418823242e-01 -7.960934937000274658e-02 -2.848336100578308105e-01 1.259228467941284180e+00 -4.988300502300262451e-01 3.043068051338195801e-01
2.073318958282470703e+00 -1.632923036813735962e-01 -1.081592291593551636e-01 5.498158931732177734e-01 -1.888110041618347168e-01 -8.394904434680938721e-02 -2.839699983596801758e-01 1.265475869178771973e+00 -5.005068182945251465e-01 3.074918985366821289e-01
2.062390089035034180e+00 -1.684501320123672485e-01 -1.038363724946975708e-01 5.453995466232299805e-01 -1.890247166156768799e-01 -8.298136293888092041e-02 -2.886226177215576172e-01 1.270526885986328125e+00 -5.022606253623962402e-01 3.044718503952026367e-01
2.066188335418701172e+00 -1.613625437021255493e-01 -1.090809553861618042e-01 5.490276813507080078e-01 -1.799587905406951904e-01 -8.729113638401031494e-02 -2.847824096679687500e-01 1.263755321502685547e+00 -5.046676397323608398e-01 3.041341304779052734e-01
8.199270367622375488e-01 -5.421597957611083984e-01 -4.476037323474884033e-01 9.369092583656311035e-01 -6.618761420249938965e-01 4.735003411769866943e-02 -8.388863205909729004e-01 1.247454762458801270e+00 -1.125930547714233398e+00 -6.732168197631835938e-01
1.706160232424736023e-02 -6.578879952430725098e-01 -4.233719408512115479e-01 1.113474965095520020e+00 -7.648774385452270508e-01 2.532007098197937012e-01 -2.348473072052001953e-01 9.370161890983581543e-01 -1.327101826667785645e+00 -8.113079071044921875e-01
2.107168361544609070e-02 -6.816163063049316406e-01 -4.349337220191955566e-01 1.146227955818176270e+00 -7.896054387092590332e-01 2.377129048109054565e-01 -2.346360683441162109e-01 9.701899886131286621e-01 -1.307894349098205566e+00 -8.166974782943725586e-01
2.438924834132194519e-02 -6.817084550857543945e-01 -4.367740452289581299e-01 1.151708483695983887e+00 -7.902953028678894043e-01 2.317199558019638062e-01 -2.275035381317138672e-01 9.645352959632873535e-01 -1.297948360443115234e+00 -8.165553212165832520e-01
2.556009218096733093e-02 -6.817934513092041016e-01 -4.374734163284301758e-01 1.152344107627868652e+00 -7.950258255004882812e-01 2.469661682844161987e-01 -2.276678085327148438e-01 9.655466675758361816e-01 -1.309745788574218750e+00 -8.110767602920532227e-01
1.304305717349052429e-02 -6.787509918212890625e-01 -4.277719855308532715e-01 1.127338647842407227e+00 -7.936157584190368652e-01 2.405514568090438843e-01 -2.390788197517395020e-01 9.628394246101379395e-01 -1.302177548408508301e+00 -8.063659071922302246e-01
-1.444231346249580383e-02 -4.502768516540527344e-01 -4.320347309112548828e-01 1.174308896064758301e+00 -7.299692630767822266e-01 3.666058182716369629e-01 -1.230424921959638596e-02 9.336029887199401855e-01 -1.170287013053894043e+00 -8.218191862106323242e-01
-1.916450709104537964e-01 -6.785793602466583252e-02 -5.104116201400756836e-01 1.097149610519409180e+00 -8.334868550300598145e-01 5.382909178733825684e-01 1.720737218856811523e-01 1.175120115280151367e+00 -1.030500650405883789e+00 -9.068275094032287598e-01
-3.646998107433319092e-01 1.109056323766708374e-01 -4.934848248958587646e-01 1.028054594993591309e+00 -8.976874351501464844e-01 2.694100737571716309e-01 -8.359235525131225586e-02 1.063159704208374023e+00 -9.934417605400085449e-01 -1.030263185501098633e+00
-3.796993494033813477e-01 1.373607367277145386e-01 -4.984351098537445068e-01 9.959143400192260742e-01 -8.833646774291992188e-01 2.674336433410644531e-01 -6.988978385925292969e-02 1.053401827812194824e+00 -9.680813550949096680e-01 -1.040289282798767090e+00
-3.798596858978271484e-01 1.341475695371627808e-01 -5.057263374328613281e-01 1.011508107185363770e+00 -8.884148597717285156e-01 2.642247676849365234e-01 -7.532036304473876953e-02 1.050078153610229492e+00 -9.769105315208435059e-01 -1.050619721412658691e+00
-4.133515954017639160e-01 1.609707325696945190e-01 -5.228990316390991211e-01 1.072786927223205566e+00 -8.944000601768493652e-01 3.158919215202331543e-01 6.952238082885742188e-02 1.082294702529907227e+00 -9.468681812286376953e-01 -9.536520242691040039e-01
-5.169733762741088867e-01 3.304196298122406006e-01 -5.178346633911132812e-01 1.165690541267395020e+00 -8.517081141471862793e-01 4.221138954162597656e-01 2.015549540519714355e-01 1.131437182426452637e+00 -8.611736893653869629e-01 -1.059996604919433594e+00
-5.638779997825622559e-01 3.731297254562377930e-01 -4.877299964427947998e-01 1.157897591590881348e+00 -8.364177346229553223e-01 4.092664718627929688e-01 1.424081325531005859e-01 1.138296127319335938e+00 -8.308629393577575684e-01 -1.068566918373107910e+00
-5.642182826995849609e-01 3.640958368778228760e-01 -5.336494445800781250e-01 1.174469828605651855e+00 -8.149289488792419434e-01 3.709974884986877441e-01 2.053582668304443359e-01 1.112578272819519043e+00 -8.091214299201965332e-01 -1.067101836204528809e+00
