4.716191291809082031e-01 5.294217467308044434e-01 -3.721187710762023926e-01 8.243811130523681641e-01 -4.438106417655944824e-01 -2.397055178880691528e-01 1.258029580116271973e+00 1.319730758666992188e+00 -1.407318562269210815e-01 -3.534340560436248779e-01
4.765648841857910156e-01 5.335888266563415527e-01 -3.825305104255676270e-01 8.433061838150024414e-01 -4.494301974773406982e-01 -2.383317500352859497e-01 1.233571887016296387e+00 1.315285086631774902e+00 -1.370315104722976685e-01 -3.589955866336822510e-01
3.806766867637634277e-01 4.120162427425384521e-01 -3.296101689338684082e-01 8.415987491607666016e-01 -4.806182980537414551e-01 -1.139246374368667603e-01 1.351406335830688477e+00 1.310349941253662109e+00 -2.197452932596206665e-01 -2.641562521457672119e-01
6.088615059852600098e-01 -1.100356131792068481e-01 -2.891436219215393066e-01 6.218822598457336426e-01 -6.463838219642639160e-01 -4.932983219623565674e-02 1.707585930824279785e+00 1.310214400291442871e+00 -3.839540183544158936e-01 -1.593619212508201599e-02
7.953060865402221680e-01 -3.180135190486907959e-01 -2.487108558416366577e-01 6.500326991081237793e-01 -6.794259548187255859e-01 4.305563867092132568e-02 1.879851341247558594e+00 1.332805037498474121e+00 -4.452894926071166992e-01 3.032815828919410706e-02
7.780168056488037109e-01 -3.270460963249206543e-01 -2.498587220907211304e-01 6.490466594696044922e-01 -7.233131527900695801e-01 1.005878299474716187e-01 1.895749330520629883e+00 1.319614171981811523e+00 -4.402706921100616455e-01 3.634006157517433167e-02
7.629173994064331055e-01 -3.266491889953613281e-01 -2.568629086017608643e-01 6.320530772209167480e-01 -7.146119475364685059e-01 9.276114404201507568e-02 1.895900130271911621e+00 1.302228927612304688e+00 -4.445144832134246826e-01 3.794706240296363831e-02
7.771102190017700195e-01 -3.256552219390869141e-01 -2.480015009641647339e-01 6.371872425079345703e-01 -7.126337289810180664e-01 8.284173905849456787e-02 1.885654926300048828e+00 1.315539598464965820e+00 -4.334861934185028076e-01 3.236651793122291565e-02
7.798584699630737305e-01 -3.289142847061157227e-01 -2.505253851413726807e-01 6.388788223266601562e-01 -7.014697194099426270e-01 9.138582646846771240e-02 1.896397352218627930e+00 1.317831993103027344e+00 -4.394298791885375977e-01 3.797197714447975159e-02
7.822194099426269531e-01 -3.288818597793579102e-01 -2.508305013179779053e-01 6.543158292770385742e-01 -7.152404785156250000e-01 9.103427827358245850e-02 1.897693514823913574e+00 1.316406607627868652e+00 -4.404786527156829834e-01 3.741389885544776917e-02
7.891275882720947266e-01 -3.200919032096862793e-01 -2.450498789548873901e-01 6.635304689407348633e-01 -7.197901606559753418e-01 8.466856181621551514e-02 1.891023397445678711e+00 1.322965860366821289e+00 -4.381279945373535156e-01 3.331810608506202698e-02
7.803571820259094238e-01 -3.229122161865234375e-01 -2.491265386343002319e-01 6.642774939537048340e-01 -7.171182632446289062e-01 8.514593541622161865e-02 1.890295863151550293e+00 1.317521929740905762e+00 -4.420844614505767822e-01 3.066504374146461487e-02
7.836536765098571777e-01 -3.227924704551696777e-01 -2.551698982715606689e-01 6.602421402931213379e-01 -7.188342213630676270e-01 8.797137439250946045e-02 1.897991061210632324e+00 1.325626492500305176e+00 -4.344777166843414307e-01 3.579867258667945862e-02
7.842447757720947266e-01 -3.226117491722106934e-01 -2.433233410120010376e-01 6.705573797225952148e-01 -7.157596349716186523e-01 8.986197412014007568e-02 1.891023516654968262e+00 1.324370861053466797e+00 -4.462117850780487061e-01 4.155815020203590393e-02
7.372695207595825195e-01 -3.312344551086425781e-01 -2.220892459154129028e-01 8.144583702087402344e-01 -6.052226424217224121e-01 2.097030729055404663e-01 2.019234180450439453e+00 1.331002473831176758e+00 -3.273696303367614746e-01 -1.096642017364501953e-01
4.447076320648193359e-01 -4.229226112365722656e-01 -1.462377160787582397e-01 6.876501441001892090e-01 -1.522675156593322754e-01 4.797255992889404297e-01 2.030392646789550781e+00 1.158879041671752930e+00 -3.631320595741271973e-01 -4.626312851905822754e-01
8.147543072700500488e-01 -5.239924192428588867e-01 -3.060359656810760498e-01 8.568813800811767578e-01 2.792484462261199951e-01 2.182749956846237183e-01 1.523324370384216309e+00 1.572376370429992676e+00 -8.672776222229003906e-01 -7.824585437774658203e-01
7.602682113647460938e-01 -5.548298358917236328e-01 -2.864049077033996582e-01 8.189831376075744629e-01 2.847828567028045654e-01 1.447475403547286987e-01 1.390896677970886230e+00 1.554531335830688477e+00 -9.262958168983459473e-01 -7.689498662948608398e-01
7.557460069656372070e-01 -5.555924177169799805e-01 -2.943615317344665527e-01 8.179587125778198242e-01 2.909020185470581055e-01 1.322994083166122437e-01 1.391157746315002441e+00 1.539037823677062988e+00 -9.085330367088317871e-01 -7.761932611465454102e-01
7.543637156486511230e-01 -5.544155836105346680e-01 -2.938693463802337646e-01 8.054988384246826172e-01 2.841523587703704834e-01 1.371351331472396851e-01 1.399097084999084473e+00 1.539586067199707031e+00 -9.161928892135620117e-01 -7.792088985443115234e-01
7.567686438560485840e-01 -5.509724617004394531e-01 -2.853474617004394531e-01 8.198701143264770508e-01 2.792882919311523438e-01 1.422053426504135132e-01 1.393633008003234863e+00 1.548059463500976562e+00 -9.226263761520385742e-01 -7.697626352310180664e-01
7.558197379112243652e-01 -5.512207150459289551e-01 -2.956267893314361572e-01 8.170350790023803711e-01 2.905330657958984375e-01 1.457267850637435913e-01 1.394130587577819824e+00 1.547726988792419434e+00 -9.109420776367187500e-01 -7.720981240272521973e-01
7.498779892921447754e-01 -5.518104434013366699e-01 -2.975054383277893066e-01 8.286916017532348633e-01 2.843150496482849121e-01 1.394333094358444214e-01 1.395171761512756348e+00 1.544561386108398438e+00 -9.128876924514770508e-01 -7.727629542350769043e-01
5.807737708091735840e-01 -5.027831792831420898e-01 -3.256213068962097168e-01 8.615884780883789062e-01 2.331408709287643433e-01 1.351883262395858765e-01 1.299858450889587402e+00 1.457049131393432617e+00 -1.016737937927246094e+00 -8.486817479133605957e-01
2.801603078842163086e-01 -7.464623451232910156e-01 -2.443424314260482788e-01 7.220935225486755371e-01 5.020691454410552979e-02 1.153654307126998901e-01 1.617768883705139160e+00 1.431560039520263672e+00 -1.093453049659729004e+00 -1.971971392631530762e-01
2.900487184524536133e-01 -7.586718797683715820e-01 -2.296035736799240112e-01 7.078698873519897461e-01 3.820167481899261475e-02 1.066700369119644165e-01 1.653551578521728516e+00 1.411692023277282715e+00 -1.080410003662109375e+00 -1.480913758277893066e-01
2.908613681793212891e-01 -7.568480968475341797e-01 -2.285303324460983276e-01 7.099626064300537109e-01 4.225675761699676514e-02 1.043834239244461060e-01 1.638237714767456055e+00 1.417755246162414551e+00 -1.088954567909240723e+00 -1.554858088493347168e-01
2.826722860336303711e-01 -7.552789449691772461e-01 -2.299053221940994263e-01 7.138197422027587891e-01 3.457172214984893799e-02 1.020572632551193237e-01 1.638920187950134277e+00 1.411078333854675293e+00 -1.082703351974487305e+00 -1.459226608276367188e-01
2.886102497577667236e-01 -7.553794384002685547e-01 -2.319911867380142212e-01 7.280102968215942383e-01 3.663115203380584717e-02 1.115234941244125366e-01 1.635300874710083008e+00 1.415342569351196289e+00 -1.092955231666564941e+00 -1.433143019676208496e-01
2.845328748226165771e-01 -7.534743547439575195e-01 -2.228692919015884399e-01 7.151022553443908691e-01 3.834559023380279541e-02 1.005620211362838745e-01 1.645820975303649902e+00 1.411520838737487793e+00 -1.090860128402709961e+00 -1.466007232666015625e-01
3.605442047119140625e-01 -7.027310729026794434e-01 -2.224086076021194458e-01 7.012442946434020996e-01 -7.822677493095397949e-03 9.896527230739593506e-02 1.556358695030212402e+00 1.337651729583740234e+00 -1.067869305610656738e+00 -3.242331370711326599e-02
6.545023322105407715e-01 -6.470758318901062012e-01 -4.429050087928771973e-01 5.785826444625854492e-01 2.281765639781951904e-02 -2.080644480884075165e-02 1.223779559135437012e+00 1.286672472953796387e+00 -1.388462662696838379e+00 -1.281591057777404785e-01
6.812466382980346680e-01 -6.409797072410583496e-01 -4.741998314857482910e-01 5.573686957359313965e-01 3.131632506847381592e-02 -1.478262059390544891e-02 1.214465975761413574e+00 1.302006006240844727e+00 -1.377505183219909668e+00 -1.438391804695129395e-01
6.692673563957214355e-01 -6.441028714179992676e-01 -4.799590110778808594e-01 5.482877492904663086e-01 1.890929043292999268e-02 -2.863926999270915985e-02 1.214247584342956543e+00 1.292051076889038086e+00 -1.376195192337036133e+00 -1.552382707595825195e-01
5.411388278007507324e-01 -4.580847024917602539e-01 -4.670747518539428711e-01 5.728461742401123047e-01 1.022026985883712769e-01 -6.723274290561676025e-02 1.150559782981872559e+00 1.341360092163085938e+00 -1.300556778907775879e+00 -2.657507061958312988e-01
1.742400676012039185e-01 -1.228696256875991821e-01 -3.685872852802276611e-01 7.550742626190185547e-01 3.027096092700958252e-01 -2.097065001726150513e-01 9.733558297157287598e-01 1.498992323875427246e+00 -1.088142633438110352e+00 -3.969300985336303711e-01
2.210613638162612915e-01 -1.836612373590469360e-01 -3.943359851837158203e-01 6.825087070465087891e-01 4.116643071174621582e-01 -3.613402843475341797e-01 7.830845117568969727e-01 1.392575979232788086e+00 -1.219308853149414062e+00 -2.528949379920959473e-01
2.475196272134780884e-01 -2.213571220636367798e-01 -3.962892293930053711e-01 5.569236278533935547e-01 4.055945873260498047e-01 -2.825996875762939453e-01 7.398005127906799316e-01 1.253397226333618164e+00 -1.288637638092041016e+00 -1.973066329956054688e-01
2.651641070842742920e-01 -2.288150638341903687e-01 -4.104927480220794678e-01 5.572074055671691895e-01 4.157298803329467773e-01 -3.140160441398620605e-01 7.497044205665588379e-01 1.264113187789916992e+00 -1.282701969146728516e+00 -1.974614262580871582e-01
