1.017252326011657715e+00 3.983739614486694336e-01 -9.740196466445922852e-01 5.005047917366027832e-01 -9.701470732688903809e-01 3.784937262535095215e-01 3.797990679740905762e-01 1.167227625846862793e+00 2.428364753723144531e-01 4.249184429645538330e-01
1.031530737876892090e+00 4.100103974342346191e-01 -9.848880767822265625e-01 4.839117527008056641e-01 -9.633094072341918945e-01 3.836252689361572266e-01 3.673289418220520020e-01 1.168265104293823242e+00 2.355984002351760864e-01 4.181863069534301758e-01
1.020012259483337402e+00 4.163362383842468262e-01 -9.727965593338012695e-01 5.009803771972656250e-01 -9.690195322036743164e-01 3.884189724922180176e-01 3.546688556671142578e-01 1.162171840667724609e+00 2.295536696910858154e-01 4.210159778594970703e-01
1.022641539573669434e+00 3.924024105072021484e-01 -9.667050242424011230e-01 4.889561235904693604e-01 -9.495807290077209473e-01 3.731523752212524414e-01 3.961271345615386963e-01 1.167875051498413086e+00 2.344062179327011108e-01 4.397484362125396729e-01
9.913126826286315918e-01 3.166968226432800293e-01 -9.467067122459411621e-01 3.976118862628936768e-01 -9.757373929023742676e-01 3.630127906799316406e-01 5.032396912574768066e-01 1.142271041870117188e+00 2.773128747940063477e-01 4.409047663211822510e-01
8.032705783843994141e-01 4.069298505783081055e-01 -8.626214265823364258e-01 3.269621431827545166e-01 -9.385560154914855957e-01 3.550794124603271484e-01 6.442265510559082031e-01 1.107727289199829102e+00 2.509253025054931641e-01 6.540715098381042480e-01
6.294125318527221680e-01 4.889306426048278809e-01 -7.135294675827026367e-01 3.248611092567443848e-01 -1.039568901062011719e+00 4.162597060203552246e-01 1.004220724105834961e+00 9.958869814872741699e-01 3.678314983844757080e-01 7.489094138145446777e-01
5.349125266075134277e-01 6.017818450927734375e-01 -6.714107990264892578e-01 3.198063075542449951e-01 -1.077046871185302734e+00 3.465001583099365234e-01 1.232834935188293457e+00 9.478484392166137695e-01 5.390815138816833496e-01 6.740322709083557129e-01
6.325642466545104980e-01 9.170979261398315430e-01 -6.670913696289062500e-01 4.550611972808837891e-01 -1.295809745788574219e+00 3.340475559234619141e-01 1.039546251296997070e+00 9.057971835136413574e-01 5.713274478912353516e-01 6.217548251152038574e-01
4.603205621242523193e-01 8.707141876220703125e-01 -7.176953554153442383e-01 3.871029913425445557e-01 -1.034412622451782227e+00 3.477798104286193848e-01 1.132439136505126953e+00 8.951948285102844238e-01 7.171044945716857910e-01 5.305694937705993652e-01
1.024792790412902832e+00 1.832136511802673340e+00 -2.565525770187377930e-01 6.343051195144653320e-01 -1.984812140464782715e+00 -3.590073585510253906e-01 -5.601478815078735352e-01 1.017078757286071777e+00 8.877962231636047363e-01 4.489746689796447754e-01
1.336225152015686035e+00 1.033670306205749512e+00 6.163094043731689453e-01 4.893341064453125000e-01 -5.519400238990783691e-01 -1.145603060722351074e+00 -1.114809870719909668e+00 8.807371258735656738e-01 1.860752999782562256e-01 6.824497580528259277e-01
1.265336394309997559e+00 6.373708248138427734e-01 7.270671129226684570e-01 3.583209216594696045e-01 1.690914630889892578e-01 -1.027645826339721680e+00 -8.669618368148803711e-01 9.537986516952514648e-01 1.390129774808883667e-01 8.532271981239318848e-01
1.268902897834777832e+00 6.404578089714050293e-01 7.190172076225280762e-01 3.488083183765411377e-01 1.636274307966232300e-01 -1.043492794036865234e+00 -8.579617142677307129e-01 9.521173238754272461e-01 1.438314467668533325e-01 8.453099131584167480e-01
1.264249920845031738e+00 6.474924683570861816e-01 7.306408286094665527e-01 3.570183217525482178e-01 1.590844392776489258e-01 -1.034220695495605469e+00 -8.732907176017761230e-01 9.574286937713623047e-01 1.306145340204238892e-01 8.479071259498596191e-01
1.199336647987365723e+00 7.577986121177673340e-01 6.360139846801757812e-01 3.563147485256195068e-01 1.303607672452926636e-01 -1.129508137702941895e+00 -8.769925832748413086e-01 9.553688764572143555e-01 2.375470250844955444e-01 7.579844594001770020e-01
1.125097751617431641e+00 9.934247732162475586e-01 4.850127100944519043e-01 3.777732849121093750e-01 4.099886119365692139e-02 -1.362768292427062988e+00 -9.248242974281311035e-01 9.439832568168640137e-01 4.168656468391418457e-01 5.751481652259826660e-01
1.124822020530700684e+00 1.000740289688110352e+00 4.870131015777587891e-01 3.939321339130401611e-01 3.784309327602386475e-02 -1.356876850128173828e+00 -9.204091429710388184e-01 9.428011775016784668e-01 4.170223176479339600e-01 5.882670283317565918e-01
1.118097901344299316e+00 9.943483471870422363e-01 4.851328134536743164e-01 3.893137872219085693e-01 3.828229010105133057e-02 -1.345378041267395020e+00 -9.284161925315856934e-01 9.370899796485900879e-01 4.276330769062042236e-01 5.825912356376647949e-01
1.120380282402038574e+00 9.913616180419921875e-01 4.873926043510437012e-01 3.757151365280151367e-01 3.589077293872833252e-02 -1.349746704101562500e+00 -9.186701178550720215e-01 9.409112930297851562e-01 4.236956536769866943e-01 5.869763493537902832e-01
1.128088116645812988e+00 1.079085230827331543e+00 4.534733891487121582e-01 4.112860560417175293e-01 7.805915176868438721e-02 -1.410718441009521484e+00 -8.951311707496643066e-01 8.733530640602111816e-01 5.215205550193786621e-01 5.537338852882385254e-01
9.689034223556518555e-01 1.166250348091125488e+00 4.942831397056579590e-01 4.496678411960601807e-01 9.351709485054016113e-02 -1.264317989349365234e+00 -5.695549845695495605e-01 7.045302987098693848e-01 1.095138311386108398e+00 5.683956742286682129e-01
8.337100148200988770e-01 9.389331340789794922e-01 9.013738632202148438e-01 3.270927369594573975e-01 2.924278378486633301e-02 -1.222496271133422852e+00 4.061947464942932129e-01 6.215783953666687012e-01 8.111417293548583984e-01 1.076654195785522461e+00
8.551896810531616211e-01 8.638222813606262207e-01 8.844571709632873535e-01 4.161497652530670166e-01 -5.932095646858215332e-02 -1.247058391571044922e+00 3.570595979690551758e-01 6.883177757263183594e-01 9.106394052505493164e-01 1.045254230499267578e+00
8.522162437438964844e-01 8.918797969818115234e-01 8.372597694396972656e-01 4.377181828022003174e-01 -2.190241217613220215e-02 -1.235269546508789062e+00 2.892721295356750488e-01 6.931709647178649902e-01 9.811168909072875977e-01 9.689265489578247070e-01
6.793178915977478027e-01 5.454038381576538086e-01 8.730649948120117188e-01 3.137775659561157227e-01 3.661707043647766113e-02 -1.032299280166625977e+00 4.676339030265808105e-01 6.288960576057434082e-01 7.980526685714721680e-01 1.161272644996643066e+00
