2.316906601190567017e-01 3.955591917037963867e-01 -1.203284263610839844e+00 1.369387269020080566e+00 -5.138556361198425293e-01 1.914362162351608276e-01 2.766386866569519043e-01 1.209083318710327148e+00 4.880042374134063721e-02 2.542901337146759033e-01
2.345114797353744507e-01 4.085142612457275391e-01 -1.228789567947387695e+00 1.388880729675292969e+00 -5.048622488975524902e-01 1.888272017240524292e-01 2.403219342231750488e-01 1.213038921356201172e+00 3.125344216823577881e-02 2.384579479694366455e-01
2.188472896814346313e-01 4.109245538711547852e-01 -1.232087731361389160e+00 1.394579768180847168e+00 -4.977205395698547363e-01 1.665546745061874390e-01 2.435996830463409424e-01 1.199951529502868652e+00 2.476106584072113037e-02 2.617123723030090332e-01
2.260120064020156860e-01 3.704529404640197754e-01 -1.214710831642150879e+00 1.354728579521179199e+00 -4.922668933868408203e-01 1.706421822309494019e-01 2.943067848682403564e-01 1.213467836380004883e+00 4.806177318096160889e-02 2.651530504226684570e-01
2.179693132638931274e-01 3.149526715278625488e-01 -1.183412671089172363e+00 1.229496002197265625e+00 -5.307022333145141602e-01 1.277671903371810913e-01 4.315181672573089600e-01 1.171204686164855957e+00 1.066872626543045044e-01 2.701548337936401367e-01
1.282282024621963501e-01 2.898061275482177734e-01 -1.069234967231750488e+00 1.079770445823669434e+00 -5.918695330619812012e-01 1.426995843648910522e-01 6.081488728523254395e-01 1.145116329193115234e+00 1.796440333127975464e-01 3.422468006610870361e-01
-1.595764234662055969e-02 4.364419579505920410e-01 -9.050512313842773438e-01 1.085026144981384277e+00 -6.019337773323059082e-01 2.266043871641159058e-01 9.772830009460449219e-01 9.503897428512573242e-01 2.951292693614959717e-01 4.410311281681060791e-01
7.112544029951095581e-03 5.556871891021728516e-01 -8.463461399078369141e-01 1.126761913299560547e+00 -8.148012757301330566e-01 1.146779507398605347e-01 1.067176461219787598e+00 9.748914241790771484e-01 4.352955222129821777e-01 3.412737846374511719e-01
9.134580194950103760e-02 6.369593739509582520e-01 -8.751827478408813477e-01 1.271439433097839355e+00 -8.758806586265563965e-01 1.270480304956436157e-01 7.473825812339782715e-01 9.999608397483825684e-01 4.045160114765167236e-01 2.926847934722900391e-01
-2.420668676495552063e-02 6.763964891433715820e-01 -9.263125061988830566e-01 1.099489450454711914e+00 -5.991100072860717773e-01 2.097914665937423706e-01 8.958870768547058105e-01 9.650608897209167480e-01 6.608077287673950195e-01 1.771878004074096680e-01
5.109202861785888672e-01 9.474252462387084961e-01 1.591628938913345337e-01 1.622569203376770020e+00 -1.588752269744873047e+00 -9.490125179290771484e-01 -1.185636401176452637e+00 1.092860817909240723e+00 7.213406562805175781e-01 1.182365417480468750e-01
6.122228503227233887e-01 1.551536172628402710e-01 4.931807518005371094e-01 1.317141413688659668e+00 -1.564035117626190186e-01 -9.693710207939147949e-01 -1.136558055877685547e+00 9.868587851524353027e-01 3.526823818683624268e-01 6.596296429634094238e-01
5.991163253784179688e-01 1.474900096654891968e-01 4.862526655197143555e-01 1.317267179489135742e+00 -1.449090689420700073e-01 -9.650029540061950684e-01 -1.131811499595642090e+00 9.904987812042236328e-01 3.659028112888336182e-01 6.666870117187500000e-01
6.133091449737548828e-01 1.459626406431198120e-01 4.890483617782592773e-01 1.331792473793029785e+00 -1.536695063114166260e-01 -9.649054408073425293e-01 -1.125413060188293457e+00 9.967809915542602539e-01 3.623760044574737549e-01 6.597568392753601074e-01
5.702885985374450684e-01 2.496486753225326538e-01 5.192000269889831543e-01 1.232150673866271973e+00 -9.092095494270324707e-02 -9.335399270057678223e-01 -1.036573648452758789e+00 9.556176662445068359e-01 3.038072288036346436e-01 6.625601649284362793e-01
3.920447528362274170e-01 5.166835188865661621e-01 3.034412860870361328e-01 1.217635273933410645e+00 -1.891065090894699097e-01 -1.276411533355712891e+00 -1.071074724197387695e+00 9.139983654022216797e-01 5.359387993812561035e-01 4.250566661357879639e-01
3.901994526386260986e-01 5.270352363586425781e-01 3.025618195533752441e-01 1.216909408569335938e+00 -1.868129521608352661e-01 -1.288728713989257812e+00 -1.067665219306945801e+00 9.259520173072814941e-01 5.438662171363830566e-01 4.098840951919555664e-01
3.917368650436401367e-01 5.314332246780395508e-01 3.014382123947143555e-01 1.231961250305175781e+00 -1.890567094087600708e-01 -1.282428264617919922e+00 -1.063646912574768066e+00 9.164279103279113770e-01 5.457773804664611816e-01 4.133387207984924316e-01
3.902170062065124512e-01 5.220069885253906250e-01 2.995190024375915527e-01 1.225729107856750488e+00 -1.900320798158645630e-01 -1.287976741790771484e+00 -1.069603323936462402e+00 9.136263728141784668e-01 5.473576188087463379e-01 4.159134626388549805e-01
3.917272090911865234e-01 5.320632457733154297e-01 3.084198832511901855e-01 1.214479446411132812e+00 -1.851149350404739380e-01 -1.283211708068847656e+00 -1.068898081779479980e+00 9.147910475730895996e-01 5.378114581108093262e-01 4.133464097976684570e-01
4.028593003749847412e-01 5.928959250450134277e-01 3.173042535781860352e-01 1.208635210990905762e+00 -1.889470070600509644e-01 -1.262595057487487793e+00 -9.787208437919616699e-01 8.368731141090393066e-01 6.877016425132751465e-01 4.187616407871246338e-01
2.449353784322738647e-01 7.606911659240722656e-01 5.053224563598632812e-01 1.382319808006286621e+00 -8.787918090820312500e-02 -1.073230504989624023e+00 -2.737378478050231934e-01 6.608238816261291504e-01 1.512046813964843750e+00 4.639586508274078369e-01
3.355122208595275879e-01 2.565822005271911621e-01 6.206837296485900879e-01 1.329950690269470215e+00 -1.732145398855209351e-01 -1.076647162437438965e+00 1.700144410133361816e-01 6.312298774719238281e-01 1.006842374801635742e+00 8.582746386528015137e-01
2.797224521636962891e-01 4.217943549156188965e-01 6.432399749755859375e-01 1.247254729270935059e+00 -1.528210341930389404e-01 -1.075242161750793457e+00 1.632761359214782715e-01 6.644407510757446289e-01 1.125174641609191895e+00 7.680395245552062988e-01
2.141873389482498169e-01 2.970299720764160156e-01 5.792087912559509277e-01 1.085100173950195312e+00 -1.183976382017135620e-01 -1.046538949012756348e+00 2.899961471557617188e-01 6.330423951148986816e-01 1.057730674743652344e+00 8.245611786842346191e-01
2.397843748331069946e-01 2.143903225660324097e-01 7.216032743453979492e-01 1.082425713539123535e+00 -7.933357357978820801e-02 -8.793714642524719238e-01 3.479785323143005371e-01 5.659427046775817871e-01 7.499385476112365723e-01 9.913105368614196777e-01
