7.595431804656982422e-01 6.354688405990600586e-01 -1.103277087211608887e+00 1.023503541946411133e+00 -3.315323591232299805e-01 1.689556092023849487e-01 3.749229311943054199e-01 1.543610930442810059e+00 7.979056239128112793e-02 6.961869001388549805e-01
7.558473348617553711e-01 6.434818506240844727e-01 -1.108739733695983887e+00 1.029668569564819336e+00 -3.177765905857086182e-01 1.824458688497543335e-01 3.679240942001342773e-01 1.537003397941589355e+00 8.289447426795959473e-02 7.006334662437438965e-01
7.935388088226318359e-01 5.648038387298583984e-01 -1.104156732559204102e+00 9.822929501533508301e-01 -3.530314266681671143e-01 1.849197596311569214e-01 4.012510776519775391e-01 1.527206659317016602e+00 6.764779239892959595e-02 7.115702033042907715e-01
7.427806854248046875e-01 5.110876560211181641e-01 -1.069148421287536621e+00 9.592011570930480957e-01 -3.868646919727325439e-01 2.407401651144027710e-01 4.061536192893981934e-01 1.528872609138488770e+00 5.942368507385253906e-02 7.495875954627990723e-01
6.582931280136108398e-01 5.092408657073974609e-01 -1.093474745750427246e+00 9.863998293876647949e-01 -4.215827286243438721e-01 2.054353207349777222e-01 4.311769008636474609e-01 1.532402396202087402e+00 6.565171480178833008e-02 7.349021434783935547e-01
6.675916910171508789e-01 5.407474637031555176e-01 -1.097016215324401855e+00 9.777877330780029297e-01 -4.333609640598297119e-01 2.173063009977340698e-01 3.751073181629180908e-01 1.550263166427612305e+00 5.929780006408691406e-02 7.261908650398254395e-01
7.941807508468627930e-01 3.102391362190246582e-01 -1.082690238952636719e+00 9.392851591110229492e-01 -4.806638956069946289e-01 1.467732638120651245e-01 3.483111858367919922e-01 1.592616677284240723e+00 -5.549541115760803223e-02 8.704555630683898926e-01
9.003149867057800293e-01 3.264684081077575684e-01 -1.114071726799011230e+00 8.602457046508789062e-01 -5.222099423408508301e-01 1.184131354093551636e-01 3.009718060493469238e-01 1.464507699012756348e+00 -7.418489456176757812e-02 8.834130167961120605e-01
9.952996373176574707e-01 3.624644875526428223e-01 -1.162152647972106934e+00 6.919673681259155273e-01 -5.186826586723327637e-01 2.864365465939044952e-02 2.199891805648803711e-01 1.348306179046630859e+00 -3.578230738639831543e-02 8.517796397209167480e-01
1.161393284797668457e+00 1.223497241735458374e-01 -1.038382411003112793e+00 8.516682386398315430e-01 -3.337626159191131592e-01 2.117468565702438354e-01 3.820965886116027832e-01 1.339577913284301758e+00 -6.400496512651443481e-02 1.040175795555114746e+00
1.844139337539672852e+00 -1.385005861520767212e-01 -1.114983081817626953e+00 6.341471076011657715e-01 -3.794284462928771973e-01 1.018755324184894562e-02 -5.572264194488525391e-01 1.333666443824768066e+00 -2.954370379447937012e-01 5.648474693298339844e-01
1.830847263336181641e+00 -1.276620179414749146e-01 -1.084927439689636230e+00 6.123559474945068359e-01 -3.993435502052307129e-01 1.132624037563800812e-02 -5.516950488090515137e-01 1.312014579772949219e+00 -2.933558523654937744e-01 5.719045996665954590e-01
1.833188414573669434e+00 -1.338676959276199341e-01 -1.101922869682312012e+00 6.182563900947570801e-01 -3.852033317089080811e-01 1.518355496227741241e-02 -5.514824986457824707e-01 1.301435828208923340e+00 -2.942793667316436768e-01 5.670294165611267090e-01
1.829925298690795898e+00 -1.396030336618423462e-01 -1.104822635650634766e+00 6.162753105163574219e-01 -3.852653205394744873e-01 1.040027942508459091e-03 -5.459163784980773926e-01 1.296088099479675293e+00 -2.888031303882598877e-01 5.753988623619079590e-01
1.843193769454956055e+00 -1.358669549226760864e-01 -1.108092188835144043e+00 6.221412420272827148e-01 -3.859773576259613037e-01 7.190929260104894638e-03 -5.464248061180114746e-01 1.304453015327453613e+00 -2.915502488613128662e-01 5.744752883911132812e-01
1.836466670036315918e+00 -1.547445207834243774e-01 -1.121153712272644043e+00 5.661068558692932129e-01 -4.067130982875823975e-01 -2.383847348392009735e-02 -6.518027186393737793e-01 1.267636418342590332e+00 -3.087985217571258545e-01 5.133147835731506348e-01
4.186949729919433594e-01 -9.237630963325500488e-01 -1.442602038383483887e+00 1.102213501930236816e+00 -8.365220427513122559e-01 -1.640888601541519165e-01 -1.476132869720458984e+00 1.000479459762573242e+00 -8.336508870124816895e-01 -8.084602355957031250e-01
-1.413498073816299438e-01 -8.793696761131286621e-01 -1.311961293220520020e+00 1.264266371726989746e+00 -7.938823103904724121e-01 2.871481776237487793e-01 -3.362920880317687988e-01 9.377716183662414551e-01 -7.577850222587585449e-01 -7.716525793075561523e-01
-1.384259015321731567e-01 -8.712394833564758301e-01 -1.317903280258178711e+00 1.253295660018920898e+00 -7.886285185813903809e-01 3.084467649459838867e-01 -3.352969288825988770e-01 9.339746832847595215e-01 -7.559834122657775879e-01 -7.743551135063171387e-01
-1.460447460412979126e-01 -8.640899658203125000e-01 -1.319214820861816406e+00 1.260215997695922852e+00 -7.926563620567321777e-01 2.999969124794006348e-01 -3.268874287605285645e-01 9.474615454673767090e-01 -7.551592588424682617e-01 -7.785912156105041504e-01
-1.911449879407882690e-01 -6.838847994804382324e-01 -1.335283398628234863e+00 1.253110170364379883e+00 -7.327439188957214355e-01 4.100746512413024902e-01 -1.394231319427490234e-01 9.275295138359069824e-01 -6.863437294960021973e-01 -7.382364869117736816e-01
-5.098147392272949219e-01 -1.253469735383987427e-01 -1.469922184944152832e+00 1.204798579216003418e+00 -6.282849907875061035e-01 4.967563152313232422e-01 -7.706346921622753143e-03 1.021052598953247070e+00 -5.644695162773132324e-01 -8.999881148338317871e-01
-6.625413298606872559e-01 3.621600568294525146e-02 -1.580718040466308594e+00 1.125439167022705078e+00 -7.882764339447021484e-01 2.383369654417037964e-01 -2.145920991897583008e-01 9.793664216995239258e-01 -6.045490503311157227e-01 -1.060567498207092285e+00
-6.679118871688842773e-01 -1.853122841566801071e-03 -1.549378633499145508e+00 1.171807050704956055e+00 -7.775372862815856934e-01 3.377433419227600098e-01 -1.110070943832397461e-01 9.772784709930419922e-01 -5.863881707191467285e-01 -9.114809036254882812e-01
-7.894018888473510742e-01 1.786836534738540649e-01 -1.617305874824523926e+00 1.173275351524353027e+00 -6.751007437705993652e-01 3.706384301185607910e-01 9.207126684486865997e-03 9.622371196746826172e-01 -5.350992083549499512e-01 -9.900736212730407715e-01
-9.155399203300476074e-01 2.483397573232650757e-01 -1.600081801414489746e+00 1.222487449645996094e+00 -7.075499296188354492e-01 4.105454683303833008e-01 1.899504289031028748e-02 9.416354298591613770e-01 -5.170758962631225586e-01 -1.028136730194091797e+00
