4.062281250953674316e-01 5.563573837280273438e-01 -1.488488167524337769e-01 3.496239185333251953e-01 -6.922128796577453613e-01 2.779930830001831055e-01 9.595922827720642090e-01 8.691279888153076172e-01 -1.597973555326461792e-01 -3.086928427219390869e-01
4.168533980846405029e-01 5.709619522094726562e-01 -1.452312022447586060e-01 3.658134043216705322e-01 -6.753627657890319824e-01 2.837440967559814453e-01 9.212432503700256348e-01 8.623957037925720215e-01 -1.722499430179595947e-01 -3.273158669471740723e-01
4.041993319988250732e-01 5.678769350051879883e-01 -1.368006914854049683e-01 3.527425825595855713e-01 -6.594768166542053223e-01 2.631164789199829102e-01 9.195471405982971191e-01 8.366317152976989746e-01 -1.780043840408325195e-01 -3.238590359687805176e-01
4.000456631183624268e-01 5.395419597625732422e-01 -1.369167417287826538e-01 3.527000248432159424e-01 -6.824817657470703125e-01 2.749637365341186523e-01 9.692413210868835449e-01 8.624269962310791016e-01 -1.707956790924072266e-01 -3.010652065277099609e-01
3.730541467666625977e-01 4.678733348846435547e-01 -1.360766440629959106e-01 2.616422474384307861e-01 -6.972686648368835449e-01 2.795967459678649902e-01 1.132431626319885254e+00 8.254197239875793457e-01 -1.098636910319328308e-01 -2.542242407798767090e-01
2.702712118625640869e-01 4.237222075462341309e-01 -1.427836865186691284e-01 2.466114163398742676e-01 -7.555590271949768066e-01 2.859218716621398926e-01 1.342337250709533691e+00 8.709498047828674316e-01 -1.986853033304214478e-02 -1.747464835643768311e-01
1.212037503719329834e-01 5.322886705398559570e-01 4.274680744856595993e-03 2.175272107124328613e-01 -7.232142090797424316e-01 3.544559478759765625e-01 1.654037833213806152e+00 7.589116692543029785e-01 1.264265179634094238e-01 -1.162029504776000977e-01
1.589106768369674683e-01 5.909535288810729980e-01 -1.102064549922943115e-02 2.576758265495300293e-01 -8.450910449028015137e-01 2.720245122909545898e-01 1.735815405845642090e+00 7.859873175621032715e-01 2.901933491230010986e-01 -1.483607590198516846e-01
2.409875839948654175e-01 7.691550850868225098e-01 6.027694046497344971e-02 3.423789441585540771e-01 -1.042416095733642578e+00 2.514002323150634766e-01 1.415732502937316895e+00 7.495490312576293945e-01 2.644318640232086182e-01 -2.330172657966613770e-01
2.697370052337646484e-01 7.886289954185485840e-01 5.186618864536285400e-02 3.562279045581817627e-01 -1.057996988296508789e+00 2.211293429136276245e-01 1.317229628562927246e+00 7.311913967132568359e-01 2.310162633657455444e-01 -2.544821500778198242e-01
2.771806120872497559e-01 7.882413268089294434e-01 5.478627979755401611e-02 3.547596335411071777e-01 -1.065593123435974121e+00 2.180108278989791870e-01 1.318013310432434082e+00 7.363742589950561523e-01 2.342119365930557251e-01 -2.675440609455108643e-01
2.795581817626953125e-01 7.917289137840270996e-01 4.528571665287017822e-02 3.616593480110168457e-01 -1.065206766128540039e+00 2.163182348012924194e-01 1.323264241218566895e+00 7.463021874427795410e-01 2.327453345060348511e-01 -2.634304761886596680e-01
2.734069228172302246e-01 7.825862169265747070e-01 4.455597698688507080e-02 3.518486320972442627e-01 -1.052933335304260254e+00 2.219000905752182007e-01 1.325166940689086914e+00 7.418230175971984863e-01 2.311574369668960571e-01 -2.614837884902954102e-01
1.274601072072982788e-01 7.056469917297363281e-01 -8.504852652549743652e-03 2.786789238452911377e-01 -7.966961264610290527e-01 2.911988496780395508e-01 1.520093083381652832e+00 7.654442787170410156e-01 3.961956501007080078e-01 -2.407298088073730469e-01
3.567000627517700195e-01 1.369624018669128418e+00 2.442252784967422485e-01 5.366455316543579102e-01 -1.448532104492187500e+00 -3.409483730792999268e-01 -1.525835990905761719e-01 7.025992870330810547e-01 5.704322457313537598e-01 -5.149759650230407715e-01
3.370818495750427246e-01 3.029162287712097168e-01 8.840776085853576660e-01 5.275621414184570312e-01 1.922312378883361816e-02 -1.243427395820617676e+00 -9.235686063766479492e-01 6.306744217872619629e-01 1.245127618312835693e-01 -7.000768184661865234e-02
3.237057030200958252e-01 2.953362464904785156e-01 8.692686557769775391e-01 5.388528108596801758e-01 2.339877188205718994e-02 -1.250632405281066895e+00 -9.288077950477600098e-01 6.404653191566467285e-01 1.186184138059616089e-01 -7.643717527389526367e-02
3.338878750801086426e-01 2.952376604080200195e-01 8.768460750579833984e-01 5.307528376579284668e-01 2.221675217151641846e-02 -1.247447490692138672e+00 -9.330529570579528809e-01 6.393211483955383301e-01 1.214485615491867065e-01 -7.327657938003540039e-02
3.182293772697448730e-01 2.981737256050109863e-01 8.746989369392395020e-01 5.274689793586730957e-01 2.309080958366394043e-02 -1.242952823638916016e+00 -9.329822063446044922e-01 6.367983222007751465e-01 1.200782507658004761e-01 -7.623761892318725586e-02
3.231956958770751953e-01 2.974326014518737793e-01 8.719037771224975586e-01 5.258114337921142578e-01 2.049490809440612793e-02 -1.255071520805358887e+00 -9.243031740188598633e-01 6.354276537895202637e-01 1.243786364793777466e-01 -8.146750926971435547e-02
3.217160105705261230e-01 2.964428067207336426e-01 8.729300498962402344e-01 5.187607407569885254e-01 2.860184013843536377e-02 -1.252777099609375000e+00 -9.217252135276794434e-01 6.360912919044494629e-01 1.161509305238723755e-01 -7.714515924453735352e-02
3.276114761829376221e-01 2.962554097175598145e-01 8.769574165344238281e-01 5.148915052413940430e-01 2.767290174961090088e-02 -1.244446992874145508e+00 -9.279032349586486816e-01 6.340702176094055176e-01 1.180458217859268188e-01 -7.613474130630493164e-02
3.286385238170623779e-01 2.922575473785400391e-01 8.740389347076416016e-01 5.204941034317016602e-01 3.460778295993804932e-02 -1.246340990066528320e+00 -9.299851059913635254e-01 6.416834592819213867e-01 1.187234967947006226e-01 -8.445858955383300781e-02
2.211078256368637085e-01 5.138959288597106934e-01 6.616374850273132324e-01 5.696983933448791504e-01 -1.099130660295486450e-01 -1.559663295745849609e+00 -9.410716295242309570e-01 6.125800013542175293e-01 3.363493084907531738e-01 -2.726742029190063477e-01
2.194627672433853149e-01 5.139837265014648438e-01 6.613848209381103516e-01 5.758560895919799805e-01 -1.068326681852340698e-01 -1.562932252883911133e+00 -9.382074475288391113e-01 6.070138812065124512e-01 3.366322517395019531e-01 -2.698916196823120117e-01
2.268558293581008911e-01 5.054332017898559570e-01 6.597126722335815430e-01 5.730755925178527832e-01 -1.200851649045944214e-01 -1.561850786209106445e+00 -9.528650045394897461e-01 6.175227761268615723e-01 3.424001932144165039e-01 -2.681647539138793945e-01
2.236079126596450806e-01 5.147386193275451660e-01 6.612672209739685059e-01 5.754100084304809570e-01 -1.194025725126266479e-01 -1.556191682815551758e+00 -9.563806056976318359e-01 6.120406985282897949e-01 3.362481594085693359e-01 -2.647037506103515625e-01
2.249275296926498413e-01 5.186528563499450684e-01 6.617765426635742188e-01 5.936086773872375488e-01 -1.218817234039306641e-01 -1.559576749801635742e+00 -9.521340727806091309e-01 6.107316613197326660e-01 3.372590839862823486e-01 -2.640796303749084473e-01
2.263428717851638794e-01 5.187643766403198242e-01 6.612428426742553711e-01 5.855153203010559082e-01 -1.223631650209426880e-01 -1.560371518135070801e+00 -9.452597498893737793e-01 6.083559393882751465e-01 3.403095006942749023e-01 -2.670044898986816406e-01
2.315830439329147339e-01 5.282399654388427734e-01 6.467505097389221191e-01 5.895624160766601562e-01 -1.034882962703704834e-01 -1.585309743881225586e+00 -9.381915926933288574e-01 5.795556306838989258e-01 3.940393030643463135e-01 -2.764255404472351074e-01
2.077826112508773804e-01 5.949757099151611328e-01 5.878683924674987793e-01 6.530349254608154297e-01 -7.218886911869049072e-02 -1.471435904502868652e+00 -5.663717389106750488e-01 4.722118675708770752e-01 9.781005382537841797e-01 -2.661468982696533203e-01
7.014331221580505371e-02 3.718857169151306152e-01 9.497709274291992188e-01 5.340494513511657715e-01 -1.325066387653350830e-02 -1.423741221427917480e+00 2.780869603157043457e-01 3.278930783271789551e-01 7.817327380180358887e-01 5.841851606965065002e-02
1.043171435594558716e-01 3.440549373626708984e-01 1.029601335525512695e+00 5.456033945083618164e-01 -1.049450039863586426e-02 -1.418271541595458984e+00 2.639313340187072754e-01 3.021379411220550537e-01 6.224971413612365723e-01 1.009990572929382324e-01
1.183176636695861816e-01 3.363445997238159180e-01 1.015076994895935059e+00 5.691030025482177734e-01 -8.106768131256103516e-03 -1.435527682304382324e+00 2.279511690139770508e-01 2.919865846633911133e-01 6.137522459030151367e-01 1.099575161933898926e-01
9.153859317302703857e-02 4.134014248847961426e-01 9.606339335441589355e-01 5.254624485969543457e-01 -3.742076456546783447e-02 -1.437813162803649902e+00 2.575753331184387207e-01 3.446233570575714111e-01 7.874097824096679688e-01 7.116585969924926758e-02
2.776281163096427917e-02 3.304370641708374023e-01 8.849210739135742188e-01 4.869101047515869141e-01 -5.578651558607816696e-03 -1.389446258544921875e+00 3.197388052940368652e-01 3.404645323753356934e-01 7.766686081886291504e-01 8.016699552536010742e-02
-1.176754012703895569e-02 2.083334177732467651e-01 9.968196749687194824e-01 3.399425446987152100e-01 5.578465759754180908e-02 -1.275993704795837402e+00 3.316725492477416992e-01 2.876273095607757568e-01 5.641358494758605957e-01 1.844924092292785645e-01
1.235228925943374634e-01 1.387684196233749390e-01 1.075538277626037598e+00 5.137792825698852539e-01 -1.752077043056488037e-02 -1.332934856414794922e+00 2.751225233078002930e-01 3.314495384693145752e-01 4.533400237560272217e-01 2.513769268989562988e-01
