4.498950242996215820e-01 5.011439919471740723e-01 -3.373543322086334229e-01 6.502692103385925293e-01 -5.701991915702819824e-01 -4.858647286891937256e-02 1.167235493659973145e+00 1.171673655509948730e+00 -1.110789179801940918e-01 -3.798204660415649414e-01
5.017401576042175293e-01 5.485453009605407715e-01 -3.603014647960662842e-01 6.895781755447387695e-01 -5.665026903152465820e-01 -9.548150002956390381e-02 1.163425326347351074e+00 1.176341652870178223e+00 -8.170606195926666260e-02 -4.055407047271728516e-01
4.366555213928222656e-01 4.548684358596801758e-01 -3.506820797920227051e-01 6.124107241630554199e-01 -6.049557924270629883e-01 -3.280289471149444580e-02 1.177654743194580078e+00 1.118032932281494141e+00 -1.300369799137115479e-01 -3.434162735939025879e-01
3.619666099548339844e-01 4.066053032875061035e-01 -3.746128082275390625e-01 6.110799312591552734e-01 -6.529346704483032227e-01 -8.058683015406131744e-04 1.199922800064086914e+00 1.134873867034912109e+00 -1.518510133028030396e-01 -3.185542225837707520e-01
3.006515800952911377e-01 4.317113757133483887e-01 -3.876961469650268555e-01 5.902758836746215820e-01 -6.637539267539978027e-01 3.807167708873748779e-02 1.188512802124023438e+00 1.126638054847717285e+00 -1.367728859186172485e-01 -3.535682559013366699e-01
3.449172377586364746e-01 4.084953665733337402e-01 -3.821972012519836426e-01 5.670329332351684570e-01 -6.904868483543395996e-01 2.470235712826251984e-02 1.122375607490539551e+00 1.146029591560363770e+00 -1.712419986724853516e-01 -3.368978798389434814e-01
4.277533292770385742e-01 2.395307272672653198e-01 -3.548866510391235352e-01 6.034371852874755859e-01 -7.593694329261779785e-01 -3.723837435245513916e-02 1.134545445442199707e+00 1.213573217391967773e+00 -3.172272145748138428e-01 -2.071847021579742432e-01
4.783637821674346924e-01 2.517525553703308105e-01 -3.796744346618652344e-01 5.277273058891296387e-01 -7.487379908561706543e-01 -1.545832604169845581e-01 1.038985848426818848e+00 1.104342222213745117e+00 -3.402378857135772705e-01 -1.658520996570587158e-01
5.205373167991638184e-01 2.909652590751647949e-01 -4.013983309268951416e-01 4.939594864845275879e-01 -6.975107789039611816e-01 -1.929212957620620728e-01 9.909252524375915527e-01 1.114609599113464355e+00 -2.875132560729980469e-01 -2.205682992935180664e-01
5.278836488723754883e-01 3.064123988151550293e-01 -3.981596827507019043e-01 4.786204099655151367e-01 -7.040090560913085938e-01 -1.903736144304275513e-01 9.907146096229553223e-01 1.103163838386535645e+00 -2.744391858577728271e-01 -2.306112051010131836e-01
5.234442353248596191e-01 3.226966857910156250e-01 -3.873458802700042725e-01 4.948588013648986816e-01 -6.956972479820251465e-01 -1.919509321451187134e-01 9.755066037178039551e-01 1.108754634857177734e+00 -2.757042944431304932e-01 -2.315625548362731934e-01
5.217959880828857422e-01 3.172020316123962402e-01 -3.868697881698608398e-01 4.799787998199462891e-01 -6.948858499526977539e-01 -1.845115572214126587e-01 9.826870560646057129e-01 1.093445062637329102e+00 -2.743396461009979248e-01 -2.314639091491699219e-01
5.263419151306152344e-01 3.109394311904907227e-01 -4.001055657863616943e-01 4.767487943172454834e-01 -7.010542750358581543e-01 -1.879772394895553589e-01 9.782509803771972656e-01 1.104210376739501953e+00 -2.649262249469757080e-01 -2.328190207481384277e-01
5.892335176467895508e-01 1.315308064222335815e-01 -3.557499647140502930e-01 5.890624523162841797e-01 -6.070780158042907715e-01 -8.151318132877349854e-02 1.206695914268493652e+00 1.223190784454345703e+00 -3.536712229251861572e-01 -5.891379341483116150e-02
1.172877550125122070e+00 -8.632494509220123291e-02 -3.375732600688934326e-01 5.002557635307312012e-01 -4.575249254703521729e-01 -3.032296895980834961e-01 2.866773009300231934e-01 1.097686290740966797e+00 -8.774114251136779785e-01 -1.492006182670593262e-01
1.215794444084167480e+00 -8.523519337177276611e-02 -3.309568762779235840e-01 4.902723133563995361e-01 -4.654040634632110596e-01 -3.119352161884307861e-01 2.051073312759399414e-01 1.089809179306030273e+00 -8.752794861793518066e-01 -1.873284578323364258e-01
1.213064074516296387e+00 -8.378817141056060791e-02 -3.299604356288909912e-01 5.121166706085205078e-01 -4.621075093746185303e-01 -3.170422613620758057e-01 2.084929347038269043e-01 1.089222192764282227e+00 -8.692012429237365723e-01 -1.856606602668762207e-01
1.206972956657409668e+00 -8.282215893268585205e-02 -3.153779804706573486e-01 4.838549494743347168e-01 -4.626191258430480957e-01 -3.153100311756134033e-01 1.956512928009033203e-01 1.074074029922485352e+00 -8.731899261474609375e-01 -1.936975121498107910e-01
1.194403648376464844e+00 -8.362402021884918213e-02 -3.228616416454315186e-01 4.735503494739532471e-01 -4.600131809711456299e-01 -2.883099913597106934e-01 1.998770236968994141e-01 1.060196161270141602e+00 -8.823925852775573730e-01 -1.839951872825622559e-01
1.208900332450866699e+00 -8.979852497577667236e-02 -3.211427927017211914e-01 4.644916951656341553e-01 -4.587382972240447998e-01 -2.917571663856506348e-01 1.859182715415954590e-01 1.070370912551879883e+00 -8.841304183006286621e-01 -1.959995031356811523e-01
1.204461932182312012e+00 -8.227081596851348877e-02 -3.151409327983856201e-01 4.647859632968902588e-01 -4.494806230068206787e-01 -2.964869737625122070e-01 1.851531863212585449e-01 1.063316106796264648e+00 -8.713003993034362793e-01 -1.900728940963745117e-01
1.194139599800109863e+00 -7.881577312946319580e-02 -3.148667812347412109e-01 4.672679901123046875e-01 -4.515443146228790283e-01 -2.915120720863342285e-01 1.969143152236938477e-01 1.056696891784667969e+00 -8.827056884765625000e-01 -1.818515658378601074e-01
1.199112892150878906e+00 -7.913698256015777588e-02 -3.094139099121093750e-01 4.725936353206634521e-01 -4.543888270854949951e-01 -2.903298139572143555e-01 1.854214668273925781e-01 1.048657298088073730e+00 -8.854163289070129395e-01 -1.875535845756530762e-01
1.082459807395935059e+00 -1.200077682733535767e-01 -2.869310379028320312e-01 3.785198330879211426e-01 -6.483253836631774902e-01 -4.154094457626342773e-01 -3.764773309230804443e-01 9.589673280715942383e-01 -1.068764567375183105e+00 -4.733878076076507568e-01
1.025791913270950317e-01 -6.240913867950439453e-01 -4.133318364620208740e-01 4.065108597278594971e-01 -9.699034690856933594e-01 -6.468711793422698975e-02 2.486616969108581543e-01 6.059761643409729004e-01 -1.687618613243103027e+00 -7.786027789115905762e-01
9.836561977863311768e-02 -6.028199195861816406e-01 -3.819539844989776611e-01 4.053995311260223389e-01 -9.819509983062744141e-01 4.635266959667205811e-02 3.825201094150543213e-01 6.197434067726135254e-01 -1.728491663932800293e+00 -6.812880635261535645e-01
9.864167869091033936e-02 -5.993548631668090820e-01 -3.765017688274383545e-01 3.992511332035064697e-01 -9.779142141342163086e-01 3.668151795864105225e-02 3.798719048500061035e-01 6.128370165824890137e-01 -1.719710469245910645e+00 -6.765144467353820801e-01
9.660060703754425049e-02 -6.088579893112182617e-01 -3.772599399089813232e-01 3.963477313518524170e-01 -9.775350689888000488e-01 3.861843049526214600e-02 3.877519369125366211e-01 6.161255240440368652e-01 -1.713157176971435547e+00 -6.785596013069152832e-01
9.768988192081451416e-02 -6.070203185081481934e-01 -3.884623348712921143e-01 4.185833036899566650e-01 -9.786693453788757324e-01 4.715852439403533936e-02 3.999589681625366211e-01 6.183010935783386230e-01 -1.721136212348937988e+00 -6.813792586326599121e-01
8.065477013587951660e-02 -5.456836223602294922e-01 -3.813463747501373291e-01 4.354273974895477295e-01 -9.577858448028564453e-01 7.979439198970794678e-02 4.001533389091491699e-01 6.047077178955078125e-01 -1.716364264488220215e+00 -7.076697945594787598e-01
-6.673231720924377441e-02 -4.373241961002349854e-02 -4.921931922435760498e-01 4.182400405406951904e-01 -1.210207939147949219e+00 2.256759256124496460e-01 8.073301911354064941e-01 7.020862102508544922e-01 -1.269779801368713379e+00 -8.518005013465881348e-01
-2.308133244514465332e-01 1.158491820096969604e-01 -4.360052943229675293e-01 3.261541426181793213e-01 -1.336193323135375977e+00 -1.575578898191452026e-01 2.784206867218017578e-01 5.566121935844421387e-01 -1.309000253677368164e+00 -9.786480665206909180e-01
-2.452370673418045044e-01 1.773672550916671753e-01 -4.450581967830657959e-01 3.163873851299285889e-01 -1.328514337539672852e+00 -1.761193722486495972e-01 2.688495516777038574e-01 5.354757308959960938e-01 -1.251396894454956055e+00 -1.020964384078979492e+00
-2.450242936611175537e-01 1.789539307355880737e-01 -4.532285034656524658e-01 3.215514719486236572e-01 -1.333923101425170898e+00 -1.700868755578994751e-01 2.647742033004760742e-01 5.427631735801696777e-01 -1.241373658180236816e+00 -1.032334208488464355e+00
-2.727175056934356689e-01 2.190767973661422729e-01 -4.424803256988525391e-01 3.207414150238037109e-01 -1.313151955604553223e+00 -9.678034484386444092e-02 4.179394245147705078e-01 5.416509509086608887e-01 -1.221913456916809082e+00 -9.873326420783996582e-01
-3.601487278938293457e-01 3.932018280029296875e-01 -4.434704184532165527e-01 4.012689292430877686e-01 -1.269530653953552246e+00 2.916838414967060089e-02 5.649077892303466797e-01 5.407316088676452637e-01 -1.075381636619567871e+00 -1.083505630493164062e+00
-4.627406001091003418e-01 5.006017088890075684e-01 -4.365680813789367676e-01 4.592062830924987793e-01 -1.267725229263305664e+00 1.494215615093708038e-02 5.347460508346557617e-01 6.093193292617797852e-01 -9.907096624374389648e-01 -1.174702644348144531e+00
-4.812399744987487793e-01 4.857139587402343750e-01 -4.710578620433807373e-01 4.754379093647003174e-01 -1.231411218643188477e+00 -7.995737716555595398e-03 5.597269535064697266e-01 5.947496294975280762e-01 -9.625220298767089844e-01 -1.156291007995605469e+00
