1.998777538537979126e-01 5.137112140655517578e-01 -1.143309831619262695e+00 1.398620963096618652e+00 -5.646404623985290527e-01 1.470941752195358276e-01 2.567140161991119385e-01 1.262335062026977539e+00 2.214203774929046631e-02 3.668562173843383789e-01
2.222969681024551392e-01 3.780083656311035156e-01 -1.152381539344787598e+00 1.379315972328186035e+00 -6.765989065170288086e-01 1.806552261114120483e-01 2.253429293632507324e-01 1.218443512916564941e+00 1.351912766695022583e-01 2.263136804103851318e-01
2.159146815538406372e-01 3.782563209533691406e-01 -1.118068337440490723e+00 1.372524857521057129e+00 -7.113512754440307617e-01 1.566662639379501343e-01 3.870657980442047119e-01 1.222956299781799316e+00 1.848262101411819458e-01 2.189399451017379761e-01
2.012263387441635132e-01 3.473089933395385742e-01 -1.020234942436218262e+00 1.270400762557983398e+00 -7.571431398391723633e-01 1.648803204298019409e-01 5.840203762054443359e-01 1.192918300628662109e+00 2.610569298267364502e-01 2.636715173721313477e-01
1.685488969087600708e-01 3.443813920021057129e-01 -9.809246063232421875e-01 1.261965870857238770e+00 -7.693585753440856934e-01 2.044474333524703979e-01 7.767499089241027832e-01 1.184566974639892578e+00 3.152027726173400879e-01 2.722262442111968994e-01
8.847613632678985596e-02 5.076496601104736328e-01 -9.778850078582763672e-01 1.229385733604431152e+00 -7.860043644905090332e-01 3.178930282592773438e-01 7.807274460792541504e-01 1.042524337768554688e+00 4.540397822856903076e-01 2.251566052436828613e-01
5.955290049314498901e-03 4.679694771766662598e-01 -1.026669263839721680e+00 1.103303670883178711e+00 -6.482761502265930176e-01 1.531555205583572388e-01 7.854683995246887207e-01 9.473010897636413574e-01 5.849448442459106445e-01 2.095342576503753662e-01
9.277011454105377197e-02 8.375526666641235352e-01 -8.210234642028808594e-01 1.329389214515686035e+00 -1.119065999984741211e+00 -2.139671240001916885e-03 4.075577259063720703e-01 9.933432340621948242e-01 5.354143381118774414e-01 1.789785027503967285e-01
1.357797533273696899e-01 9.162713885307312012e-01 -8.014892935752868652e-01 1.438008904457092285e+00 -1.185538053512573242e+00 4.703263938426971436e-02 2.853648662567138672e-01 1.011797189712524414e+00 5.203666090965270996e-01 1.745978742837905884e-01
1.445146948099136353e-01 9.190453290939331055e-01 -8.040229678153991699e-01 1.436471581459045410e+00 -1.195986747741699219e+00 4.621039330959320068e-02 2.831541895866394043e-01 1.008585572242736816e+00 5.207229256629943848e-01 1.775137037038803101e-01
1.394978314638137817e-01 9.249306917190551758e-01 -7.976812124252319336e-01 1.449152350425720215e+00 -1.185779809951782227e+00 5.242626368999481201e-02 2.787306010723114014e-01 1.012645959854125977e+00 5.100701451301574707e-01 1.809629350900650024e-01
1.434202939271926880e-01 9.212832450866699219e-01 -8.025294542312622070e-01 1.456671118736267090e+00 -1.184784531593322754e+00 5.731980502605438232e-02 2.900098860263824463e-01 1.017727851867675781e+00 5.175052285194396973e-01 1.714980006217956543e-01
1.527463346719741821e-01 9.350153207778930664e-01 -7.978982925415039062e-01 1.466017961502075195e+00 -1.184261322021484375e+00 4.943676292896270752e-02 2.655956149101257324e-01 1.015291213989257812e+00 5.224226117134094238e-01 1.768732666969299316e-01
2.389123588800430298e-01 8.197673559188842773e-01 -7.053743004798889160e-01 1.202026486396789551e+00 -7.745633721351623535e-01 1.159572452306747437e-01 -2.804211378097534180e-01 1.001721382141113281e+00 7.483721971511840820e-01 -1.864072307944297791e-02
3.850716948509216309e-01 6.127005219459533691e-01 -7.644029259681701660e-01 9.556890726089477539e-01 -8.717246651649475098e-01 9.976308047771453857e-02 -1.106580257415771484e+00 1.005178689956665039e+00 3.292709887027740479e-01 -1.142469942569732666e-01
3.854372799396514893e-01 5.942872762680053711e-01 -7.642184495925903320e-01 9.744678735733032227e-01 -8.616058230400085449e-01 9.844343364238739014e-02 -1.085006833076477051e+00 1.001952648162841797e+00 3.371668159961700439e-01 -9.753072261810302734e-02
3.818406164646148682e-01 5.878143906593322754e-01 -7.547516226768493652e-01 9.789919257164001465e-01 -8.542804121971130371e-01 1.025194972753524780e-01 -1.103085637092590332e+00 1.004107594490051270e+00 3.316636383533477783e-01 -1.041265726089477539e-01
3.774422109127044678e-01 5.811078548431396484e-01 -7.619993090629577637e-01 9.482753872871398926e-01 -8.558936715126037598e-01 9.923182427883148193e-02 -1.096110939979553223e+00 1.003883719444274902e+00 3.380741477012634277e-01 -1.157494187355041504e-01
3.899800479412078857e-01 5.993131995201110840e-01 -7.694389224052429199e-01 9.549617171287536621e-01 -8.792951703071594238e-01 1.000884026288986206e-01 -1.091535449028015137e+00 9.942373037338256836e-01 3.355143964290618896e-01 -1.046295762062072754e-01
3.840447962284088135e-01 6.028651595115661621e-01 -7.645204663276672363e-01 9.706419706344604492e-01 -8.559347987174987793e-01 1.055896133184432983e-01 -1.086807727813720703e+00 9.974035620689392090e-01 3.326207995414733887e-01 -1.121735572814941406e-01
3.801396787166595459e-01 5.994026064872741699e-01 -7.617285847663879395e-01 9.637303352355957031e-01 -8.640804886817932129e-01 8.985091745853424072e-02 -1.097181677818298340e+00 9.924898147583007812e-01 3.412327766418457031e-01 -1.171153485774993896e-01
3.774209618568420410e-01 5.922226905822753906e-01 -7.693416476249694824e-01 9.615822434425354004e-01 -8.505719900131225586e-01 9.881012141704559326e-02 -1.085989117622375488e+00 1.003613591194152832e+00 3.316942751407623291e-01 -1.055063605308532715e-01
3.894361257553100586e-01 6.008098721504211426e-01 -7.662986516952514648e-01 9.679027795791625977e-01 -8.597749471664428711e-01 1.001743227243423462e-01 -1.087225556373596191e+00 1.009913921356201172e+00 3.357495665550231934e-01 -1.163118481636047363e-01
6.545403003692626953e-01 -7.944454252719879150e-02 7.551963627338409424e-02 9.916305541992187500e-01 -9.858523607254028320e-01 1.175025552511215210e-01 -5.629506707191467285e-01 9.451143145561218262e-01 1.211416125297546387e+00 5.993216633796691895e-01
5.024664998054504395e-01 6.487606465816497803e-02 3.669621050357818604e-02 9.472973346710205078e-01 -6.711129546165466309e-01 4.042940139770507812e-01 -4.987050890922546387e-01 8.855921626091003418e-01 1.362093925476074219e+00 5.498974919319152832e-01
4.751205444335937500e-01 6.653068959712982178e-02 2.164907753467559814e-02 9.366227388381958008e-01 -6.376250982284545898e-01 4.603068232536315918e-01 -4.840809702873229980e-01 8.769566416740417480e-01 1.388045668601989746e+00 5.386032462120056152e-01
4.632308483123779297e-01 6.458984315395355225e-02 2.803422510623931885e-02 9.462769031524658203e-01 -6.329800486564636230e-01 4.640951752662658691e-01 -4.886397719383239746e-01 8.683435320854187012e-01 1.382043480873107910e+00 5.363353490829467773e-01
4.832543134689331055e-01 7.868193089962005615e-02 2.935905754566192627e-02 9.518045186996459961e-01 -6.319454312324523926e-01 4.665132761001586914e-01 -4.853668808937072754e-01 8.752110600471496582e-01 1.384135246276855469e+00 5.382795929908752441e-01
4.792029261589050293e-01 6.964926421642303467e-02 2.179785072803497314e-02 9.449446797370910645e-01 -6.362664103507995605e-01 4.705291986465454102e-01 -4.887732863426208496e-01 8.787669539451599121e-01 1.386969685554504395e+00 5.336172580718994141e-01
3.580929040908813477e-01 1.655154675245285034e-01 3.338797390460968018e-02 8.427383303642272949e-01 -4.512704312801361084e-01 4.641355276107788086e-01 -2.051917314529418945e-01 7.467572093009948730e-01 1.564314246177673340e+00 3.335071206092834473e-01
2.606517076492309570e-01 3.469450473785400391e-01 8.004726469516754150e-02 7.557923793792724609e-01 -5.683086514472961426e-01 5.087708830833435059e-01 2.761861085891723633e-01 6.146582365036010742e-01 1.783142924308776855e+00 3.070772886276245117e-01
3.699849247932434082e-01 3.565667867660522461e-01 1.472348123788833618e-01 9.366449713706970215e-01 -8.193356394767761230e-01 5.574360489845275879e-01 4.638956785202026367e-01 5.724331736564636230e-01 1.704101204872131348e+00 5.658514499664306641e-01
3.861891031265258789e-01 3.530924320220947266e-01 1.521371155977249146e-01 9.494819641113281250e-01 -8.243342041969299316e-01 5.694043040275573730e-01 4.894602894783020020e-01 5.712553858757019043e-01 1.702210664749145508e+00 5.870258808135986328e-01
3.940178155899047852e-01 4.143863916397094727e-01 1.509772688150405884e-01 9.861364364624023438e-01 -8.062914013862609863e-01 5.907172560691833496e-01 4.670075774192810059e-01 5.970442295074462891e-01 1.707021713256835938e+00 5.627126097679138184e-01
2.210872918367385864e-01 3.863260746002197266e-01 1.412376314401626587e-01 7.732518911361694336e-01 -6.404663920402526855e-01 4.806395173072814941e-01 5.910202264785766602e-01 5.364683270454406738e-01 1.879710435867309570e+00 4.250181913375854492e-01
1.198986917734146118e-01 1.655784100294113159e-01 6.289906799793243408e-02 6.328330636024475098e-01 -6.647610664367675781e-01 4.576093554496765137e-01 9.351077675819396973e-01 4.806379675865173340e-01 1.549662351608276367e+00 6.310792565345764160e-01
2.363312393426895142e-01 6.790761649608612061e-02 1.723243743181228638e-01 7.686605453491210938e-01 -6.814506649971008301e-01 6.064181327819824219e-01 7.828238606452941895e-01 5.816778540611267090e-01 1.443132162094116211e+00 8.223587274551391602e-01
2.820510268211364746e-01 3.452192246913909912e-02 2.006346732378005981e-01 7.639323472976684570e-01 -6.280637979507446289e-01 6.437700986862182617e-01 6.618589758872985840e-01 6.373255252838134766e-01 1.378602147102355957e+00 8.757492303848266602e-01
