5.809319019317626953e-01 -2.010672241449356079e-01 3.930387198925018311e-01 9.822630882263183594e-01 -5.025872588157653809e-01 4.563290476799011230e-01 3.433631658554077148e-01 9.088338017463684082e-01 1.619269400835037231e-01 -6.035434007644653320e-01
6.050388813018798828e-01 -1.870519071817398071e-01 3.914625644683837891e-01 1.018209695816040039e+00 -5.046596527099609375e-01 4.503495097160339355e-01 3.301137089729309082e-01 9.035221934318542480e-01 1.503863781690597534e-01 -6.071425676345825195e-01
6.145072579383850098e-01 -1.863042861223220825e-01 4.095963835716247559e-01 9.955533742904663086e-01 -4.889700710773468018e-01 4.562267065048217773e-01 3.289011120796203613e-01 9.115695357322692871e-01 1.496838182210922241e-01 -6.057907342910766602e-01
6.005708575248718262e-01 -2.296666651964187622e-01 4.000751376152038574e-01 9.341632127761840820e-01 -5.131584405899047852e-01 4.430483579635620117e-01 3.940987586975097656e-01 8.906542062759399414e-01 1.634908616542816162e-01 -5.685591101646423340e-01
5.206257104873657227e-01 -2.790428400039672852e-01 3.544634282588958740e-01 8.235141634941101074e-01 -5.957936644554138184e-01 4.226284027099609375e-01 5.598838329315185547e-01 8.683332800865173340e-01 2.113405019044876099e-01 -5.058749318122863770e-01
3.963325917720794678e-01 -2.832435369491577148e-01 3.298417329788208008e-01 7.352871298789978027e-01 -7.191388010978698730e-01 4.409695267677307129e-01 7.205677628517150879e-01 8.982542753219604492e-01 2.598356306552886963e-01 -3.818230330944061279e-01
2.454438060522079468e-01 -1.854276210069656372e-01 3.538656532764434814e-01 6.795320510864257812e-01 -7.243258357048034668e-01 4.254204630851745605e-01 1.062966227531433105e+00 7.122814059257507324e-01 4.165517687797546387e-01 -3.319844603538513184e-01
2.630078494548797607e-01 -8.224339783191680908e-02 2.749482393264770508e-01 7.936587333679199219e-01 -9.782016873359680176e-01 3.112639188766479492e-01 1.051219582557678223e+00 7.539001107215881348e-01 5.536051392555236816e-01 -4.154856801033020020e-01
3.857309818267822266e-01 -3.411188255995512009e-03 3.812095224857330322e-01 9.149076938629150391e-01 -1.048877954483032227e+00 3.566290736198425293e-01 8.103526234626770020e-01 7.359019517898559570e-01 5.069258213043212891e-01 -5.106161236763000488e-01
3.985082507133483887e-01 -1.103325188159942627e-02 3.840759694576263428e-01 9.421603083610534668e-01 -1.035012245178222656e+00 3.455079197883605957e-01 7.751296162605285645e-01 7.399120330810546875e-01 4.833557009696960449e-01 -5.084958672523498535e-01
3.949640095233917236e-01 -1.292081177234649658e-02 3.823916912078857422e-01 9.429618120193481445e-01 -1.032583355903625488e+00 3.486810326576232910e-01 7.630685567855834961e-01 7.423780560493469238e-01 4.780430495738983154e-01 -5.192618966102600098e-01
3.972564041614532471e-01 -9.143784642219543457e-03 3.852175772190093994e-01 9.417444467544555664e-01 -1.039804697036743164e+00 3.536037206649780273e-01 7.761430144309997559e-01 7.390418648719787598e-01 4.812439978122711182e-01 -5.090277791023254395e-01
3.995525240898132324e-01 -9.022787213325500488e-03 3.848648369312286377e-01 9.427331089973449707e-01 -1.027638912200927734e+00 3.517386317253112793e-01 7.663915753364562988e-01 7.385313510894775391e-01 4.819478988647460938e-01 -5.110731720924377441e-01
2.509212493896484375e-01 -3.325606882572174072e-02 2.547302246093750000e-01 7.794772386550903320e-01 -8.235553503036499023e-01 3.413109779357910156e-01 9.946581721305847168e-01 7.736169099807739258e-01 7.048255801200866699e-01 -4.146886467933654785e-01
4.678552150726318359e-01 4.195569753646850586e-01 4.845830798149108887e-01 1.293098330497741699e+00 -2.056215524673461914e+00 -3.709572553634643555e-01 -7.373276948928833008e-01 8.279021978378295898e-01 8.878875970840454102e-01 -9.098926782608032227e-01
8.154966235160827637e-01 -1.749033480882644653e-01 1.391898989677429199e+00 1.187063097953796387e+00 -3.930844366550445557e-01 -8.065608143806457520e-01 -1.323865771293640137e+00 8.551586270332336426e-01 4.406188726425170898e-01 -3.972205519676208496e-01
9.119564890861511230e-01 -3.648859858512878418e-01 1.564929127693176270e+00 1.161928534507751465e+00 -1.430895775556564331e-01 -7.403805851936340332e-01 -1.302551865577697754e+00 8.864734172821044922e-01 3.589377403259277344e-01 -2.598106265068054199e-01
9.113675951957702637e-01 -3.662251830101013184e-01 1.571185946464538574e+00 1.159680366516113281e+00 -1.550425291061401367e-01 -7.403840422630310059e-01 -1.307705760002136230e+00 8.876333832740783691e-01 3.590857386589050293e-01 -2.496180534362792969e-01
9.016212224960327148e-01 -3.638736009597778320e-01 1.577788710594177246e+00 1.156029582023620605e+00 -1.650780588388442993e-01 -7.417958378791809082e-01 -1.314857125282287598e+00 8.901957869529724121e-01 3.662174642086029053e-01 -2.527616024017333984e-01
9.153258800506591797e-01 -3.682169914245605469e-01 1.555140614509582520e+00 1.149888515472412109e+00 -1.444995999336242676e-01 -7.444295883178710938e-01 -1.305015683174133301e+00 8.938617110252380371e-01 3.631452918052673340e-01 -2.590534090995788574e-01
9.176051020622253418e-01 -3.601794242858886719e-01 1.572733521461486816e+00 1.149977564811706543e+00 -1.553523540496826172e-01 -7.424460649490356445e-01 -1.296674489974975586e+00 8.788291811943054199e-01 3.586032688617706299e-01 -2.552320957183837891e-01
9.232719540596008301e-01 -3.557228446006774902e-01 1.566976070404052734e+00 1.150221228599548340e+00 -1.522426456212997437e-01 -7.317458987236022949e-01 -1.296109914779663086e+00 8.812368512153625488e-01 3.606347143650054932e-01 -2.520411610603332520e-01
9.105815887451171875e-01 -3.558109402656555176e-01 1.571856617927551270e+00 1.145774722099304199e+00 -1.493065953254699707e-01 -7.420644164085388184e-01 -1.297957777976989746e+00 8.826728463172912598e-01 3.490349650382995605e-01 -2.553382515907287598e-01
7.781878709793090820e-01 -1.447469741106033325e-01 1.218619942665100098e+00 1.155581355094909668e+00 -2.682250440120697021e-01 -9.196515679359436035e-01 -1.285943150520324707e+00 8.850469589233398438e-01 6.480445265769958496e-01 -5.427921414375305176e-01
7.764018177986145020e-01 -1.396632939577102661e-01 1.214475631713867188e+00 1.159967422485351562e+00 -2.613851130008697510e-01 -9.166366457939147949e-01 -1.292360901832580566e+00 8.857243657112121582e-01 6.377432942390441895e-01 -5.483916401863098145e-01
7.674058675765991211e-01 -1.403001099824905396e-01 1.212545156478881836e+00 1.158459067344665527e+00 -2.734063863754272461e-01 -9.173123240470886230e-01 -1.295499205589294434e+00 8.726064562797546387e-01 6.424099802970886230e-01 -5.467574000358581543e-01
7.828600406646728516e-01 -1.502196937799453735e-01 1.216216564178466797e+00 1.170750141143798828e+00 -2.663101255893707275e-01 -9.143985509872436523e-01 -1.306218981742858887e+00 8.781334161758422852e-01 6.432693004608154297e-01 -5.387088656425476074e-01
7.619187831878662109e-01 -1.426441222429275513e-01 1.208347439765930176e+00 1.157658934593200684e+00 -2.682471871376037598e-01 -9.235231876373291016e-01 -1.291117310523986816e+00 8.753182888031005859e-01 6.437660455703735352e-01 -5.516136884689331055e-01
7.751134634017944336e-01 -1.530150920152664185e-01 1.203560233116149902e+00 1.148875594139099121e+00 -2.687738239765167236e-01 -9.214466214179992676e-01 -1.296417951583862305e+00 8.780671358108520508e-01 6.492239832878112793e-01 -5.505364537239074707e-01
8.199201226234436035e-01 -8.986391127109527588e-02 1.166706681251525879e+00 1.226342558860778809e+00 -2.376545518636703491e-01 -9.210937619209289551e-01 -1.216680526733398438e+00 7.695389986038208008e-01 8.287523388862609863e-01 -6.035276651382446289e-01
6.187057495117187500e-01 5.980984866619110107e-02 1.272445797920227051e+00 1.175675392150878906e+00 -2.076223790645599365e-01 -7.674846053123474121e-01 -5.950177907943725586e-01 6.171906590461730957e-01 1.719639897346496582e+00 -4.877583682537078857e-01
4.911070764064788818e-01 -2.183107286691665649e-01 1.762224555015563965e+00 1.096471071243286133e+00 -1.972143650054931641e-01 -8.131582140922546387e-01 2.033591866493225098e-01 5.297959446907043457e-01 1.270253777503967285e+00 -1.989039406180381775e-02
5.610433816909790039e-01 -2.701147198677062988e-01 1.929984688758850098e+00 1.135878443717956543e+00 -1.666790693998336792e-01 -7.806850075721740723e-01 1.523464322090148926e-01 5.151284337043762207e-01 1.063461065292358398e+00 2.015865221619606018e-02
5.380889177322387695e-01 -2.807290554046630859e-01 1.811370611190795898e+00 1.098931550979614258e+00 -2.073208838701248169e-01 -8.162109255790710449e-01 9.339457750320434570e-02 5.424787402153015137e-01 1.120215415954589844e+00 -7.601345423609018326e-04
5.160897970199584961e-01 -1.662311702966690063e-01 1.721457004547119141e+00 1.061179041862487793e+00 -2.204153537750244141e-01 -8.245066404342651367e-01 1.534045338630676270e-01 5.713809728622436523e-01 1.375876784324645996e+00 -5.928930267691612244e-02
4.123981595039367676e-01 -2.614375352859497070e-01 1.542879939079284668e+00 9.627364873886108398e-01 -1.771558672189712524e-01 -8.289709687232971191e-01 2.593038678169250488e-01 5.812863707542419434e-01 1.315969109535217285e+00 4.972729831933975220e-03
4.546394944190979004e-01 -3.658986091613769531e-01 1.797811150550842285e+00 8.854493498802185059e-01 -1.016050130128860474e-01 -7.076836228370666504e-01 2.317297458648681641e-01 5.312717556953430176e-01 9.817057251930236816e-01 1.233687400817871094e-01
5.836142897605895996e-01 -4.470947384834289551e-01 1.922458052635192871e+00 1.028988480567932129e+00 -1.491949260234832764e-01 -7.112709283828735352e-01 1.043605208396911621e-01 5.859490036964416504e-01 8.499871492385864258e-01 1.724775135517120361e-01
