1.776507347822189331e-01 4.908566474914550781e-01 -1.015385508537292480e+00 1.140082478523254395e+00 -7.514997720718383789e-01 3.997374176979064941e-01 1.264742016792297363e-01 1.213579535484313965e+00 6.076724827289581299e-02 3.694407939910888672e-01
1.514111310243606567e-01 4.878317117691040039e-01 -9.806790351867675781e-01 1.083620905876159668e+00 -7.571114897727966309e-01 4.561026692390441895e-01 8.411949872970581055e-02 1.182630896568298340e+00 6.842704117298126221e-02 3.933411836624145508e-01
1.532357186079025269e-01 4.934435486793518066e-01 -9.839369058609008789e-01 1.173864960670471191e+00 -7.641134262084960938e-01 3.619903922080993652e-01 2.499729394912719727e-01 1.240252256393432617e+00 9.904514253139495850e-02 3.895784616470336914e-01
1.219039112329483032e-01 4.668228030204772949e-01 -8.737307786941528320e-01 1.060329437255859375e+00 -8.352307081222534180e-01 4.139786362648010254e-01 4.382970333099365234e-01 1.196259021759033203e+00 1.682436168193817139e-01 4.398015141487121582e-01
1.012830585241317749e-01 4.617794156074523926e-01 -8.437819480895996094e-01 1.043453335762023926e+00 -8.721714615821838379e-01 4.195652008056640625e-01 6.506288051605224609e-01 1.195086598396301270e+00 2.259027361869812012e-01 4.484895467758178711e-01
1.764934626407921314e-03 5.952022671699523926e-01 -8.244485855102539062e-01 9.753303527832031250e-01 -8.982925415039062500e-01 5.263125300407409668e-01 6.989213824272155762e-01 1.057225704193115234e+00 3.462559580802917480e-01 3.973729312419891357e-01
-4.755360260605812073e-02 5.211167931556701660e-01 -9.407511353492736816e-01 8.403908014297485352e-01 -6.502605676651000977e-01 3.588910102844238281e-01 7.051357030868530273e-01 9.680156707763671875e-01 5.251304507255554199e-01 3.142804205417633057e-01
1.751403138041496277e-02 9.499793052673339844e-01 -6.973422765731811523e-01 1.094304800033569336e+00 -1.190545678138732910e+00 2.553313672542572021e-01 4.353585243225097656e-01 1.018371820449829102e+00 4.799640178680419922e-01 3.370195329189300537e-01
9.041036665439605713e-02 1.075411677360534668e+00 -6.517518162727355957e-01 1.213313817977905273e+00 -1.318272829055786133e+00 2.867733240127563477e-01 2.707486748695373535e-01 1.048209428787231445e+00 4.768760502338409424e-01 3.482473194599151611e-01
2.475263029336929321e-01 7.564544677734375000e-01 -6.589932441711425781e-01 9.948346018791198730e-01 -9.163715243339538574e-01 3.008377552032470703e-01 -9.239868521690368652e-01 1.111183285713195801e+00 4.160562753677368164e-01 1.267966926097869873e-01
2.700249552726745605e-01 6.828668713569641113e-01 -6.481949090957641602e-01 8.202977776527404785e-01 -9.092622399330139160e-01 3.111138939857482910e-01 -1.005487084388732910e+00 9.687848687171936035e-01 3.548598885536193848e-01 1.067675948143005371e-01
2.723973989486694336e-01 6.893014907836914062e-01 -6.424540877342224121e-01 8.179770708084106445e-01 -9.242009520530700684e-01 3.106850981712341309e-01 -1.035171985626220703e+00 9.624804258346557617e-01 3.386369049549102783e-01 1.134569048881530762e-01
2.825089395046234131e-01 6.746582984924316406e-01 -6.439592838287353516e-01 8.181064128875732422e-01 -9.192845225334167480e-01 3.145942687988281250e-01 -1.040757536888122559e+00 9.596164822578430176e-01 3.327292501926422119e-01 1.119481027126312256e-01
2.767440080642700195e-01 6.811989545822143555e-01 -6.474657058715820312e-01 8.229998946189880371e-01 -9.193698763847351074e-01 3.131842613220214844e-01 -1.030611991882324219e+00 9.639204144477844238e-01 3.314198553562164307e-01 1.112626791000366211e-01
2.802591323852539062e-01 6.857019662857055664e-01 -6.410274505615234375e-01 8.227741718292236328e-01 -9.275439977645874023e-01 3.175868988037109375e-01 -1.039636969566345215e+00 9.632467627525329590e-01 3.391562700271606445e-01 1.213453114032745361e-01
3.193581700325012207e-01 1.818588823080062866e-01 -1.510962694883346558e-01 7.378778457641601562e-01 -1.186700344085693359e+00 4.487742483615875244e-02 -6.752535700798034668e-01 8.662809729576110840e-01 6.524809598922729492e-01 4.880997538566589355e-01
3.527098298072814941e-01 2.325160950422286987e-01 1.580263674259185791e-02 9.057748317718505859e-01 -6.815896630287170410e-01 5.841151475906372070e-01 -4.501788020133972168e-01 1.006703257560729980e+00 1.257865309715270996e+00 5.761179327964782715e-01
3.817393183708190918e-01 2.448776811361312866e-01 3.398670256137847900e-02 9.625402092933654785e-01 -6.797090172767639160e-01 5.622262954711914062e-01 -4.657048583030700684e-01 1.066938161849975586e+00 1.242867946624755859e+00 5.945843458175659180e-01
3.825696706771850586e-01 2.314274758100509644e-01 2.586384117603302002e-02 9.488859772682189941e-01 -6.788542866706848145e-01 5.591969490051269531e-01 -4.594250917434692383e-01 1.061190843582153320e+00 1.256087422370910645e+00 5.844962000846862793e-01
3.780958652496337891e-01 2.323182076215744019e-01 2.795590460300445557e-02 9.500917196273803711e-01 -6.858864426612854004e-01 5.619663596153259277e-01 -4.673094153404235840e-01 1.059043884277343750e+00 1.250818967819213867e+00 5.866806507110595703e-01
3.320362567901611328e-01 3.293834924697875977e-01 1.449586451053619385e-02 7.858663797378540039e-01 -4.947760403156280518e-01 5.916409492492675781e-01 -1.526726484298706055e-01 8.741075992584228516e-01 1.450047850608825684e+00 3.580402135848999023e-01
1.994331032037734985e-01 4.794971942901611328e-01 1.128421574831008911e-01 8.321273922920227051e-01 -8.105255961418151855e-01 5.496360063552856445e-01 3.711035847663879395e-01 8.215398192405700684e-01 1.533545374870300293e+00 5.469376444816589355e-01
3.021513223648071289e-01 5.111452937126159668e-01 1.861208826303482056e-01 9.265222549438476562e-01 -9.106342196464538574e-01 6.298431158065795898e-01 4.419122934341430664e-01 7.942720055580139160e-01 1.528535246849060059e+00 6.408289074897766113e-01
1.488237828016281128e-01 5.083620548248291016e-01 1.594160944223403931e-01 8.046881556510925293e-01 -7.164210677146911621e-01 5.308604836463928223e-01 5.823324322700500488e-01 7.784082293510437012e-01 1.685621142387390137e+00 5.306484699249267578e-01
5.618710443377494812e-02 2.212645858526229858e-01 7.945211231708526611e-02 6.663533449172973633e-01 -7.524383068084716797e-01 4.727597236633300781e-01 9.158490300178527832e-01 7.236810326576232910e-01 1.421653866767883301e+00 7.348133325576782227e-01
1.368943005800247192e-01 1.515828222036361694e-01 2.242021113634109497e-01 8.339525461196899414e-01 -7.505018115043640137e-01 6.531161069869995117e-01 7.429796457290649414e-01 8.224590420722961426e-01 1.277114152908325195e+00 1.000124096870422363e+00
