5.559672117233276367e-01 -2.660847902297973633e-01 2.977196574211120605e-01 1.042009115219116211e+00 -4.850003123283386230e-01 3.842471241950988770e-01 3.842982649803161621e-01 9.229159951210021973e-01 1.900191009044647217e-01 -5.925062894821166992e-01
5.727536082267761230e-01 -2.512170076370239258e-01 2.975674271583557129e-01 1.099810481071472168e+00 -4.565555751323699951e-01 3.766657710075378418e-01 3.591679930686950684e-01 9.003831744194030762e-01 1.859352141618728638e-01 -6.123443841934204102e-01
5.671958923339843750e-01 -2.552040219306945801e-01 2.966795563697814941e-01 1.078561663627624512e+00 -4.498506486415863037e-01 3.596501946449279785e-01 3.671627640724182129e-01 9.219170212745666504e-01 1.780227273702621460e-01 -6.172728538513183594e-01
5.570317506790161133e-01 -2.876849174499511719e-01 2.845293581485748291e-01 1.031413674354553223e+00 -4.917309582233428955e-01 3.518173694610595703e-01 4.469665884971618652e-01 9.257043600082397461e-01 1.981243342161178589e-01 -5.777263045310974121e-01
5.133225917816162109e-01 -3.444299101829528809e-01 2.511476576328277588e-01 8.918170332908630371e-01 -5.419892668724060059e-01 3.374141454696655273e-01 5.515738129615783691e-01 8.977469801902770996e-01 2.365592569112777710e-01 -5.276162028312683105e-01
3.861027359962463379e-01 -3.600305914878845215e-01 2.315443009138107300e-01 7.780710458755493164e-01 -6.578378081321716309e-01 3.344607353210449219e-01 7.074944376945495605e-01 9.130119681358337402e-01 2.843207716941833496e-01 -3.991160094738006592e-01
2.266587466001510620e-01 -1.992782503366470337e-01 3.122304081916809082e-01 8.313983678817749023e-01 -6.672382354736328125e-01 3.363322019577026367e-01 1.102508068084716797e+00 7.315061688423156738e-01 4.240076243877410889e-01 -3.128639459609985352e-01
2.470829337835311890e-01 -1.238619834184646606e-01 2.391634136438369751e-01 8.710065484046936035e-01 -8.743329644203186035e-01 2.261386364698410034e-01 1.060168266296386719e+00 7.886508107185363770e-01 5.650029778480529785e-01 -4.233589470386505127e-01
3.664733469486236572e-01 -9.768761694431304932e-02 2.880983352661132812e-01 1.003619790077209473e+00 -9.022042751312255859e-01 2.620142698287963867e-01 7.645267844200134277e-01 7.587403655052185059e-01 5.168192982673645020e-01 -5.103290677070617676e-01
2.324977070093154907e-01 6.547693908214569092e-02 2.062543183565139771e-01 8.722239136695861816e-01 -5.375918745994567871e-01 2.928066849708557129e-01 8.593569397926330566e-01 7.823388576507568359e-01 7.519075274467468262e-01 -4.877608716487884521e-01
7.622835636138916016e-01 2.270075529813766479e-01 8.375343084335327148e-01 1.665891766548156738e+00 -1.550174713134765625e+00 -6.632223129272460938e-01 -1.219857096672058105e+00 8.785605430603027344e-01 6.495078802108764648e-01 -9.385288953781127930e-01
9.206165671348571777e-01 -2.990076541900634766e-01 1.538521647453308105e+00 1.308886408805847168e+00 -2.038369178771972656e-01 -8.280208706855773926e-01 -1.245627999305725098e+00 8.592951893806457520e-01 2.812171280384063721e-01 -3.161489963531494141e-01
9.153501391410827637e-01 -3.196438550949096680e-01 1.518143773078918457e+00 1.293839693069458008e+00 -1.625016629695892334e-01 -8.295124173164367676e-01 -1.241846680641174316e+00 8.774278759956359863e-01 3.059438765048980713e-01 -3.035622239112854004e-01
9.142155647277832031e-01 -3.234967589378356934e-01 1.530151486396789551e+00 1.293371081352233887e+00 -1.695804446935653687e-01 -8.251893520355224609e-01 -1.253770470619201660e+00 8.832876086235046387e-01 3.062979280948638916e-01 -2.998162508010864258e-01
9.265187382698059082e-01 -3.236083388328552246e-01 1.532264351844787598e+00 1.296860337257385254e+00 -1.675824522972106934e-01 -8.199805617332458496e-01 -1.248102426528930664e+00 8.795870542526245117e-01 3.006258904933929443e-01 -3.016544580459594727e-01
7.697585225105285645e-01 -8.157236874103546143e-02 1.155673503875732422e+00 1.333373427391052246e+00 -3.137846291065216064e-01 -1.033333539962768555e+00 -1.241779208183288574e+00 8.835629224777221680e-01 6.224015355110168457e-01 -6.041855216026306152e-01
7.768918871879577637e-01 -8.387340605258941650e-02 1.168099522590637207e+00 1.310595154762268066e+00 -3.032723367214202881e-01 -1.028472900390625000e+00 -1.247124552726745605e+00 8.771098852157592773e-01 6.109650135040283203e-01 -6.109840869903564453e-01
7.757965326309204102e-01 -8.652622997760772705e-02 1.161484718322753906e+00 1.333760857582092285e+00 -2.981916666030883789e-01 -1.032410025596618652e+00 -1.241241455078125000e+00 8.711406588554382324e-01 6.197906732559204102e-01 -6.046454906463623047e-01
7.797927260398864746e-01 -7.415969669818878174e-02 1.162639260292053223e+00 1.346056461334228516e+00 -2.977095544338226318e-01 -1.034076452255249023e+00 -1.244996190071105957e+00 8.736158609390258789e-01 6.146537065505981445e-01 -6.195725798606872559e-01
7.752900123596191406e-01 -8.241827785968780518e-02 1.161642074584960938e+00 1.324596762657165527e+00 -2.956236898899078369e-01 -1.036441564559936523e+00 -1.248388171195983887e+00 8.697096705436706543e-01 6.182397007942199707e-01 -6.111115813255310059e-01
8.190046548843383789e-01 -4.177875816822052002e-02 1.169253468513488770e+00 1.373002886772155762e+00 -2.485596090555191040e-01 -9.661688804626464844e-01 -1.115437269210815430e+00 7.509344816207885742e-01 7.787474989891052246e-01 -6.518081426620483398e-01
6.313716173171997070e-01 1.072830408811569214e-01 1.435418248176574707e+00 1.344428539276123047e+00 -2.451949715614318848e-01 -8.630793094635009766e-01 -2.800747156143188477e-01 5.729888081550598145e-01 1.853024721145629883e+00 -4.594402909278869629e-01
5.505998134613037109e-01 -1.812874227762222290e-01 1.737916350364685059e+00 1.221615195274353027e+00 -2.146861702203750610e-01 -9.260428547859191895e-01 1.711779236793518066e-01 5.142853856086730957e-01 1.129509806632995605e+00 -5.189388617873191833e-02
5.520670413970947266e-01 -7.651855051517486572e-02 1.681814074516296387e+00 1.206507086753845215e+00 -2.209587097167968750e-01 -8.981167674064636230e-01 1.853463053703308105e-01 5.710101723670959473e-01 1.345449805259704590e+00 -1.121157705783843994e-01
4.548557400703430176e-01 -1.628385931253433228e-01 1.524742722511291504e+00 1.090302228927612305e+00 -1.787898242473602295e-01 -9.058961868286132812e-01 2.878292798995971680e-01 5.505222082138061523e-01 1.272690057754516602e+00 -5.509823188185691833e-02
4.476731121540069580e-01 -2.863996028900146484e-01 1.725748419761657715e+00 1.012010216712951660e+00 -1.188947111368179321e-01 -7.958177328109741211e-01 3.131070137023925781e-01 4.993741214275360107e-01 9.401199221611022949e-01 9.203559160232543945e-02
