1.098348259925842285e+00 3.840432763099670410e-01 3.046199213713407516e-03 5.969310998916625977e-01 -3.954529464244842529e-01 1.960925310850143433e-01 6.073662042617797852e-01 1.261266231536865234e+00 4.704309999942779541e-02 3.515418767929077148e-01
1.052143454551696777e+00 3.518807888031005859e-01 2.727411687374114990e-02 5.796006917953491211e-01 -3.938817083835601807e-01 2.306935042142868042e-01 5.973339080810546875e-01 1.245551347732543945e+00 3.736075758934020996e-02 3.654736280441284180e-01
1.025044798851013184e+00 -1.591922342777252197e-02 3.934915363788604736e-02 5.801780819892883301e-01 -4.887630641460418701e-01 2.519701123237609863e-01 7.382544875144958496e-01 1.319612860679626465e+00 -7.815695554018020630e-02 5.701555609703063965e-01
1.414029121398925781e+00 -3.361195921897888184e-01 1.760918051004409790e-01 5.174056291580200195e-01 -4.311903417110443115e-01 5.128457546234130859e-01 9.467425346374511719e-01 1.243242859840393066e+00 -2.525904476642608643e-01 7.583095431327819824e-01
1.368611454963684082e+00 -4.002961516380310059e-01 1.922259181737899780e-01 5.077981352806091309e-01 -5.001899003982543945e-01 5.287386775016784668e-01 9.630512595176696777e-01 1.228041410446166992e+00 -2.732171118259429932e-01 8.146225810050964355e-01
1.355905294418334961e+00 -4.017130136489868164e-01 1.928073316812515259e-01 5.203268527984619141e-01 -5.218431353569030762e-01 5.393734574317932129e-01 9.603247046470642090e-01 1.216502785682678223e+00 -2.673208117485046387e-01 8.071630597114562988e-01
1.363150358200073242e+00 -3.951665163040161133e-01 1.906151324510574341e-01 5.348939895629882812e-01 -5.212151408195495605e-01 5.431730151176452637e-01 9.569386839866638184e-01 1.227523326873779297e+00 -2.729231715202331543e-01 8.015118241310119629e-01
1.365648627281188965e+00 -3.905160427093505859e-01 2.028650194406509399e-01 5.454829335212707520e-01 -5.126788616180419922e-01 5.394082665443420410e-01 9.623667597770690918e-01 1.236502051353454590e+00 -2.778902053833007812e-01 8.117737174034118652e-01
1.376300334930419922e+00 -4.001820683479309082e-01 1.880937963724136353e-01 5.395554304122924805e-01 -5.118431448936462402e-01 5.285406708717346191e-01 9.636524915695190430e-01 1.236207723617553711e+00 -2.788307964801788330e-01 8.090352416038513184e-01
1.340697646141052246e+00 -4.528131186962127686e-01 2.278346866369247437e-01 7.525786161422729492e-01 -3.933081924915313721e-01 6.584283113479614258e-01 1.090006947517395020e+00 1.242894887924194336e+00 -2.086810022592544556e-01 6.041103005409240723e-01
8.865736126899719238e-01 -5.898752808570861816e-01 1.322564035654067993e-01 7.618281245231628418e-01 -9.437307715415954590e-03 1.095537900924682617e+00 1.317002654075622559e+00 1.172414541244506836e+00 -1.846805959939956665e-01 1.292518973350524902e-01
1.344131112098693848e+00 -6.996154785156250000e-01 -2.845680415630340576e-01 8.332320451736450195e-01 5.915685296058654785e-01 8.231037259101867676e-01 9.816551804542541504e-01 1.427873611450195312e+00 -4.336825311183929443e-01 -1.734949350357055664e-01
1.364389657974243164e+00 -7.564468383789062500e-01 -2.962842285633087158e-01 7.658301591873168945e-01 7.267358303070068359e-01 6.948608756065368652e-01 7.947772145271301270e-01 1.420556068420410156e+00 -5.484898090362548828e-01 -2.331004738807678223e-01
1.147897601127624512e+00 -8.110183477401733398e-01 -3.807006776332855225e-01 7.812440395355224609e-01 7.172142863273620605e-01 6.295734047889709473e-01 6.064029335975646973e-01 1.431701898574829102e+00 -6.922017931938171387e-01 -3.566016256809234619e-01
1.134895682334899902e+00 -8.000932335853576660e-01 -3.768236041069030762e-01 7.980271577835083008e-01 7.136060595512390137e-01 6.265887618064880371e-01 5.942468047142028809e-01 1.440910100936889648e+00 -7.062305212020874023e-01 -3.550128340721130371e-01
6.668556332588195801e-01 -7.914144992828369141e-01 -4.044588506221771240e-01 7.511997818946838379e-01 7.006221413612365723e-01 6.500797867774963379e-01 4.889823794364929199e-01 1.244415998458862305e+00 -8.073599338531494141e-01 -3.458755016326904297e-01
5.098415017127990723e-01 -9.790966510772705078e-01 -3.411912918090820312e-01 7.056865692138671875e-01 4.914910793304443359e-01 5.232092142105102539e-01 9.624185562133789062e-01 1.281522393226623535e+00 -9.009630680084228516e-01 1.879502534866333008e-01
5.136684179306030273e-01 -9.589462280273437500e-01 -3.069172501564025879e-01 6.958251595497131348e-01 4.902286827564239502e-01 5.121841430664062500e-01 9.658236503601074219e-01 1.250802993774414062e+00 -8.910927176475524902e-01 2.471880316734313965e-01
5.021347999572753906e-01 -9.534722566604614258e-01 -3.051359355449676514e-01 6.970700621604919434e-01 5.009279847145080566e-01 5.153150558471679688e-01 9.571931958198547363e-01 1.246220231056213379e+00 -8.859192728996276855e-01 2.530751228332519531e-01
5.063563585281372070e-01 -9.464764595031738281e-01 -3.106553852558135986e-01 7.091529369354248047e-01 4.929388761520385742e-01 5.205250382423400879e-01 9.639500379562377930e-01 1.251035213470458984e+00 -8.942375779151916504e-01 2.499592304229736328e-01
5.034688711166381836e-01 -9.524979591369628906e-01 -3.590314686298370361e-01 6.845485568046569824e-01 4.927154183387756348e-01 5.733034610748291016e-01 9.430320262908935547e-01 1.320629715919494629e+00 -8.830613493919372559e-01 1.070129871368408203e-01
9.915383458137512207e-01 -9.194155335426330566e-01 -5.132767558097839355e-01 6.915581822395324707e-01 4.792423546314239502e-01 4.595439434051513672e-01 6.335874795913696289e-01 1.250898241996765137e+00 -1.189796924591064453e+00 2.483734488487243652e-01
1.079809308052062988e+00 -8.798753023147583008e-01 -5.497880578041076660e-01 5.845416784286499023e-01 4.816460907459259033e-01 4.349110722541809082e-01 5.570061206817626953e-01 1.249485969543457031e+00 -1.192446827888488770e+00 2.139848470687866211e-01
7.118541002273559570e-01 -4.729978442192077637e-01 -5.197359323501586914e-01 6.724711656570434570e-01 8.084954619407653809e-01 3.137919306755065918e-01 4.413954615592956543e-01 1.372093915939331055e+00 -9.939753413200378418e-01 1.092055439949035645e-01
3.736649751663208008e-01 -3.335626721382141113e-01 -4.632787406444549561e-01 7.239747643470764160e-01 9.972996115684509277e-01 1.565216034650802612e-01 3.647396564483642578e-01 1.385443210601806641e+00 -8.966792225837707520e-01 1.004746556282043457e-01
4.358758926391601562e-01 -3.855021893978118896e-01 -4.995727241039276123e-01 5.252110958099365234e-01 1.020351767539978027e+00 1.607494801282882690e-01 2.469494938850402832e-01 1.232334375381469727e+00 -1.039147615432739258e+00 2.349535822868347168e-01
