5.873936414718627930e-01 1.200094074010848999e-01 3.574979603290557861e-01 1.071006536483764648e+00 -4.664143621921539307e-01 -2.766947261989116669e-02 1.098127961158752441e+00 1.213751077651977539e+00 -7.325372099876403809e-02 -1.068432688713073730e+00
6.148277521133422852e-01 1.344432085752487183e-01 3.494716286659240723e-01 1.088002562522888184e+00 -4.303062260150909424e-01 -6.393148005008697510e-02 1.105346322059631348e+00 1.226085662841796875e+00 -4.758360236883163452e-02 -1.089135766029357910e+00
6.267877817153930664e-01 1.340172737836837769e-01 3.621762692928314209e-01 1.043004035949707031e+00 -4.401358366012573242e-01 -5.896373093128204346e-02 1.078054189682006836e+00 1.202223181724548340e+00 -5.740545690059661865e-02 -1.094869732856750488e+00
5.634031891822814941e-01 1.496728509664535522e-01 3.627117276191711426e-01 1.059127688407897949e+00 -4.587486088275909424e-01 -3.604300320148468018e-02 1.077189683914184570e+00 1.190965652465820312e+00 -4.911635816097259521e-02 -1.069614768028259277e+00
4.691721498966217041e-01 1.621288508176803589e-01 3.227518796920776367e-01 1.068314433097839355e+00 -4.978209733963012695e-01 -4.667593631893396378e-03 1.077647447586059570e+00 1.212937831878662109e+00 -2.480930835008621216e-02 -1.071979522705078125e+00
4.627620577812194824e-01 1.733372062444686890e-01 2.994841039180755615e-01 1.055905580520629883e+00 -4.847599565982818604e-01 5.978046357631683350e-02 1.093911647796630859e+00 1.262447595596313477e+00 -7.536724209785461426e-03 -1.113338589668273926e+00
4.771965742111206055e-01 1.672708839178085327e-01 2.984498441219329834e-01 1.141422629356384277e+00 -5.076666474342346191e-01 6.191848218441009521e-02 1.090776324272155762e+00 1.296733140945434570e+00 -2.881070971488952637e-02 -1.156870484352111816e+00
6.195411086082458496e-01 1.305445283651351929e-01 3.380948305130004883e-01 1.125221133232116699e+00 -5.290926098823547363e-01 -1.887203566730022430e-02 1.041505694389343262e+00 1.245176315307617188e+00 -9.754315018653869629e-02 -1.104614138603210449e+00
6.714653968811035156e-01 9.114824235439300537e-02 3.191732764244079590e-01 9.969325065612792969e-01 -4.832392632961273193e-01 -1.105969399213790894e-01 9.843611121177673340e-01 1.199659109115600586e+00 -1.048327311873435974e-01 -1.074409604072570801e+00
6.682536005973815918e-01 8.933971822261810303e-02 3.240820765495300293e-01 9.861503243446350098e-01 -4.954665303230285645e-01 -1.262718588113784790e-01 9.914782643318176270e-01 1.201085805892944336e+00 -1.046621724963188171e-01 -1.075524330139160156e+00
6.605445146560668945e-01 8.912973105907440186e-02 3.327373564243316650e-01 9.902106523513793945e-01 -4.846214056015014648e-01 -1.214347928762435913e-01 9.608343839645385742e-01 1.188915729522705078e+00 -1.139347553253173828e-01 -1.052719473838806152e+00
6.602254509925842285e-01 9.706471860408782959e-02 3.251345157623291016e-01 9.770054221153259277e-01 -4.717904031276702881e-01 -1.195862740278244019e-01 9.722040891647338867e-01 1.196978807449340820e+00 -1.067314967513084412e-01 -1.063965678215026855e+00
6.576485633850097656e-01 9.186737239360809326e-02 3.242117464542388916e-01 9.942309260368347168e-01 -4.788573384284973145e-01 -1.220564991235733032e-01 9.790408015251159668e-01 1.188932776451110840e+00 -9.958236664533615112e-02 -1.062330365180969238e+00
6.696761846542358398e-01 9.875677525997161865e-02 3.202512562274932861e-01 9.442141056060791016e-01 -4.675128459930419922e-01 -1.121573895215988159e-01 9.438791871070861816e-01 1.152377843856811523e+00 -1.011749058961868286e-01 -1.084162116050720215e+00
4.145836532115936279e-01 -5.130003690719604492e-01 9.068335294723510742e-01 1.042953372001647949e+00 -2.041875600814819336e+00 -4.703098237514495850e-01 3.984925150871276855e-01 -5.797313153743743896e-02 -6.924282908439636230e-01 -4.530316218733787537e-02
4.841423034667968750e-01 -8.033370375633239746e-01 5.736747980117797852e-01 4.194286763668060303e-01 -9.045598506927490234e-01 -7.331123948097229004e-01 4.494373798370361328e-01 5.204310417175292969e-01 -1.576355218887329102e+00 1.141852140426635742e+00
5.486775040626525879e-01 -7.305376529693603516e-01 2.403842359781265259e-01 8.801428079605102539e-01 -2.500770986080169678e-02 -1.527518391609191895e+00 6.425523757934570312e-02 2.306670099496841431e-01 -1.753834843635559082e+00 9.877344369888305664e-01
5.549300909042358398e-01 -7.244264483451843262e-01 2.325597554445266724e-01 8.720285296440124512e-01 -3.252558410167694092e-02 -1.547201871871948242e+00 8.140617609024047852e-02 2.212868481874465942e-01 -1.744311213493347168e+00 9.860966205596923828e-01
5.524129271507263184e-01 -7.313082218170166016e-01 2.388777583837509155e-01 8.692612648010253906e-01 -2.516709268093109131e-02 -1.547070026397705078e+00 7.374781370162963867e-02 2.216996103525161743e-01 -1.734526038169860840e+00 9.828721880912780762e-01
5.561044216156005859e-01 -7.320684194564819336e-01 2.337055355310440063e-01 8.762840032577514648e-01 -2.741967141628265381e-02 -1.551218986511230469e+00 7.274484634399414062e-02 2.172135263681411743e-01 -1.742482662200927734e+00 9.879072904586791992e-01
5.561411976814270020e-01 -7.293049693107604980e-01 2.240547686815261841e-01 8.756011724472045898e-01 -3.174065053462982178e-02 -1.554866313934326172e+00 6.878519058227539062e-02 2.212711125612258911e-01 -1.746784090995788574e+00 9.863606691360473633e-01
5.557049512863159180e-01 -7.238255143165588379e-01 2.336658388376235962e-01 8.773715496063232422e-01 -2.451537549495697021e-02 -1.543120503425598145e+00 7.677185535430908203e-02 2.219255715608596802e-01 -1.742479085922241211e+00 9.929424524307250977e-01
5.581567883491516113e-01 -7.284499406814575195e-01 2.355753332376480103e-01 8.738689422607421875e-01 -2.616910636425018311e-02 -1.555969476699829102e+00 7.700717449188232422e-02 2.168142348527908325e-01 -1.736353516578674316e+00 9.904466271400451660e-01
5.005596876144409180e-01 -6.002576351165771484e-01 3.867819905281066895e-01 1.099014282226562500e+00 -2.846368849277496338e-01 -1.476539373397827148e+00 3.119463920593261719e-01 1.799003630876541138e-01 -1.324868798255920410e+00 1.030267834663391113e+00
4.885290861129760742e-01 -5.752474069595336914e-01 4.027398824691772461e-01 1.113492131233215332e+00 -3.013115525245666504e-01 -1.461891412734985352e+00 3.319683670997619629e-01 1.719084531068801880e-01 -1.288159012794494629e+00 1.029056668281555176e+00
4.797557592391967773e-01 -5.711788535118103027e-01 4.091556966304779053e-01 1.115874648094177246e+00 -3.037609159946441650e-01 -1.464620709419250488e+00 3.406392931938171387e-01 1.732124239206314087e-01 -1.275637865066528320e+00 1.026508092880249023e+00
4.841467738151550293e-01 -5.737378597259521484e-01 4.167564213275909424e-01 1.126304268836975098e+00 -3.051718771457672119e-01 -1.455890417098999023e+00 3.574132323265075684e-01 1.788487583398818970e-01 -1.267028927803039551e+00 1.029725432395935059e+00
4.829943776130676270e-01 -5.730612277984619141e-01 4.138032495975494385e-01 1.129242062568664551e+00 -3.173374831676483154e-01 -1.457237601280212402e+00 3.655907511711120605e-01 1.807193905115127563e-01 -1.256691336631774902e+00 1.029676795005798340e+00
4.816360473632812500e-01 -5.649769306182861328e-01 4.025810360908508301e-01 1.121016144752502441e+00 -3.140500187873840332e-01 -1.475427389144897461e+00 3.626108765602111816e-01 1.803535968065261841e-01 -1.245363235473632812e+00 1.025713562965393066e+00
4.832714796066284180e-01 -5.675351619720458984e-01 4.078429341316223145e-01 1.125992178916931152e+00 -3.071232736110687256e-01 -1.470380067825317383e+00 3.674504160881042480e-01 1.842072159051895142e-01 -1.246341824531555176e+00 1.027254939079284668e+00
4.214877486228942871e-01 -2.218032032251358032e-01 3.081841468811035156e-01 1.216565966606140137e+00 -2.519825398921966553e-01 -1.358202815055847168e+00 5.033017396926879883e-01 1.182863861322402954e-01 -1.168976783752441406e+00 1.203951478004455566e+00
-9.445081651210784912e-02 3.380246162414550781e-01 -1.435182988643646240e-02 8.304048776626586914e-01 -8.632974326610565186e-02 -1.260605931282043457e+00 3.790947794914245605e-01 2.765889465808868408e-01 -1.356048464775085449e+00 9.998375177383422852e-01
-1.261207908391952515e-01 2.377147525548934937e-01 -4.807595908641815186e-02 7.437493801116943359e-01 -5.154721438884735107e-02 -1.368363618850708008e+00 2.641671895980834961e-01 2.932138144969940186e-01 -1.470122456550598145e+00 8.144831061363220215e-01
-1.215177029371261597e-01 2.336197942495346069e-01 -4.500530660152435303e-02 7.437592744827270508e-01 -5.224750936031341553e-02 -1.372172474861145020e+00 2.621289491653442383e-01 3.072710335254669189e-01 -1.467835068702697754e+00 8.170905113220214844e-01
-1.221788972616195679e-01 2.714233398437500000e-01 -5.067752301692962646e-02 7.961990237236022949e-01 -6.505583226680755615e-02 -1.327051401138305664e+00 2.713336944580078125e-01 2.869347929954528809e-01 -1.463810086250305176e+00 8.624373674392700195e-01
-1.011165231466293335e-01 2.599365711212158203e-01 -2.864156663417816162e-02 7.846189737319946289e-01 -5.936621129512786865e-02 -1.315049052238464355e+00 3.187882304191589355e-01 2.824108898639678955e-01 -1.417518734931945801e+00 8.964017033576965332e-01
-2.110745757818222046e-01 4.559983015060424805e-01 -2.816091477870941162e-02 8.523837327957153320e-01 -1.275801509618759155e-01 -1.282314538955688477e+00 3.517755270004272461e-01 2.781448662281036377e-01 -1.312192440032958984e+00 9.479657411575317383e-01
-3.397934138774871826e-01 4.775894880294799805e-01 3.813613951206207275e-02 8.814029097557067871e-01 -2.176012247800827026e-01 -1.268984317779541016e+00 3.281104564666748047e-01 3.108019828796386719e-01 -1.212357401847839355e+00 8.253651857376098633e-01
