3.535618782043457031e-01 2.382660955190658569e-01 -1.136483430862426758e+00 1.072190761566162109e+00 -6.760101914405822754e-01 3.069410920143127441e-01 3.065444231033325195e-01 1.180089116096496582e+00 1.988590210676193237e-01 7.124301791191101074e-02
3.573944568634033203e-01 2.531712055206298828e-01 -1.136728167533874512e+00 1.072783112525939941e+00 -6.765360832214355469e-01 3.024914264678955078e-01 3.124924004077911377e-01 1.170501589775085449e+00 2.036696225404739380e-01 5.978340283036231995e-02
3.212304115295410156e-01 4.773150384426116943e-02 -9.940812587738037109e-01 1.115324020385742188e+00 -7.442027330398559570e-01 4.377244114875793457e-01 4.087326526641845703e-01 1.191236734390258789e+00 1.523107439279556274e-01 2.069338262081146240e-01
6.432983279228210449e-01 -4.093624353408813477e-01 -1.007187247276306152e+00 8.604867458343505859e-01 -8.656248450279235840e-01 5.625302195549011230e-01 6.545621752738952637e-01 1.205796003341674805e+00 8.083292841911315918e-02 3.756666481494903564e-01
7.619314193725585938e-01 -5.919480919837951660e-01 -1.029444575309753418e+00 8.752708435058593750e-01 -8.518491387367248535e-01 6.259015202522277832e-01 7.378973364830017090e-01 1.230773448944091797e+00 4.232273995876312256e-02 4.192126989364624023e-01
7.473986148834228516e-01 -5.974684357643127441e-01 -1.027096390724182129e+00 9.126914739608764648e-01 -8.633775711059570312e-01 6.284611821174621582e-01 7.501376271247863770e-01 1.213950872421264648e+00 4.399318993091583252e-02 4.382870495319366455e-01
7.470372915267944336e-01 -5.937741994857788086e-01 -1.013521671295166016e+00 9.075983762741088867e-01 -8.748045563697814941e-01 6.564008593559265137e-01 7.347832322120666504e-01 1.222397446632385254e+00 4.242908954620361328e-02 4.372714757919311523e-01
7.324887514114379883e-01 -5.835465788841247559e-01 -9.971126317977905273e-01 8.974128365516662598e-01 -8.894296288490295410e-01 6.391283273696899414e-01 7.404736876487731934e-01 1.208485484123229980e+00 5.241046845912933350e-02 4.428643286228179932e-01
7.373651266098022461e-01 -5.868376493453979492e-01 -1.010640859603881836e+00 8.955347537994384766e-01 -8.816451430320739746e-01 6.561086177825927734e-01 7.252476811408996582e-01 1.221802473068237305e+00 5.047252774238586426e-02 4.401622712612152100e-01
7.390534281730651855e-01 -5.882076621055603027e-01 -1.005672216415405273e+00 8.948996067047119141e-01 -8.756588101387023926e-01 6.445091366767883301e-01 7.473768591880798340e-01 1.207609415054321289e+00 4.935730993747711182e-02 4.428033232688903809e-01
7.376676797866821289e-01 -5.886488556861877441e-01 -1.017051219940185547e+00 8.990786075592041016e-01 -8.816206455230712891e-01 6.508432030677795410e-01 7.358323335647583008e-01 1.212572336196899414e+00 4.152928292751312256e-02 4.327499866485595703e-01
7.489727139472961426e-01 -5.903128981590270996e-01 -1.023980498313903809e+00 9.134166240692138672e-01 -8.900908827781677246e-01 6.563133001327514648e-01 7.502796053886413574e-01 1.214012265205383301e+00 3.777609765529632568e-02 4.381645321846008301e-01
7.411820888519287109e-01 -5.921962261199951172e-01 -9.997216463088989258e-01 8.942027688026428223e-01 -8.832171559333801270e-01 6.407833099365234375e-01 7.479122281074523926e-01 1.210022211074829102e+00 5.296386778354644775e-02 4.417403340339660645e-01
7.715604901313781738e-01 -6.005927324295043945e-01 -1.011345028877258301e+00 9.237551689147949219e-01 -8.880595564842224121e-01 6.438484191894531250e-01 7.451013922691345215e-01 1.213838815689086914e+00 5.493776500225067139e-02 4.251292347908020020e-01
7.585390806198120117e-01 -7.674363851547241211e-01 -8.267426490783691406e-01 1.103444099426269531e+00 -7.443765997886657715e-01 7.873536944389343262e-01 8.679073452949523926e-01 1.182869553565979004e+00 1.671921759843826294e-01 3.635027706623077393e-01
5.909228324890136719e-01 -9.061051607131958008e-01 -1.083482146263122559e+00 1.129398226737976074e+00 -5.242730677127838135e-02 9.652879834175109863e-01 6.861042380332946777e-01 1.256412506103515625e+00 -7.564917206764221191e-03 -1.028432548046112061e-01
1.028455495834350586e+00 -1.188416004180908203e+00 -1.425728917121887207e+00 1.140797495841979980e+00 2.056692987680435181e-01 7.068995237350463867e-01 3.398498296737670898e-01 1.578505039215087891e+00 -1.557412743568420410e-01 -3.314459919929504395e-01
1.028044939041137695e+00 -1.187513589859008789e+00 -1.424210548400878906e+00 1.138452649116516113e+00 2.075832039117813110e-01 7.025955319404602051e-01 3.461995124816894531e-01 1.566753387451171875e+00 -1.651363968849182129e-01 -3.298160433769226074e-01
1.036776900291442871e+00 -1.189472794532775879e+00 -1.426059603691101074e+00 1.123844027519226074e+00 2.260973900556564331e-01 7.172986268997192383e-01 3.447114825248718262e-01 1.576022386550903320e+00 -1.624746918678283691e-01 -3.400337100028991699e-01
1.021293401718139648e+00 -1.191078662872314453e+00 -1.430754065513610840e+00 1.123008608818054199e+00 2.096514850854873657e-01 7.102965116500854492e-01 3.358692526817321777e-01 1.574866771697998047e+00 -1.569945663213729858e-01 -3.451623916625976562e-01
1.024701356887817383e+00 -1.191850543022155762e+00 -1.420773863792419434e+00 1.118309736251831055e+00 2.040511518716812134e-01 7.122336030006408691e-01 3.567503690719604492e-01 1.570589065551757812e+00 -1.597713381052017212e-01 -3.342680931091308594e-01
1.021547675132751465e+00 -1.191430807113647461e+00 -1.424994826316833496e+00 1.129073262214660645e+00 2.099498659372329712e-01 7.145960330963134766e-01 3.411803245544433594e-01 1.575064182281494141e+00 -1.599939167499542236e-01 -3.368673920631408691e-01
1.027452349662780762e+00 -1.191017389297485352e+00 -1.427040219306945801e+00 1.117868304252624512e+00 2.071010619401931763e-01 7.033433914184570312e-01 3.516806960105895996e-01 1.563481330871582031e+00 -1.568957269191741943e-01 -3.225895762443542480e-01
5.110428929328918457e-01 -1.167165756225585938e+00 -1.324887752532958984e+00 9.249654412269592285e-01 1.469909995794296265e-01 7.495161890983581543e-01 3.438373208045959473e-01 1.319110989570617676e+00 -2.212480604648590088e-01 -2.436060905456542969e-01
3.233441114425659180e-01 -1.379272699356079102e+00 -1.108745813369750977e+00 9.558597803115844727e-01 -7.332719862461090088e-02 5.963152647018432617e-01 7.129946351051330566e-01 1.436478376388549805e+00 -2.672158181667327881e-01 2.966025471687316895e-01
3.369982838630676270e-01 -1.385481476783752441e+00 -1.111394286155700684e+00 9.424194097518920898e-01 -6.512515246868133545e-02 5.902363657951354980e-01 7.260057926177978516e-01 1.444569110870361328e+00 -2.720177471637725830e-01 2.920456826686859131e-01
3.392601311206817627e-01 -1.393205642700195312e+00 -1.111075520515441895e+00 9.376911520957946777e-01 -6.889058649539947510e-02 6.032178401947021484e-01 7.022290229797363281e-01 1.454797148704528809e+00 -2.705922126770019531e-01 2.899228334426879883e-01
3.436121046543121338e-01 -1.392131805419921875e+00 -1.114148616790771484e+00 9.480733871459960938e-01 -7.196773588657379150e-02 5.987424850463867188e-01 7.128823995590209961e-01 1.450818896293640137e+00 -2.752998471260070801e-01 2.923067808151245117e-01
3.443000018596649170e-01 -1.398275852203369141e+00 -1.114782929420471191e+00 9.565062522888183594e-01 -7.104893028736114502e-02 5.973776578903198242e-01 7.157596945762634277e-01 1.459084868431091309e+00 -2.775877714157104492e-01 2.840917706489562988e-01
3.458087444305419922e-01 -1.394162416458129883e+00 -1.119153857231140137e+00 9.602611064910888672e-01 -7.174037396907806396e-02 6.061499714851379395e-01 7.150306105613708496e-01 1.460747241973876953e+00 -2.772294878959655762e-01 2.835593223571777344e-01
5.411950945854187012e-01 -1.300941705703735352e+00 -1.355952620506286621e+00 9.217841625213623047e-01 -1.194395869970321655e-01 6.262009739875793457e-01 5.420472025871276855e-01 1.408427953720092773e+00 -3.332582116127014160e-01 3.117907047271728516e-01
7.770443558692932129e-01 -1.164580106735229492e+00 -1.703863143920898438e+00 7.708170413970947266e-01 -4.345189034938812256e-02 5.153164863586425781e-01 3.968338370323181152e-01 1.481620669364929199e+00 -5.106928944587707520e-01 2.067030370235443115e-01
7.784577012062072754e-01 -1.162892580032348633e+00 -1.720066666603088379e+00 7.698858976364135742e-01 -1.945434510707855225e-02 5.087792873382568359e-01 3.812598586082458496e-01 1.471241235733032227e+00 -5.029259324073791504e-01 1.998174786567687988e-01
7.780166864395141602e-01 -1.155731320381164551e+00 -1.721115946769714355e+00 7.663462162017822266e-01 -2.280582487583160400e-02 5.093625187873840332e-01 3.817699551582336426e-01 1.468876719474792480e+00 -5.043293833732604980e-01 2.079304158687591553e-01
4.756863117218017578e-01 -7.207394242286682129e-01 -1.710643887519836426e+00 9.103173017501831055e-01 1.541023701429367065e-01 3.991654515266418457e-01 3.346139192581176758e-01 1.584869265556335449e+00 -3.871180713176727295e-01 4.046470299363136292e-02
2.510083317756652832e-01 -5.461511015892028809e-01 -1.554098248481750488e+00 1.016796827316284180e+00 3.089523613452911377e-01 2.136958688497543335e-01 2.844646573066711426e-01 1.591233253479003906e+00 -2.598253786563873291e-01 4.114455357193946838e-02
3.021714985370635986e-01 -6.061105132102966309e-01 -1.552023768424987793e+00 7.429118156433105469e-01 3.621094524860382080e-01 2.657073140144348145e-01 1.328794360160827637e-01 1.354143857955932617e+00 -3.318062722682952881e-01 2.087027430534362793e-01
3.154481947422027588e-01 -6.009525656700134277e-01 -1.586622714996337891e+00 7.515107393264770508e-01 3.528711795806884766e-01 2.114232033491134644e-01 1.108540892601013184e-01 1.380041718482971191e+00 -3.681230843067169189e-01 2.071833610534667969e-01
