1.036934614181518555e+00 4.901669621467590332e-01 -1.049058318138122559e+00 1.057664632797241211e+00 -5.937400460243225098e-01 1.076927632093429565e-01 5.233206152915954590e-01 1.649257779121398926e+00 2.069233506917953491e-01 4.954782724380493164e-01
1.029969334602355957e+00 4.967397451400756836e-01 -1.024183392524719238e+00 1.035420060157775879e+00 -6.099980473518371582e-01 1.548150032758712769e-01 4.787729382514953613e-01 1.608942747116088867e+00 1.908762902021408081e-01 5.237106680870056152e-01
9.862728714942932129e-01 5.157132744789123535e-01 -1.029506087303161621e+00 1.068020105361938477e+00 -6.247764229774475098e-01 7.359515130519866943e-02 6.499000787734985352e-01 1.625936388969421387e+00 2.568284571170806885e-01 5.264737606048583984e-01
9.303329586982727051e-01 5.105006694793701172e-01 -9.409143328666687012e-01 9.846673607826232910e-01 -6.740048527717590332e-01 9.589891135692596436e-02 8.747586607933044434e-01 1.572859644889831543e+00 3.327613174915313721e-01 5.889801383018493652e-01
8.667468428611755371e-01 5.121434926986694336e-01 -8.984276056289672852e-01 9.694733619689941406e-01 -7.106242775917053223e-01 1.508504599332809448e-01 1.114368915557861328e+00 1.554035067558288574e+00 4.071262478828430176e-01 6.159675717353820801e-01
7.589752078056335449e-01 6.826549768447875977e-01 -8.924493789672851562e-01 9.560203552246093750e-01 -7.391103506088256836e-01 2.579182982444763184e-01 1.133595943450927734e+00 1.413392782211303711e+00 5.433652997016906738e-01 5.309621095657348633e-01
5.502113699913024902e-01 7.531687021255493164e-01 -1.028902173042297363e+00 8.228133916854858398e-01 -4.316906630992889404e-01 6.971488893032073975e-02 1.068710327148437500e+00 1.213932275772094727e+00 6.666550636291503906e-01 5.407127141952514648e-01
7.419278025627136230e-01 1.307775735855102539e+00 -8.580791950225830078e-01 9.991756081581115723e-01 -9.621916413307189941e-01 -8.319641649723052979e-02 6.319359540939331055e-01 1.251568675041198730e+00 6.300639510154724121e-01 5.239040851593017578e-01
8.804429769515991211e-01 1.450623154640197754e+00 -8.117647171020507812e-01 1.093156933784484863e+00 -1.050712585449218750e+00 -9.530914947390556335e-03 4.932778477668762207e-01 1.330894708633422852e+00 6.057050824165344238e-01 5.296629071235656738e-01
8.897052407264709473e-01 1.458580732345581055e+00 -8.245884180068969727e-01 1.109778642654418945e+00 -1.049656152725219727e+00 -2.173329703509807587e-02 5.008342862129211426e-01 1.323519349098205566e+00 6.061326861381530762e-01 5.277338624000549316e-01
8.818120956420898438e-01 1.451456665992736816e+00 -8.107529878616333008e-01 1.109965324401855469e+00 -1.044090270996093750e+00 -8.172793313860893250e-03 4.999520182609558105e-01 1.332055091857910156e+00 6.074385046958923340e-01 5.330807566642761230e-01
8.956159353256225586e-01 1.463968276977539062e+00 -8.153271079063415527e-01 1.106567740440368652e+00 -1.030431985855102539e+00 -1.281113736331462860e-02 4.898058772087097168e-01 1.341062307357788086e+00 6.002038717269897461e-01 5.338033437728881836e-01
9.050489664077758789e-01 1.472985744476318359e+00 -8.088911771774291992e-01 1.136975646018981934e+00 -1.034515619277954102e+00 -5.833281669765710831e-03 4.814368486404418945e-01 1.350699901580810547e+00 6.080561280250549316e-01 5.245409607887268066e-01
1.063356518745422363e+00 1.411858558654785156e+00 -7.828911542892456055e-01 8.857197761535644531e-01 -7.148738503456115723e-01 7.101665437221527100e-02 -1.201253533363342285e-01 1.377988338470458984e+00 7.360638380050659180e-01 2.830078601837158203e-01
1.239320278167724609e+00 1.057467699050903320e+00 -8.014812469482421875e-01 7.080838680267333984e-01 -7.593123316764831543e-01 5.662296712398529053e-02 -9.902935624122619629e-01 1.416456699371337891e+00 2.731212079524993896e-01 1.996147632598876953e-01
1.245520710945129395e+00 1.050990700721740723e+00 -8.128732442855834961e-01 7.173942327499389648e-01 -7.752544283866882324e-01 3.334350883960723877e-02 -9.866124987602233887e-01 1.411051988601684570e+00 2.840906083583831787e-01 1.964091658592224121e-01
1.251520633697509766e+00 1.048947691917419434e+00 -8.180003166198730469e-01 7.120474576950073242e-01 -7.691472172737121582e-01 3.086398728191852570e-02 -9.869856834411621094e-01 1.420739889144897461e+00 2.710764110088348389e-01 1.889850497245788574e-01
1.245093464851379395e+00 1.056086421012878418e+00 -8.101270198822021484e-01 7.190424203872680664e-01 -7.631691098213195801e-01 3.839640319347381592e-02 -9.803449511528015137e-01 1.424158334732055664e+00 2.805126607418060303e-01 1.911696195602416992e-01
1.249040603637695312e+00 1.043780565261840820e+00 -8.129953742027282715e-01 7.124888300895690918e-01 -7.598647475242614746e-01 3.816922008991241455e-02 -9.840616583824157715e-01 1.424409270286560059e+00 2.795080542564392090e-01 1.877551078796386719e-01
1.243051409721374512e+00 1.051861166954040527e+00 -8.117765784263610840e-01 7.172492742538452148e-01 -7.615582346916198730e-01 4.117117822170257568e-02 -9.972235560417175293e-01 1.428412675857543945e+00 2.669943869113922119e-01 1.825917363166809082e-01
1.253694295883178711e+00 1.054491043090820312e+00 -8.085922598838806152e-01 7.101436257362365723e-01 -7.586140036582946777e-01 4.509992897510528564e-02 -9.963495135307312012e-01 1.429762125015258789e+00 2.739981412887573242e-01 1.950342059135437012e-01
1.236533522605895996e+00 1.049033284187316895e+00 -8.178037405014038086e-01 7.182378768920898438e-01 -7.590894103050231934e-01 3.402210772037506104e-02 -9.850965142250061035e-01 1.417373180389404297e+00 2.780170440673828125e-01 1.738085746765136719e-01
1.245713710784912109e+00 1.052442908287048340e+00 -8.109425306320190430e-01 7.121784687042236328e-01 -7.641044259071350098e-01 4.006843268871307373e-02 -9.890273213386535645e-01 1.424900770187377930e+00 2.770735919475555420e-01 1.874151229858398438e-01
1.362101197242736816e+00 2.350995391607284546e-01 -2.502988278865814209e-02 7.832799553871154785e-01 -9.406768679618835449e-01 4.961507022380828857e-02 -4.455702900886535645e-01 1.354001522064208984e+00 1.034950733184814453e+00 9.066743254661560059e-01
1.238762497901916504e+00 4.848377704620361328e-01 -5.084459483623504639e-02 7.421747446060180664e-01 -7.018635272979736328e-01 3.414868116378784180e-01 -4.154651761054992676e-01 1.155032515525817871e+00 1.147265434265136719e+00 9.812958836555480957e-01
1.187448620796203613e+00 4.917951822280883789e-01 -4.916481673717498779e-02 7.520964145660400391e-01 -6.050128936767578125e-01 5.032960176467895508e-01 -3.856187462806701660e-01 1.142172098159790039e+00 1.208248853683471680e+00 9.565052986145019531e-01
1.188141942024230957e+00 4.752635359764099121e-01 -5.410532653331756592e-02 7.476534843444824219e-01 -5.924360156059265137e-01 5.041621923446655273e-01 -3.750969767570495605e-01 1.148299694061279297e+00 1.217633485794067383e+00 9.408965706825256348e-01
1.194540619850158691e+00 4.805101752281188965e-01 -5.429165065288543701e-02 7.408380508422851562e-01 -5.979207158088684082e-01 5.027897357940673828e-01 -3.755373954772949219e-01 1.145187139511108398e+00 1.220305800437927246e+00 9.432169795036315918e-01
1.192293405532836914e+00 4.804795980453491211e-01 -5.835537612438201904e-02 7.475609779357910156e-01 -5.928125977516174316e-01 5.072832703590393066e-01 -3.799147009849548340e-01 1.149702787399291992e+00 1.208201289176940918e+00 9.515649676322937012e-01
1.089473843574523926e+00 5.285928249359130859e-01 -3.852532804012298584e-02 6.720643043518066406e-01 -4.903631508350372314e-01 5.364436507225036621e-01 -2.467737793922424316e-01 1.077053785324096680e+00 1.283327698707580566e+00 8.164806365966796875e-01
8.985686302185058594e-01 8.265753388404846191e-01 -9.233649075031280518e-02 5.701894164085388184e-01 -5.071758031845092773e-01 5.310277342796325684e-01 3.527535796165466309e-01 9.152158498764038086e-01 1.528434395790100098e+00 6.801285147666931152e-01
9.983549118041992188e-01 9.138575196266174316e-01 3.468628227710723877e-02 7.563134431838989258e-01 -8.542290925979614258e-01 5.763089060783386230e-01 6.403023600578308105e-01 8.722462654113769531e-01 1.466899991035461426e+00 1.044107794761657715e+00
1.012311577796936035e+00 9.085625410079956055e-01 4.378409683704376221e-02 7.632262706756591797e-01 -8.723357319831848145e-01 5.809510350227355957e-01 6.587635874748229980e-01 8.576586246490478516e-01 1.459655165672302246e+00 1.078302145004272461e+00
1.030104517936706543e+00 9.504694938659667969e-01 5.000542104244232178e-02 7.831864953041076660e-01 -8.484176397323608398e-01 6.012325882911682129e-01 6.413663029670715332e-01 8.616975545883178711e-01 1.455531001091003418e+00 1.064700245857238770e+00
8.069594502449035645e-01 9.158081412315368652e-01 -2.485678065568208694e-03 6.808770895004272461e-01 -6.730570793151855469e-01 4.743216633796691895e-01 7.455468177795410156e-01 8.106601834297180176e-01 1.643254160881042480e+00 9.031260013580322266e-01
5.035212039947509766e-01 4.721795320510864258e-01 -6.166671216487884521e-02 5.141762495040893555e-01 -6.835697889328002930e-01 4.205790758132934570e-01 1.310667037963867188e+00 7.783343195915222168e-01 1.398211479187011719e+00 1.100015282630920410e+00
6.807806491851806641e-01 4.045963883399963379e-01 7.707537710666656494e-02 6.267901659011840820e-01 -6.547623276710510254e-01 6.205735206604003906e-01 1.146916031837463379e+00 8.839884996414184570e-01 1.235384583473205566e+00 1.429905295372009277e+00
7.764834165573120117e-01 3.420951366424560547e-01 1.302992552518844604e-01 5.971105098724365234e-01 -6.098789572715759277e-01 7.012851238250732422e-01 9.950593709945678711e-01 9.386555552482604980e-01 1.134374260902404785e+00 1.510407567024230957e+00
