9.794091582298278809e-01 4.232479929924011230e-01 -1.031281828880310059e+00 8.094203472137451172e-01 -6.347600221633911133e-01 2.545348405838012695e-01 4.505122900009155273e-01 1.589468479156494141e+00 2.447659820318222046e-01 4.927384257316589355e-01
1.000346064567565918e+00 4.673637151718139648e-01 -1.058249473571777344e+00 8.439081907272338867e-01 -6.314166188240051270e-01 2.120002359151840210e-01 4.680583477020263672e-01 1.596895217895507812e+00 2.608288824558258057e-01 4.839314818382263184e-01
9.875374436378479004e-01 4.717979729175567627e-01 -1.072118639945983887e+00 7.917548418045043945e-01 -6.365295052528381348e-01 2.037713378667831421e-01 4.324654340744018555e-01 1.564881920814514160e+00 2.377585917711257935e-01 5.223916769027709961e-01
9.366866946220397949e-01 4.901079535484313965e-01 -1.059886574745178223e+00 7.799503207206726074e-01 -6.574535965919494629e-01 2.783080339431762695e-01 4.300497770309448242e-01 1.550133943557739258e+00 2.391063719987869263e-01 5.182600617408752441e-01
8.491222858428955078e-01 5.176417827606201172e-01 -1.035844564437866211e+00 7.923429012298583984e-01 -7.158184647560119629e-01 3.313933014869689941e-01 4.464654922485351562e-01 1.546788573265075684e+00 2.593153417110443115e-01 5.271193981170654297e-01
8.579708337783813477e-01 5.133310556411743164e-01 -1.035691380500793457e+00 8.160694837570190430e-01 -6.835879683494567871e-01 3.619315028190612793e-01 4.708031713962554932e-01 1.586327791213989258e+00 2.919441461563110352e-01 4.639168977737426758e-01
8.740842342376708984e-01 4.930137395858764648e-01 -1.011986851692199707e+00 7.914885282516479492e-01 -7.141716480255126953e-01 4.128135442733764648e-01 4.373961389064788818e-01 1.578289747238159180e+00 2.838956117630004883e-01 4.081463813781738281e-01
1.012559294700622559e+00 4.341592788696289062e-01 -1.056522130966186523e+00 7.690559625625610352e-01 -7.075482010841369629e-01 3.081948757171630859e-01 3.888852298259735107e-01 1.564137697219848633e+00 2.299765050411224365e-01 4.823850989341735840e-01
1.052267313003540039e+00 4.221958220005035400e-01 -1.118350505828857422e+00 7.420183420181274414e-01 -6.851190924644470215e-01 2.014617770910263062e-01 3.480125665664672852e-01 1.549434185028076172e+00 2.037590891122817993e-01 5.188719034194946289e-01
1.010075092315673828e+00 2.965027093887329102e-01 -1.075364947319030762e+00 7.461761236190795898e-01 -7.453429102897644043e-01 2.511444091796875000e-01 3.684338629245758057e-01 1.618217349052429199e+00 1.650722026824951172e-01 5.306237936019897461e-01
8.686615824699401855e-01 -4.077961444854736328e-01 -5.403072834014892578e-01 4.078653454780578613e-01 -1.662329077720642090e+00 3.396795690059661865e-02 -1.892729997634887695e-01 6.695275306701660156e-01 -5.641831457614898682e-02 1.197739124298095703e+00
7.324334979057312012e-01 -8.404006958007812500e-01 -9.360556602478027344e-01 3.045349121093750000e-01 -4.858119189739227295e-01 -7.448941469192504883e-01 -1.311637282371520996e+00 7.054867744445800781e-01 -8.646417856216430664e-01 1.292154192924499512e+00
7.621670365333557129e-01 -8.517104983329772949e-01 -9.062191247940063477e-01 4.973145127296447754e-01 -3.786682486534118652e-01 -9.664036035537719727e-01 -1.430844306945800781e+00 5.920681357383728027e-01 -7.769426703453063965e-01 1.237640857696533203e+00
7.698467373847961426e-01 -8.517680764198303223e-01 -9.076852798461914062e-01 5.030833482742309570e-01 -3.803677558898925781e-01 -9.639430642127990723e-01 -1.436086416244506836e+00 5.931890606880187988e-01 -7.766062617301940918e-01 1.249118685722351074e+00
7.586438655853271484e-01 -8.498792648315429688e-01 -9.024295806884765625e-01 4.953539967536926270e-01 -3.841938078403472900e-01 -9.638754725456237793e-01 -1.428046464920043945e+00 5.801599621772766113e-01 -7.642136216163635254e-01 1.244100451469421387e+00
6.792724728584289551e-01 -7.192178368568420410e-01 -7.076883912086486816e-01 6.224423646926879883e-01 -7.590085864067077637e-01 -9.241617321968078613e-01 -1.138182163238525391e+00 4.413793981075286865e-01 -5.404670238494873047e-01 1.410277247428894043e+00
6.500161886215209961e-01 -6.048976778984069824e-01 -6.761004328727722168e-01 6.053206920623779297e-01 -8.654716014862060547e-01 -9.029443264007568359e-01 -1.071487665176391602e+00 4.185082614421844482e-01 -5.032804608345031738e-01 1.452874302864074707e+00
6.393669843673706055e-01 -6.116231679916381836e-01 -6.815043687820434570e-01 6.219583749771118164e-01 -8.885685205459594727e-01 -8.938065171241760254e-01 -1.049257636070251465e+00 4.264586269855499268e-01 -4.649199843406677246e-01 1.451326966285705566e+00
6.378451585769653320e-01 -5.964269042015075684e-01 -6.725827455520629883e-01 6.091012954711914062e-01 -8.802570104598999023e-01 -8.916658759117126465e-01 -1.055701971054077148e+00 4.176777899265289307e-01 -4.947170019149780273e-01 1.455287933349609375e+00
6.445026993751525879e-01 -6.037423610687255859e-01 -6.798436045646667480e-01 6.275578737258911133e-01 -8.940641880035400391e-01 -8.991160988807678223e-01 -1.040722966194152832e+00 4.116375744342803955e-01 -4.658434092998504639e-01 1.462023615837097168e+00
5.669761896133422852e-01 -4.339518547058105469e-01 -7.001957297325134277e-01 5.634636878967285156e-01 -9.024412035942077637e-01 -9.128798842430114746e-01 -1.029196977615356445e+00 3.941211998462677002e-01 -4.795591533184051514e-01 1.460985183715820312e+00
3.845096826553344727e-01 -3.457249701023101807e-02 -8.441787958145141602e-01 5.534994602203369141e-01 -7.789733409881591797e-01 -7.366136908531188965e-01 -7.800700068473815918e-01 3.632864058017730713e-01 -4.679916799068450928e-01 1.678792595863342285e+00
7.626970112323760986e-02 2.763479948043823242e-01 -1.211082577705383301e+00 2.757040262222290039e-01 -6.780877709388732910e-01 -8.337751030921936035e-01 -1.023751735687255859e+00 5.099382400512695312e-01 -8.384101986885070801e-01 1.226457715034484863e+00
7.872636616230010986e-02 2.905852794647216797e-01 -1.222531795501708984e+00 2.869321405887603760e-01 -6.639127731323242188e-01 -8.235216736793518066e-01 -9.957652688026428223e-01 5.073894262313842773e-01 -8.422110080718994141e-01 1.225069046020507812e+00
8.152098953723907471e-02 2.918401956558227539e-01 -1.189615964889526367e+00 2.934766709804534912e-01 -6.731970906257629395e-01 -7.959800958633422852e-01 -9.466314911842346191e-01 5.083158612251281738e-01 -8.087159991264343262e-01 1.289171099662780762e+00
-1.283441856503486633e-02 4.605478048324584961e-01 -1.156847953796386719e+00 3.217352330684661865e-01 -7.443304061889648438e-01 -8.039085268974304199e-01 -9.169230461120605469e-01 4.719329178333282471e-01 -7.351707816123962402e-01 1.323781371116638184e+00
