4.006652832031250000e-01 1.676974147558212280e-01 8.126959800720214844e-01 6.804480552673339844e-01 -4.060775339603424072e-01 1.374907046556472778e-01 7.842597365379333496e-01 8.160290122032165527e-01 -1.917401403188705444e-01 -9.510648846626281738e-01
4.255106449127197266e-01 1.874262541532516479e-01 7.976509332656860352e-01 7.190139889717102051e-01 -3.822802901268005371e-01 1.119649261236190796e-01 7.861889004707336426e-01 8.209000229835510254e-01 -1.741436868906021118e-01 -9.730326533317565918e-01
4.331974983215332031e-01 1.989905089139938354e-01 8.272277116775512695e-01 6.609376668930053711e-01 -3.844945728778839111e-01 1.223433464765548706e-01 7.451045513153076172e-01 7.836180329322814941e-01 -1.786990612745285034e-01 -9.593177437782287598e-01
3.687960207462310791e-01 1.999376267194747925e-01 8.096737265586853027e-01 6.761134266853332520e-01 -4.253896772861480713e-01 1.415761560201644897e-01 7.548257112503051758e-01 7.814183235168457031e-01 -1.753909587860107422e-01 -9.388315677642822266e-01
3.125564455986022949e-01 2.126030176877975464e-01 7.700107097625732422e-01 6.841533780097961426e-01 -4.502253532409667969e-01 1.908857077360153198e-01 7.713733315467834473e-01 8.095361590385437012e-01 -1.540789455175399780e-01 -9.369797110557556152e-01
3.083330988883972168e-01 2.322248071432113647e-01 7.369523644447326660e-01 6.889809370040893555e-01 -4.448463916778564453e-01 2.406192272901535034e-01 7.880728840827941895e-01 8.417916297912597656e-01 -1.182466745376586914e-01 -9.552599787712097168e-01
2.951740920543670654e-01 2.292173355817794800e-01 7.609953880310058594e-01 7.061928510665893555e-01 -4.545747041702270508e-01 2.856345176696777344e-01 7.896472215652465820e-01 8.563286066055297852e-01 -1.395474821329116821e-01 -1.005355358123779297e+00
4.259447157382965088e-01 1.811701506376266479e-01 7.987464666366577148e-01 6.989411711692810059e-01 -4.495241343975067139e-01 1.889589279890060425e-01 7.438589334487915039e-01 8.148238062858581543e-01 -2.086616605520248413e-01 -9.907093048095703125e-01
4.707649946212768555e-01 1.543466895818710327e-01 7.788325548171997070e-01 6.155827641487121582e-01 -4.227204918861389160e-01 8.774782717227935791e-02 7.038922905921936035e-01 7.497902512550354004e-01 -2.091603726148605347e-01 -9.552291035652160645e-01
4.097022414207458496e-01 6.900887191295623779e-02 7.880957126617431641e-01 6.807531714439392090e-01 -5.160859227180480957e-01 1.685506254434585571e-01 7.166567444801330566e-01 8.150576353073120117e-01 -3.095394670963287354e-01 -8.876687288284301758e-01
1.946686059236526489e-01 -6.743681430816650391e-01 1.284314751625061035e+00 6.880097389221191406e-01 -2.061968088150024414e+00 -2.174574434757232666e-01 7.005633711814880371e-01 7.362739183008670807e-03 -9.213457703590393066e-01 4.699071645736694336e-01
4.426929950714111328e-01 -8.485381603240966797e-01 4.382312893867492676e-01 5.717647075653076172e-01 -2.596463561058044434e-01 -9.458318948745727539e-01 1.669747829437255859e-01 2.620008885860443115e-01 -1.843862533569335938e+00 1.175499081611633301e+00
4.502419829368591309e-01 -8.328593373298645020e-01 3.268885016441345215e-01 6.138294935226440430e-01 -8.137671649456024170e-02 -1.027862191200256348e+00 8.349847793579101562e-02 2.254727035760879517e-01 -1.993836998939514160e+00 1.141158461570739746e+00
4.454841613769531250e-01 -8.313298225402832031e-01 3.260001540184020996e-01 6.068764328956604004e-01 -6.686739623546600342e-02 -1.017782926559448242e+00 7.267671823501586914e-02 2.165619879961013794e-01 -2.006431102752685547e+00 1.140742659568786621e+00
4.486027956008911133e-01 -8.375325202941894531e-01 3.272185027599334717e-01 6.147855520248413086e-01 -6.935892999172210693e-02 -1.024970531463623047e+00 8.386212587356567383e-02 2.198869138956069946e-01 -2.008234739303588867e+00 1.136083483695983887e+00
4.386841654777526855e-01 -7.670382857322692871e-01 5.236237049102783203e-01 7.811482548713684082e-01 -3.018505871295928955e-01 -9.883195757865905762e-01 2.559398412704467773e-01 1.649178415536880493e-01 -1.710656762123107910e+00 1.198914527893066406e+00
4.023523926734924316e-01 -6.766352057456970215e-01 5.843517184257507324e-01 8.242944478988647461e-01 -4.012068808078765869e-01 -9.690850973129272461e-01 3.475728034973144531e-01 1.451174169778823853e-01 -1.527027249336242676e+00 1.214050769805908203e+00
3.941370844841003418e-01 -6.494585275650024414e-01 5.967933535575866699e-01 8.423876166343688965e-01 -4.243541657924652100e-01 -9.663383364677429199e-01 3.743379712104797363e-01 1.549565345048904419e-01 -1.501099228858947754e+00 1.219353914260864258e+00
3.921488523483276367e-01 -6.547243595123291016e-01 5.947436094284057617e-01 8.314844965934753418e-01 -4.251464307308197021e-01 -9.703364968299865723e-01 3.711829781532287598e-01 1.595078259706497192e-01 -1.493734955787658691e+00 1.210882067680358887e+00
3.876768350601196289e-01 -6.465415358543395996e-01 6.063672304153442383e-01 8.441194891929626465e-01 -4.217204749584197998e-01 -9.616893529891967773e-01 3.765897154808044434e-01 1.513791233301162720e-01 -1.485489726066589355e+00 1.209954977035522461e+00
3.166967034339904785e-01 -5.091551542282104492e-01 5.597605705261230469e-01 8.029735088348388672e-01 -4.316784441471099854e-01 -9.577711224555969238e-01 4.256821870803833008e-01 1.526631861925125122e-01 -1.374389529228210449e+00 1.227475523948669434e+00
1.028197556734085083e-01 -8.676578104496002197e-02 3.839418292045593262e-01 7.989382743835449219e-01 -3.244792520999908447e-01 -7.982576489448547363e-01 6.084133386611938477e-01 8.589519560337066650e-02 -1.310738205909729004e+00 1.391070723533630371e+00
-2.493282407522201538e-01 2.038942426443099976e-01 9.383697807788848877e-02 5.040313005447387695e-01 -2.126168459653854370e-01 -8.929954171180725098e-01 2.906436324119567871e-01 2.350103110074996948e-01 -1.615913987159729004e+00 1.012211680412292480e+00
-2.491406649351119995e-01 2.244064658880233765e-01 8.729757368564605713e-02 5.042899847030639648e-01 -2.052994817495346069e-01 -8.764769434928894043e-01 3.147738575935363770e-01 2.270681411027908325e-01 -1.614966988563537598e+00 1.029198646545410156e+00
-2.236139923334121704e-01 2.175795882940292358e-01 9.942640364170074463e-02 5.119307637214660645e-01 -2.265688627958297729e-01 -8.787681460380554199e-01 3.445978760719299316e-01 2.458837181329727173e-01 -1.572671651840209961e+00 1.082822799682617188e+00
-3.563912808895111084e-01 4.315326213836669922e-01 1.024263650178909302e-01 5.654532313346862793e-01 -3.184216916561126709e-01 -8.742575645446777344e-01 3.887085914611816406e-01 2.210300117731094360e-01 -1.430623531341552734e+00 1.108967900276184082e+00
