3.889303207397460938e-01 2.074431627988815308e-01 -1.137640833854675293e+00 1.252614617347717285e+00 -7.978843450546264648e-01 2.841283082962036133e-01 3.382369279861450195e-01 1.277170896530151367e+00 2.590867280960083008e-01 2.331248298287391663e-02
3.965231478214263916e-01 2.048208564519882202e-01 -1.149307608604431152e+00 1.257158756256103516e+00 -7.789301276206970215e-01 2.629594206809997559e-01 3.233746886253356934e-01 1.287145614624023438e+00 2.499804943799972534e-01 3.310284391045570374e-02
3.515817224979400635e-01 1.584427803754806519e-01 -1.009879112243652344e+00 1.108125448226928711e+00 -8.593452572822570801e-01 2.675042152404785156e-01 6.099847555160522461e-01 1.242684006690979004e+00 3.636994063854217529e-01 7.326716184616088867e-02
4.380508661270141602e-01 5.217433571815490723e-01 -1.080016851425170898e+00 1.280277609825134277e+00 -5.518987178802490234e-01 6.151517629623413086e-01 7.188995480537414551e-01 1.143074631690979004e+00 6.592840552330017090e-01 -6.868785619735717773e-02
5.437359213829040527e-01 8.741447925567626953e-01 -1.011920809745788574e+00 1.429642677307128906e+00 -4.038666784763336182e-01 7.440448403358459473e-01 4.552942216396331787e-01 1.156712532043457031e+00 8.142244219779968262e-01 -2.182748615741729736e-01
6.288765072822570801e-01 9.332010746002197266e-01 -9.900810718536376953e-01 1.458307862281799316e+00 -3.223839402198791504e-01 9.131678938865661621e-01 4.987184405326843262e-01 1.213442802429199219e+00 8.770179152488708496e-01 -3.089187741279602051e-01
6.501426696777343750e-01 9.443193674087524414e-01 -9.624570608139038086e-01 1.443664431571960449e+00 -3.009311556816101074e-01 9.427340626716613770e-01 4.651605486869812012e-01 1.239956259727478027e+00 8.737940192222595215e-01 -3.148021697998046875e-01
6.402075290679931641e-01 9.478904604911804199e-01 -9.659535884857177734e-01 1.420869469642639160e+00 -2.925435304641723633e-01 9.510487318038940430e-01 4.586186707019805908e-01 1.235676050186157227e+00 8.690002560615539551e-01 -3.167312145233154297e-01
6.322675347328186035e-01 9.321939945220947266e-01 -9.658697843551635742e-01 1.428838849067687988e+00 -3.106865584850311279e-01 9.478797912597656250e-01 4.578980803489685059e-01 1.230304002761840820e+00 8.723851442337036133e-01 -3.244432210922241211e-01
6.427511572837829590e-01 9.357792139053344727e-01 -9.651189446449279785e-01 1.437360644340515137e+00 -2.917953431606292725e-01 9.601670503616333008e-01 4.491200447082519531e-01 1.232970476150512695e+00 8.766160607337951660e-01 -3.169262409210205078e-01
6.429865956306457520e-01 9.301931262016296387e-01 -9.679101705551147461e-01 1.418573856353759766e+00 -2.972276508808135986e-01 9.529848098754882812e-01 4.489698112010955811e-01 1.245684266090393066e+00 8.626176714897155762e-01 -3.242193162441253662e-01
6.652489304542541504e-01 9.485394954681396484e-01 -9.752130508422851562e-01 1.441130399703979492e+00 -2.960380911827087402e-01 9.607101678848266602e-01 4.649278819561004639e-01 1.252775669097900391e+00 8.730165362358093262e-01 -3.233074843883514404e-01
6.342544555664062500e-01 9.286878108978271484e-01 -9.634283781051635742e-01 1.415694832801818848e+00 -2.999520599842071533e-01 9.461108446121215820e-01 4.488492906093597412e-01 1.245233535766601562e+00 8.699222207069396973e-01 -3.252494931221008301e-01
6.483882069587707520e-01 9.306464195251464844e-01 -9.692376852035522461e-01 1.473277926445007324e+00 -3.258399665355682373e-01 9.296542406082153320e-01 4.170887470245361328e-01 1.311485409736633301e+00 8.154907822608947754e-01 -3.100856542587280273e-01
6.324936747550964355e-01 1.052981138229370117e+00 -7.778082489967346191e-01 1.048123240470886230e+00 2.979106903076171875e-01 1.943423151969909668e+00 1.794474422931671143e-01 1.087686538696289062e+00 8.281370401382446289e-01 -4.282440543174743652e-01
4.157124757766723633e-01 4.562588930130004883e-01 -8.987489938735961914e-01 8.920923471450805664e-01 9.967671632766723633e-01 7.952357530593872070e-01 -6.616652011871337891e-02 6.945778727531433105e-01 1.145846128463745117e+00 -1.927554011344909668e-01
4.133576154708862305e-01 4.649103283882141113e-01 -6.618065237998962402e-01 1.073162078857421875e+00 1.306689739227294922e+00 3.883994817733764648e-01 -8.164569139480590820e-01 6.750503778457641602e-01 1.092185378074645996e+00 -3.048803806304931641e-01
4.054474234580993652e-01 4.614387750625610352e-01 -6.661146283149719238e-01 1.091044306755065918e+00 1.302931070327758789e+00 3.725612759590148926e-01 -8.334706425666809082e-01 6.656856536865234375e-01 1.078680515289306641e+00 -2.923552691936492920e-01
4.108283519744873047e-01 4.559447765350341797e-01 -6.638889312744140625e-01 1.059996366500854492e+00 1.301466703414916992e+00 3.672451376914978027e-01 -8.323437571525573730e-01 6.809785366058349609e-01 1.083691835403442383e+00 -3.033823370933532715e-01
4.092389345169067383e-01 4.622579813003540039e-01 -6.686875820159912109e-01 1.093180537223815918e+00 1.297386169433593750e+00 3.744326829910278320e-01 -8.252137899398803711e-01 6.685995459556579590e-01 1.078942179679870605e+00 -2.889485955238342285e-01
4.102292060852050781e-01 4.630872011184692383e-01 -6.660856604576110840e-01 1.084715366363525391e+00 1.308216094970703125e+00 3.715129494667053223e-01 -8.327527642250061035e-01 6.688228845596313477e-01 1.082385301589965820e+00 -2.948958873748779297e-01
4.046096205711364746e-01 4.611574709415435791e-01 -6.595646142959594727e-01 1.070234179496765137e+00 1.303864002227783203e+00 3.676260709762573242e-01 -8.272216320037841797e-01 6.724026203155517578e-01 1.075957417488098145e+00 -2.967433929443359375e-01
4.140235781669616699e-01 4.548188447952270508e-01 -6.682365536689758301e-01 1.078583002090454102e+00 1.295186996459960938e+00 3.695878386497497559e-01 -8.283675312995910645e-01 6.687813997268676758e-01 1.073397159576416016e+00 -2.936940789222717285e-01
4.023712277412414551e-01 3.355239331722259521e-01 -3.528839349746704102e-01 1.025673270225524902e+00 1.075865507125854492e+00 6.599475741386413574e-01 -6.054140925407409668e-01 7.143465280532836914e-01 1.173548102378845215e+00 -1.365106925368309021e-02
6.805860400199890137e-01 1.119164109230041504e+00 -3.959064185619354248e-02 9.696297645568847656e-01 1.174737691879272461e+00 1.608736038208007812e+00 -8.522380590438842773e-01 9.390100836753845215e-01 9.883367419242858887e-01 -2.826865911483764648e-01
7.078530192375183105e-01 1.151009559631347656e+00 -3.535817563533782959e-02 9.646195769309997559e-01 1.148881316184997559e+00 1.630026698112487793e+00 -8.699007630348205566e-01 9.523222446441650391e-01 9.441435933113098145e-01 -2.875007390975952148e-01
6.959805488586425781e-01 1.135412812232971191e+00 -3.977249562740325928e-02 9.621032476425170898e-01 1.138036727905273438e+00 1.625787615776062012e+00 -8.766815066337585449e-01 9.537874460220336914e-01 9.471704363822937012e-01 -2.987625002861022949e-01
7.065956592559814453e-01 1.146533966064453125e+00 -3.629077970981597900e-02 9.620163440704345703e-01 1.148089885711669922e+00 1.627336859703063965e+00 -8.737284541130065918e-01 9.505302309989929199e-01 9.433170557022094727e-01 -3.001518845558166504e-01
7.030409574508666992e-01 1.153574466705322266e+00 -3.292922675609588623e-02 9.702322483062744141e-01 1.154332160949707031e+00 1.627142190933227539e+00 -8.756347298622131348e-01 9.601729512214660645e-01 9.399076104164123535e-01 -2.944677472114562988e-01
6.977519989013671875e-01 1.146524667739868164e+00 -3.795643150806427002e-02 9.581083655357360840e-01 1.151887655258178711e+00 1.615125179290771484e+00 -8.748405575752258301e-01 9.523934721946716309e-01 9.346564412117004395e-01 -2.959625124931335449e-01
8.477921485900878906e-01 1.220338225364685059e+00 7.128284871578216553e-02 1.039856433868408203e+00 7.633220553398132324e-01 1.329697132110595703e+00 -8.938909769058227539e-01 8.793233036994934082e-01 7.799506783485412598e-01 -3.488759398460388184e-01
9.102487564086914062e-01 1.130218267440795898e+00 1.550947278738021851e-01 1.388551831245422363e+00 4.892269372940063477e-01 5.040476322174072266e-01 -7.891640067100524902e-01 1.122842907905578613e+00 7.921541333198547363e-01 -3.670287132263183594e-01
8.979766964912414551e-01 1.115239977836608887e+00 1.632353216409683228e-01 1.392758727073669434e+00 4.727166593074798584e-01 4.683042168617248535e-01 -7.838683724403381348e-01 1.138415813446044922e+00 7.855009436607360840e-01 -3.676234483718872070e-01
8.950891494750976562e-01 1.127757549285888672e+00 1.640615016222000122e-01 1.402587056159973145e+00 4.868665337562561035e-01 4.591470360755920410e-01 -7.898735404014587402e-01 1.136192083358764648e+00 7.786828875541687012e-01 -3.654601573944091797e-01
6.110742092132568359e-01 7.402237653732299805e-01 1.054827123880386353e-01 1.293619990348815918e+00 6.332376003265380859e-01 1.600932925939559937e-01 -7.685485482215881348e-01 9.100298285484313965e-01 7.139416933059692383e-01 -1.443939507007598877e-01
4.954587221145629883e-01 1.510053128004074097e-01 1.343401223421096802e-01 1.032630443572998047e+00 8.139195442199707031e-01 1.638839691877365112e-01 -1.132965445518493652e+00 7.894291877746582031e-01 4.904729723930358887e-01 1.851144945248961449e-03
6.248393058776855469e-01 2.370383590459823608e-01 2.561143040657043457e-01 9.851975440979003906e-01 7.402268648147583008e-01 1.707858294248580933e-01 -1.344898343086242676e+00 7.950725555419921875e-01 4.158493280410766602e-01 -2.710610255599021912e-02
5.784289836883544922e-01 2.961214780807495117e-01 2.982394099235534668e-01 9.983024597167968750e-01 7.408090233802795410e-01 2.025696486234664917e-01 -1.394438147544860840e+00 7.806072235107421875e-01 3.711149692535400391e-01 -3.946405276656150818e-02
