5.173150897026062012e-01 -1.373424679040908813e-01 5.017614960670471191e-01 1.496258258819580078e+00 -8.134989440441131592e-02 1.501580327749252319e-01 4.669904708862304688e-01 1.095219612121582031e+00 9.059382975101470947e-02 -4.327419996261596680e-01
5.252661705017089844e-01 -1.102399975061416626e-01 5.218204855918884277e-01 1.479809045791625977e+00 -8.657097816467285156e-02 1.456666737794876099e-01 4.467891454696655273e-01 1.062931537628173828e+00 9.161029756069183350e-02 -4.465076327323913574e-01
5.324680805206298828e-01 -1.212406307458877563e-01 4.873152375221252441e-01 1.470818400382995605e+00 -1.147762238979339600e-01 1.468503326177597046e-01 4.494188427925109863e-01 1.040574431419372559e+00 1.008100062608718872e-01 -4.650889337062835693e-01
4.417263865470886230e-01 -9.836699068546295166e-02 4.890714883804321289e-01 1.485722541809082031e+00 -1.580549627542495728e-01 2.029382437467575073e-01 4.553638696670532227e-01 1.040418148040771484e+00 1.116013079881668091e-01 -4.370498657226562500e-01
3.933560252189636230e-01 -8.841885626316070557e-02 4.287184476852416992e-01 1.521172165870666504e+00 -1.790287047624588013e-01 2.285797446966171265e-01 4.826418161392211914e-01 1.084817409515380859e+00 1.300912052392959595e-01 -4.664212167263031006e-01
3.949060738086700439e-01 -7.400138676166534424e-02 4.441367685794830322e-01 1.545366406440734863e+00 -1.792826503515243530e-01 2.735415697097778320e-01 4.493222236633300781e-01 1.125152349472045898e+00 1.351966410875320435e-01 -4.851351976394653320e-01
4.753810167312622070e-01 -9.438784420490264893e-02 4.603221416473388672e-01 1.563524484634399414e+00 -1.993401795625686646e-01 2.864738106727600098e-01 4.537841677665710449e-01 1.085747718811035156e+00 1.055193990468978882e-01 -5.055981278419494629e-01
5.704675912857055664e-01 -1.504620462656021118e-01 4.711436033248901367e-01 1.458561658859252930e+00 -2.104932665824890137e-01 1.999367326498031616e-01 4.013840556144714355e-01 1.019942402839660645e+00 6.431084871292114258e-02 -4.535566568374633789e-01
6.026082634925842285e-01 -1.820487529039382935e-01 4.638725817203521729e-01 1.350902438163757324e+00 -1.780972927808761597e-01 1.240836828947067261e-01 3.769018054008483887e-01 9.949034452438354492e-01 7.228506356477737427e-02 -4.399207830429077148e-01
5.966870188713073730e-01 -1.796864420175552368e-01 4.580947160720825195e-01 1.352611184120178223e+00 -1.721893101930618286e-01 1.084254831075668335e-01 3.593825101852416992e-01 9.982489943504333496e-01 6.891145557165145874e-02 -4.392199218273162842e-01
6.035972833633422852e-01 -1.764640957117080688e-01 4.642105102539062500e-01 1.361567616462707520e+00 -1.716550886631011963e-01 1.140320450067520142e-01 3.588406443595886230e-01 1.004495620727539062e+00 7.346799969673156738e-02 -4.361746311187744141e-01
5.983994007110595703e-01 -1.805047541856765747e-01 4.511106610298156738e-01 1.361644268035888672e+00 -1.639211773872375488e-01 1.180963367223739624e-01 3.628531694412231445e-01 1.004205942153930664e+00 7.243540138006210327e-02 -4.371721744537353516e-01
5.984429121017456055e-01 -1.839401274919509888e-01 4.663325548171997070e-01 1.347689509391784668e+00 -1.792587935924530029e-01 1.203181594610214233e-01 3.613466620445251465e-01 9.917507171630859375e-01 6.706973910331726074e-02 -4.456706643104553223e-01
5.420771837234497070e-01 -2.162887006998062134e-01 4.795722961425781250e-01 1.504524707794189453e+00 -2.903244197368621826e-01 2.164811342954635620e-01 4.137486219406127930e-01 1.060764551162719727e+00 2.856537699699401855e-03 -3.707574307918548584e-01
1.854441612958908081e-01 -1.199209451675415039e+00 9.300134778022766113e-01 1.309640765190124512e+00 -1.970495462417602539e+00 -2.033530622720718384e-01 4.216578900814056396e-01 4.768134653568267822e-02 -3.452729284763336182e-01 6.202131509780883789e-01
4.821103811264038086e-01 -9.960761070251464844e-01 -7.430337369441986084e-02 1.292831063270568848e+00 2.484563142061233521e-01 -1.107590913772583008e+00 -2.972857356071472168e-01 4.324894845485687256e-01 -1.015486240386962891e+00 1.309997677803039551e+00
4.845107793807983398e-01 -1.019397377967834473e+00 9.117270819842815399e-04 1.496449589729309082e+00 2.118415683507919312e-01 -1.137434005737304688e+00 -2.514306306838989258e-01 3.981284201145172119e-01 -9.108666777610778809e-01 1.272498726844787598e+00
4.894896745681762695e-01 -1.023298144340515137e+00 -6.561622489243745804e-03 1.485294699668884277e+00 2.036809474229812622e-01 -1.140980005264282227e+00 -2.494353055953979492e-01 3.980142474174499512e-01 -9.097952842712402344e-01 1.283337950706481934e+00
4.870215058326721191e-01 -1.024549961090087891e+00 -7.660244591534137726e-04 1.481729149818420410e+00 2.010112255811691284e-01 -1.136695384979248047e+00 -2.561678290367126465e-01 3.941838145256042480e-01 -9.050863385200500488e-01 1.284623742103576660e+00
4.919438958168029785e-01 -1.023021936416625977e+00 -9.074315428733825684e-03 1.498414874076843262e+00 2.102179676294326782e-01 -1.132240533828735352e+00 -2.483438849449157715e-01 3.957172334194183350e-01 -9.012416005134582520e-01 1.281693696975708008e+00
4.848522543907165527e-01 -1.026315450668334961e+00 -1.462623942643404007e-03 1.471844077110290527e+00 2.093456238508224487e-01 -1.147565960884094238e+00 -2.522487044334411621e-01 3.928059935569763184e-01 -9.083673357963562012e-01 1.270967125892639160e+00
4.885690808296203613e-01 -1.023947238922119141e+00 -4.055604804307222366e-03 1.501927256584167480e+00 2.040962725877761841e-01 -1.130647420883178711e+00 -2.553440928459167480e-01 3.974237740039825439e-01 -9.010154008865356445e-01 1.280866980552673340e+00
4.866259694099426270e-01 -1.025378584861755371e+00 -3.693446982651948929e-03 1.491058707237243652e+00 2.057073563337326050e-01 -1.148050546646118164e+00 -2.508035302162170410e-01 3.909754753112792969e-01 -9.004064798355102539e-01 1.279802799224853516e+00
3.143343925476074219e-01 -8.570664525032043457e-01 1.845571547746658325e-01 1.763556480407714844e+00 -6.448893249034881592e-02 -1.061280012130737305e+00 7.713788747787475586e-02 3.261250257492065430e-01 -4.888587296009063721e-01 1.258672237396240234e+00
2.993223667144775391e-01 -8.251056075096130371e-01 1.839423924684524536e-01 1.782946467399597168e+00 -7.966999709606170654e-02 -1.059250593185424805e+00 1.159064769744873047e-01 3.294400274753570557e-01 -4.395759999752044678e-01 1.261917233467102051e+00
3.006472587585449219e-01 -8.227062225341796875e-01 1.820643693208694458e-01 1.776689767837524414e+00 -7.204233109951019287e-02 -1.051175713539123535e+00 9.175616502761840820e-02 3.245737552642822266e-01 -4.515802860260009766e-01 1.265920042991638184e+00
2.988353371620178223e-01 -8.289069533348083496e-01 1.839243322610855103e-01 1.759488701820373535e+00 -7.620619237422943115e-02 -1.058123707771301270e+00 1.134315133094787598e-01 3.208982050418853760e-01 -4.533785879611968994e-01 1.263371229171752930e+00
2.997227311134338379e-01 -8.223877549171447754e-01 1.855150014162063599e-01 1.755954623222351074e+00 -7.723538577556610107e-02 -1.059764504432678223e+00 1.088599562644958496e-01 3.250498771667480469e-01 -4.510230720043182373e-01 1.259137392044067383e+00
3.028746247291564941e-01 -8.261730670928955078e-01 1.851441413164138794e-01 1.763025641441345215e+00 -7.392029464244842529e-02 -1.057350039482116699e+00 1.156482100486755371e-01 3.275277912616729736e-01 -4.478328526020050049e-01 1.263748168945312500e+00
2.340206056833267212e-01 -6.810995340347290039e-01 1.345356255769729614e-01 1.773115992546081543e+00 -6.256656348705291748e-02 -1.062942624092102051e+00 1.569698452949523926e-01 3.503584563732147217e-01 -4.296326339244842529e-01 1.239244461059570312e+00
-1.863991096615791321e-02 -1.549950987100601196e-01 4.971010982990264893e-02 1.833890438079833984e+00 2.202136814594268799e-02 -8.626329302787780762e-01 2.981501221656799316e-01 1.901415139436721802e-01 -4.051862061023712158e-01 1.333337545394897461e+00
-2.352002114057540894e-01 1.325325816869735718e-01 -2.254830449819564819e-01 1.375264883041381836e+00 1.334507018327713013e-01 -9.431067705154418945e-01 4.394622228574007750e-04 3.910088241100311279e-01 -7.890822887420654297e-01 1.108893871307373047e+00
-2.224098294973373413e-01 1.200494617223739624e-01 -2.377071827650070190e-01 1.316031098365783691e+00 1.469400078058242798e-01 -9.968957304954528809e-01 -4.514220170676708221e-03 4.262309968471527100e-01 -7.916957736015319824e-01 1.081039786338806152e+00
-2.179298847913742065e-01 9.015665948390960693e-02 -2.271872013807296753e-01 1.317407250404357910e+00 1.299846321344375610e-01 -1.009474039077758789e+00 -1.270628254860639572e-02 4.326925575733184814e-01 -7.879534363746643066e-01 1.071030735969543457e+00
-2.228957861661911011e-01 1.425767987966537476e-01 -2.354652136564254761e-01 1.410292029380798340e+00 1.220785528421401978e-01 -9.331992268562316895e-01 2.651196345686912537e-02 4.171474575996398926e-01 -7.722302675247192383e-01 1.138287663459777832e+00
-2.493061870336532593e-01 1.974425166845321655e-01 -2.330456823110580444e-01 1.447876334190368652e+00 1.099494844675064087e-01 -9.068545699119567871e-01 5.043899640440940857e-02 3.865598738193511963e-01 -7.354721426963806152e-01 1.181336045265197754e+00
-4.095011949539184570e-01 3.487257957458496094e-01 -1.878987401723861694e-01 1.515937447547912598e+00 -2.105329930782318115e-02 -8.869838118553161621e-01 7.687693834304809570e-02 3.688904941082000732e-01 -6.271622776985168457e-01 1.157923936843872070e+00
-4.595831632614135742e-01 3.127449750900268555e-01 -2.055201381444931030e-01 1.519158005714416504e+00 -2.804194390773773193e-02 -8.835303187370300293e-01 8.427166938781738281e-02 3.588825166225433350e-01 -5.996500849723815918e-01 1.097837686538696289e+00
