4.592135846614837646e-01 2.133400887250900269e-01 -1.048937916755676270e+00 1.061640977859497070e+00 -8.643736243247985840e-01 3.405106663703918457e-01 3.506869077682495117e-01 1.292396306991577148e+00 2.479888498783111572e-01 3.236440196633338928e-02
4.874393939971923828e-01 2.357897013425827026e-01 -1.079764962196350098e+00 1.064367890357971191e+00 -8.477773070335388184e-01 3.125116825103759766e-01 3.545193970203399658e-01 1.324349403381347656e+00 2.601883113384246826e-01 3.361139213666319847e-03
4.787828922271728516e-01 2.393126934766769409e-01 -1.098266839981079102e+00 1.005362629890441895e+00 -8.572448492050170898e-01 3.134246468544006348e-01 3.084575533866882324e-01 1.273158431053161621e+00 2.474901825189590454e-01 2.915388718247413635e-02
4.265030622482299805e-01 2.577185630798339844e-01 -1.071345925331115723e+00 1.032845139503479004e+00 -8.929709792137145996e-01 3.471544384956359863e-01 3.311393260955810547e-01 1.283030033111572266e+00 2.584873139858245850e-01 5.303520336747169495e-02
3.585141301155090332e-01 2.712803483009338379e-01 -1.053203463554382324e+00 1.027172923088073730e+00 -9.499092698097229004e-01 3.755895495414733887e-01 3.435579538345336914e-01 1.275961875915527344e+00 2.795204818248748779e-01 3.985792770981788635e-02
3.754892349243164062e-01 2.847838401794433594e-01 -1.051530003547668457e+00 1.048469901084899902e+00 -9.237666130065917969e-01 4.282465577125549316e-01 3.502618968486785889e-01 1.313843607902526855e+00 3.048249185085296631e-01 -1.530316099524497986e-02
4.041853249073028564e-01 2.599470615386962891e-01 -1.035872936248779297e+00 1.109007477760314941e+00 -9.465318322181701660e-01 4.521698355674743652e-01 3.408979475498199463e-01 1.381542682647705078e+00 2.962106764316558838e-01 -4.871222004294395447e-02
5.055877566337585449e-01 2.105027288198471069e-01 -1.091232538223266602e+00 1.090323925018310547e+00 -9.487491250038146973e-01 3.663304448127746582e-01 3.011422753334045410e-01 1.337367057800292969e+00 2.428134232759475708e-01 2.181110158562660217e-02
5.212819576263427734e-01 1.779809445142745972e-01 -1.143899083137512207e+00 1.026229977607727051e+00 -9.130061864852905273e-01 2.623956799507141113e-01 2.586020231246948242e-01 1.304916381835937500e+00 2.166369706392288208e-01 3.638500347733497620e-02
5.219339728355407715e-01 1.827629059553146362e-01 -1.168428063392639160e+00 1.024405360221862793e+00 -9.051063656806945801e-01 2.322431653738021851e-01 2.551305592060089111e-01 1.303613066673278809e+00 2.129997014999389648e-01 3.476709499955177307e-02
5.108140110969543457e-01 1.793472021818161011e-01 -1.163691878318786621e+00 1.015990972518920898e+00 -9.157985448837280273e-01 2.593390345573425293e-01 2.379412353038787842e-01 1.302244424819946289e+00 2.118497043848037720e-01 4.179367795586585999e-02
5.198861360549926758e-01 1.810653060674667358e-01 -1.161384940147399902e+00 1.016260385513305664e+00 -9.031116366386413574e-01 2.450471967458724976e-01 2.476724386215209961e-01 1.308456420898437500e+00 2.213704138994216919e-01 3.329098597168922424e-02
5.190767049789428711e-01 1.755491346120834351e-01 -1.179410338401794434e+00 1.014562129974365234e+00 -8.942824602127075195e-01 2.414294332265853882e-01 2.370749115943908691e-01 1.295907497406005859e+00 2.201312184333801270e-01 3.231028094887733459e-02
5.057064890861511230e-01 1.612744778394699097e-01 -1.156402707099914551e+00 9.234113097190856934e-01 -9.215232133865356445e-01 2.663908004760742188e-01 2.115189135074615479e-01 1.257824063301086426e+00 2.193718105554580688e-01 2.471444383263587952e-02
3.144921660423278809e-01 -2.844011187553405762e-01 -5.422018766403198242e-01 8.155014514923095703e-01 -2.531965255737304688e+00 2.356229908764362335e-02 -2.718002498149871826e-01 3.857556879520416260e-01 -6.892633438110351562e-02 7.295548319816589355e-01
3.831561803817749023e-01 -1.178343892097473145e+00 -8.231775760650634766e-01 1.025250315666198730e+00 -1.175059676170349121e+00 -4.377575516700744629e-01 -2.093712687492370605e-01 5.117590427398681641e-01 -5.132881402969360352e-01 1.516387820243835449e+00
4.705529212951660156e-01 -1.298862934112548828e+00 -9.739633798599243164e-01 1.404171109199523926e+00 -7.854942679405212402e-01 -6.064013838768005371e-01 -3.740085959434509277e-01 5.190331935882568359e-01 -6.643471717834472656e-01 1.468154907226562500e+00
4.774502515792846680e-01 -1.299095034599304199e+00 -9.811342358589172363e-01 1.416478276252746582e+00 -7.839896082878112793e-01 -6.209478974342346191e-01 -3.806300163269042969e-01 5.228394865989685059e-01 -6.654858589172363281e-01 1.464007019996643066e+00
4.791107773780822754e-01 -1.309839963912963867e+00 -1.003534436225891113e+00 1.408713459968566895e+00 -7.668355703353881836e-01 -6.221980452537536621e-01 -3.897436261177062988e-01 5.267826914787292480e-01 -6.747209429740905762e-01 1.455754041671752930e+00
4.792167544364929199e-01 -1.312338232994079590e+00 -9.949281215667724609e-01 1.429652094841003418e+00 -7.561711668968200684e-01 -6.220993995666503906e-01 -3.932926058769226074e-01 5.243176817893981934e-01 -6.802497506141662598e-01 1.452825427055358887e+00
4.830835461616516113e-01 -1.312475919723510742e+00 -9.990733861923217773e-01 1.426956057548522949e+00 -7.466295957565307617e-01 -6.329411864280700684e-01 -3.926306962966918945e-01 5.281966924667358398e-01 -6.786594986915588379e-01 1.456634521484375000e+00
4.771529436111450195e-01 -1.308312416076660156e+00 -9.962762594223022461e-01 1.435942530632019043e+00 -7.584721446037292480e-01 -6.273397803306579590e-01 -3.914337754249572754e-01 5.239299535751342773e-01 -6.711806654930114746e-01 1.453418135643005371e+00
4.769006967544555664e-01 -1.309345722198486328e+00 -1.004248738288879395e+00 1.425011396408081055e+00 -7.519589066505432129e-01 -6.191617250442504883e-01 -3.938678503036499023e-01 5.304959416389465332e-01 -6.819558739662170410e-01 1.459358334541320801e+00
4.034534096717834473e-01 -1.080149292945861816e+00 -8.239910602569580078e-01 1.536505579948425293e+00 -1.019852399826049805e+00 -6.137001514434814453e-01 -1.908665895462036133e-01 4.181856215000152588e-01 -4.203393161296844482e-01 1.514778494834899902e+00
4.023560881614685059e-01 -1.080801725387573242e+00 -8.186115026473999023e-01 1.530600905418395996e+00 -1.006284594535827637e+00 -6.167734265327453613e-01 -2.038053870201110840e-01 4.259122312068939209e-01 -4.226420819759368896e-01 1.521070599555969238e+00
4.012410640716552734e-01 -1.092493534088134766e+00 -8.129411935806274414e-01 1.526457548141479492e+00 -1.006108641624450684e+00 -6.059849858283996582e-01 -2.096729874610900879e-01 4.201667010784149170e-01 -4.313865005970001221e-01 1.517401218414306641e+00
4.022115468978881836e-01 -1.085763812065124512e+00 -8.154786825180053711e-01 1.548685193061828613e+00 -1.000728726387023926e+00 -6.154595017433166504e-01 -2.039510607719421387e-01 4.174389541149139404e-01 -4.263103306293487549e-01 1.516487360000610352e+00
4.035779833793640137e-01 -1.084101557731628418e+00 -8.225873112678527832e-01 1.533692002296447754e+00 -1.009234666824340820e+00 -6.132783889770507812e-01 -2.045095562934875488e-01 4.234849512577056885e-01 -4.200894236564636230e-01 1.523972868919372559e+00
4.019549489021301270e-01 -1.086869716644287109e+00 -8.239615559577941895e-01 1.523279905319213867e+00 -1.009996891021728516e+00 -6.118652224540710449e-01 -2.058329582214355469e-01 4.223781526088714600e-01 -4.275646507740020752e-01 1.517180323600769043e+00
4.009134173393249512e-01 -1.086572647094726562e+00 -8.208328485488891602e-01 1.539095520973205566e+00 -1.001817226409912109e+00 -6.093239188194274902e-01 -1.955814361572265625e-01 4.181770384311676025e-01 -4.157303869724273682e-01 1.525973916053771973e+00
2.480038553476333618e-01 -5.148012638092041016e-01 -8.539136052131652832e-01 1.735539078712463379e+00 -8.891543745994567871e-01 -5.901414752006530762e-01 -5.072954110801219940e-03 3.630120456218719482e-01 -3.570805191993713379e-01 1.701845526695251465e+00
-2.770921587944030762e-01 1.454257816076278687e-01 -1.394568443298339844e+00 1.288152217864990234e+00 -8.350199460983276367e-01 -4.925011992454528809e-01 -1.548636555671691895e-01 4.633911848068237305e-01 -6.371564865112304688e-01 1.305661678314208984e+00
-2.325808256864547729e-01 2.962373197078704834e-02 -1.447283983230590820e+00 1.153366804122924805e+00 -8.154512643814086914e-01 -5.799912214279174805e-01 -2.236926555633544922e-01 5.015418529510498047e-01 -7.446615099906921387e-01 1.128012776374816895e+00
-2.357423752546310425e-01 2.438198029994964600e-02 -1.442481517791748047e+00 1.154113054275512695e+00 -8.121729493141174316e-01 -5.843605399131774902e-01 -2.290923595428466797e-01 4.895881116390228271e-01 -7.412758469581604004e-01 1.125960826873779297e+00
-2.505279183387756348e-01 6.063102185726165771e-02 -1.446646809577941895e+00 1.242578625679016113e+00 -8.129348158836364746e-01 -5.212314724922180176e-01 -2.170147299766540527e-01 4.800313115119934082e-01 -7.230966687202453613e-01 1.175308704376220703e+00
-2.412188500165939331e-01 4.779969155788421631e-02 -1.408704280853271484e+00 1.221957206726074219e+00 -8.146931529045104980e-01 -5.221055150032043457e-01 -1.877332329750061035e-01 4.761100113391876221e-01 -6.939378380775451660e-01 1.214624285697937012e+00
-3.729400634765625000e-01 2.552403211593627930e-01 -1.379196763038635254e+00 1.329637885093688965e+00 -9.481559395790100098e-01 -5.043949484825134277e-01 -1.412485241889953613e-01 4.259139001369476318e-01 -5.841286778450012207e-01 1.280448555946350098e+00
-4.602832496166229248e-01 2.688064575195312500e-01 -1.264100909233093262e+00 1.345043540000915527e+00 -1.027905464172363281e+00 -4.862919449806213379e-01 -1.521674394607543945e-01 3.806621134281158447e-01 -5.290151834487915039e-01 1.157660603523254395e+00
