8.963440656661987305e-01 6.173590421676635742e-01 1.228503882884979248e-02 1.076328635215759277e+00 9.219542145729064941e-02 -5.574239790439605713e-02 6.599852442741394043e-01 1.359877705574035645e+00 -1.260579526424407959e-01 6.008028388023376465e-01
8.786798715591430664e-01 6.140924692153930664e-01 1.021809875965118408e-02 1.057138323783874512e+00 7.111085951328277588e-02 -8.337898552417755127e-02 7.208388447761535645e-01 1.375677585601806641e+00 -1.028967350721359253e-01 6.213048100471496582e-01
7.548556327819824219e-01 6.641646623611450195e-01 4.041875898838043213e-02 1.000069856643676758e+00 -2.156552672386169434e-02 1.995341386646032333e-03 1.201794147491455078e+00 1.369720220565795898e+00 1.780671328306198120e-01 5.805070400238037109e-01
1.148236870765686035e+00 1.228892326354980469e+00 -1.138557642698287964e-01 1.113057851791381836e+00 2.088088542222976685e-01 3.914597630500793457e-01 8.195670247077941895e-01 1.419172048568725586e+00 3.771318495273590088e-01 2.313055396080017090e-01
1.266668677330017090e+00 1.488273620605468750e+00 -1.456558257341384888e-01 1.102997303009033203e+00 2.933744192123413086e-01 5.955671668052673340e-01 7.497079372406005859e-01 1.468578100204467773e+00 4.756581783294677734e-01 1.107323765754699707e-01
1.294642567634582520e+00 1.536400079727172852e+00 -1.654950529336929321e-01 1.112939715385437012e+00 3.169968426227569580e-01 6.348319053649902344e-01 7.383924722671508789e-01 1.468678712844848633e+00 4.972215294837951660e-01 1.042016148567199707e-01
1.306507825851440430e+00 1.525397300720214844e+00 -1.540064066648483276e-01 1.092244267463684082e+00 3.177904784679412842e-01 6.399688720703125000e-01 7.287814617156982422e-01 1.474821567535400391e+00 4.916297495365142822e-01 9.717440605163574219e-02
1.294285178184509277e+00 1.520734310150146484e+00 -1.597123891115188599e-01 1.094428181648254395e+00 3.234628140926361084e-01 6.419640779495239258e-01 7.275755405426025391e-01 1.451625704765319824e+00 4.996064603328704834e-01 9.358525276184082031e-02
1.294282317161560059e+00 1.526446104049682617e+00 -1.594264656305313110e-01 1.098355054855346680e+00 3.184125125408172607e-01 6.455171704292297363e-01 7.326623797416687012e-01 1.469949245452880859e+00 4.958836734294891357e-01 1.020084619522094727e-01
1.285018324851989746e+00 1.528441905975341797e+00 -1.566592007875442505e-01 1.103484988212585449e+00 3.139143884181976318e-01 6.383571624755859375e-01 7.290845513343811035e-01 1.464546680450439453e+00 4.929968118667602539e-01 1.073876023292541504e-01
1.293682932853698730e+00 1.532605528831481934e+00 -1.561342328786849976e-01 1.110555887222290039e+00 3.199243843555450439e-01 6.351686716079711914e-01 7.274963855743408203e-01 1.460386872291564941e+00 4.879999458789825439e-01 1.118447780609130859e-01
1.298186659812927246e+00 1.518684148788452148e+00 -1.630063503980636597e-01 1.103275179862976074e+00 3.108595311641693115e-01 6.449904441833496094e-01 7.308089137077331543e-01 1.467176675796508789e+00 4.942103624343872070e-01 9.625798463821411133e-02
1.299931049346923828e+00 1.548237085342407227e+00 -1.489193290472030640e-01 1.125380873680114746e+00 3.141857087612152100e-01 6.553024649620056152e-01 7.430943250656127930e-01 1.477509379386901855e+00 4.955749809741973877e-01 1.000520586967468262e-01
1.265111565589904785e+00 1.552900075912475586e+00 -2.017453759908676147e-01 1.066809296607971191e+00 4.345849454402923584e-01 8.098591566085815430e-01 6.735571026802062988e-01 1.393836021423339844e+00 4.898010194301605225e-01 4.173702374100685120e-02
9.775526523590087891e-01 1.059170961380004883e+00 -2.237117141485214233e-01 9.258712530136108398e-01 1.071087241172790527e+00 1.840254783630371094e+00 6.765852570533752441e-01 1.090067386627197266e+00 8.144937157630920410e-01 1.100938320159912109e-01
5.801149606704711914e-01 6.526434421539306641e-01 -5.579924583435058594e-01 7.719949483871459961e-01 1.837105274200439453e+00 2.689878940582275391e-01 1.061363816261291504e-01 6.331180930137634277e-01 8.660902976989746094e-01 8.123123645782470703e-02
4.632362723350524902e-01 5.386685132980346680e-01 -4.176464378833770752e-01 9.434694051742553711e-01 1.781213879585266113e+00 6.618438661098480225e-02 -6.594562530517578125e-02 4.474278986454010010e-01 8.007636666297912598e-01 2.920204699039459229e-01
4.646262526512145996e-01 5.312698483467102051e-01 -4.166297614574432373e-01 9.373342990875244141e-01 1.783034563064575195e+00 6.282059848308563232e-02 -6.096208468079566956e-02 4.487223923206329346e-01 8.047645688056945801e-01 2.892195284366607666e-01
4.663248658180236816e-01 5.440290570259094238e-01 -4.175152778625488281e-01 9.489956498146057129e-01 1.785668134689331055e+00 6.622914969921112061e-02 -6.001359596848487854e-02 4.401623904705047607e-01 8.043801784515380859e-01 2.975518703460693359e-01
4.691899418830871582e-01 5.396503210067749023e-01 -4.080314636230468750e-01 9.468685388565063477e-01 1.781777381896972656e+00 6.948582828044891357e-02 -6.607371568679809570e-02 4.550102651119232178e-01 8.032504916191101074e-01 2.790618240833282471e-01
4.712362289428710938e-01 5.361521244049072266e-01 -4.104452133178710938e-01 9.457939863204956055e-01 1.789841771125793457e+00 6.936298310756683350e-02 -6.576561927795410156e-02 4.553573429584503174e-01 8.009720444679260254e-01 2.848930358886718750e-01
4.583411216735839844e-01 5.400866270065307617e-01 -4.103053510189056396e-01 9.615615606307983398e-01 1.790974020957946777e+00 7.038466632366180420e-02 -7.057905197143554688e-02 4.428487718105316162e-01 7.977856397628784180e-01 2.903997898101806641e-01
4.738115668296813965e-01 5.446260571479797363e-01 -4.155359566211700439e-01 9.533917903900146484e-01 1.793341636657714844e+00 6.636475026607513428e-02 -6.398886442184448242e-02 4.477553069591522217e-01 8.020613193511962891e-01 2.837634682655334473e-01
7.290244102478027344e-01 5.733210444450378418e-01 3.989984095096588135e-02 7.490122318267822266e-01 1.645193576812744141e+00 6.354393362998962402e-01 2.880268096923828125e-01 6.006895303726196289e-01 1.155303716659545898e+00 3.946746587753295898e-01
8.355775475502014160e-01 9.386380910873413086e-01 1.945662647485733032e-01 7.114970088005065918e-01 1.803701639175415039e+00 1.004375576972961426e+00 2.350203394889831543e-01 6.781420707702636719e-01 9.557628035545349121e-01 2.888456583023071289e-01
8.390649557113647461e-01 9.463821649551391602e-01 1.957290023565292358e-01 7.163836956024169922e-01 1.804619073867797852e+00 1.008581280708312988e+00 2.404389977455139160e-01 6.830024719238281250e-01 9.542906284332275391e-01 2.835411429405212402e-01
8.344204425811767578e-01 9.396274685859680176e-01 2.085466235876083374e-01 7.117165327072143555e-01 1.821530938148498535e+00 1.003162980079650879e+00 2.383786439895629883e-01 6.853738427162170410e-01 9.449878931045532227e-01 2.775154709815979004e-01
8.281450271606445312e-01 9.506273269653320312e-01 2.084438651800155640e-01 7.199839353561401367e-01 1.808394193649291992e+00 1.006507039070129395e+00 2.434856891632080078e-01 6.763569712638854980e-01 9.500676393508911133e-01 2.841154932975769043e-01
8.274102807044982910e-01 9.480631351470947266e-01 2.037239223718643188e-01 7.113418579101562500e-01 1.811859011650085449e+00 9.962412714958190918e-01 2.368959784507751465e-01 6.910113692283630371e-01 9.544288516044616699e-01 2.739105820655822754e-01
8.476025462150573730e-01 9.658324718475341797e-01 2.031648010015487671e-01 6.864910125732421875e-01 1.787294507026672363e+00 9.845687747001647949e-01 1.980230212211608887e-01 7.039951086044311523e-01 8.766045570373535156e-01 2.498263716697692871e-01
1.210174560546875000e+00 1.235018134117126465e+00 3.232672214508056641e-01 9.639878273010253906e-01 1.184903264045715332e+00 6.104545593261718750e-01 2.697671651840209961e-01 6.537311673164367676e-01 7.776253819465637207e-01 1.223077178001403809e-01
1.202240586280822754e+00 1.109030723571777344e+00 3.603429496288299561e-01 1.131517291069030762e+00 1.011922478675842285e+00 2.989643812179565430e-01 2.791113257408142090e-01 8.166351318359375000e-01 7.700446248054504395e-01 1.737190485000610352e-01
1.206886768341064453e+00 1.097396492958068848e+00 3.684462904930114746e-01 1.138499379158020020e+00 1.005515098571777344e+00 2.976098954677581787e-01 2.779318690299987793e-01 8.240413665771484375e-01 7.659746408462524414e-01 1.742473244667053223e-01
1.184310078620910645e+00 1.080940008163452148e+00 3.376920819282531738e-01 1.117690443992614746e+00 9.984464049339294434e-01 2.601593732833862305e-01 2.699813246726989746e-01 7.954245805740356445e-01 7.749475240707397461e-01 1.618583202362060547e-01
8.343502879142761230e-01 5.527010560035705566e-01 3.352484107017517090e-01 1.014131665229797363e+00 1.135680317878723145e+00 -2.429945580661296844e-02 2.333038449287414551e-01 6.162454485893249512e-01 6.341785192489624023e-01 3.360368609428405762e-01
9.372432827949523926e-01 8.769641816616058350e-02 4.722769260406494141e-01 6.463320255279541016e-01 1.198955297470092773e+00 -5.098433792591094971e-02 -6.477838754653930664e-02 4.846767485141754150e-01 4.950914978981018066e-01 4.830486178398132324e-01
1.026605963706970215e+00 2.192063778638839722e-01 5.706150531768798828e-01 7.367984056472778320e-01 1.231964588165283203e+00 2.081830985844135284e-02 -1.886662840843200684e-01 5.438673496246337891e-01 3.828518986701965332e-01 4.626599252223968506e-01
1.044240832328796387e+00 2.296925634145736694e-01 5.613757371902465820e-01 7.420690059661865234e-01 1.234550356864929199e+00 1.482318527996540070e-02 -1.843770146369934082e-01 5.573797225952148438e-01 3.833452165126800537e-01 4.614505469799041748e-01
