7.361049056053161621e-01 7.461736202239990234e-01 -1.164178133010864258e+00 1.038379311561584473e+00 -2.233173400163650513e-01 1.379119046032428741e-02 3.572018146514892578e-01 1.351944327354431152e+00 1.255038380622863770e-02 7.561309337615966797e-01
7.450435161590576172e-01 7.426255345344543457e-01 -1.169167399406433105e+00 1.051216602325439453e+00 -2.228451371192932129e-01 1.622958667576313019e-02 3.491948843002319336e-01 1.355609416961669922e+00 3.491148352622985840e-03 7.647383809089660645e-01
6.475161314010620117e-01 6.849833130836486816e-01 -1.104290127754211426e+00 9.532295465469360352e-01 -2.908673882484436035e-01 1.799677498638629913e-02 6.236709952354431152e-01 1.314054131507873535e+00 1.394438445568084717e-01 8.221659660339355469e-01
8.365602493286132812e-01 1.060099005699157715e+00 -1.172890424728393555e+00 1.018967747688293457e+00 -1.444222778081893921e-01 2.845249772071838379e-01 7.724411487579345703e-01 1.281677484512329102e+00 5.292044878005981445e-01 4.953128099441528320e-01
1.102104306221008301e+00 1.508602261543273926e+00 -1.153538227081298828e+00 1.070079445838928223e+00 -1.023054271936416626e-01 4.408632516860961914e-01 4.498049616813659668e-01 1.370861053466796875e+00 6.903658509254455566e-01 3.247652649879455566e-01
1.196282863616943359e+00 1.640810608863830566e+00 -1.102695822715759277e+00 1.058384537696838379e+00 -9.915292263031005859e-03 6.056742072105407715e-01 4.548475444316864014e-01 1.421759486198425293e+00 7.476558089256286621e-01 2.663279771804809570e-01
1.194898128509521484e+00 1.646365404129028320e+00 -1.108329415321350098e+00 1.059050440788269043e+00 1.196064054965972900e-02 6.194094419479370117e-01 4.652693271636962891e-01 1.413480997085571289e+00 7.575038075447082520e-01 2.477170228958129883e-01
1.195768833160400391e+00 1.641453027725219727e+00 -1.124042510986328125e+00 1.052619338035583496e+00 1.618592441082000732e-02 6.071934700012207031e-01 4.630494415760040283e-01 1.411034226417541504e+00 7.633932232856750488e-01 2.442978918552398682e-01
1.199266314506530762e+00 1.642188906669616699e+00 -1.106816172599792480e+00 1.056078314781188965e+00 -6.903245579451322556e-03 6.261083483695983887e-01 4.572620391845703125e-01 1.418657541275024414e+00 7.485538125038146973e-01 2.570945918560028076e-01
1.187811851501464844e+00 1.647860050201416016e+00 -1.084735989570617676e+00 1.014174342155456543e+00 1.027063280344009399e-01 7.792146205902099609e-01 3.921680152416229248e-01 1.401102900505065918e+00 7.489688396453857422e-01 2.134954631328582764e-01
9.660183787345886230e-01 1.172579884529113770e+00 -6.219686269760131836e-01 7.647364735603332520e-01 8.296262621879577637e-01 1.988763451576232910e+00 3.073929548263549805e-01 1.198699116706848145e+00 9.712975621223449707e-01 2.593445181846618652e-01
7.661256790161132812e-01 8.620031476020812988e-01 -1.082309961318969727e+00 6.911103725433349609e-01 1.569670200347900391e+00 4.141747951507568359e-01 -2.191873192787170410e-01 7.611990571022033691e-01 9.482787847518920898e-01 9.154301881790161133e-02
7.128031849861145020e-01 8.374047279357910156e-01 -9.189318418502807617e-01 7.713422775268554688e-01 1.668042302131652832e+00 2.390614598989486694e-01 -5.321337580680847168e-01 7.326131463050842285e-01 9.469587206840515137e-01 1.453794240951538086e-01
7.179253101348876953e-01 8.500137329101562500e-01 -9.272509813308715820e-01 7.713096141815185547e-01 1.665922999382019043e+00 2.336405366659164429e-01 -5.419054031372070312e-01 7.280791997909545898e-01 9.597555398941040039e-01 1.431282162666320801e-01
7.139891386032104492e-01 8.290174007415771484e-01 -9.118896722793579102e-01 7.745125293731689453e-01 1.676173090934753418e+00 2.216952294111251831e-01 -5.505449175834655762e-01 7.329795360565185547e-01 9.502622485160827637e-01 1.442170739173889160e-01
7.445728182792663574e-01 8.746608495712280273e-01 -9.280338287353515625e-01 7.941911816596984863e-01 1.658893823623657227e+00 2.812069058418273926e-01 -5.094124674797058105e-01 7.528853416442871094e-01 9.601503014564514160e-01 1.205187439918518066e-01
1.085712671279907227e+00 1.528850555419921875e+00 -2.269013673067092896e-01 7.760708332061767578e-01 1.572064757347106934e+00 1.318675756454467773e+00 -5.298292040824890137e-01 9.709936380386352539e-01 9.742274880409240723e-01 2.561998367309570312e-01
1.148207783699035645e+00 1.669171094894409180e+00 -2.342209666967391968e-01 7.420597672462463379e-01 1.517334222793579102e+00 1.400636911392211914e+00 -5.920928716659545898e-01 1.019257783889770508e+00 8.615735769271850586e-01 1.897659301757812500e-01
1.154286980628967285e+00 1.665278792381286621e+00 -2.331637889146804810e-01 7.357201576232910156e-01 1.507018804550170898e+00 1.391061782836914062e+00 -5.903338193893432617e-01 1.030323028564453125e+00 8.692826032638549805e-01 1.909396648406982422e-01
1.158580780029296875e+00 1.654486894607543945e+00 -2.309884876012802124e-01 7.281978726387023926e-01 1.510229349136352539e+00 1.393818855285644531e+00 -5.990242362022399902e-01 1.024348497390747070e+00 8.614002466201782227e-01 1.921527981758117676e-01
1.106813073158264160e+00 1.411278486251831055e+00 -2.549715936183929443e-01 8.111555576324462891e-01 1.519139766693115234e+00 1.140344381332397461e+00 -4.537678956985473633e-01 9.290832281112670898e-01 1.082342743873596191e+00 2.875159382820129395e-01
1.489573597908020020e+00 1.803375482559204102e+00 -5.442328751087188721e-02 8.308515548706054688e-01 8.370192050933837891e-01 7.644525766372680664e-01 -5.632165074348449707e-01 1.049870133399963379e+00 7.691510319709777832e-01 7.336467504501342773e-02
1.477429270744323730e+00 1.705300569534301758e+00 -5.977444350719451904e-02 1.025915622711181641e+00 6.527180671691894531e-01 4.003647565841674805e-01 -5.852255225181579590e-01 1.307878851890563965e+00 7.020731568336486816e-01 1.259290575981140137e-01
1.232209205627441406e+00 1.290158867835998535e+00 -1.005098074674606323e-01 9.657625555992126465e-01 8.156633973121643066e-01 1.287081688642501831e-01 -5.617156028747558594e-01 1.077323198318481445e+00 6.424558758735656738e-01 2.423849701881408691e-01
9.502122402191162109e-01 5.603166222572326660e-01 -2.198623120784759521e-02 7.377721071243286133e-01 1.115803956985473633e+00 3.891800343990325928e-02 -8.510653972625732422e-01 1.015693783760070801e+00 4.253917038440704346e-01 4.232921600341796875e-01
1.114678025245666504e+00 7.368402481079101562e-01 8.877159655094146729e-02 5.923869609832763672e-01 1.011613011360168457e+00 1.137540787458419800e-01 -1.112517714500427246e+00 9.650709629058837891e-01 2.999463975429534912e-01 4.544337093830108643e-01
