8.244757056236267090e-01 6.930249929428100586e-01 -1.083948850631713867e+00 7.334895730018615723e-01 -3.478189706802368164e-01 2.168997973203659058e-01 3.552808165550231934e-01 1.028664827346801758e+00 2.606339007616043091e-02 7.517318129539489746e-01
8.475686311721801758e-01 6.951688528060913086e-01 -1.164502263069152832e+00 7.166389226913452148e-01 -3.367726504802703857e-01 1.335019320249557495e-01 3.771365880966186523e-01 9.835561513900756836e-01 2.591833472251892090e-02 7.053230404853820801e-01
8.593214750289916992e-01 5.681430697441101074e-01 -1.053859829902648926e+00 6.199002265930175781e-01 -3.778098523616790771e-01 2.934492826461791992e-01 3.877751529216766357e-01 9.303985834121704102e-01 9.067311882972717285e-03 8.147318959236145020e-01
7.811328768730163574e-01 5.532174706459045410e-01 -1.035521984100341797e+00 5.758585929870605469e-01 -4.202022850513458252e-01 3.099269270896911621e-01 4.039025008678436279e-01 9.537672400474548340e-01 -1.168550550937652588e-02 8.349766135215759277e-01
6.989893913269042969e-01 5.641332864761352539e-01 -1.053849816322326660e+00 5.601425170898437500e-01 -4.765775203704833984e-01 3.290682435035705566e-01 4.140897989273071289e-01 9.417756199836730957e-01 1.654137670993804932e-02 7.843197584152221680e-01
7.802780866622924805e-01 4.776858091354370117e-01 -1.038612484931945801e+00 5.598379373550415039e-01 -5.023925900459289551e-01 2.935746312141418457e-01 3.522958755493164062e-01 9.822883009910583496e-01 -4.105181992053985596e-02 8.456726074218750000e-01
8.753077983856201172e-01 3.443794250488281250e-01 -1.022083997726440430e+00 5.913637876510620117e-01 -4.986338317394256592e-01 2.420914620161056519e-01 3.176108300685882568e-01 9.980584383010864258e-01 -1.353176385164260864e-01 9.397287964820861816e-01
8.748949766159057617e-01 4.182837009429931641e-01 -1.091117978096008301e+00 4.945956766605377197e-01 -4.587178826332092285e-01 1.919053643941879272e-01 2.425944805145263672e-01 9.116166234016418457e-01 -1.487128883600234985e-01 9.048631191253662109e-01
9.271297454833984375e-01 4.532261490821838379e-01 -1.114855289459228516e+00 4.650177061557769775e-01 -4.146333932876586914e-01 1.623345464468002319e-01 2.166071534156799316e-01 9.119376540184020996e-01 -1.148125082254409790e-01 8.969796299934387207e-01
9.253168702125549316e-01 4.866923093795776367e-01 -1.134163260459899902e+00 4.744475185871124268e-01 -4.028371572494506836e-01 1.541007012128829956e-01 2.014036178588867188e-01 9.202191829681396484e-01 -1.145314574241638184e-01 8.743698000907897949e-01
9.307784438133239746e-01 4.849536418914794922e-01 -1.128690838813781738e+00 4.653876423835754395e-01 -4.125619232654571533e-01 1.651206463575363159e-01 1.987156867980957031e-01 9.205762147903442383e-01 -1.136415600776672363e-01 8.731984496116638184e-01
9.232614040374755859e-01 4.943604469299316406e-01 -1.134360671043395996e+00 4.699789285659790039e-01 -4.071856439113616943e-01 1.607564538717269897e-01 1.971990466117858887e-01 9.147033095359802246e-01 -1.150470525026321411e-01 8.715484738349914551e-01
9.353795051574707031e-01 4.735305309295654297e-01 -1.132009863853454590e+00 4.710485041141510010e-01 -3.958608508110046387e-01 1.624610275030136108e-01 2.052910327911376953e-01 9.177449345588684082e-01 -1.047715097665786743e-01 8.802187442779541016e-01
1.222900032997131348e+00 1.156908720731735229e-01 -1.000237822532653809e+00 5.818782448768615723e-01 -2.725474536418914795e-01 2.997425198554992676e-01 3.333619236946105957e-01 9.766776561737060547e-01 -1.787020117044448853e-01 1.020555138587951660e+00
1.874993205070495605e+00 -4.297681152820587158e-02 -1.092493534088134766e+00 4.018662273883819580e-01 -2.512301802635192871e-01 1.536607593297958374e-01 -3.786630928516387939e-01 9.499643445014953613e-01 -3.497814834117889404e-01 6.590799689292907715e-01
1.872229456901550293e+00 -4.438664019107818604e-02 -1.087477564811706543e+00 4.243176281452178955e-01 -2.352273017168045044e-01 1.632721275091171265e-01 -3.833321332931518555e-01 9.481916427612304688e-01 -3.441073894500732422e-01 6.586663126945495605e-01
1.873302221298217773e+00 -5.326099693775177002e-02 -1.087214827537536621e+00 4.190390110015869141e-01 -2.333903163671493530e-01 1.589626520872116089e-01 -3.774681389331817627e-01 9.525608420372009277e-01 -3.454084098339080811e-01 6.558256745338439941e-01
1.870906949043273926e+00 -5.105985701084136963e-02 -1.084144473075866699e+00 4.225974977016448975e-01 -2.465421706438064575e-01 1.554792374372482300e-01 -3.737923502922058105e-01 9.506961703300476074e-01 -3.404377996921539307e-01 6.625470519065856934e-01
1.878272652626037598e+00 -5.426295101642608643e-02 -1.097964525222778320e+00 4.240000545978546143e-01 -2.368665188550949097e-01 1.579421013593673706e-01 -3.725914359092712402e-01 9.518601894378662109e-01 -3.469910919666290283e-01 6.529267430305480957e-01
1.872615814208984375e+00 -5.255337059497833252e-02 -1.090181708335876465e+00 4.208398163318634033e-01 -2.368008345365524292e-01 1.566268652677536011e-01 -3.793143033981323242e-01 9.542318582534790039e-01 -3.490662276744842529e-01 6.490257382392883301e-01
1.868628382682800293e+00 -5.165691673755645752e-02 -1.090064525604248047e+00 4.218883514404296875e-01 -2.340474575757980347e-01 1.535232514142990112e-01 -3.679287135601043701e-01 9.471852779388427734e-01 -3.398034274578094482e-01 6.632313728332519531e-01
1.882651209831237793e+00 -4.498566687107086182e-02 -1.092741012573242188e+00 4.197752177715301514e-01 -2.396834045648574829e-01 1.675953119993209839e-01 -3.734442889690399170e-01 9.567848443984985352e-01 -3.460491001605987549e-01 6.572625637054443359e-01
1.871449112892150879e+00 -4.333890974521636963e-02 -1.091203927993774414e+00 4.199464023113250732e-01 -2.276244014501571655e-01 1.560706347227096558e-01 -3.726488053798675537e-01 9.448571205139160156e-01 -3.416542708873748779e-01 6.533503532409667969e-01
5.100374221801757812e-01 -7.795007824897766113e-01 -1.582791924476623535e+00 7.356637716293334961e-01 -1.108744144439697266e+00 4.049985110759735107e-02 -1.622822999954223633e+00 5.643468499183654785e-01 -9.979066252708435059e-01 -8.507922291755676270e-01
6.636025011539459229e-02 -9.393097758293151855e-01 -1.453410267829895020e+00 1.000724911689758301e+00 -1.215928316116333008e+00 4.023642539978027344e-01 -5.477558374404907227e-01 5.894176959991455078e-01 -9.670725464820861816e-01 -6.164633035659790039e-01
5.106822773814201355e-02 -8.788095116615295410e-01 -1.525671124458312988e+00 9.958031177520751953e-01 -1.242634892463684082e+00 4.459530115127563477e-01 -4.582830071449279785e-01 5.825604796409606934e-01 -9.856833815574645996e-01 -6.411061286926269531e-01
5.469221994280815125e-02 -8.744105696678161621e-01 -1.527613759040832520e+00 9.964295625686645508e-01 -1.231116294860839844e+00 4.375107884407043457e-01 -4.547786116600036621e-01 5.845535993576049805e-01 -9.857237935066223145e-01 -6.492785215377807617e-01
4.955593869090080261e-02 -8.745669722557067871e-01 -1.529505372047424316e+00 9.952379465103149414e-01 -1.245675325393676758e+00 4.411140680313110352e-01 -4.533958435058593750e-01 5.875554084777832031e-01 -9.841000437736511230e-01 -6.545056700706481934e-01
5.042759701609611511e-02 -8.922669887542724609e-01 -1.542393565177917480e+00 9.913297295570373535e-01 -1.250736474990844727e+00 4.452223181724548340e-01 -4.512913823127746582e-01 5.858584046363830566e-01 -9.549987912178039551e-01 -6.491652727127075195e-01
-2.818899229168891907e-02 -5.347604155540466309e-01 -1.612204194068908691e+00 1.064579844474792480e+00 -1.093266248703002930e+00 6.561716198921203613e-01 -8.045226335525512695e-02 6.039334535598754883e-01 -8.195378184318542480e-01 -6.956022977828979492e-01
-1.507611721754074097e-01 -1.804231554269790649e-01 -1.642248034477233887e+00 9.129680395126342773e-01 -1.380788326263427734e+00 7.120140194892883301e-01 -1.778086423873901367e-01 7.264552712440490723e-01 -6.963919997215270996e-01 -7.431669235229492188e-01
-2.848701775074005127e-01 1.270191371440887451e-02 -1.744677543640136719e+00 7.827388048171997070e-01 -1.485788583755493164e+00 3.630762100219726562e-01 -3.869273662567138672e-01 6.571016907691955566e-01 -7.024023532867431641e-01 -9.519770145416259766e-01
-3.020723462104797363e-01 4.150681197643280029e-02 -1.749871253967285156e+00 7.749488353729248047e-01 -1.492352128028869629e+00 3.616923689842224121e-01 -3.747331202030181885e-01 6.373103857040405273e-01 -6.984615921974182129e-01 -9.749302864074707031e-01
-2.927479147911071777e-01 2.455006539821624756e-02 -1.746809720993041992e+00 7.856730222702026367e-01 -1.494221448898315430e+00 3.564788699150085449e-01 -3.675288558006286621e-01 6.436640620231628418e-01 -6.942362189292907715e-01 -9.624184370040893555e-01
-3.332072496414184570e-01 1.828573644161224365e-02 -1.719875216484069824e+00 8.481189012527465820e-01 -1.474763751029968262e+00 4.469117522239685059e-01 -2.418854832649230957e-01 6.894658207893371582e-01 -6.752914190292358398e-01 -8.500849008560180664e-01
-4.602214395999908447e-01 2.460242956876754761e-01 -1.707115292549133301e+00 9.118142127990722656e-01 -1.408403635025024414e+00 5.717527866363525391e-01 -1.584736108779907227e-01 6.645599007606506348e-01 -5.765395760536193848e-01 -9.573526382446289062e-01
-5.082272291183471680e-01 3.061882257461547852e-01 -1.703190445899963379e+00 9.046742916107177734e-01 -1.408478379249572754e+00 5.310290455818176270e-01 -1.919006109237670898e-01 6.792854070663452148e-01 -5.650262236595153809e-01 -1.009417891502380371e+00
-4.971841871738433838e-01 2.870455384254455566e-01 -1.710148453712463379e+00 8.939726352691650391e-01 -1.378576159477233887e+00 5.090237855911254883e-01 -1.576319336891174316e-01 6.618865132331848145e-01 -5.381854176521301270e-01 -9.766460061073303223e-01
