3.957785964012145996e-01 1.494262069463729858e-01 5.537384748458862305e-01 8.012679815292358398e-01 -6.662170290946960449e-01 2.517227530479431152e-01 8.456488251686096191e-01 1.183879375457763672e+00 -1.334878653287887573e-01 -9.884830713272094727e-01
3.941251635551452637e-01 1.405721157789230347e-01 5.433536171913146973e-01 8.139562606811523438e-01 -6.781980395317077637e-01 2.695902585983276367e-01 8.714169859886169434e-01 1.193448066711425781e+00 -1.398675143718719482e-01 -9.748947620391845703e-01
3.104075789451599121e-01 -9.629316627979278564e-02 5.472468137741088867e-01 7.726784944534301758e-01 -8.052145838737487793e-01 3.813491463661193848e-01 9.774627685546875000e-01 1.234682798385620117e+00 -3.181207776069641113e-01 -6.751251220703125000e-01
6.737837791442871094e-01 -4.599934518337249756e-01 5.706341862678527832e-01 6.456382274627685547e-01 -9.727514386177062988e-01 5.053755044937133789e-01 1.239857792854309082e+00 1.257782340049743652e+00 -5.173056721687316895e-01 -4.976246953010559082e-01
6.920403242111206055e-01 -5.577105879783630371e-01 5.452510714530944824e-01 6.338279247283935547e-01 -1.007486820220947266e+00 5.688640475273132324e-01 1.280430436134338379e+00 1.260821461677551270e+00 -5.638259053230285645e-01 -4.307597279548645020e-01
6.723945736885070801e-01 -5.458923578262329102e-01 5.467502474784851074e-01 6.581724882125854492e-01 -1.016342878341674805e+00 5.759465694427490234e-01 1.277818083763122559e+00 1.271583437919616699e+00 -5.644312500953674316e-01 -4.088589549064636230e-01
6.745232343673706055e-01 -5.490368008613586426e-01 5.528236627578735352e-01 6.545914411544799805e-01 -1.004523158073425293e+00 5.624754428863525391e-01 1.277854681015014648e+00 1.270118951797485352e+00 -5.658980607986450195e-01 -4.091880917549133301e-01
6.792680025100708008e-01 -5.547953248023986816e-01 5.467742681503295898e-01 6.547583341598510742e-01 -9.988176226615905762e-01 5.456288456916809082e-01 1.280946731567382812e+00 1.254657506942749023e+00 -5.609979629516601562e-01 -4.143687486648559570e-01
6.815262436866760254e-01 -5.485672950744628906e-01 5.556509494781494141e-01 6.583799123764038086e-01 -1.002872228622436523e+00 5.522751212120056152e-01 1.288697481155395508e+00 1.261054873466491699e+00 -5.596811771392822266e-01 -4.110493659973144531e-01
6.763059496879577637e-01 -5.447790026664733887e-01 5.463730096817016602e-01 6.528310179710388184e-01 -1.001672863960266113e+00 5.617616772651672363e-01 1.273064255714416504e+00 1.269046545028686523e+00 -5.687760710716247559e-01 -4.201701879501342773e-01
6.750372052192687988e-01 -5.537649989128112793e-01 5.507639646530151367e-01 6.435079574584960938e-01 -1.012890934944152832e+00 5.593358874320983887e-01 1.291540026664733887e+00 1.264760494232177734e+00 -5.623021721839904785e-01 -4.053161144256591797e-01
6.761423349380493164e-01 -5.510765314102172852e-01 5.400553941726684570e-01 6.499421596527099609e-01 -1.015311837196350098e+00 5.685459375381469727e-01 1.274048566818237305e+00 1.258843183517456055e+00 -5.637678503990173340e-01 -4.135853350162506104e-01
6.808653473854064941e-01 -5.429951548576354980e-01 5.483551025390625000e-01 6.437893509864807129e-01 -1.016683578491210938e+00 5.893133282661437988e-01 1.288239359855651855e+00 1.265334606170654297e+00 -5.685898661613464355e-01 -4.073416590690612793e-01
7.124421596527099609e-01 -5.626307129859924316e-01 5.399289131164550781e-01 6.520920991897583008e-01 -1.019068956375122070e+00 5.733596682548522949e-01 1.309699058532714844e+00 1.268352270126342773e+00 -5.650207400321960449e-01 -4.333110153675079346e-01
6.465182304382324219e-01 -5.389588475227355957e-01 6.398929953575134277e-01 7.934920787811279297e-01 -7.476802468299865723e-01 7.292773127555847168e-01 1.585775136947631836e+00 1.154411792755126953e+00 -5.686167478561401367e-01 -2.976778149604797363e-01
5.979963541030883789e-01 -5.528098344802856445e-01 3.892466425895690918e-01 7.621569037437438965e-01 -1.193608343601226807e-02 7.396857142448425293e-01 1.414341926574707031e+00 1.292578458786010742e+00 -7.430408000946044922e-01 -6.345014572143554688e-01
1.044578194618225098e+00 -6.875404119491577148e-01 3.017928004264831543e-01 6.274734139442443848e-01 4.044107794761657715e-01 4.770047068595886230e-01 1.053935408592224121e+00 1.533776879310607910e+00 -1.013864636421203613e+00 -7.393815517425537109e-01
1.050089120864868164e+00 -6.907152533531188965e-01 3.022482097148895264e-01 6.034953594207763672e-01 3.945647478103637695e-01 4.868674278259277344e-01 1.023834824562072754e+00 1.529926776885986328e+00 -1.015951275825500488e+00 -7.597451806068420410e-01
1.046563267707824707e+00 -6.830248832702636719e-01 3.138562440872192383e-01 6.197836399078369141e-01 4.053632616996765137e-01 4.725649356842041016e-01 1.033077597618103027e+00 1.530839204788208008e+00 -1.002275347709655762e+00 -7.436751127243041992e-01
1.058642268180847168e+00 -6.915719509124755859e-01 3.066560626029968262e-01 6.392753124237060547e-01 3.931793868541717529e-01 4.829974174499511719e-01 1.030251979827880859e+00 1.549402594566345215e+00 -1.010025739669799805e+00 -7.494801878929138184e-01
1.037542343139648438e+00 -6.863592863082885742e-01 2.924577295780181885e-01 6.027559041976928711e-01 4.045903086662292480e-01 4.966074824333190918e-01 1.013572931289672852e+00 1.550373673439025879e+00 -9.992786049842834473e-01 -7.572736740112304688e-01
1.044889569282531738e+00 -6.831912398338317871e-01 3.060494065284729004e-01 6.204479336738586426e-01 4.284775257110595703e-01 4.874864816665649414e-01 1.029054284095764160e+00 1.531924486160278320e+00 -1.010372161865234375e+00 -7.381358742713928223e-01
1.042183518409729004e+00 -6.746131181716918945e-01 3.144156336784362793e-01 6.097565889358520508e-01 4.326071143150329590e-01 4.817408323287963867e-01 1.053072929382324219e+00 1.528267264366149902e+00 -1.010251045227050781e+00 -7.426329255104064941e-01
5.376169085502624512e-01 -7.378417849540710449e-01 3.239456117153167725e-01 4.983779489994049072e-01 3.313384056091308594e-01 4.815665483474731445e-01 9.683532118797302246e-01 1.279964447021484375e+00 -1.059298872947692871e+00 -4.268862009048461914e-01
5.210155248641967773e-01 -9.180104732513427734e-01 4.650883674621582031e-01 5.396183729171752930e-01 2.436677366495132446e-01 3.265271186828613281e-01 1.386128664016723633e+00 1.386210441589355469e+00 -1.135354518890380859e+00 5.547839775681495667e-02
5.304894447326660156e-01 -9.021073579788208008e-01 4.719945192337036133e-01 5.410786867141723633e-01 2.420355826616287231e-01 3.434443473815917969e-01 1.369885563850402832e+00 1.398933768272399902e+00 -1.130841612815856934e+00 6.112069264054298401e-02
5.351829528808593750e-01 -8.998903036117553711e-01 4.754809737205505371e-01 5.544472932815551758e-01 2.332040220499038696e-01 3.447375893592834473e-01 1.369100213050842285e+00 1.405484437942504883e+00 -1.145400166511535645e+00 5.560750141739845276e-02
5.290581583976745605e-01 -9.094027876853942871e-01 4.741104245185852051e-01 5.413160920143127441e-01 2.357352823019027710e-01 3.420901894569396973e-01 1.388980746269226074e+00 1.384125709533691406e+00 -1.131552696228027344e+00 6.246674433350563049e-02
5.390077233314514160e-01 -9.161151051521301270e-01 4.722667932510375977e-01 5.533928275108337402e-01 2.318236976861953735e-01 3.450120687484741211e-01 1.377619028091430664e+00 1.396076083183288574e+00 -1.142984747886657715e+00 6.436473131179809570e-02
5.339342355728149414e-01 -9.114575386047363281e-01 4.707130789756774902e-01 5.558738708496093750e-01 2.284894734621047974e-01 3.363769650459289551e-01 1.380089759826660156e+00 1.395521044731140137e+00 -1.148380279541015625e+00 5.815548077225685120e-02
8.366702198982238770e-01 -8.336552977561950684e-01 3.752775788307189941e-01 5.528733730316162109e-01 2.044493407011032104e-01 3.025492429733276367e-01 1.113822102546691895e+00 1.368615627288818359e+00 -1.315885663032531738e+00 3.393143787980079651e-02
9.811195135116577148e-01 -7.802517414093017578e-01 3.389018774032592773e-01 4.453609883785247803e-01 2.638622224330902100e-01 2.639139890670776367e-01 9.037821888923645020e-01 1.363947391510009766e+00 -1.490331053733825684e+00 5.095008760690689087e-03
1.006709575653076172e+00 -7.866792678833007812e-01 3.174110949039459229e-01 4.580724537372589111e-01 2.701368033885955811e-01 2.500531077384948730e-01 8.975778222084045410e-01 1.377790451049804688e+00 -1.497555136680603027e+00 -1.329478109255433083e-03
9.969775676727294922e-01 -7.873625755310058594e-01 3.169637620449066162e-01 4.415616691112518311e-01 2.743569612503051758e-01 2.655482292175292969e-01 8.958606719970703125e-01 1.367027401924133301e+00 -1.502617001533508301e+00 -8.266087621450424194e-03
6.857643723487854004e-01 -4.415583014488220215e-01 3.840824365615844727e-01 4.758745133876800537e-01 5.691406130790710449e-01 1.313657015562057495e-01 8.238716721534729004e-01 1.456259846687316895e+00 -1.236413121223449707e+00 -2.255725860595703125e-01
4.907937049865722656e-01 -3.262900710105895996e-01 4.048703908920288086e-01 5.587381124496459961e-01 7.081294059753417969e-01 -6.991519127041101456e-03 7.657933831214904785e-01 1.614759445190429688e+00 -1.105186223983764648e+00 -1.987489461898803711e-01
5.462599396705627441e-01 -3.883333802223205566e-01 4.159621894359588623e-01 3.715322911739349365e-01 7.640269994735717773e-01 3.774826228618621826e-02 5.570456385612487793e-01 1.426228284835815430e+00 -1.285817742347717285e+00 -4.292291030287742615e-02
6.060898303985595703e-01 -3.984081745147705078e-01 3.855751156806945801e-01 4.028741419315338135e-01 7.504122853279113770e-01 -6.392110884189605713e-02 5.875315070152282715e-01 1.485104084014892578e+00 -1.264724850654602051e+00 -4.450022801756858826e-02
