4.063370227813720703e-01 2.371873110532760620e-01 -1.145479559898376465e+00 1.258497118949890137e+00 -7.176132798194885254e-01 1.515282839536666870e-01 3.878731429576873779e-01 1.201382517814636230e+00 2.231841236352920532e-01 7.533186674118041992e-02
4.237231016159057617e-01 2.677221298217773438e-01 -1.182047724723815918e+00 1.250028133392333984e+00 -7.164887189865112305e-01 1.262204498052597046e-01 3.458073437213897705e-01 1.183633565902709961e+00 2.164327055215835571e-01 8.364665508270263672e-02
4.253486990928649902e-01 2.792852520942687988e-01 -1.184269785881042480e+00 1.240730881690979004e+00 -7.177860140800476074e-01 1.290443390607833862e-01 3.451243937015533447e-01 1.182151436805725098e+00 2.161295115947723389e-01 8.586397767066955566e-02
3.450133204460144043e-01 3.005670309066772461e-01 -1.166669249534606934e+00 1.224182724952697754e+00 -7.690621018409729004e-01 1.749293059110641479e-01 3.553049564361572266e-01 1.177917480468750000e+00 2.259147018194198608e-01 9.158527851104736328e-02
3.073748946189880371e-01 3.099886775016784668e-01 -1.143965125083923340e+00 1.250138640403747559e+00 -7.612227201461791992e-01 2.040810436010360718e-01 3.819303810596466064e-01 1.196443557739257812e+00 2.621553838253021240e-01 7.818388938903808594e-02
3.220086693763732910e-01 3.046028017997741699e-01 -1.122287511825561523e+00 1.250113129615783691e+00 -7.496870756149291992e-01 2.458299249410629272e-01 3.475825190544128418e-01 1.231557846069335938e+00 2.667361199855804443e-01 3.468603268265724182e-02
3.990982770919799805e-01 2.846839427947998047e-01 -1.162708640098571777e+00 1.251051306724548340e+00 -7.977833747863769531e-01 2.249513119459152222e-01 3.515021204948425293e-01 1.228323221206665039e+00 2.374216169118881226e-01 2.430779114365577698e-02
4.513571560382843018e-01 2.061201781034469604e-01 -1.215741038322448730e+00 1.214826107025146484e+00 -7.735670804977416992e-01 1.360931843519210815e-01 2.986391186714172363e-01 1.187849164009094238e+00 1.929942965507507324e-01 8.945783972740173340e-02
4.687438905239105225e-01 1.920592635869979858e-01 -1.255051016807556152e+00 1.140942692756652832e+00 -7.571139931678771973e-01 6.405167281627655029e-02 2.627961039543151855e-01 1.165333032608032227e+00 1.881151944398880005e-01 9.299001097679138184e-02
4.336110949516296387e-01 6.347106397151947021e-02 -1.093076348304748535e+00 1.002080321311950684e+00 -1.059229373931884766e+00 1.460654586553573608e-01 1.924699544906616211e-01 1.008605360984802246e+00 1.406332701444625854e-01 1.727933883666992188e-01
3.522024750709533691e-01 -9.585530757904052734e-01 -5.755351781845092773e-01 7.083320021629333496e-01 -1.696212530136108398e+00 -2.157576233148574829e-01 -3.086704388260841370e-02 5.543421506881713867e-01 -3.579891920089721680e-01 1.172601103782653809e+00
4.630854129791259766e-01 -1.187000632286071777e+00 -1.081465244293212891e+00 7.409645318984985352e-01 -8.924484252929687500e-01 -4.596824049949645996e-01 -4.065286517143249512e-01 6.456218361854553223e-01 -7.672290205955505371e-01 1.376154065132141113e+00
4.687749147415161133e-01 -1.207862615585327148e+00 -1.092552661895751953e+00 7.550711631774902344e-01 -8.721188902854919434e-01 -4.780775010585784912e-01 -4.241856336593627930e-01 6.498556137084960938e-01 -7.630009055137634277e-01 1.367892384529113770e+00
4.691190719604492188e-01 -1.210433125495910645e+00 -1.084149003028869629e+00 7.469346523284912109e-01 -8.734132647514343262e-01 -4.771707057952880859e-01 -4.132630228996276855e-01 6.393136382102966309e-01 -7.618199586868286133e-01 1.360697269439697266e+00
4.772717952728271484e-01 -1.236085891723632812e+00 -1.092691302299499512e+00 7.511168718338012695e-01 -8.863732218742370605e-01 -4.841558337211608887e-01 -4.159472584724426270e-01 6.413214206695556641e-01 -7.435662150382995605e-01 1.349930405616760254e+00
4.238522052764892578e-01 -1.057661175727844238e+00 -9.261369705200195312e-01 8.430581688880920410e-01 -1.181632995605468750e+00 -4.447024762630462646e-01 -2.311607003211975098e-01 5.452191233634948730e-01 -5.263407826423645020e-01 1.482605934143066406e+00
4.240467548370361328e-01 -1.055568695068359375e+00 -9.207986593246459961e-01 8.407705426216125488e-01 -1.176821947097778320e+00 -4.488453269004821777e-01 -2.229967713356018066e-01 5.327609777450561523e-01 -5.266416668891906738e-01 1.476069211959838867e+00
4.218955636024475098e-01 -1.050320863723754883e+00 -9.117980003356933594e-01 8.383023738861083984e-01 -1.192180633544921875e+00 -4.445308744907379150e-01 -2.253526449203491211e-01 5.328300595283508301e-01 -5.282220840454101562e-01 1.484827160835266113e+00
4.166763424873352051e-01 -1.043625116348266602e+00 -9.157880544662475586e-01 8.361867070198059082e-01 -1.191746473312377930e+00 -4.459234178066253662e-01 -2.173473238945007324e-01 5.305972099304199219e-01 -5.211949944496154785e-01 1.486342549324035645e+00
4.177204370498657227e-01 -1.048481822013854980e+00 -9.226874709129333496e-01 8.335685729980468750e-01 -1.182812929153442383e+00 -4.484219253063201904e-01 -2.108606100082397461e-01 5.341123342514038086e-01 -5.193051695823669434e-01 1.482736825942993164e+00
3.088995218276977539e-01 -7.635522484779357910e-01 -8.596739768981933594e-01 7.661638855934143066e-01 -1.214184403419494629e+00 -4.287828803062438965e-01 -2.042124867439270020e-01 4.956770837306976318e-01 -4.788501262664794922e-01 1.599851608276367188e+00
-1.134766489267349243e-01 2.976690232753753662e-02 -1.173717379570007324e+00 6.127650737762451172e-01 -1.189954042434692383e+00 -3.857295513153076172e-01 -1.680297031998634338e-02 4.752829372882843018e-01 -4.181281328201293945e-01 1.702477216720581055e+00
-1.893247812986373901e-01 1.106296479701995850e-02 -1.395909309387207031e+00 4.767859280109405518e-01 -1.137883067131042480e+00 -4.528775513172149658e-01 -2.600808739662170410e-01 4.651679098606109619e-01 -7.190714478492736816e-01 1.245241045951843262e+00
-1.963243335485458374e-01 4.089330136775970459e-02 -1.370371222496032715e+00 4.823113083839416504e-01 -1.140933871269226074e+00 -4.346797168254852295e-01 -1.933036446571350098e-01 4.514094293117523193e-01 -6.897858977317810059e-01 1.289837837219238281e+00
-2.275601476430892944e-01 1.118452399969100952e-01 -1.360789418220520020e+00 5.301048755645751953e-01 -1.169709801673889160e+00 -4.167167544364929199e-01 -1.710481047630310059e-01 4.484511911869049072e-01 -6.522766351699829102e-01 1.364145398139953613e+00
-3.608416318893432617e-01 2.742803096771240234e-01 -1.281384229660034180e+00 6.269116401672363281e-01 -1.329794168472290039e+00 -4.312130510807037354e-01 -1.551238298416137695e-01 4.069785177707672119e-01 -5.655291676521301270e-01 1.302674174308776855e+00
