3.331348598003387451e-01 5.359588265419006348e-01 -2.109485715627670288e-01 4.186297357082366943e-01 -5.321037769317626953e-01 1.905217021703720093e-01 1.032841801643371582e+00 9.182418584823608398e-01 -1.845554709434509277e-01 -2.969299852848052979e-01
3.384774923324584961e-01 5.366710424423217773e-01 -2.046795636415481567e-01 4.069085717201232910e-01 -5.325034260749816895e-01 1.890284270048141479e-01 1.033277869224548340e+00 9.255861043930053711e-01 -1.895101070404052734e-01 -2.963905930519104004e-01
2.763780653476715088e-01 4.986852407455444336e-01 -1.716077476739883423e-01 3.658921718597412109e-01 -5.564072728157043457e-01 1.968318670988082886e-01 1.255698561668395996e+00 9.319276213645935059e-01 -1.079372167587280273e-01 -2.404554784297943115e-01
2.919629216194152832e-01 7.134431600570678711e-01 -1.427100151777267456e-01 4.111656844615936279e-01 -3.837724328041076660e-01 4.681321978569030762e-01 1.592304110527038574e+00 8.928778767585754395e-01 3.278174698352813721e-01 -4.000625610351562500e-01
3.989037573337554932e-01 1.156099677085876465e+00 -1.286287158727645874e-01 5.494854450225830078e-01 -9.669521450996398926e-02 6.073938012123107910e-01 9.932283759117126465e-01 8.249655961990356445e-01 3.511895239353179932e-01 -5.947713255882263184e-01
4.538007974624633789e-01 1.278189897537231445e+00 -1.508261114358901978e-01 6.225174069404602051e-01 -1.426158845424652100e-02 7.483769059181213379e-01 1.030113577842712402e+00 8.851467967033386230e-01 4.299120008945465088e-01 -7.028622031211853027e-01
4.677305221557617188e-01 1.297937631607055664e+00 -1.561491638422012329e-01 6.268371343612670898e-01 9.785428643226623535e-03 7.733995318412780762e-01 1.016554832458496094e+00 8.627030253410339355e-01 4.430131018161773682e-01 -7.188311815261840820e-01
4.712429046630859375e-01 1.298366546630859375e+00 -1.507730931043624878e-01 6.081272959709167480e-01 1.407359540462493896e-02 7.938976287841796875e-01 9.743291735649108887e-01 8.820854425430297852e-01 4.274152219295501709e-01 -7.359753251075744629e-01
4.709400832653045654e-01 1.314427852630615234e+00 -1.506877988576889038e-01 6.254247426986694336e-01 2.060215175151824951e-02 8.018001914024353027e-01 9.837180972099304199e-01 8.973502516746520996e-01 4.287583529949188232e-01 -7.299013733863830566e-01
4.791871607303619385e-01 1.314153313636779785e+00 -1.652816981077194214e-01 5.932363867759704590e-01 4.572114348411560059e-02 8.550539612770080566e-01 9.139159917831420898e-01 9.124574065208435059e-01 4.039626717567443848e-01 -7.608619928359985352e-01
4.249007105827331543e-01 1.366612076759338379e+00 -2.681523859500885010e-01 4.695902466773986816e-01 8.277930617332458496e-01 1.851783633232116699e+00 5.742090344429016113e-01 7.009564042091369629e-01 4.313093125820159912e-01 -7.164084315299987793e-01
2.430520802736282349e-01 6.956694126129150391e-01 -4.764861166477203369e-01 6.659171581268310547e-01 1.546838164329528809e+00 4.703958630561828613e-01 2.108122706413269043e-01 4.305909276008605957e-01 7.656407952308654785e-01 -4.424023628234863281e-01
2.645713090896606445e-01 6.527006030082702637e-01 -3.775117397308349609e-01 6.628897190093994141e-01 1.706830263137817383e+00 2.632684707641601562e-01 -1.581320166587829590e-01 4.733038842678070068e-01 7.922721505165100098e-01 -5.533872842788696289e-01
2.593196630477905273e-01 6.521121859550476074e-01 -3.758956193923950195e-01 6.679459214210510254e-01 1.701857566833496094e+00 2.558214068412780762e-01 -1.591597199440002441e-01 4.693555533885955811e-01 7.966843247413635254e-01 -5.476010441780090332e-01
2.547305822372436523e-01 6.537249088287353516e-01 -3.817445933818817139e-01 6.818819046020507812e-01 1.701446413993835449e+00 2.634130120277404785e-01 -1.570031046867370605e-01 4.597884714603424072e-01 7.989497780799865723e-01 -5.473625659942626953e-01
2.563058137893676758e-01 6.517394781112670898e-01 -3.755688071250915527e-01 6.652230024337768555e-01 1.689143657684326172e+00 2.611712813377380371e-01 -1.677741408348083496e-01 4.633505642414093018e-01 7.941692471504211426e-01 -5.565682649612426758e-01
4.210459589958190918e-01 1.195630073547363281e+00 1.721487790346145630e-01 7.379680871963500977e-01 1.781028509140014648e+00 9.204758405685424805e-01 5.378192290663719177e-02 4.563157856464385986e-01 9.238017201423645020e-01 -4.730998277664184570e-01
4.761832952499389648e-01 1.433566570281982422e+00 2.160576432943344116e-01 6.033491492271423340e-01 1.755086660385131836e+00 1.131981134414672852e+00 -4.398304596543312073e-02 6.091664433479309082e-01 6.774218678474426270e-01 -6.730720996856689453e-01
4.794795215129852295e-01 1.445317268371582031e+00 2.206021100282669067e-01 6.108883023262023926e-01 1.750595569610595703e+00 1.142388343811035156e+00 -3.552216663956642151e-02 6.091862916946411133e-01 6.715329289436340332e-01 -6.574336290359497070e-01
4.849545359611511230e-01 1.452637076377868652e+00 2.188404649496078491e-01 6.117591261863708496e-01 1.758981108665466309e+00 1.139939427375793457e+00 -4.097289219498634338e-02 6.098749637603759766e-01 6.777351498603820801e-01 -6.627464890480041504e-01
4.762277603149414062e-01 1.457784771919250488e+00 2.123647183179855347e-01 6.051666736602783203e-01 1.767862081527709961e+00 1.122444868087768555e+00 -4.186708107590675354e-02 5.941114425659179688e-01 6.685195565223693848e-01 -6.750430464744567871e-01
6.941196322441101074e-01 1.567109942436218262e+00 3.546593785285949707e-01 6.737895011901855469e-01 1.146659493446350098e+00 7.807831764221191406e-01 2.513253316283226013e-02 5.125586986541748047e-01 5.971846580505371094e-01 -7.496227025985717773e-01
6.860650777816772461e-01 1.431215167045593262e+00 4.523977935314178467e-01 8.459748029708862305e-01 8.649294972419738770e-01 3.174421787261962891e-01 2.217912301421165466e-02 7.061112523078918457e-01 5.262464880943298340e-01 -6.901260614395141602e-01
4.737050533294677734e-01 1.199590921401977539e+00 3.960282802581787109e-01 7.444842457771301270e-01 8.576489090919494629e-01 1.070909649133682251e-01 -7.095935754477977753e-03 4.983057081699371338e-01 4.777372777462005615e-01 -5.832856297492980957e-01
2.920259833335876465e-01 3.528665304183959961e-01 3.569406270980834961e-01 4.977009892463684082e-01 1.244260072708129883e+00 -3.386302292346954346e-02 -1.264663338661193848e-01 4.652590453624725342e-01 3.162231147289276123e-01 -3.165519833564758301e-01
4.455761313438415527e-01 4.626991152763366699e-01 5.333543419837951660e-01 3.451713025569915771e-01 1.205536961555480957e+00 6.806521117687225342e-02 -4.543294310569763184e-01 2.837673723697662354e-01 1.578065901994705200e-01 -4.050596356391906738e-01
