9.293190836906433105e-01 5.175032019615173340e-01 2.842988073825836182e-02 7.976890802383422852e-01 -9.482349269092082977e-04 4.146771039813756943e-03 5.450443625450134277e-01 1.079832315444946289e+00 -3.283704817295074463e-02 5.256344079971313477e-01
9.357065558433532715e-01 5.395184159278869629e-01 2.595143020153045654e-02 7.515577673912048340e-01 -6.812080275267362595e-03 -4.365725908428430557e-03 5.313932299613952637e-01 1.062694668769836426e+00 -3.398782014846801758e-02 5.159596800804138184e-01
9.095726013183593750e-01 5.682622194290161133e-01 8.618578314781188965e-03 7.342882156372070312e-01 -1.041009556502103806e-03 -1.180501095950603485e-02 5.104507803916931152e-01 1.049810647964477539e+00 -4.635380208492279053e-02 5.321761965751647949e-01
8.281874656677246094e-01 5.892931818962097168e-01 1.490016281604766846e-02 7.379025220870971680e-01 -3.796760737895965576e-02 1.987789757549762726e-02 5.259528756141662598e-01 1.048355579376220703e+00 -4.719881713390350342e-02 5.524848103523254395e-01
7.733610868453979492e-01 6.084693670272827148e-01 -2.058894932270050049e-02 7.768743038177490234e-01 -4.793952405452728271e-02 6.197826564311981201e-02 5.281174182891845703e-01 1.082193136215209961e+00 -2.143254131078720093e-02 5.278304219245910645e-01
7.832493782043457031e-01 6.104141473770141602e-01 1.060162484645843506e-02 7.891011238098144531e-01 -4.389509558677673340e-02 1.113501042127609253e-01 5.139561295509338379e-01 1.115824699401855469e+00 -9.476281702518463135e-03 4.857534766197204590e-01
8.550176620483398438e-01 5.891703367233276367e-01 2.137862145900726318e-02 8.444021940231323242e-01 -5.295659601688385010e-02 6.711484491825103760e-02 5.159103274345397949e-01 1.121216535568237305e+00 -3.610654920339584351e-02 4.696811735630035400e-01
9.355583786964416504e-01 5.294281244277954102e-01 6.528343074023723602e-04 7.701689004898071289e-01 -4.899156093597412109e-02 -6.046964321285486221e-03 4.568900465965270996e-01 1.076500773429870605e+00 -7.250811159610748291e-02 5.357943177223205566e-01
9.769786596298217773e-01 4.991196393966674805e-01 -1.871843636035919189e-02 6.819236278533935547e-01 -2.888070046901702881e-02 -4.347224533557891846e-02 4.282171428203582764e-01 1.050909876823425293e+00 -7.614131271839141846e-02 5.345672965049743652e-01
8.959587216377258301e-01 3.466505408287048340e-01 4.414413869380950928e-02 6.611559987068176270e-01 -1.901538968086242676e-01 2.172057516872882843e-02 4.123448729515075684e-01 1.021790266036987305e+00 -1.828768104314804077e-01 5.795152783393859863e-01
3.175633549690246582e-01 -6.228865385055541992e-01 5.005584657192230225e-02 3.158810138702392578e-01 -1.062772154808044434e+00 -4.741359651088714600e-01 -1.284577250480651855e-01 4.961186349391937256e-01 -5.298922061920166016e-01 1.496751189231872559e+00
6.376767158508300781e-01 -9.628496170043945312e-01 -2.030065506696701050e-01 1.328783869743347168e+00 -5.657230317592620850e-02 -1.177608489990234375e+00 -7.578219771385192871e-01 2.128437608480453491e-01 -1.253148674964904785e+00 1.100714087486267090e+00
6.320953965187072754e-01 -9.545523524284362793e-01 -2.127912491559982300e-01 1.303285121917724609e+00 -5.584906041622161865e-02 -1.182829856872558594e+00 -7.611544728279113770e-01 2.192926555871963501e-01 -1.252374291419982910e+00 1.088502287864685059e+00
6.353481411933898926e-01 -9.634817838668823242e-01 -2.223673909902572632e-01 1.319949030876159668e+00 -5.362080037593841553e-02 -1.176946640014648438e+00 -7.604213356971740723e-01 2.170217186212539673e-01 -1.253619790077209473e+00 1.107023119926452637e+00
6.320713758468627930e-01 -9.578033685684204102e-01 -2.149737924337387085e-01 1.311409235000610352e+00 -6.066159904003143311e-02 -1.180634975433349609e+00 -7.579591274261474609e-01 2.200104147195816040e-01 -1.257237792015075684e+00 1.092507123947143555e+00
5.679647922515869141e-01 -7.784788608551025391e-01 -5.694417655467987061e-02 1.571931481361389160e+00 -3.815435171127319336e-01 -1.120519161224365234e+00 -5.124967694282531738e-01 1.652779728174209595e-01 -8.679040074348449707e-01 1.216605544090270996e+00
5.433576107025146484e-01 -7.439739704132080078e-01 -3.680370748043060303e-02 1.582652449607849121e+00 -4.146817922592163086e-01 -1.111950635910034180e+00 -4.728760123252868652e-01 1.510953754186630249e-01 -8.219439387321472168e-01 1.219610214233398438e+00
5.337221026420593262e-01 -7.225180864334106445e-01 -4.014740884304046631e-02 1.581561923027038574e+00 -4.267005622386932373e-01 -1.113629102706909180e+00 -4.609079957008361816e-01 1.562814265489578247e-01 -8.075944781303405762e-01 1.221825957298278809e+00
5.361626744270324707e-01 -7.278422713279724121e-01 -2.724926173686981201e-02 1.586316466331481934e+00 -4.196406006813049316e-01 -1.106655716896057129e+00 -4.668018817901611328e-01 1.576085835695266724e-01 -8.028180003166198730e-01 1.224193453788757324e+00
5.335187315940856934e-01 -7.224417924880981445e-01 -3.722886741161346436e-02 1.578794360160827637e+00 -4.270486831665039062e-01 -1.106234431266784668e+00 -4.536926746368408203e-01 1.576028913259506226e-01 -8.126704096794128418e-01 1.221989631652832031e+00
4.565282464027404785e-01 -4.992818832397460938e-01 -1.253536790609359741e-01 1.648929476737976074e+00 -4.205420911312103271e-01 -1.046659827232360840e+00 -4.028176665306091309e-01 1.903851181268692017e-01 -8.454047441482543945e-01 1.309387803077697754e+00
5.001331493258476257e-02 2.164736837148666382e-01 -2.960651516914367676e-01 1.438300251960754395e+00 -3.294472992420196533e-01 -9.154657721519470215e-01 -2.476859688758850098e-01 1.573504358530044556e-01 -8.022317290306091309e-01 1.369406104087829590e+00
-7.890389859676361084e-02 1.767198890447616577e-01 -4.428912401199340820e-01 1.221142172813415527e+00 -2.565685808658599854e-01 -9.825948476791381836e-01 -5.043671727180480957e-01 2.472508400678634644e-01 -1.153023362159729004e+00 9.944101572036743164e-01
-7.197044789791107178e-02 2.016329616308212280e-01 -4.166612029075622559e-01 1.233999371528625488e+00 -2.641125619411468506e-01 -9.494044184684753418e-01 -4.568652510643005371e-01 2.296917289495468140e-01 -1.121625304222106934e+00 1.036591291427612305e+00
-9.150885045528411865e-02 2.604354619979858398e-01 -4.142537117004394531e-01 1.296772003173828125e+00 -2.639062106609344482e-01 -9.252704977989196777e-01 -4.339320659637451172e-01 1.931464523077011108e-01 -1.074286222457885742e+00 1.091432571411132812e+00
-2.289697974920272827e-01 4.335291385650634766e-01 -3.597484827041625977e-01 1.338882565498352051e+00 -3.836637437343597412e-01 -9.200626015663146973e-01 -4.181650876998901367e-01 1.479939371347427368e-01 -9.459518790245056152e-01 1.089979648590087891e+00
