9.906189441680908203e-01 4.516391158103942871e-01 -9.812314510345458984e-01 6.522362828254699707e-01 -6.578729748725891113e-01 4.097564220428466797e-01 4.208097457885742188e-01 1.232960700988769531e+00 2.254781424999237061e-01 4.919645786285400391e-01
9.998342990875244141e-01 4.670940339565277100e-01 -9.943735599517822266e-01 6.632224321365356445e-01 -6.485922336578369141e-01 4.077802300453186035e-01 4.215811491012573242e-01 1.240374326705932617e+00 2.156181037425994873e-01 4.765825271606445312e-01
9.368103742599487305e-01 2.017827481031417847e-01 -8.405204415321350098e-01 6.119272112846374512e-01 -7.125480771064758301e-01 5.356368422508239746e-01 5.302193164825439453e-01 1.210847735404968262e+00 1.871308088302612305e-01 5.981740355491638184e-01
1.265105128288269043e+00 -1.866573244333267212e-01 -7.568982839584350586e-01 4.747293889522552490e-01 -6.344713568687438965e-01 6.584233641624450684e-01 6.761491894721984863e-01 1.169987678527832031e+00 2.270697057247161865e-02 9.560385346412658691e-01
1.396570086479187012e+00 -3.739562630653381348e-01 -7.346796989440917969e-01 5.098845958709716797e-01 -6.294416785240173340e-01 7.227697968482971191e-01 7.524143457412719727e-01 1.162753105163574219e+00 -1.970171928405761719e-03 1.008293986320495605e+00
1.364969849586486816e+00 -3.804907798767089844e-01 -7.184733152389526367e-01 5.227527618408203125e-01 -6.505820751190185547e-01 7.198762297630310059e-01 7.567939162254333496e-01 1.150673031806945801e+00 -5.353808403015136719e-03 1.012967824935913086e+00
1.341752648353576660e+00 -3.740211129188537598e-01 -7.049119472503662109e-01 5.134196877479553223e-01 -6.698493361473083496e-01 7.506727576255798340e-01 7.423871159553527832e-01 1.150392770767211914e+00 -1.380622270517051220e-03 1.018208026885986328e+00
1.351830601692199707e+00 -3.665404319763183594e-01 -7.024518847465515137e-01 5.181539058685302734e-01 -6.678314805030822754e-01 7.567583918571472168e-01 7.435194849967956543e-01 1.148957729339599609e+00 -9.804366854950785637e-04 1.028908014297485352e+00
1.337324857711791992e+00 -3.724194169044494629e-01 -6.999094486236572266e-01 5.088018178939819336e-01 -6.728813052177429199e-01 7.479649782180786133e-01 7.493146061897277832e-01 1.144899129867553711e+00 2.160087227821350098e-03 1.032137274742126465e+00
1.347972273826599121e+00 -3.718897104263305664e-01 -7.062745094299316406e-01 5.100468397140502930e-01 -6.682091355323791504e-01 7.598987817764282227e-01 7.373275160789489746e-01 1.140727996826171875e+00 -4.007399082183837891e-03 1.011263728141784668e+00
1.344448685646057129e+00 -3.721649050712585449e-01 -7.121286988258361816e-01 5.037900805473327637e-01 -6.525061130523681641e-01 7.590627074241638184e-01 7.444885373115539551e-01 1.139065980911254883e+00 -3.548860549926757812e-03 1.016246795654296875e+00
1.350480675697326660e+00 -3.780317902565002441e-01 -7.079833745956420898e-01 5.024950504302978516e-01 -6.578504443168640137e-01 7.515248656272888184e-01 7.445791363716125488e-01 1.151398658752441406e+00 -8.192226290702819824e-03 1.009348750114440918e+00
1.350332617759704590e+00 -3.742086887359619141e-01 -7.130401730537414551e-01 4.949506819248199463e-01 -6.599554419517517090e-01 7.476728558540344238e-01 7.499729394912719727e-01 1.154192447662353516e+00 -3.333687782287597656e-03 1.021020293235778809e+00
1.384954333305358887e+00 -3.831480741500854492e-01 -6.993620395660400391e-01 5.232411026954650879e-01 -6.514862775802612305e-01 7.637776732444763184e-01 7.422855496406555176e-01 1.146706581115722656e+00 -4.023432731628417969e-03 1.021456003189086914e+00
1.168732047080993652e+00 -5.903282165527343750e-01 -4.808328747749328613e-01 7.901868820190429688e-01 -4.816949665546417236e-01 9.331507086753845215e-01 1.030845284461975098e+00 1.071456432342529297e+00 1.685238927602767944e-01 8.281452059745788574e-01
1.013821125030517578e+00 -8.165465593338012695e-01 -9.632109403610229492e-01 8.152199387550354004e-01 2.930975556373596191e-01 1.148332834243774414e+00 7.737898230552673340e-01 1.201165676116943359e+00 1.053737103939056396e-02 1.460444033145904541e-01
1.318595051765441895e+00 -1.002023458480834961e+00 -1.244570136070251465e+00 7.830448746681213379e-01 5.932542681694030762e-01 9.147225022315979004e-01 4.400363564491271973e-01 1.358605861663818359e+00 -1.926731914281845093e-01 -4.408496245741844177e-02
1.319577693939208984e+00 -1.009745955467224121e+00 -1.260834336280822754e+00 7.959779500961303711e-01 5.917724967002868652e-01 8.953921794891357422e-01 4.451969265937805176e-01 1.351596832275390625e+00 -1.982004344463348389e-01 -5.020176991820335388e-02
1.322540879249572754e+00 -1.010389089584350586e+00 -1.249213933944702148e+00 7.981331348419189453e-01 5.893228650093078613e-01 9.066485762596130371e-01 4.305677413940429688e-01 1.349918961524963379e+00 -1.886907666921615601e-01 -3.470766171813011169e-02
1.324285268783569336e+00 -9.932721853256225586e-01 -1.249295353889465332e+00 7.919363379478454590e-01 6.058945059776306152e-01 9.000871777534484863e-01 4.451921582221984863e-01 1.354853630065917969e+00 -2.045154720544815063e-01 -2.120053395628929138e-02
1.327125906944274902e+00 -1.017634272575378418e+00 -1.267141342163085938e+00 7.918191552162170410e-01 5.811786651611328125e-01 9.016614556312561035e-01 4.424082636833190918e-01 1.364472150802612305e+00 -1.979123204946517944e-01 -4.887938126921653748e-02
1.319583654403686523e+00 -1.009919643402099609e+00 -1.252948164939880371e+00 7.967739105224609375e-01 5.915066599845886230e-01 8.945379853248596191e-01 4.395009279251098633e-01 1.357737064361572266e+00 -1.929553747177124023e-01 -4.008182510733604431e-02
1.326264381408691406e+00 -1.016851425170898438e+00 -1.257393598556518555e+00 8.091267347335815430e-01 5.982984900474548340e-01 8.982446789741516113e-01 4.386484026908874512e-01 1.350955963134765625e+00 -1.887199878692626953e-01 -3.590780124068260193e-02
8.029502630233764648e-01 -1.063259124755859375e+00 -1.132282137870788574e+00 6.049374341964721680e-01 5.557983517646789551e-01 9.432939291000366211e-01 4.836131334304809570e-01 1.180076360702514648e+00 -2.552717626094818115e-01 6.316590309143066406e-02
6.283136606216430664e-01 -1.235584497451782227e+00 -9.889858961105346680e-01 5.357425212860107422e-01 3.876879513263702393e-01 8.105646967887878418e-01 8.901901841163635254e-01 1.262713670730590820e+00 -3.867551684379577637e-01 5.676079392433166504e-01
6.311808824539184570e-01 -1.230192184448242188e+00 -9.793553352355957031e-01 5.182293057441711426e-01 3.886396586894989014e-01 8.026829957962036133e-01 8.887690901756286621e-01 1.270216226577758789e+00 -3.779718875885009766e-01 5.746077299118041992e-01
6.350153684616088867e-01 -1.240175724029541016e+00 -9.907058477401733398e-01 5.175201296806335449e-01 3.923523426055908203e-01 8.163892626762390137e-01 8.948136568069458008e-01 1.258392930030822754e+00 -3.830715417861938477e-01 5.731860399246215820e-01
6.285104155540466309e-01 -1.243890762329101562e+00 -9.926811456680297852e-01 5.245451331138610840e-01 3.871411383152008057e-01 7.989977002143859863e-01 8.937124609947204590e-01 1.258497476577758789e+00 -3.769856095314025879e-01 5.742006897926330566e-01
6.341288089752197266e-01 -1.238186120986938477e+00 -9.907078742980957031e-01 5.380124449729919434e-01 3.938069939613342285e-01 8.063305616378784180e-01 8.836184740066528320e-01 1.272273778915405273e+00 -3.806884288787841797e-01 5.684086680412292480e-01
6.311812400817871094e-01 -1.238252401351928711e+00 -9.975811243057250977e-01 5.259905457496643066e-01 3.858096003532409668e-01 8.097472190856933594e-01 8.923645615577697754e-01 1.269487261772155762e+00 -3.810808062553405762e-01 5.715212821960449219e-01
9.645361900329589844e-01 -1.179905891418457031e+00 -1.211483120918273926e+00 4.616949856281280518e-01 3.929760754108428955e-01 8.113116621971130371e-01 6.873901486396789551e-01 1.213269233703613281e+00 -4.588583111763000488e-01 6.737603545188903809e-01
1.197448015213012695e+00 -1.047273159027099609e+00 -1.494670391082763672e+00 3.278491795063018799e-01 3.677310645580291748e-01 7.621665000915527344e-01 5.251404643058776855e-01 1.243049144744873047e+00 -6.375594139099121094e-01 6.004478931427001953e-01
1.208244323730468750e+00 -1.037801027297973633e+00 -1.501118183135986328e+00 3.361319005489349365e-01 3.772369921207427979e-01 7.543786764144897461e-01 5.144701004028320312e-01 1.256252050399780273e+00 -6.439411640167236328e-01 5.903654694557189941e-01
1.217929363250732422e+00 -1.039865732192993164e+00 -1.506116151809692383e+00 3.376825749874114990e-01 3.769830763339996338e-01 7.625907063484191895e-01 5.135549902915954590e-01 1.252735137939453125e+00 -6.486056447029113770e-01 5.875301957130432129e-01
9.132037162780761719e-01 -6.414715051651000977e-01 -1.524935364723205566e+00 4.854756593704223633e-01 6.237069964408874512e-01 6.383412480354309082e-01 4.258719086647033691e-01 1.486880064010620117e+00 -5.097191929817199707e-01 5.420856475830078125e-01
6.128332018852233887e-01 -4.486505091190338135e-01 -1.450004696846008301e+00 5.920867919921875000e-01 8.609635233879089355e-01 4.178660511970520020e-01 4.411022663116455078e-01 1.544842481613159180e+00 -3.821948170661926270e-01 5.060535073280334473e-01
6.171832680702209473e-01 -4.745401740074157715e-01 -1.475838661193847656e+00 3.048085272312164307e-01 9.206143021583557129e-01 5.063248872756958008e-01 2.052477598190307617e-01 1.259860157966613770e+00 -5.012677311897277832e-01 6.200180649757385254e-01
6.733247041702270508e-01 -4.850942492485046387e-01 -1.524413943290710449e+00 3.506172299385070801e-01 9.335336685180664062e-01 4.189473986625671387e-01 2.407720088958740234e-01 1.305411696434020996e+00 -5.319975018501281738e-01 6.235015392303466797e-01
