1.021291136741638184e+00 4.730104804039001465e-01 -3.890909254550933838e-02 9.614709615707397461e-01 -1.593024134635925293e-01 5.502872169017791748e-02 7.416467666625976562e-01 1.549642801284790039e+00 -3.043541312217712402e-02 4.206731021404266357e-01
1.036609768867492676e+00 5.076365470886230469e-01 -2.231357991695404053e-02 9.720047712326049805e-01 -1.472438722848892212e-01 5.107443034648895264e-02 7.285069823265075684e-01 1.538908600807189941e+00 -1.978974044322967529e-02 4.232528209686279297e-01
1.035290002822875977e+00 5.094186663627624512e-01 -4.544799029827117920e-02 9.663289785385131836e-01 -1.532669514417648315e-01 1.354216225445270538e-02 7.046114206314086914e-01 1.522938609123229980e+00 -3.003333508968353271e-02 4.366721510887145996e-01
9.449506998062133789e-01 5.537054538726806641e-01 -3.895471990108489990e-02 9.739358425140380859e-01 -1.881237924098968506e-01 5.675505101680755615e-02 7.186979651451110840e-01 1.518912434577941895e+00 -2.823260426521301270e-02 4.372152984142303467e-01
8.776640295982360840e-01 5.644542574882507324e-01 -6.961287558078765869e-02 9.770759344100952148e-01 -2.037879079580307007e-01 9.598253667354583740e-02 7.452260851860046387e-01 1.531658172607421875e+00 -3.925874829292297363e-03 4.133970439434051514e-01
8.747105002403259277e-01 5.606302022933959961e-01 -4.981397092342376709e-02 1.004937887191772461e+00 -2.022271603345870972e-01 1.499740332365036011e-01 7.351776361465454102e-01 1.571949362754821777e+00 1.177692413330078125e-02 3.755639791488647461e-01
9.552969336509704590e-01 5.389454364776611328e-01 -4.911755025386810303e-02 1.059619188308715820e+00 -2.117951512336730957e-01 1.107155531644821167e-01 7.144508957862854004e-01 1.609842538833618164e+00 -6.536275148391723633e-03 3.535866141319274902e-01
1.062613844871520996e+00 4.692262709140777588e-01 -7.574401795864105225e-02 9.947574138641357422e-01 -2.103471755981445312e-01 2.729849703609943390e-02 6.624080538749694824e-01 1.568486690521240234e+00 -6.930434703826904297e-02 4.273624122142791748e-01
1.100170254707336426e+00 4.513880610466003418e-01 -8.332447707653045654e-02 9.226939678192138672e-01 -1.904888153076171875e-01 -1.733650080859661102e-02 6.371458172798156738e-01 1.550699234008789062e+00 -6.653891503810882568e-02 4.431025385856628418e-01
1.105624079704284668e+00 4.415286183357238770e-01 -7.955388724803924561e-02 9.198315739631652832e-01 -1.858357638120651245e-01 -2.097798697650432587e-02 6.188201904296875000e-01 1.534869670867919922e+00 -6.502145528793334961e-02 4.484737813472747803e-01
1.101121425628662109e+00 4.570084512233734131e-01 -8.932487666606903076e-02 9.166371822357177734e-01 -1.874625831842422485e-01 -3.476651012897491455e-02 6.299514174461364746e-01 1.536577463150024414e+00 -6.121450662612915039e-02 4.363141953945159912e-01
1.092421054840087891e+00 4.566206932067871094e-01 -7.204394042491912842e-02 9.362835288047790527e-01 -1.919898539781570435e-01 -3.769798576831817627e-02 6.304272413253784180e-01 1.539505004882812500e+00 -6.463950872421264648e-02 4.422599673271179199e-01
1.108209729194641113e+00 4.517424106597900391e-01 -8.916874229907989502e-02 9.378443956375122070e-01 -1.801258027553558350e-01 -3.382338583469390869e-02 6.280965209007263184e-01 1.556932687759399414e+00 -6.629481911659240723e-02 4.321429431438446045e-01
1.032071709632873535e+00 3.755153417587280273e-01 -7.097475230693817139e-02 9.920215606689453125e-01 -2.813867330551147461e-01 2.542267926037311554e-02 6.753550171852111816e-01 1.626291513442993164e+00 -1.225115805864334106e-01 4.762915968894958496e-01
7.180410623550415039e-01 -4.066003561019897461e-01 4.247788488864898682e-01 5.485411286354064941e-01 -1.723857760429382324e+00 -2.274748831987380981e-01 3.799265250563621521e-02 4.561629593372344971e-01 -5.764078497886657715e-01 1.211999416351318359e+00
5.781511664390563965e-01 -9.437544345855712891e-01 -1.971047967672348022e-01 1.319041609764099121e+00 -2.978388369083404541e-01 -9.249147772789001465e-01 -6.127659082412719727e-01 4.695659577846527100e-01 -1.358922243118286133e+00 1.308416724205017090e+00
5.857034325599670410e-01 -1.028085827827453613e+00 -2.101479023694992065e-01 1.502029299736022949e+00 -1.795336455106735229e-01 -9.971405863761901855e-01 -6.819229722023010254e-01 4.538788497447967529e-01 -1.390992879867553711e+00 1.225998997688293457e+00
5.831224322319030762e-01 -1.017255425453186035e+00 -2.088802903890609741e-01 1.470839619636535645e+00 -1.713021248579025269e-01 -9.974150061607360840e-01 -6.892721056938171387e-01 4.382167160511016846e-01 -1.402556061744689941e+00 1.219915509223937988e+00
5.869711637496948242e-01 -1.017000198364257812e+00 -2.131742089986801147e-01 1.472268104553222656e+00 -1.649693697690963745e-01 -1.009325623512268066e+00 -6.832413077354431152e-01 4.399191439151763916e-01 -1.400089144706726074e+00 1.219438076019287109e+00
5.905557274818420410e-01 -1.034820914268493652e+00 -2.207022756338119507e-01 1.486354708671569824e+00 -1.704164594411849976e-01 -9.943320751190185547e-01 -6.847850084304809570e-01 4.404382705688476562e-01 -1.381461501121520996e+00 1.228561878204345703e+00
5.867522358894348145e-01 -1.017104744911193848e+00 -2.096989005804061890e-01 1.480543017387390137e+00 -1.599500626325607300e-01 -1.003400802612304688e+00 -6.907465457916259766e-01 4.381653070449829102e-01 -1.409910321235656738e+00 1.219287753105163574e+00
5.828002691268920898e-01 -1.007990479469299316e+00 -2.094517201185226440e-01 1.479217886924743652e+00 -1.664279550313949585e-01 -1.004384875297546387e+00 -6.816155314445495605e-01 4.497117996215820312e-01 -1.400726437568664551e+00 1.216886043548583984e+00
5.878379344940185547e-01 -1.031827688217163086e+00 -2.206546515226364136e-01 1.473331093788146973e+00 -1.768403500318527222e-01 -1.004279494285583496e+00 -6.934579014778137207e-01 4.465676546096801758e-01 -1.385876536369323730e+00 1.217218518257141113e+00
5.248440504074096680e-01 -8.298353552818298340e-01 -6.453953683376312256e-02 1.700560569763183594e+00 -4.801419675350189209e-01 -9.693046212196350098e-01 -4.268586039543151855e-01 3.919257223606109619e-01 -9.633784294128417969e-01 1.332389712333679199e+00
5.143035054206848145e-01 -7.963052988052368164e-01 -5.712734162807464600e-02 1.695954918861389160e+00 -5.079904794692993164e-01 -9.592278599739074707e-01 -4.027386307716369629e-01 3.950211405754089355e-01 -9.332746267318725586e-01 1.342606663703918457e+00
5.067964792251586914e-01 -7.959254980087280273e-01 -5.060844123363494873e-02 1.696886181831359863e+00 -5.076637864112854004e-01 -9.525207281112670898e-01 -3.971038460731506348e-01 3.929521739482879639e-01 -9.340615868568420410e-01 1.338772416114807129e+00
5.106981396675109863e-01 -8.017318248748779297e-01 -5.330841243267059326e-02 1.701677322387695312e+00 -5.044336915016174316e-01 -9.647718071937561035e-01 -4.044734239578247070e-01 3.978299796581268311e-01 -9.357364177703857422e-01 1.333774805068969727e+00
5.049892067909240723e-01 -7.869071364402770996e-01 -5.407516658306121826e-02 1.681448459625244141e+00 -5.004463791847229004e-01 -9.571799635887145996e-01 -3.993303179740905762e-01 3.912861049175262451e-01 -9.560331702232360840e-01 1.327931761741638184e+00
5.066521763801574707e-01 -7.973451614379882812e-01 -4.864935576915740967e-02 1.696510434150695801e+00 -5.082115530967712402e-01 -9.574487805366516113e-01 -3.952923417091369629e-01 3.994080722332000732e-01 -9.326729774475097656e-01 1.334229230880737305e+00
4.075712561607360840e-01 -6.299636363983154297e-01 -4.013185203075408936e-02 1.712136626243591309e+00 -5.580893754959106445e-01 -9.173564314842224121e-01 -3.099749088287353516e-01 3.894430100917816162e-01 -8.204677700996398926e-01 1.337465405464172363e+00
1.953167468309402466e-01 -1.523384004831314087e-01 -1.095173805952072144e-01 1.810310006141662598e+00 -5.242412686347961426e-01 -7.548208832740783691e-01 -1.692882776260375977e-01 2.936329841613769531e-01 -7.740656137466430664e-01 1.488812208175659180e+00
-1.257098168134689331e-01 1.548340171575546265e-01 -4.167854189872741699e-01 1.361107945442199707e+00 -3.898797929286956787e-01 -7.957840561866760254e-01 -4.287825822830200195e-01 4.185651838779449463e-01 -1.224592328071594238e+00 1.113440752029418945e+00
-1.197460740804672241e-01 1.279935687780380249e-01 -4.282981753349304199e-01 1.282276272773742676e+00 -3.648783862590789795e-01 -8.378869891166687012e-01 -4.253402352333068848e-01 4.399137794971466064e-01 -1.245665192604064941e+00 1.062383890151977539e+00
-1.130274385213851929e-01 1.095840781927108765e-01 -4.300850033760070801e-01 1.263483881950378418e+00 -3.578419983386993408e-01 -8.481159806251525879e-01 -4.382755756378173828e-01 4.554122984409332275e-01 -1.252585291862487793e+00 1.053446054458618164e+00
-1.125582307577133179e-01 1.563252061605453491e-01 -4.116498231887817383e-01 1.352940440177917480e+00 -3.757576048374176025e-01 -7.892772555351257324e-01 -3.973381519317626953e-01 4.141875803470611572e-01 -1.216972231864929199e+00 1.126386284828186035e+00
-1.244450658559799194e-01 1.966712325811386108e-01 -4.066705107688903809e-01 1.386589884757995605e+00 -3.865471184253692627e-01 -7.771514058113098145e-01 -3.781464695930480957e-01 3.963489234447479248e-01 -1.167230963706970215e+00 1.177670598030090332e+00
-2.727537751197814941e-01 3.771593570709228516e-01 -3.402793407440185547e-01 1.456273794174194336e+00 -5.251362919807434082e-01 -7.601973414421081543e-01 -3.576962947845458984e-01 3.576052486896514893e-01 -1.034887313842773438e+00 1.172788858413696289e+00
-3.225449919700622559e-01 3.376497030258178711e-01 -3.039714097976684570e-01 1.437393546104431152e+00 -5.453442931175231934e-01 -7.368592619895935059e-01 -3.458892703056335449e-01 3.292953968048095703e-01 -9.754352569580078125e-01 1.117830634117126465e+00
