4.096267819404602051e-01 1.629778593778610229e-01 7.739514112472534180e-01 7.785401344299316406e-01 -2.886712849140167236e-01 1.058927923440933228e-01 8.553229570388793945e-01 9.113161563873291016e-01 -2.215877026319503784e-01 -8.959910869598388672e-01
4.043544232845306396e-01 1.671560257673263550e-01 7.763167023658752441e-01 7.754284143447875977e-01 -2.934218049049377441e-01 9.196101129055023193e-02 8.298708200454711914e-01 8.934962749481201172e-01 -2.229784131050109863e-01 -9.076305627822875977e-01
4.052115082740783691e-01 1.721731871366500854e-01 7.919597625732421875e-01 8.118472099304199219e-01 -2.782010138034820557e-01 7.414786517620086670e-02 8.238696455955505371e-01 9.145867824554443359e-01 -2.322093993425369263e-01 -9.091181159019470215e-01
4.028707146644592285e-01 1.311043351888656616e-01 7.800614833831787109e-01 7.547398805618286133e-01 -2.799549400806427002e-01 8.057545125484466553e-02 8.995697498321533203e-01 9.177083373069763184e-01 -2.174685895442962646e-01 -8.728145956993103027e-01
3.810827732086181641e-01 7.800792157649993896e-02 7.259793281555175781e-01 6.659472584724426270e-01 -3.355059921741485596e-01 7.459689676761627197e-02 1.051158785820007324e+00 8.721343874931335449e-01 -1.481936424970626831e-01 -8.033712506294250488e-01
2.680768966674804688e-01 4.155854880809783936e-02 6.865505576133728027e-01 6.063306331634521484e-01 -4.379945695400238037e-01 8.941476047039031982e-02 1.246351361274719238e+00 8.807883262634277344e-01 -6.226337701082229614e-02 -6.635699272155761719e-01
8.120973408222198486e-02 2.022614926099777222e-01 7.285986542701721191e-01 6.006551980972290039e-01 -4.271878004074096680e-01 1.744953244924545288e-01 1.600434303283691406e+00 7.482342720031738281e-01 9.274042397737503052e-02 -5.268052816390991211e-01
1.155456602573394775e-01 2.847010493278503418e-01 6.133950948715209961e-01 6.591591238975524902e-01 -5.731219649314880371e-01 1.010191291570663452e-01 1.647304773330688477e+00 7.818756699562072754e-01 2.632063031196594238e-01 -6.125822663307189941e-01
2.061528414487838745e-01 3.640069365501403809e-01 7.016611099243164062e-01 7.335652112960815430e-01 -6.583569645881652832e-01 8.581791818141937256e-02 1.288554072380065918e+00 7.529748678207397461e-01 2.084800153970718384e-01 -7.381950020790100098e-01
6.895262002944946289e-02 3.942587077617645264e-01 3.846386075019836426e-01 6.233010292053222656e-01 -2.862538397312164307e-01 2.105793803930282593e-01 1.379233241081237793e+00 7.496352791786193848e-01 4.337705671787261963e-01 -8.774957656860351562e-01
2.769911885261535645e-01 5.820967555046081543e-01 7.828818559646606445e-01 1.330637335777282715e+00 -1.305548906326293945e+00 -8.483167290687561035e-01 -8.516607284545898438e-01 7.641422748565673828e-01 4.422894418239593506e-01 -1.230979442596435547e+00
4.494468271732330322e-01 -4.298295080661773682e-02 1.466181635856628418e+00 1.067752480506896973e+00 1.168565601110458374e-01 -1.262459278106689453e+00 -1.031872987747192383e+00 8.131766319274902344e-01 6.494942307472229004e-02 -5.017914175987243652e-01
4.524298012256622314e-01 -4.239399731159210205e-02 1.461476683616638184e+00 1.079945087432861328e+00 1.196226477622985840e-01 -1.261791229248046875e+00 -1.026566863059997559e+00 8.181082010269165039e-01 7.243978977203369141e-02 -4.993889927864074707e-01
4.377402961254119873e-01 -4.776729643344879150e-02 1.466426134109497070e+00 1.077816843986511230e+00 1.129508614540100098e-01 -1.260837674140930176e+00 -1.034494996070861816e+00 8.202024698257446289e-01 7.184003293514251709e-02 -5.007959604263305664e-01
4.426807165145874023e-01 -4.930318892002105713e-02 1.458505749702453613e+00 1.081291794776916504e+00 1.130979210138320923e-01 -1.268390655517578125e+00 -1.042336106300354004e+00 8.210155963897705078e-01 7.139779627323150635e-02 -5.078910589218139648e-01
2.559604048728942871e-01 1.983184069395065308e-01 1.145262241363525391e+00 1.115627408027648926e+00 -1.989296078681945801e-02 -1.583991885185241699e+00 -1.014521956443786621e+00 7.699627280235290527e-01 3.342750370502471924e-01 -7.963094115257263184e-01
2.587839365005493164e-01 2.054604142904281616e-01 1.125104308128356934e+00 1.120431303977966309e+00 -3.058387339115142822e-02 -1.598721981048583984e+00 -1.011233925819396973e+00 7.753587961196899414e-01 3.510679304599761963e-01 -7.871422767639160156e-01
2.538034021854400635e-01 1.969907134771347046e-01 1.119762182235717773e+00 1.133179783821105957e+00 -3.223980963230133057e-02 -1.589804887771606445e+00 -1.018760204315185547e+00 7.755009531974792480e-01 3.569089174270629883e-01 -7.971596121788024902e-01
2.601068615913391113e-01 2.021647542715072632e-01 1.127577304840087891e+00 1.136235237121582031e+00 -2.697306871414184570e-02 -1.583177328109741211e+00 -1.031666874885559082e+00 7.789837121963500977e-01 3.545165061950683594e-01 -8.041500449180603027e-01
2.540698647499084473e-01 2.070477455854415894e-01 1.128544211387634277e+00 1.120724081993103027e+00 -2.155460417270660400e-02 -1.588554620742797852e+00 -1.012361407279968262e+00 7.744854092597961426e-01 3.511955440044403076e-01 -8.051703572273254395e-01
3.127364516258239746e-01 2.334002703428268433e-01 1.073486924171447754e+00 1.186343312263488770e+00 -9.769454598426818848e-03 -1.553199291229248047e+00 -9.108442664146423340e-01 6.746546626091003418e-01 5.404952168464660645e-01 -8.231081366539001465e-01
2.198359519243240356e-01 2.650399208068847656e-01 1.365156769752502441e+00 1.132284998893737793e+00 -5.924433004111051559e-03 -1.508408069610595703e+00 -1.442987918853759766e-01 4.358972012996673584e-01 1.375695705413818359e+00 -5.816342234611511230e-01
1.639272123575210571e-01 6.597374379634857178e-02 1.570341944694519043e+00 1.006440162658691406e+00 7.506898045539855957e-02 -1.519252538681030273e+00 2.255062460899353027e-01 3.524107933044433594e-01 7.408801913261413574e-01 -2.528705596923828125e-01
1.612533181905746460e-01 1.547153443098068237e-01 1.531275868415832520e+00 1.000913262367248535e+00 5.580522119998931885e-02 -1.493775963783264160e+00 2.291173934936523438e-01 3.992846012115478516e-01 9.295766353607177734e-01 -3.043336868286132812e-01
1.062983423471450806e-01 6.996230781078338623e-02 1.382724404335021973e+00 9.110001921653747559e-01 9.641256928443908691e-02 -1.456051826477050781e+00 3.344886898994445801e-01 3.878406584262847900e-01 8.839149475097656250e-01 -2.380699515342712402e-01
9.307415783405303955e-02 -3.233601152896881104e-02 1.567124366760253906e+00 8.253973126411437988e-01 1.505297869443893433e-01 -1.363449215888977051e+00 3.714806437492370605e-01 3.412941396236419678e-01 6.043809056282043457e-01 -9.518951177597045898e-02
