5.233799219131469727e-01 -8.654285967350006104e-02 6.786767244338989258e-01 1.301426529884338379e+00 -3.580414950847625732e-01 2.593825459480285645e-01 3.825157284736633301e-01 1.063794970512390137e+00 9.009876102209091187e-02 -4.364735484123229980e-01
4.963757991790771484e-01 -9.230513870716094971e-02 6.985672712326049805e-01 1.231302618980407715e+00 -3.986509144306182861e-01 3.027943968772888184e-01 3.507915139198303223e-01 1.009317755699157715e+00 8.827782422304153442e-02 -4.175094962120056152e-01
4.844728112220764160e-01 -8.797223865985870361e-02 6.552475690841674805e-01 1.264369130134582520e+00 -4.580829739570617676e-01 2.540765404701232910e-01 4.831410050392150879e-01 1.056624174118041992e+00 1.287186294794082642e-01 -4.166446924209594727e-01
4.302585721015930176e-01 -1.041394025087356567e-01 6.689156293869018555e-01 1.154621720314025879e+00 -5.566248297691345215e-01 2.966623902320861816e-01 6.689913272857666016e-01 1.032521367073059082e+00 1.806970685720443726e-01 -3.196101784706115723e-01
3.891096711158752441e-01 -9.139628708362579346e-02 6.252162456512451172e-01 1.145896553993225098e+00 -5.832049846649169922e-01 3.161208033561706543e-01 8.637074232101440430e-01 1.061573505401611328e+00 2.373801320791244507e-01 -2.839223146438598633e-01
3.308714628219604492e-01 2.487467229366302490e-02 5.638436079025268555e-01 1.215699195861816406e+00 -5.722734928131103516e-01 3.821637034416198730e-01 9.282577633857727051e-01 1.010386347770690918e+00 3.241946995258331299e-01 -3.437810540199279785e-01
2.561886906623840332e-01 -4.502578079700469971e-02 2.736108303070068359e-01 9.425826668739318848e-01 -3.667820692062377930e-01 2.312190383672714233e-01 9.023473262786865234e-01 9.313590526580810547e-01 5.295386910438537598e-01 -4.641627669334411621e-01
2.718218564987182617e-01 1.845002025365829468e-01 4.339368641376495361e-01 1.128227710723876953e+00 -8.302162289619445801e-01 1.719212979078292847e-01 6.241334080696105957e-01 8.822320103645324707e-01 5.211957693099975586e-01 -5.012558698654174805e-01
3.741998076438903809e-01 2.516772747039794922e-01 5.470867156982421875e-01 1.207830071449279785e+00 -9.245212674140930176e-01 2.346774786710739136e-01 4.293119609355926514e-01 9.087942838668823242e-01 4.567352831363677979e-01 -5.903310179710388184e-01
3.771086633205413818e-01 2.491939514875411987e-01 5.547797083854675293e-01 1.220557212829589844e+00 -9.240620136260986328e-01 2.310183495283126831e-01 4.248042702674865723e-01 9.007984995841979980e-01 4.573532640933990479e-01 -5.878672003746032715e-01
3.857725858688354492e-01 2.502720355987548828e-01 5.518791079521179199e-01 1.223223209381103516e+00 -9.100776910781860352e-01 2.370832413434982300e-01 4.337360262870788574e-01 9.099239706993103027e-01 4.625575542449951172e-01 -5.820963382720947266e-01
3.861013948917388916e-01 2.513446211814880371e-01 5.499977469444274902e-01 1.221761703491210938e+00 -9.167510271072387695e-01 2.337430566549301147e-01 4.209399223327636719e-01 9.068889617919921875e-01 4.599501192569732666e-01 -5.886249542236328125e-01
3.882124423980712891e-01 2.467366904020309448e-01 5.604127645492553711e-01 1.208313107490539551e+00 -9.237282872200012207e-01 2.324340790510177612e-01 4.172577261924743652e-01 9.114136099815368652e-01 4.593423008918762207e-01 -5.905740857124328613e-01
4.388624429702758789e-01 2.869302034378051758e-01 3.478269875049591064e-01 8.905321359634399414e-01 -6.047202348709106445e-01 3.612614274024963379e-01 -2.085295319557189941e-01 8.535180091857910156e-01 5.468364357948303223e-01 -8.626869916915893555e-01
5.470257997512817383e-01 1.456197351217269897e-01 3.805443942546844482e-01 7.764886617660522461e-01 -6.456090807914733887e-01 3.454926609992980957e-01 -8.109502792358398438e-01 7.724942564964294434e-01 2.143785655498504639e-01 -9.362210035324096680e-01
5.632090568542480469e-01 1.378981918096542358e-01 3.615059256553649902e-01 7.759937047958374023e-01 -6.477093100547790527e-01 3.147829771041870117e-01 -8.303804397583007812e-01 7.754378318786621094e-01 2.115988135337829590e-01 -9.654772877693176270e-01
5.721091628074645996e-01 1.311800926923751831e-01 3.507711887359619141e-01 7.885037660598754883e-01 -6.525137424468994141e-01 3.068315386772155762e-01 -8.380419611930847168e-01 7.809535861015319824e-01 2.119638174772262573e-01 -9.681002497673034668e-01
5.776861906051635742e-01 1.389568895101547241e-01 3.564203381538391113e-01 8.050547838211059570e-01 -6.531952023506164551e-01 3.190501928329467773e-01 -8.295021653175354004e-01 7.846627235412597656e-01 2.130021303892135620e-01 -9.686822295188903809e-01
5.676157474517822266e-01 1.358655542135238647e-01 3.609049916267395020e-01 7.924386262893676758e-01 -6.562704443931579590e-01 3.310341238975524902e-01 -8.277218341827392578e-01 7.837836742401123047e-01 2.072088569402694702e-01 -9.667163491249084473e-01
5.575593113899230957e-01 1.357743591070175171e-01 3.596047759056091309e-01 7.862436771392822266e-01 -6.555839180946350098e-01 3.163834214210510254e-01 -8.288472890853881836e-01 7.772347927093505859e-01 2.087168842554092407e-01 -9.739431738853454590e-01
5.604008436203002930e-01 1.363297551870346069e-01 3.679856061935424805e-01 8.022947311401367188e-01 -6.541475653648376465e-01 3.109994530677795410e-01 -8.303723335266113281e-01 7.702804207801818848e-01 2.085900157690048218e-01 -9.644967913627624512e-01
5.666854977607727051e-01 1.414654105901718140e-01 3.602209985256195068e-01 7.951946258544921875e-01 -6.434329152107238770e-01 3.156476020812988281e-01 -8.370978832244873047e-01 7.812569141387939453e-01 2.028035372495651245e-01 -9.703518748283386230e-01
5.669180750846862793e-01 1.317518800497055054e-01 3.575287461280822754e-01 7.927074432373046875e-01 -6.456741690635681152e-01 3.052315711975097656e-01 -8.338661789894104004e-01 7.792451977729797363e-01 2.051248401403427124e-01 -9.672803282737731934e-01
6.836633682250976562e-01 -1.926512271165847778e-01 7.131334543228149414e-01 9.506727457046508789e-01 -1.428425431251525879e+00 2.976422309875488281e-01 -7.771477103233337402e-01 1.013211250305175781e+00 7.315752506256103516e-01 -1.592633128166198730e-01
6.808872222900390625e-01 -1.364392787218093872e-01 6.811656355857849121e-01 8.528662919998168945e-01 -9.769350886344909668e-01 6.422622203826904297e-01 -7.553617358207702637e-01 8.689802289009094238e-01 1.154291749000549316e+00 -1.048502326011657715e-01
6.270233392715454102e-01 -1.340283304452896118e-01 6.209508776664733887e-01 8.482226729393005371e-01 -9.011213183403015137e-01 7.530527114868164062e-01 -7.059677243232727051e-01 8.694418072700500488e-01 1.196836113929748535e+00 -1.070553064346313477e-01
6.216126680374145508e-01 -1.385980397462844849e-01 6.139238476753234863e-01 8.656525611877441406e-01 -9.067713618278503418e-01 7.603025436401367188e-01 -7.070932984352111816e-01 8.773200511932373047e-01 1.199380993843078613e+00 -1.061507463455200195e-01
6.333567500114440918e-01 -1.324286609888076782e-01 6.180065870285034180e-01 8.561867475509643555e-01 -9.075739979743957520e-01 7.608395814895629883e-01 -7.071290016174316406e-01 8.723846077919006348e-01 1.207520723342895508e+00 -1.109468936920166016e-01
6.386836767196655273e-01 -1.347921043634414673e-01 6.106495857238769531e-01 8.450359106063842773e-01 -9.037522673606872559e-01 7.598186731338500977e-01 -7.183505296707153320e-01 8.771151900291442871e-01 1.195821404457092285e+00 -1.096581220626831055e-01
5.644223690032958984e-01 -1.037726551294326782e-01 6.112229824066162109e-01 8.271272182464599609e-01 -8.500765562057495117e-01 7.131932377815246582e-01 -5.701739192008972168e-01 8.313499689102172852e-01 1.302385330200195312e+00 -1.323595046997070312e-01
4.742130637168884277e-01 1.120714992284774780e-01 5.202414393424987793e-01 5.447678565979003906e-01 -8.116752505302429199e-01 7.817163467407226562e-01 1.458382010459899902e-01 6.019431352615356445e-01 1.464614987373352051e+00 -3.542371392250061035e-01
6.357364654541015625e-01 7.663147151470184326e-02 9.099065065383911133e-01 7.608393430709838867e-01 -1.197550058364868164e+00 6.916365623474121094e-01 4.447761476039886475e-01 5.124918818473815918e-01 1.386744976043701172e+00 -1.419054865837097168e-01
6.691253781318664551e-01 6.430964171886444092e-02 9.386996626853942871e-01 7.708433270454406738e-01 -1.205450773239135742e+00 7.064133286476135254e-01 4.639956653118133545e-01 4.986370503902435303e-01 1.376126408576965332e+00 -1.256616115570068359e-01
6.762565374374389648e-01 8.961091935634613037e-02 9.474054574966430664e-01 7.857679128646850586e-01 -1.200777769088745117e+00 7.256119251251220703e-01 4.656035006046295166e-01 5.070926547050476074e-01 1.371273636817932129e+00 -1.325544118881225586e-01
5.053359866142272949e-01 1.210066527128219604e-01 7.749839425086975098e-01 6.735138893127441406e-01 -1.030849456787109375e+00 5.965547561645507812e-01 5.730019211769104004e-01 5.649004578590393066e-01 1.593696713447570801e+00 -1.958567500114440918e-01
3.663134574890136719e-01 -1.268959194421768188e-01 6.418787837028503418e-01 5.063356757164001465e-01 -9.785101413726806641e-01 5.274488925933837891e-01 1.024369597434997559e+00 5.147318243980407715e-01 1.375186324119567871e+00 -2.127849683165550232e-02
4.749589562416076660e-01 -1.654419451951980591e-01 9.773391485214233398e-01 5.949164628982543945e-01 -9.536924958229064941e-01 7.403541207313537598e-01 9.075470566749572754e-01 5.522518754005432129e-01 1.152932047843933105e+00 1.214950680732727051e-01
5.642514228820800781e-01 -2.174798995256423950e-01 1.127117276191711426e+00 5.521873235702514648e-01 -9.169595241546630859e-01 7.957833409309387207e-01 7.801431417465209961e-01 5.919616818428039551e-01 1.070836424827575684e+00 1.452057361602783203e-01
