3.428682088851928711e-01 5.703209042549133301e-01 -2.064393609762191772e-01 5.405871868133544922e-01 -5.140429139137268066e-01 1.448015421628952026e-01 1.024181008338928223e+00 1.072601675987243652e+00 -2.243655025959014893e-01 -2.893279790878295898e-01
3.106983900070190430e-01 5.372458100318908691e-01 -1.974904388189315796e-01 5.104615688323974609e-01 -5.219860672950744629e-01 1.611240357160568237e-01 1.027940869331359863e+00 1.032131910324096680e+00 -2.503559887409210205e-01 -2.692061364650726318e-01
2.917712628841400146e-01 1.664892882108688354e-01 -1.908192485570907593e-01 3.990471661090850830e-01 -5.904526114463806152e-01 2.443483322858810425e-01 1.294507503509521484e+00 1.075151801109313965e+00 -4.221583008766174316e-01 -5.948066338896751404e-02
6.798065900802612305e-01 -1.845876127481460571e-01 -1.101899892091751099e-01 3.447667062282562256e-01 -6.590008139610290527e-01 4.529247879981994629e-01 1.599867582321166992e+00 1.081313490867614746e+00 -5.682796835899353027e-01 6.907218694686889648e-02
6.327912807464599609e-01 -2.545571327209472656e-01 -1.244051903486251831e-01 3.246266245841979980e-01 -7.119523882865905762e-01 4.547466039657592773e-01 1.641578793525695801e+00 1.083019614219665527e+00 -5.572675466537475586e-01 9.916132688522338867e-02
6.350665092468261719e-01 -2.498078495264053345e-01 -1.108081787824630737e-01 3.348263204097747803e-01 -7.157720923423767090e-01 4.758982658386230469e-01 1.633635878562927246e+00 1.104803800582885742e+00 -5.553100109100341797e-01 8.925467729568481445e-02
6.363753080368041992e-01 -2.445764690637588501e-01 -1.180060654878616333e-01 3.384543955326080322e-01 -7.240936160087585449e-01 4.883090853691101074e-01 1.642633914947509766e+00 1.097381830215454102e+00 -5.611187219619750977e-01 9.168756008148193359e-02
6.441879272460937500e-01 -2.478757053613662720e-01 -1.130413562059402466e-01 3.504540622234344482e-01 -7.157760262489318848e-01 4.752569198608398438e-01 1.643420219421386719e+00 1.098831772804260254e+00 -5.591449141502380371e-01 1.041718721389770508e-01
6.447860002517700195e-01 -2.529315352439880371e-01 -1.205379515886306763e-01 3.642401695251464844e-01 -7.081981897354125977e-01 4.582555294036865234e-01 1.640043020248413086e+00 1.096466660499572754e+00 -5.603190064430236816e-01 1.042569279670715332e-01
6.286735534667968750e-01 -2.687765955924987793e-01 -1.000619083642959595e-01 5.189205408096313477e-01 -6.177650690078735352e-01 5.719963312149047852e-01 1.755589962005615234e+00 1.133849620819091797e+00 -4.734850525856018066e-01 -3.051530942320823669e-02
3.240669369697570801e-01 -3.885051012039184570e-01 -1.149795949459075928e-02 4.991414844989776611e-01 -2.498496621847152710e-01 8.856001496315002441e-01 1.861498951911926270e+00 1.035690546035766602e+00 -5.150288939476013184e-01 -3.541745245456695557e-01
7.434968948364257812e-01 -5.532754063606262207e-01 -2.661535143852233887e-01 5.050923228263854980e-01 3.582414388656616211e-01 5.026065707206726074e-01 1.193997025489807129e+00 1.334334850311279297e+00 -1.045239210128784180e+00 -8.758754730224609375e-01
7.481074333190917969e-01 -5.453820228576660156e-01 -2.195851951837539673e-01 5.091241598129272461e-01 3.654542267322540283e-01 4.382451176643371582e-01 1.150023341178894043e+00 1.329825997352600098e+00 -1.046674966812133789e+00 -8.309251070022583008e-01
7.544738650321960449e-01 -5.538063645362854004e-01 -2.195511013269424438e-01 4.995062649250030518e-01 3.684169650077819824e-01 4.270354509353637695e-01 1.142751812934875488e+00 1.338431596755981445e+00 -1.052301764488220215e+00 -8.339920639991760254e-01
7.472737431526184082e-01 -5.502178072929382324e-01 -2.065877169370651245e-01 5.008301734924316406e-01 3.791582286357879639e-01 4.309571981430053711e-01 1.142733573913574219e+00 1.339517831802368164e+00 -1.043889760971069336e+00 -8.223445415496826172e-01
2.674478888511657715e-01 -5.487352609634399414e-01 -2.110848575830459595e-01 4.340725243091583252e-01 2.434545904397964478e-01 4.386780261993408203e-01 9.689683914184570312e-01 1.059275388717651367e+00 -1.174034237861633301e+00 -6.772010326385498047e-01
2.864177525043487549e-01 -7.490062713623046875e-01 -1.396300941705703735e-01 4.174574315547943115e-01 1.051155477762222290e-01 3.286563754081726074e-01 1.415914416313171387e+00 1.215741634368896484e+00 -1.200020194053649902e+00 -1.141703724861145020e-01
2.816078364849090576e-01 -7.515720725059509277e-01 -1.365673094987869263e-01 4.116062223911285400e-01 1.074827164411544800e-01 3.346610069274902344e-01 1.423682689666748047e+00 1.202324986457824707e+00 -1.213163971900939941e+00 -1.238278150558471680e-01
2.829843759536743164e-01 -7.513146400451660156e-01 -1.386885792016983032e-01 4.161929786205291748e-01 1.034972518682479858e-01 3.320101499557495117e-01 1.417197585105895996e+00 1.204846024513244629e+00 -1.208947777748107910e+00 -1.183030009269714355e-01
2.814328074455261230e-01 -7.518571019172668457e-01 -1.300771981477737427e-01 4.170071184635162354e-01 9.609954059123992920e-02 3.346108794212341309e-01 1.433508157730102539e+00 1.207998871803283691e+00 -1.207296252250671387e+00 -1.132152676582336426e-01
3.153353035449981689e-01 -7.054946422576904297e-01 -1.583691686391830444e-01 4.045624434947967529e-01 4.470054805278778076e-02 3.476282358169555664e-01 1.382719635963439941e+00 1.174751281738281250e+00 -1.171042323112487793e+00 -4.850947484374046326e-02
6.446105241775512695e-01 -6.789018511772155762e-01 -3.979490399360656738e-01 2.733175456523895264e-01 4.307042062282562256e-02 2.442022413015365601e-01 1.005097270011901855e+00 1.176822781562805176e+00 -1.517903804779052734e+00 -1.501650810241699219e-01
6.697886586189270020e-01 -6.664620637893676758e-01 -3.992421627044677734e-01 2.599939405918121338e-01 6.923128664493560791e-02 2.381257265806198120e-01 9.629847407341003418e-01 1.154915452003479004e+00 -1.530204296112060547e+00 -1.665392518043518066e-01
3.178451359272003174e-01 -2.897351980209350586e-01 -3.759438097476959229e-01 3.404733240604400635e-01 3.132465779781341553e-01 1.333176940679550171e-01 8.677042722702026367e-01 1.246131181716918945e+00 -1.263226866722106934e+00 -3.659925460815429688e-01
1.641987115144729614e-01 -1.888650208711624146e-01 -2.923415601253509521e-01 4.623238444328308105e-01 4.057560265064239502e-01 -1.163555774837732315e-03 6.499022841453552246e-01 1.277779579162597656e+00 -1.284138917922973633e+00 -2.732918262481689453e-01
2.071212679147720337e-01 -2.517964839935302734e-01 -3.100159764289855957e-01 2.600553929805755615e-01 4.811325371265411377e-01 -1.763559691607952118e-02 5.350682139396667480e-01 1.067744255065917969e+00 -1.379008769989013672e+00 -1.731619238853454590e-01
