9.761023521423339844e-01 4.974227547645568848e-01 3.914935886859893799e-02 6.563060879707336426e-01 -1.029777228832244873e-01 3.774641454219818115e-02 5.537266731262207031e-01 1.039201855659484863e+00 -2.674905955791473389e-02 5.159553885459899902e-01
9.585125446319580078e-01 4.822473526000976562e-01 2.373076975345611572e-02 6.583038568496704102e-01 -1.074924767017364502e-01 -3.216401673853397369e-04 6.321902871131896973e-01 1.032322645187377930e+00 -1.575326919555664062e-02 5.115165114402770996e-01
8.134042024612426758e-01 5.172482728958129883e-01 8.962048590183258057e-02 6.056220531463623047e-01 -1.935291737318038940e-01 8.078263700008392334e-02 1.157815575599670410e+00 1.040977954864501953e+00 2.409563809633255005e-01 4.867042005062103271e-01
1.203186392784118652e+00 1.051131248474121094e+00 -8.104689419269561768e-02 6.895732879638671875e-01 8.336512744426727295e-02 4.164628982543945312e-01 7.540668249130249023e-01 1.072244405746459961e+00 4.571202397346496582e-01 1.727787852287292480e-01
1.343853831291198730e+00 1.337823629379272461e+00 -1.415434628725051880e-01 7.178518772125244141e-01 1.546216160058975220e-01 6.295442581176757812e-01 7.005088925361633301e-01 1.119195699691772461e+00 5.431358814239501953e-01 6.187260523438453674e-02
1.347043156623840332e+00 1.360049962997436523e+00 -1.454352736473083496e-01 7.072956562042236328e-01 1.794848442077636719e-01 6.923870444297790527e-01 7.077256441116333008e-01 1.122987985610961914e+00 5.554384589195251465e-01 4.657143726944923401e-02
1.359616875648498535e+00 1.354476094245910645e+00 -1.546718031167984009e-01 6.970307826995849609e-01 1.836837083101272583e-01 6.928839087486267090e-01 6.942734122276306152e-01 1.137811899185180664e+00 5.555343031883239746e-01 3.773552551865577698e-02
1.369035363197326660e+00 1.376335978507995605e+00 -1.551525741815567017e-01 7.128726243972778320e-01 1.906834542751312256e-01 7.025905251502990723e-01 6.956219673156738281e-01 1.123136520385742188e+00 5.558296442031860352e-01 4.741830006241798401e-02
1.367974638938903809e+00 1.372292757034301758e+00 -1.406436413526535034e-01 7.504240274429321289e-01 1.631446927785873413e-01 7.200552225112915039e-01 7.124522924423217773e-01 1.160069465637207031e+00 5.429082512855529785e-01 5.647468939423561096e-02
1.387821912765502930e+00 1.394970417022705078e+00 -1.816625148057937622e-01 5.553795695304870605e-01 5.512753129005432129e-01 1.131680727005004883e+00 6.585482954978942871e-01 9.179329276084899902e-01 6.253352761268615723e-01 -9.586471319198608398e-02
8.834465146064758301e-01 5.844992399215698242e-01 -3.632448017597198486e-01 5.963022708892822266e-01 9.238860607147216797e-01 1.134303689002990723e+00 7.836240530014038086e-01 5.608175396919250488e-01 1.010116219520568848e+00 2.236585021018981934e-01
6.739012002944946289e-01 6.098223924636840820e-01 -5.364092588424682617e-01 6.020816564559936523e-01 1.822880744934082031e+00 2.040337175130844116e-01 -1.913696900010108948e-02 4.524489939212799072e-01 9.210438132286071777e-01 5.412224680185317993e-03
6.726425886154174805e-01 5.868602991104125977e-01 -5.101246833801269531e-01 6.176168322563171387e-01 1.808711290359497070e+00 2.133679836988449097e-01 -5.689087323844432831e-03 4.368528425693511963e-01 9.516153931617736816e-01 4.777604714035987854e-02
6.806114315986633301e-01 5.840324163436889648e-01 -5.068138241767883301e-01 6.230086684226989746e-01 1.814212560653686523e+00 2.129530161619186401e-01 -1.399940531700849533e-02 4.321148097515106201e-01 9.457099437713623047e-01 4.614943638443946838e-02
6.808503866195678711e-01 5.872889757156372070e-01 -5.064044594764709473e-01 6.284531354904174805e-01 1.811394810676574707e+00 2.113191336393356323e-01 -1.439565699547529221e-02 4.323970377445220947e-01 9.569020867347717285e-01 4.221141710877418518e-02
7.045750021934509277e-01 3.841565847396850586e-01 -1.168604344129562378e-01 4.943159818649291992e-01 1.419372797012329102e+00 5.058680176734924316e-01 2.049115896224975586e-01 6.011985540390014648e-01 1.094576835632324219e+00 3.127473592758178711e-01
1.089585781097412109e+00 1.157995700836181641e+00 1.365228444337844849e-01 4.698697328567504883e-01 1.728465795516967773e+00 1.224980950355529785e+00 1.010645627975463867e-01 6.319158077239990234e-01 8.346061110496520996e-01 7.224494218826293945e-02
1.108806252479553223e+00 1.181928277015686035e+00 1.339671462774276733e-01 4.773930609226226807e-01 1.708463430404663086e+00 1.231932282447814941e+00 1.035411357879638672e-01 6.394089460372924805e-01 8.018477559089660645e-01 6.488394737243652344e-02
1.110372424125671387e+00 1.193637609481811523e+00 1.349297016859054565e-01 4.755010604858398438e-01 1.706439852714538574e+00 1.232318639755249023e+00 9.967809915542602539e-02 6.294458508491516113e-01 7.991038560867309570e-01 6.735312938690185547e-02
1.115758657455444336e+00 1.193336486816406250e+00 1.388523131608963013e-01 4.778270721435546875e-01 1.705402970314025879e+00 1.240736007690429688e+00 9.715753793716430664e-02 6.358156800270080566e-01 8.037225008010864258e-01 6.755626201629638672e-02
1.171139121055603027e+00 1.190209269523620605e+00 1.192219108343124390e-01 4.549164474010467529e-01 1.520501613616943359e+00 1.088965058326721191e+00 9.538942575454711914e-02 5.946949124336242676e-01 7.148900628089904785e-01 4.781079664826393127e-02
1.408751130104064941e+00 1.219295740127563477e+00 2.468631416559219360e-01 7.551829218864440918e-01 1.000809192657470703e+00 4.338817596435546875e-01 1.872587800025939941e-01 6.608290672302246094e-01 7.603545784950256348e-01 -4.322823137044906616e-03
1.389670252799987793e+00 1.139822125434875488e+00 2.435112148523330688e-01 7.045542001724243164e-01 9.243093729019165039e-01 2.972493171691894531e-01 1.796199679374694824e-01 6.820365786552429199e-01 7.668574452400207520e-01 7.412437349557876587e-03
9.470358490943908691e-01 5.139267444610595703e-01 2.575346231460571289e-01 5.757954120635986328e-01 1.082286357879638672e+00 -1.301999203860759735e-02 1.364139914512634277e-01 5.030512213706970215e-01 5.928667187690734863e-01 1.708227992057800293e-01
9.603744149208068848e-01 9.505777060985565186e-02 3.850529491901397705e-01 3.423638641834259033e-01 1.135893940925598145e+00 9.949909523129463196e-03 -1.404164433479309082e-01 3.815850913524627686e-01 4.432542622089385986e-01 2.990251183509826660e-01
1.070728540420532227e+00 2.242617458105087280e-01 4.632575511932373047e-01 3.822853267192840576e-01 1.174058914184570312e+00 6.991116702556610107e-02 -3.236817717552185059e-01 4.342075288295745850e-01 3.182071745395660400e-01 2.946245074272155762e-01
