2.065545469522476196e-01 4.334146380424499512e-01 -1.069352865219116211e+00 1.201074481010437012e+00 -7.002425789833068848e-01 3.246093988418579102e-01 1.402512192726135254e-01 1.232337713241577148e+00 7.074438035488128662e-02 3.043483197689056396e-01
2.079003006219863892e-01 4.462568759918212891e-01 -1.076063752174377441e+00 1.206314325332641602e+00 -6.834334731101989746e-01 3.431535363197326660e-01 1.354487538337707520e-01 1.226408004760742188e+00 6.922407448291778564e-02 2.999408841133117676e-01
2.389949113130569458e-01 3.559572696685791016e-01 -1.092421770095825195e+00 1.202528119087219238e+00 -7.052238583564758301e-01 3.175145387649536133e-01 1.869965195655822754e-01 1.250066518783569336e+00 4.089073836803436279e-02 3.123785257339477539e-01
1.901529878377914429e-01 3.336098194122314453e-01 -1.027431607246398926e+00 1.176970005035400391e+00 -7.380896210670471191e-01 3.875447511672973633e-01 1.946170926094055176e-01 1.210406541824340820e+00 4.055099189281463623e-02 3.721465468406677246e-01
1.297691613435745239e-01 3.314422965049743652e-01 -1.039599180221557617e+00 1.181693792343139648e+00 -7.744329571723937988e-01 3.683989644050598145e-01 2.367207407951354980e-01 1.237626194953918457e+00 5.259309709072113037e-02 3.512879610061645508e-01
1.300335079431533813e-01 3.378314375877380371e-01 -1.059593319892883301e+00 1.190826773643493652e+00 -7.837433218955993652e-01 3.770013451576232910e-01 1.778795123100280762e-01 1.248707532882690430e+00 3.935395181179046631e-02 3.572387695312500000e-01
2.586213946342468262e-01 1.567487567663192749e-01 -1.072380661964416504e+00 1.177646040916442871e+00 -8.142344355583190918e-01 3.205457925796508789e-01 1.517583727836608887e-01 1.266749262809753418e+00 -5.437411367893218994e-02 4.646622538566589355e-01
3.005897104740142822e-01 1.535349935293197632e-01 -1.100739836692810059e+00 1.176894307136535645e+00 -8.226677775382995605e-01 2.930084466934204102e-01 1.232727169990539551e-01 1.226999402046203613e+00 -9.974963963031768799e-02 4.919273853302001953e-01
3.098729848861694336e-01 1.804095953702926636e-01 -1.153180480003356934e+00 1.014994263648986816e+00 -7.835371494293212891e-01 2.379224151372909546e-01 3.793757781386375427e-02 1.207359075546264648e+00 -7.202884554862976074e-02 4.334934353828430176e-01
5.034090876579284668e-01 -5.489863455295562744e-02 -1.070375680923461914e+00 1.232038497924804688e+00 -6.174187064170837402e-01 3.958934545516967773e-01 2.163532376289367676e-01 1.201971769332885742e+00 -1.081629097461700439e-01 5.432319641113281250e-01
1.025691986083984375e+00 -2.919626832008361816e-01 -1.187257885932922363e+00 1.017615914344787598e+00 -6.177625060081481934e-01 1.727933138608932495e-01 -6.215593218803405762e-01 1.259259462356567383e+00 -3.710966408252716064e-01 2.224989533424377441e-01
1.012947320938110352e+00 -2.944483160972595215e-01 -1.190344929695129395e+00 9.645379781723022461e-01 -6.344769597053527832e-01 1.751856654882431030e-01 -6.421481966972351074e-01 1.244192838668823242e+00 -3.694373667240142822e-01 2.144691050052642822e-01
1.028931498527526855e+00 -2.946311235427856445e-01 -1.197304010391235352e+00 9.921024441719055176e-01 -6.202747225761413574e-01 1.727794855833053589e-01 -6.449826955795288086e-01 1.243999123573303223e+00 -3.747084438800811768e-01 2.187082171440124512e-01
1.017413735389709473e+00 -3.012702465057373047e-01 -1.190896511077880859e+00 9.797478914260864258e-01 -6.218516230583190918e-01 1.721064299345016479e-01 -6.485441923141479492e-01 1.246484398841857910e+00 -3.723147213459014893e-01 2.170286178588867188e-01
1.027814030647277832e+00 -3.066613078117370605e-01 -1.208600878715515137e+00 9.764252901077270508e-01 -6.243411898612976074e-01 1.790522187948226929e-01 -6.492674946784973145e-01 1.241418838500976562e+00 -3.726656734943389893e-01 2.176162600517272949e-01
1.073277115821838379e+00 -3.286589384078979492e-01 -1.227024674415588379e+00 8.890221118927001953e-01 -6.436114907264709473e-01 1.322885006666183472e-01 -8.622771501541137695e-01 1.223782539367675781e+00 -4.072327017784118652e-01 1.174959242343902588e-01
4.483603835105895996e-01 -1.078214049339294434e+00 -1.280625224113464355e+00 9.534270763397216797e-01 -8.918268680572509766e-01 -4.718853533267974854e-02 -1.377437949180603027e+00 8.679037094116210938e-01 -8.040709495544433594e-01 -3.603481650352478027e-01
2.570981904864311218e-02 -9.466447830200195312e-01 -1.361610770225524902e+00 1.156171083450317383e+00 -1.049166917800903320e+00 4.402134418487548828e-01 -3.348442912101745605e-01 9.285492300987243652e-01 -8.468912243843078613e-01 -4.428756237030029297e-01
1.975543424487113953e-02 -9.436014294624328613e-01 -1.348953366279602051e+00 1.128140449523925781e+00 -1.045956850051879883e+00 4.586548209190368652e-01 -3.415462970733642578e-01 9.196052551269531250e-01 -8.267077803611755371e-01 -4.295962452888488770e-01
2.904258295893669128e-02 -9.476362466812133789e-01 -1.357422590255737305e+00 1.126821875572204590e+00 -1.054023981094360352e+00 4.760053157806396484e-01 -3.217486739158630371e-01 9.161273837089538574e-01 -8.213811516761779785e-01 -4.249057769775390625e-01
-2.843942120671272278e-02 -6.855197548866271973e-01 -1.386608839035034180e+00 1.133082985877990723e+00 -9.617186188697814941e-01 5.675358176231384277e-01 -8.400088548660278320e-02 8.803527355194091797e-01 -7.238700389862060547e-01 -4.093680381774902344e-01
-2.932401001453399658e-01 -1.682185381650924683e-01 -1.519675612449645996e+00 1.091128706932067871e+00 -1.055748581886291504e+00 6.871007680892944336e-01 6.671684980392456055e-02 9.546877145767211914e-01 -5.940018296241760254e-01 -5.725027918815612793e-01
-4.458459913730621338e-01 3.163890540599822998e-02 -1.584162831306457520e+00 9.831393361091613770e-01 -1.250653386116027832e+00 4.019574522972106934e-01 -2.027814984321594238e-01 8.627955913543701172e-01 -6.086980104446411133e-01 -6.629118323326110840e-01
-4.666690528392791748e-01 6.137297023087739944e-03 -1.561575770378112793e+00 1.021417737007141113e+00 -1.251122355461120605e+00 4.927248358726501465e-01 -3.815591707825660706e-02 8.981263041496276855e-01 -5.788543820381164551e-01 -5.252009034156799316e-01
-5.947878360748291016e-01 2.223946303129196167e-01 -1.599060654640197754e+00 1.083984375000000000e+00 -1.166770339012145996e+00 5.561633110046386719e-01 7.476043701171875000e-02 8.959790468215942383e-01 -4.888408780097961426e-01 -6.148334741592407227e-01
-7.494693398475646973e-01 3.002997040748596191e-01 -1.563763856887817383e+00 1.018869996070861816e+00 -1.218752980232238770e+00 6.048604249954223633e-01 3.379103727638721466e-03 8.222832083702087402e-01 -4.660783112049102783e-01 -7.418643832206726074e-01
