2.377757430076599121e-01 5.803948044776916504e-01 -9.478907287120819092e-02 3.265603482723236084e-01 -4.144599437713623047e-01 2.022883147001266479e-01 8.835283517837524414e-01 7.192141413688659668e-01 -2.726036012172698975e-01 -1.659178733825683594e-01
2.913202941417694092e-01 5.803105831146240234e-01 -1.660649329423904419e-01 3.719155192375183105e-01 -4.284780919551849365e-01 1.085336655378341675e-01 8.904702067375183105e-01 7.810114622116088867e-01 -2.659859955310821533e-01 -2.079281210899353027e-01
2.240160107612609863e-01 4.960452318191528320e-01 -1.099500507116317749e-01 2.635558545589447021e-01 -4.207045435905456543e-01 2.541002631187438965e-01 9.027859568595886230e-01 6.951824426651000977e-01 -3.072889745235443115e-01 -1.068140268325805664e-01
1.718098372220993042e-01 4.755374789237976074e-01 -1.252072304487228394e-01 2.614058554172515869e-01 -4.679398834705352783e-01 2.740091681480407715e-01 9.051015377044677734e-01 7.193397283554077148e-01 -3.291854858398437500e-01 -8.975696563720703125e-02
1.274001598358154297e-01 5.194414854049682617e-01 -1.568565517663955688e-01 2.391435503959655762e-01 -4.804960787296295166e-01 3.063442707061767578e-01 9.429897665977478027e-01 7.227028608322143555e-01 -2.866989672183990479e-01 -1.318087577819824219e-01
1.926430165767669678e-01 4.524731040000915527e-01 -1.297044008970260620e-01 2.348751723766326904e-01 -5.067987442016601562e-01 2.472598999738693237e-01 8.420794606208801270e-01 7.288353443145751953e-01 -3.716109097003936768e-01 -1.024683117866516113e-01
2.775749862194061279e-01 3.065890669822692871e-01 -1.198382228612899780e-01 2.552228271961212158e-01 -5.457253456115722656e-01 1.714260429143905640e-01 8.687888383865356445e-01 7.426711916923522949e-01 -5.097647905349731445e-01 5.645398050546646118e-03
3.063083291053771973e-01 3.171223402023315430e-01 -1.525807827711105347e-01 1.745810210704803467e-01 -5.101786255836486816e-01 1.090933531522750854e-01 7.548260688781738281e-01 6.968496441841125488e-01 -5.010040402412414551e-01 1.513117924332618713e-02
3.342301249504089355e-01 3.537545800209045410e-01 -1.427217274904251099e-01 1.437484622001647949e-01 -5.016411542892456055e-01 9.374748170375823975e-02 7.028661370277404785e-01 7.003176808357238770e-01 -4.706061780452728271e-01 -1.691829785704612732e-02
7.269876599311828613e-01 -1.340730488300323486e-02 -1.628842204809188843e-01 1.279707551002502441e-01 -2.915371358394622803e-01 3.928898274898529053e-02 4.028079509735107422e-01 6.993994116783142090e-01 -8.976618647575378418e-01 2.780977403745055199e-03
8.787386417388916016e-01 -5.930663645267486572e-02 -1.484893411397933960e-01 1.229042410850524902e-01 -3.284845650196075439e-01 -4.806204140186309814e-02 1.942073926329612732e-02 6.765567660331726074e-01 -9.864603281021118164e-01 -1.171189546585083008e-01
8.890046477317810059e-01 -6.552429497241973877e-02 -1.571265012025833130e-01 1.205386817455291748e-01 -3.410522043704986572e-01 -3.758193552494049072e-02 9.795901365578174591e-03 6.715448498725891113e-01 -1.002408385276794434e+00 -1.262524127960205078e-01
8.789412975311279297e-01 -6.036187708377838135e-02 -1.622091084718704224e-01 1.311918497085571289e-01 -3.373260200023651123e-01 -3.846599161624908447e-02 5.383369512856006622e-03 6.718342304229736328e-01 -1.000544190406799316e+00 -1.325195431709289551e-01
8.855060935020446777e-01 -6.496007740497589111e-02 -1.547422856092453003e-01 1.181252300739288330e-01 -3.352170586585998535e-01 -4.348762333393096924e-02 9.932813234627246857e-03 6.826817989349365234e-01 -9.979271292686462402e-01 -1.295298337936401367e-01
8.812118768692016602e-01 -6.005306541919708252e-02 -1.530059128999710083e-01 1.129305660724639893e-01 -3.297283947467803955e-01 -3.326030075550079346e-02 2.058726176619529724e-02 6.791231036186218262e-01 -1.000881552696228027e+00 -1.233492493629455566e-01
8.120832443237304688e-01 -2.056610733270645142e-01 -1.540630608797073364e-01 1.996218860149383545e-01 -4.727808833122253418e-01 -2.952611446380615234e-01 -7.040804028511047363e-01 7.058867812156677246e-01 -1.303918004035949707e+00 -4.649980664253234863e-01
6.089327856898307800e-02 -4.623558521270751953e-01 -2.830857038497924805e-01 3.412099778652191162e-01 -7.651869654655456543e-01 1.485305875539779663e-01 3.660535216331481934e-01 5.947981476783752441e-01 -1.785873651504516602e+00 -6.058685183525085449e-01
5.263520404696464539e-02 -4.959436655044555664e-01 -2.295520156621932983e-01 3.242289125919342041e-01 -7.647184729576110840e-01 1.555231064558029175e-01 2.656442523002624512e-01 5.917972922325134277e-01 -1.841390967369079590e+00 -5.926594138145446777e-01
4.930443689227104187e-02 -4.881663322448730469e-01 -2.296942025423049927e-01 3.392829596996307373e-01 -7.668455839157104492e-01 1.596180647611618042e-01 2.699467539787292480e-01 5.992865562438964844e-01 -1.830587506294250488e+00 -5.938825011253356934e-01
5.110774561762809753e-02 -4.974787831306457520e-01 -2.433271855115890503e-01 3.391062319278717041e-01 -7.725676894187927246e-01 1.597692221403121948e-01 2.806935310363769531e-01 6.007257699966430664e-01 -1.812985301017761230e+00 -5.938029289245605469e-01
-4.656292870640754700e-02 -8.328838646411895752e-02 -3.273488879203796387e-01 4.135085046291351318e-01 -7.389413714408874512e-01 3.684165477752685547e-01 7.033612132072448730e-01 7.243884205818176270e-01 -1.514079093933105469e+00 -7.723723053932189941e-01
-2.607282698154449463e-01 9.046690165996551514e-02 -2.964382469654083252e-01 2.543189823627471924e-01 -1.057803153991699219e+00 1.451673060655593872e-01 3.386130630970001221e-01 6.660602092742919922e-01 -1.445970892906188965e+00 -8.816697001457214355e-01
-3.110233843326568604e-01 2.001400440931320190e-01 -2.920347154140472412e-01 2.652184069156646729e-01 -1.058022618293762207e+00 4.178969562053680420e-02 2.625448107719421387e-01 6.298721432685852051e-01 -1.373225808143615723e+00 -9.564222693443298340e-01
-3.574619293212890625e-01 2.544225454330444336e-01 -3.105050027370452881e-01 2.972837388515472412e-01 -1.059107661247253418e+00 1.081585735082626343e-01 4.655817151069641113e-01 6.570274829864501953e-01 -1.336282849311828613e+00 -8.958189487457275391e-01
-4.996393322944641113e-01 4.831716120243072510e-01 -3.058211803436279297e-01 4.044397175312042236e-01 -9.923077225685119629e-01 2.086661309003829956e-01 5.836763978004455566e-01 7.060751914978027344e-01 -1.161834120750427246e+00 -1.078402042388916016e+00
-5.621399879455566406e-01 5.445883274078369141e-01 -2.881392538547515869e-01 4.068176448345184326e-01 -9.791260361671447754e-01 2.080483883619308472e-01 5.032165050506591797e-01 7.155935168266296387e-01 -1.106424212455749512e+00 -1.109547257423400879e+00
