5.226045846939086914e-01 -1.058741956949234009e-01 6.554515361785888672e-01 1.252999067306518555e+00 -1.744859665632247925e-01 2.999104857444763184e-01 3.886263370513916016e-01 9.975052475929260254e-01 6.001338362693786621e-02 -4.190744459629058838e-01
6.304726600646972656e-01 -1.761078983545303345e-01 3.957557976245880127e-01 1.235571503639221191e+00 -3.455052077770233154e-01 2.774736285209655762e-01 4.403637051582336426e-01 1.055993914604187012e+00 1.481273025274276733e-01 -5.649548768997192383e-01
5.534320473670959473e-01 -2.163298279047012329e-01 4.566942453384399414e-01 1.123921513557434082e+00 -4.324202239513397217e-01 4.285367131233215332e-01 4.175340533256530762e-01 9.832974076271057129e-01 1.073266714811325073e-01 -4.454308152198791504e-01
4.644960165023803711e-01 -2.257294803857803345e-01 4.390445947647094727e-01 1.140985727310180664e+00 -5.018106102943420410e-01 4.574355483055114746e-01 4.171771407127380371e-01 1.005477190017700195e+00 8.973322808742523193e-02 -4.208144247531890869e-01
4.028231501579284668e-01 -1.846771389245986938e-01 3.824164867401123047e-01 1.127290368080139160e+00 -5.214488506317138672e-01 4.812046289443969727e-01 4.540727734565734863e-01 1.001823306083679199e+00 1.117547973990440369e-01 -4.669762551784515381e-01
4.687340557575225830e-01 -2.525575160980224609e-01 4.253312349319458008e-01 1.130914807319641113e+00 -5.784751176834106445e-01 4.351127147674560547e-01 3.540282249450683594e-01 9.780870079994201660e-01 4.414016008377075195e-02 -4.350986778736114502e-01
5.649183988571166992e-01 -3.744603395462036133e-01 4.803044795989990234e-01 1.223602056503295898e+00 -6.727105379104614258e-01 3.723570108413696289e-01 3.554483056068420410e-01 1.000190019607543945e+00 -4.448050260543823242e-02 -2.913928031921386719e-01
6.392793655395507812e-01 -3.683687448501586914e-01 4.664939343929290771e-01 1.071645259857177734e+00 -5.922424197196960449e-01 2.696363925933837891e-01 2.593181729316711426e-01 9.430338740348815918e-01 -3.131452202796936035e-02 -3.084250092506408691e-01
6.838342547416687012e-01 -3.568112850189208984e-01 4.684695899486541748e-01 9.982885122299194336e-01 -5.200548768043518066e-01 2.349424213171005249e-01 2.198401093482971191e-01 9.490502476692199707e-01 -2.619221806526184082e-03 -3.636734187602996826e-01
6.903290748596191406e-01 -3.599943518638610840e-01 4.759640097618103027e-01 9.935335516929626465e-01 -5.089414715766906738e-01 2.285992354154586792e-01 2.168587446212768555e-01 9.391098022460937500e-01 -3.956384956836700439e-03 -3.718422651290893555e-01
6.879174709320068359e-01 -3.543086647987365723e-01 4.719306230545043945e-01 1.013845443725585938e+00 -5.161061882972717285e-01 2.335426658391952515e-01 2.166367769241333008e-01 9.447735548019409180e-01 6.388448178768157959e-03 -3.595870137214660645e-01
6.904950141906738281e-01 -3.613575696945190430e-01 4.821382164955139160e-01 1.005885958671569824e+00 -5.211867094039916992e-01 2.317597717046737671e-01 2.237923145294189453e-01 9.586729407310485840e-01 -7.192380726337432861e-03 -3.646532297134399414e-01
6.845983862876892090e-01 -3.626641035079956055e-01 4.764956235885620117e-01 1.006534457206726074e+00 -5.133648514747619629e-01 2.233005613088607788e-01 2.249394059181213379e-01 9.498177766799926758e-01 -3.307923674583435059e-03 -3.672980964183807373e-01
8.517061471939086914e-01 -5.544199347496032715e-01 4.926161766052246094e-01 1.201972961425781250e+00 -5.066876411437988281e-01 3.944942951202392578e-01 3.761202692985534668e-01 9.889953732490539551e-01 -1.543408483266830444e-01 -2.290216088294982910e-01
1.397930741310119629e+00 -8.298562765121459961e-01 4.710631370544433594e-01 9.889908432960510254e-01 -4.287762939929962158e-01 1.686102598905563354e-01 -3.917898535728454590e-01 9.752025008201599121e-01 -4.301899373531341553e-01 -5.794776082038879395e-01
1.409650087356567383e+00 -8.264303207397460938e-01 4.570571780204772949e-01 9.864958524703979492e-01 -4.246484935283660889e-01 1.696949452161788940e-01 -3.896386027336120605e-01 9.813030958175659180e-01 -4.257867634296417236e-01 -5.970241427421569824e-01
1.428736329078674316e+00 -8.312767744064331055e-01 4.622745215892791748e-01 9.920983314514160156e-01 -4.136581122875213623e-01 1.731339544057846069e-01 -4.059843420982360840e-01 9.885016679763793945e-01 -4.269936382770538330e-01 -6.089254021644592285e-01
1.421800255775451660e+00 -8.244172930717468262e-01 4.625371396541595459e-01 9.852150678634643555e-01 -4.195820391178131104e-01 1.744387596845626831e-01 -4.058143496513366699e-01 9.844331145286560059e-01 -4.266771972179412842e-01 -5.993785262107849121e-01
1.430096745491027832e+00 -8.279323577880859375e-01 4.560775458812713623e-01 9.852682352066040039e-01 -4.066624641418457031e-01 1.790623515844345093e-01 -4.083798527717590332e-01 9.813094139099121094e-01 -4.353798925876617432e-01 -6.217836737632751465e-01
1.416153788566589355e+00 -8.280320167541503906e-01 4.627970159053802490e-01 9.752181768417358398e-01 -4.206368625164031982e-01 1.669067591428756714e-01 -3.985597491264343262e-01 9.749732613563537598e-01 -4.283959269523620605e-01 -6.023278236389160156e-01
1.424741625785827637e+00 -8.327715396881103516e-01 4.571631848812103271e-01 9.891564846038818359e-01 -4.209143221378326416e-01 1.693979352712631226e-01 -4.143273830413818359e-01 9.784010648727416992e-01 -4.416851103305816650e-01 -6.149595379829406738e-01
1.418923497200012207e+00 -8.184361457824707031e-01 4.559042453765869141e-01 9.949267506599426270e-01 -4.177806377410888672e-01 1.648931354284286499e-01 -4.202985167503356934e-01 9.781246185302734375e-01 -4.362923204898834229e-01 -6.085681915283203125e-01
1.432184576988220215e+00 -8.252659440040588379e-01 4.610746502876281738e-01 9.969741702079772949e-01 -4.095520675182342529e-01 1.812132447957992554e-01 -4.191821217536926270e-01 9.817145466804504395e-01 -4.407539665699005127e-01 -6.108888983726501465e-01
4.346545338630676270e-01 -1.093954920768737793e+00 -1.007218807935714722e-01 9.202452898025512695e-01 -8.291299343109130859e-01 -7.079680263996124268e-02 -1.034523606300354004e+00 4.221628606319427490e-01 -9.026299118995666504e-01 -9.878479242324829102e-01
-7.165940105915069580e-02 -1.013128042221069336e+00 6.542249023914337158e-02 1.014766573905944824e+00 -1.028397083282470703e+00 2.907044291496276855e-01 -8.043521642684936523e-02 4.653658568859100342e-01 -9.389588236808776855e-01 -4.527564644813537598e-01
-7.865320146083831787e-02 -9.369767904281616211e-01 4.307939112186431885e-02 1.004581212997436523e+00 -1.070408821105957031e+00 3.448167443275451660e-01 4.914849624037742615e-02 4.607233703136444092e-01 -9.139738082885742188e-01 -4.550582170486450195e-01
-7.512997090816497803e-02 -9.332500100135803223e-01 1.968733966350555420e-02 1.013353347778320312e+00 -1.064975738525390625e+00 3.548880815505981445e-01 6.785112619400024414e-02 4.653501510620117188e-01 -9.137278199195861816e-01 -4.534715712070465088e-01
-7.959739863872528076e-02 -9.318556785583496094e-01 1.898692548274993896e-02 1.009549021720886230e+00 -1.062930345535278320e+00 3.552744984626770020e-01 5.682021006941795349e-02 4.632678925991058350e-01 -9.119258522987365723e-01 -4.661648273468017578e-01
-7.920469343662261963e-02 -9.339928030967712402e-01 3.117920458316802979e-02 1.031758785247802734e+00 -1.067022323608398438e+00 3.597998619079589844e-01 6.344944238662719727e-02 4.644362926483154297e-01 -9.172515273094177246e-01 -4.565985202789306641e-01
-1.336990296840667725e-01 -5.903360247611999512e-01 -2.737633883953094482e-02 1.096490740776062012e+00 -9.510473608970642090e-01 5.408349633216857910e-01 3.436999917030334473e-01 4.617370665073394775e-01 -7.227848768234252930e-01 -4.987769722938537598e-01
-3.815442323684692383e-01 -3.833140730857849121e-01 -2.014349400997161865e-02 1.044032216072082520e+00 -1.206994414329528809e+00 3.989992141723632812e-01 2.046710848808288574e-01 4.848481118679046631e-01 -6.661495566368103027e-01 -6.292046904563903809e-01
-5.134052634239196777e-01 -2.007546573877334595e-01 -1.191221177577972412e-02 8.770905137062072754e-01 -1.258976459503173828e+00 1.277985125780105591e-01 -8.424532413482666016e-02 4.127618670463562012e-01 -6.289333701133728027e-01 -7.754009366035461426e-01
-5.168020725250244141e-01 -1.831069737672805786e-01 -1.463398803025484085e-03 8.567064404487609863e-01 -1.252618432044982910e+00 1.229111403226852417e-01 -8.550393581390380859e-02 4.036689102649688721e-01 -6.088667511940002441e-01 -7.775285243988037109e-01
-5.108110904693603516e-01 -1.939280182123184204e-01 -3.390476573258638382e-03 8.613728284835815430e-01 -1.251147508621215820e+00 1.336903423070907593e-01 -8.692377805709838867e-02 3.936629593372344971e-01 -6.114153265953063965e-01 -7.732415795326232910e-01
-5.422782301902770996e-01 -1.555193811655044556e-01 -4.023532569408416748e-02 9.406783580780029297e-01 -1.243090271949768066e+00 2.003711313009262085e-01 1.257770061492919922e-01 4.270595312118530273e-01 -5.840105414390563965e-01 -6.523358225822448730e-01
-7.057222127914428711e-01 8.644889295101165771e-02 -1.076072305440902710e-01 1.032953143119812012e+00 -1.193518877029418945e+00 3.395004272460937500e-01 2.377532720565795898e-01 4.377982318401336670e-01 -4.503579437732696533e-01 -7.975047826766967773e-01
-7.643870115280151367e-01 1.241474598646163940e-01 -8.267419040203094482e-02 9.949688315391540527e-01 -1.175291419029235840e+00 3.388849496841430664e-01 1.603606939315795898e-01 4.438959062099456787e-01 -4.245555400848388672e-01 -8.353243470191955566e-01
-7.623549103736877441e-01 9.186796844005584717e-02 -1.250007003545761108e-01 1.033097743988037109e+00 -1.150817275047302246e+00 2.870546579360961914e-01 2.009710669517517090e-01 4.313472509384155273e-01 -4.062967002391815186e-01 -8.249167203903198242e-01
