9.600708484649658203e-01 5.246467590332031250e-01 2.424238622188568115e-02 1.122540354728698730e+00 -4.201492667198181152e-02 6.704615056514739990e-02 6.611549854278564453e-01 1.484295129776000977e+00 -3.530488908290863037e-02 4.923254251480102539e-01
9.686096906661987305e-01 5.543957948684692383e-01 2.200762927532196045e-02 1.115893721580505371e+00 -2.030670642852783203e-02 3.989444673061370850e-02 6.076450347900390625e-01 1.486296296119689941e+00 -6.480257213115692139e-02 4.981039166450500488e-01
9.139070510864257812e-01 5.274217128753662109e-01 5.564801394939422607e-02 1.094853878021240234e+00 -1.259765177965164185e-01 9.343712031841278076e-02 7.076202630996704102e-01 1.453830480575561523e+00 -1.990719139575958252e-02 5.318155884742736816e-01
8.921172618865966797e-01 5.110276937484741211e-01 6.602369248867034912e-02 1.066338181495666504e+00 -1.604884564876556396e-01 6.051854789257049561e-02 8.976476192474365234e-01 1.473595619201660156e+00 5.729250609874725342e-02 5.291892290115356445e-01
8.202477693557739258e-01 4.969073534011840820e-01 8.413262665271759033e-02 1.009912610054016113e+00 -2.205473929643630981e-01 9.947220981121063232e-02 1.135387778282165527e+00 1.458514690399169922e+00 1.297800093889236450e-01 5.608866214752197266e-01
7.629290819168090820e-01 5.986528396606445312e-01 1.713578402996063232e-02 1.040457487106323242e+00 -2.488393634557723999e-01 1.285604685544967651e-01 1.214072823524475098e+00 1.426795840263366699e+00 2.040363103151321411e-01 5.196427702903747559e-01
7.068158984184265137e-01 5.033670067787170410e-01 -1.592669934034347534e-01 8.739213347434997559e-01 1.536470651626586914e-02 4.595921840518712997e-03 1.114729285240173340e+00 1.371388554573059082e+00 5.020838975906372070e-01 3.452652990818023682e-01
7.469367980957031250e-01 9.576479792594909668e-01 -3.566877543926239014e-02 9.952752590179443359e-01 -3.773186206817626953e-01 -1.352344900369644165e-01 8.680957555770874023e-01 1.198819160461425781e+00 4.085119068622589111e-01 3.397139906883239746e-01
9.398334026336669922e-01 1.109996438026428223e+00 3.612847626209259033e-02 1.082680344581604004e+00 -5.059213042259216309e-01 -6.103228032588958740e-02 5.789121985435485840e-01 1.267649650573730469e+00 3.527656495571136475e-01 2.834502458572387695e-01
9.907859563827514648e-01 1.112396597862243652e+00 3.463546931743621826e-02 1.100311875343322754e+00 -5.085712075233459473e-01 -3.675915300846099854e-02 5.467800498008728027e-01 1.292959928512573242e+00 3.470309674739837646e-01 2.424877882003784180e-01
9.696800112724304199e-01 1.138246774673461914e+00 5.208767950534820557e-02 1.094604253768920898e+00 -4.937325119972229004e-01 -3.389529883861541748e-02 5.379542708396911621e-01 1.278856277465820312e+00 3.375084400177001953e-01 2.609089016914367676e-01
9.624292850494384766e-01 1.149258852005004883e+00 4.869331419467926025e-02 1.086057543754577637e+00 -4.957247376441955566e-01 -3.633488714694976807e-02 5.395583510398864746e-01 1.276547431945800781e+00 3.333099186420440674e-01 2.564471960067749023e-01
9.689431190490722656e-01 1.136972188949584961e+00 4.537545144557952881e-02 1.091628074645996094e+00 -4.968205094337463379e-01 -4.942701756954193115e-02 5.457077026367187500e-01 1.277732849121093750e+00 3.405913710594177246e-01 2.707287967205047607e-01
9.853506088256835938e-01 1.238374352455139160e+00 -2.727077901363372803e-02 9.727499485015869141e-01 -3.570491075515747070e-01 -5.356605350971221924e-02 3.396523594856262207e-01 1.442217469215393066e+00 4.258266091346740723e-01 1.387789249420166016e-01
1.328985810279846191e+00 9.419858455657958984e-01 -6.152673065662384033e-02 8.765971064567565918e-01 -3.028442561626434326e-01 3.799460828304290771e-02 -6.268864870071411133e-01 1.323475003242492676e+00 9.788034856319427490e-02 1.835447922348976135e-02
1.356031298637390137e+00 8.872841000556945801e-01 -2.846671640872955322e-02 8.508154153823852539e-01 -3.086310923099517822e-01 3.587441146373748779e-02 -6.715148091316223145e-01 1.281714320182800293e+00 5.969870090484619141e-02 -9.016359690576791763e-04
1.355184555053710938e+00 8.830168843269348145e-01 -3.251557052135467529e-02 8.253186941146850586e-01 -3.275131881237030029e-01 2.930282242596149445e-02 -6.652691960334777832e-01 1.282446861267089844e+00 6.919373571872711182e-02 -1.214560354128479958e-03
1.362891197204589844e+00 8.715672492980957031e-01 -2.989093959331512451e-02 8.337186574935913086e-01 -3.180582225322723389e-01 3.926990926265716553e-02 -6.705239415168762207e-01 1.272876501083374023e+00 6.811198592185974121e-02 1.976076280698180199e-03
1.363017439842224121e+00 8.625893592834472656e-01 -2.813299000263214111e-02 8.334569334983825684e-01 -3.141804039478302002e-01 2.955906279385089874e-02 -6.677325367927551270e-01 1.277282118797302246e+00 7.028259336948394775e-02 8.434239774942398071e-03
1.355480074882507324e+00 8.854637145996093750e-01 -3.152064979076385498e-02 8.399584889411926270e-01 -3.148396313190460205e-01 4.130201041698455811e-02 -6.752319335937500000e-01 1.280227303504943848e+00 6.453193724155426025e-02 1.157486811280250549e-02
1.361279726028442383e+00 8.748761415481567383e-01 -3.087811172008514404e-02 8.347914218902587891e-01 -3.128484487533569336e-01 2.858661301434040070e-02 -6.627508997917175293e-01 1.272015213966369629e+00 7.028506696224212646e-02 9.898547083139419556e-03
1.363840460777282715e+00 8.761104941368103027e-01 -3.284232318401336670e-02 8.385208845138549805e-01 -3.205522298812866211e-01 3.997652232646942139e-02 -6.683738827705383301e-01 1.270291686058044434e+00 6.739656627178192139e-02 1.353836432099342346e-02
1.354216217994689941e+00 8.656789064407348633e-01 -3.197814524173736572e-02 8.283761739730834961e-01 -3.091671466827392578e-01 3.434576094150543213e-02 -6.727887392044067383e-01 1.287752151489257812e+00 6.578741967678070068e-02 7.002238184213638306e-03
1.192987084388732910e+00 3.464062213897705078e-01 1.698274761438369751e-01 6.337807178497314453e-01 -6.219018101692199707e-01 1.191618889570236206e-01 -4.199834465980529785e-01 1.229250669479370117e+00 4.931258857250213623e-01 4.444052577018737793e-01
1.315855622291564941e+00 5.346205830574035645e-01 3.471589684486389160e-01 7.413005828857421875e-01 -4.864855110645294189e-01 5.394437313079833984e-01 -4.274468421936035156e-01 1.274961948394775391e+00 8.079314827919006348e-01 7.146003842353820801e-01
1.306078076362609863e+00 5.278785824775695801e-01 3.321059346199035645e-01 7.681924700736999512e-01 -4.681695401668548584e-01 5.875018239021301270e-01 -4.310445785522460938e-01 1.285258054733276367e+00 8.268285989761352539e-01 6.976857781410217285e-01
1.309370279312133789e+00 5.271003246307373047e-01 3.228768110275268555e-01 7.693285942077636719e-01 -4.689998328685760498e-01 5.960540771484375000e-01 -4.335098862648010254e-01 1.290262460708618164e+00 8.348011970520019531e-01 6.904526352882385254e-01
1.307161688804626465e+00 5.178755521774291992e-01 3.230342864990234375e-01 7.561004161834716797e-01 -4.679017364978790283e-01 5.860008597373962402e-01 -4.394416213035583496e-01 1.288201928138732910e+00 8.304587006568908691e-01 6.909351944923400879e-01
1.315511822700500488e+00 5.177434682846069336e-01 3.294911980628967285e-01 7.716231346130371094e-01 -4.562730491161346436e-01 5.939964652061462402e-01 -4.389885067939758301e-01 1.292079210281372070e+00 8.265265822410583496e-01 6.911782026290893555e-01
1.317214727401733398e+00 5.309026241302490234e-01 3.244162797927856445e-01 7.675391435623168945e-01 -4.676270186901092529e-01 5.928406715393066406e-01 -4.351965188980102539e-01 1.294612407684326172e+00 8.250448107719421387e-01 6.895446777343750000e-01
1.242634892463684082e+00 8.880615234375000000e-01 1.769988685846328735e-01 6.143267154693603516e-01 -3.398326337337493896e-01 6.624747514724731445e-01 2.525423169136047363e-01 9.476803541183471680e-01 1.019680500030517578e+00 4.355106353759765625e-01
1.235433578491210938e+00 9.732379913330078125e-01 4.308193325996398926e-01 7.474534511566162109e-01 -7.009322643280029297e-01 6.026490330696105957e-01 6.888266801834106445e-01 9.804933667182922363e-01 9.827539324760437012e-01 6.844903826713562012e-01
1.255674123764038086e+00 9.615720510482788086e-01 4.706428050994873047e-01 7.791541218757629395e-01 -7.244467139244079590e-01 6.201231479644775391e-01 7.347635626792907715e-01 9.456266760826110840e-01 9.748824834823608398e-01 7.332160472869873047e-01
1.264629483222961426e+00 9.673141241073608398e-01 4.671062827110290527e-01 7.805079221725463867e-01 -7.200971841812133789e-01 6.251579523086547852e-01 7.279493808746337891e-01 9.564633965492248535e-01 9.689676165580749512e-01 7.338324189186096191e-01
1.225412726402282715e+00 1.063622951507568359e+00 3.881905674934387207e-01 6.728744506835937500e-01 -6.224844455718994141e-01 5.539555549621582031e-01 7.676327824592590332e-01 9.258581399917602539e-01 1.110046267509460449e+00 6.162054538726806641e-01
7.557162046432495117e-01 6.060515642166137695e-01 2.428068667650222778e-01 5.236799716949462891e-01 -5.542368292808532715e-01 4.020918607711791992e-01 1.404044389724731445e+00 8.262751698493957520e-01 1.061344981193542480e+00 7.588656544685363770e-01
8.004133105278015137e-01 4.831886589527130127e-01 4.236639142036437988e-01 5.462672710418701172e-01 -4.732166826725006104e-01 5.443888306617736816e-01 1.344216108322143555e+00 8.206545710563659668e-01 8.557719588279724121e-01 9.978023171424865723e-01
9.651395082473754883e-01 4.198369383811950684e-01 5.431520938873291016e-01 6.228692531585693359e-01 -4.432888031005859375e-01 6.025663018226623535e-01 1.190849304199218750e+00 9.561429023742675781e-01 7.378639578819274902e-01 1.114176630973815918e+00
