5.130438804626464844e-01 5.790279805660247803e-02 2.875247001647949219e-01 1.218803763389587402e+00 -4.832231104373931885e-01 -1.339746825397014618e-02 1.132784962654113770e+00 1.375450134277343750e+00 -8.036279678344726562e-02 -1.027127385139465332e+00
5.227264761924743652e-01 6.141309440135955811e-02 2.793199419975280762e-01 1.229318022727966309e+00 -4.772827327251434326e-01 -2.079240791499614716e-02 1.147727847099304199e+00 1.374882817268371582e+00 -6.863161921501159668e-02 -1.042635917663574219e+00
4.418523013591766357e-01 -5.985255539417266846e-02 2.812486588954925537e-01 1.237854838371276855e+00 -5.598280429840087891e-01 4.853306710720062256e-02 1.239719271659851074e+00 1.405493497848510742e+00 -1.689051538705825806e-01 -8.647993803024291992e-01
6.377030611038208008e-01 -3.878443241119384766e-01 5.369648933410644531e-01 9.505354166030883789e-01 -6.102188229560852051e-01 9.456761181354522705e-02 1.385281801223754883e+00 1.141058921813964844e+00 -4.798432588577270508e-01 -5.337812900543212891e-01
7.722994685173034668e-01 -5.718587040901184082e-01 4.831386506557464600e-01 9.393150806427001953e-01 -6.880748271942138672e-01 1.645360440015792847e-01 1.505029201507568359e+00 1.160365343093872070e+00 -5.292231440544128418e-01 -4.884002506732940674e-01
7.834296226501464844e-01 -5.752848386764526367e-01 4.790002703666687012e-01 9.776384234428405762e-01 -6.916172504425048828e-01 2.101790159940719604e-01 1.526778697967529297e+00 1.152112483978271484e+00 -5.482715368270874023e-01 -4.613931477069854736e-01
7.682322263717651367e-01 -5.649353265762329102e-01 4.891743361949920654e-01 9.611510634422302246e-01 -6.984485983848571777e-01 2.014745920896530151e-01 1.516227245330810547e+00 1.152413129806518555e+00 -5.407182574272155762e-01 -4.640725851058959961e-01
7.662623524665832520e-01 -5.706104040145874023e-01 4.824883341789245605e-01 9.573743343353271484e-01 -7.130852937698364258e-01 1.932777017354965210e-01 1.530876874923706055e+00 1.141694784164428711e+00 -5.405034422874450684e-01 -4.626122415065765381e-01
7.839120626449584961e-01 -5.694756507873535156e-01 4.889767169952392578e-01 9.668589830398559570e-01 -7.088558673858642578e-01 2.054254263639450073e-01 1.527501225471496582e+00 1.153267741203308105e+00 -5.444484949111938477e-01 -4.563945829868316650e-01
8.156830668449401855e-01 -5.812636613845825195e-01 4.861192703247070312e-01 1.029746770858764648e+00 -7.168502211570739746e-01 2.174373716115951538e-01 1.553011894226074219e+00 1.157933235168457031e+00 -5.369420647621154785e-01 -4.824977815151214600e-01
4.594744741916656494e-01 -7.254070043563842773e-01 4.376961290836334229e-01 1.074541568756103516e+00 -4.308351576328277588e-01 4.306810498237609863e-01 1.906009316444396973e+00 1.082806587219238281e+00 -4.736383855342864990e-01 -2.914431691169738770e-01
9.458469152450561523e-01 -6.613126993179321289e-01 2.092937976121902466e-01 8.806380033493041992e-01 3.668132126331329346e-01 2.720851302146911621e-01 1.308861970901489258e+00 1.410086750984191895e+00 -9.405806660652160645e-01 -7.888668179512023926e-01
9.181740283966064453e-01 -6.774827241897583008e-01 2.472568452358245850e-01 7.799009680747985840e-01 4.790700376033782959e-01 8.897881209850311279e-02 9.416576623916625977e-01 1.428617477416992188e+00 -1.114614605903625488e+00 -7.344478964805603027e-01
9.225170016288757324e-01 -6.734067201614379883e-01 2.361532896757125854e-01 8.108537197113037109e-01 4.926834106445312500e-01 8.527503907680511475e-02 9.463905096054077148e-01 1.433153510093688965e+00 -1.097274184226989746e+00 -7.048091888427734375e-01
9.311087727546691895e-01 -6.659922599792480469e-01 2.419331818819046021e-01 8.018993139266967773e-01 4.896048605442047119e-01 9.656952321529388428e-02 9.383435249328613281e-01 1.444597959518432617e+00 -1.099657297134399414e+00 -7.023633122444152832e-01
9.200481772422790527e-01 -6.637956500053405762e-01 2.451426237821578979e-01 8.110455274581909180e-01 4.722896814346313477e-01 1.130550950765609741e-01 9.341923594474792480e-01 1.451937556266784668e+00 -1.108052849769592285e+00 -7.526724934577941895e-01
4.393609166145324707e-01 -9.834084510803222656e-01 2.063028514385223389e-01 6.724281907081604004e-01 3.252262473106384277e-01 3.762404620647430420e-02 1.101809620857238770e+00 1.331810235977172852e+00 -1.376546859741210938e+00 -3.269920945167541504e-01
4.208357036113739014e-01 -9.968900680541992188e-01 2.731845080852508545e-01 7.047201395034790039e-01 2.897104918956756592e-01 2.046601660549640656e-02 1.165950536727905273e+00 1.286737918853759766e+00 -1.292642354965209961e+00 -1.837098002433776855e-01
4.232840836048126221e-01 -9.917771816253662109e-01 2.826743125915527344e-01 7.024859189987182617e-01 2.858857810497283936e-01 2.166162617504596710e-02 1.176950335502624512e+00 1.304691791534423828e+00 -1.304405808448791504e+00 -1.839924454689025879e-01
4.178182780742645264e-01 -9.940889477729797363e-01 2.755509316921234131e-01 6.937311887741088867e-01 2.822372317314147949e-01 2.375991828739643097e-02 1.159347653388977051e+00 1.288531064987182617e+00 -1.300039649009704590e+00 -1.841421723365783691e-01
4.224205911159515381e-01 -9.778008460998535156e-01 3.156800866127014160e-01 7.067213058471679688e-01 2.698580026626586914e-01 1.490794308483600616e-02 1.170460939407348633e+00 1.260756373405456543e+00 -1.271234869956970215e+00 -8.312940597534179688e-02
7.661026120185852051e-01 -8.720934391021728516e-01 2.208633869886398315e-01 7.247733473777770996e-01 3.050775527954101562e-01 -1.471046917140483856e-02 8.740164637565612793e-01 1.191020488739013672e+00 -1.510613441467285156e+00 -8.373010158538818359e-02
8.600837588310241699e-01 -8.460549116134643555e-01 1.514611989259719849e-01 5.570213794708251953e-01 2.925466597080230713e-01 -2.402360551059246063e-02 7.614032626152038574e-01 1.199074268341064453e+00 -1.595351815223693848e+00 -1.523033976554870605e-01
6.368051767349243164e-01 -5.418571829795837402e-01 2.033718377351760864e-01 5.822744369506835938e-01 4.982997179031372070e-01 -9.074611961841583252e-02 6.966691613197326660e-01 1.280414819717407227e+00 -1.440834403038024902e+00 -3.532961010932922363e-01
3.515773415565490723e-01 -3.289071917533874512e-01 2.468211799860000610e-01 7.727198004722595215e-01 6.397423148155212402e-01 -2.380821257829666138e-01 5.991917848587036133e-01 1.426595687866210938e+00 -1.323227047920227051e+00 -3.822584748268127441e-01
4.149031341075897217e-01 -4.081941246986389160e-01 1.784108430147171021e-01 7.075932025909423828e-01 6.917123198509216309e-01 -3.385421335697174072e-01 4.403535723686218262e-01 1.345851182937622070e+00 -1.462192177772521973e+00 -2.356971502304077148e-01
