-5.607257398549999605e-01 -3.187678920070000088e-01 -4.134830556449999722e-03 3.368369146719999985e-01 -3.096976330880000031e-02 -5.619347575790000215e-01 3.186860459959999781e-01 4.691030836099999678e-03 -3.383734467089999920e-01 4.506288120379999679e-02
-5.430738341699999916e-01 -4.653787448869999843e-01 -4.134830556449999722e-03 6.099616115970000196e-01 3.545763540949999904e-01 -5.619347575790000215e-01 3.171900311210000267e-01 5.279513045829999952e-03 -3.367477195060000206e-01 4.506288120379999679e-02
-4.095078971839999915e-01 -4.788428787649999796e-01 -4.134830556449999722e-03 7.514013943459999512e-01 4.306089986070000264e-01 -5.619347575790000215e-01 3.141980013699999796e-01 4.691030836099999678e-03 -3.383734467089999920e-01 4.573572998670000223e-02
-2.435800569000000082e-01 -4.788428787649999796e-01 -4.134830556449999722e-03 7.514013943459999512e-01 4.339732425219999801e-01 -5.619347575790000215e-01 3.141980013699999796e-01 4.691030836099999678e-03 -3.383734467089999920e-01 4.506288120379999679e-02
-5.058596732850000055e-02 -4.758508490139999880e-01 -4.134830556449999722e-03 7.497751617879999664e-01 4.346460913049999819e-01 -5.619347575790000215e-01 3.141980013699999796e-01 4.691030836099999678e-03 -3.383734467089999920e-01 4.506288120379999679e-02
1.335820779499999889e-01 -4.519146110100000224e-01 -4.723221315950000207e-03 7.465237073810000457e-01 4.346460913049999819e-01 -5.619347575790000215e-01 3.141980013699999796e-01 4.691030836099999678e-03 -3.383734467089999920e-01 4.506288120379999679e-02
2.571453262989999988e-01 -4.519146110100000224e-01 -2.958049037439999807e-03 7.432722529749999918e-01 4.353189400879999837e-01 -5.619347575790000215e-01 3.141980013699999796e-01 4.691030836099999678e-03 -3.383734467089999920e-01 4.506288120379999679e-02
3.348137296049999989e-01 -4.549066407599999806e-01 1.175181140040000051e-02 7.546528487529999829e-01 4.353189400879999837e-01 -5.619347575790000215e-01 3.156940162460000199e-01 5.279513045829999952e-03 -3.383734467089999920e-01 4.506288120379999679e-02
3.477583263149999770e-01 -4.115217443429999844e-01 2.116615500259999907e-02 7.644072119720000114e-01 3.666877367649999941e-01 -5.613463668200000534e-01 3.141980013699999796e-01 4.691030836099999678e-03 -3.383734467089999920e-01 4.506288120379999679e-02
3.477583263149999770e-01 -1.467245537309999903e-01 2.587337252889999883e-02 7.709101207849999859e-01 3.619777952839999813e-01 -5.619347575790000215e-01 3.141980013699999796e-01 4.691030836099999678e-03 -3.383734467089999920e-01 4.506288120379999679e-02
3.483467170740000007e-01 -1.018436424379999955e-01 2.587337252889999883e-02 7.741615751920000177e-01 3.619777952839999813e-01 -5.619347575790000215e-01 3.141980013699999796e-01 4.691030836099999678e-03 -3.383734467089999920e-01 4.506288120379999679e-02
3.483467170740000007e-01 -1.018436424379999955e-01 2.587337252889999883e-02 7.741615751920000177e-01 3.619777952839999813e-01 -5.619347575790000215e-01 3.156940162460000199e-01 4.691030836099999678e-03 -3.383734467089999920e-01 4.506288120379999679e-02
3.483467170740000007e-01 -1.018436424379999955e-01 2.587337252889999883e-02 7.725358479889999908e-01 3.619777952839999813e-01 -5.619347575790000215e-01 3.141980013699999796e-01 5.279513045829999952e-03 -3.383734467089999920e-01 4.506288120379999679e-02
3.483467170740000007e-01 -1.018436424379999955e-01 2.587337252889999883e-02 7.741615751920000177e-01 3.619777952839999813e-01 -5.619347575790000215e-01 3.141980013699999796e-01 5.279513045829999952e-03 -3.383734467089999920e-01 4.506288120379999679e-02
3.483467170740000007e-01 -1.018436424379999955e-01 2.587337252889999883e-02 7.741615751920000177e-01 3.619777952839999813e-01 -5.619347575790000215e-01 3.141980013699999796e-01 5.279513045829999952e-03 -3.383734467089999920e-01 4.506288120379999679e-02
3.153966516410000032e-01 4.925525506759999977e-02 1.057502988139999954e-02 5.172941503000000329e-01 3.586134467920000235e-01 -5.619347575790000215e-01 3.156940162460000199e-01 5.279513045829999952e-03 -3.351219923020000158e-01 4.573572998670000223e-02
2.865651386249999932e-01 1.165766220059999969e-01 1.940098272409999935e-02 2.799354518480000054e-01 3.579405980099999995e-01 -5.619347575790000215e-01 3.141980013699999796e-01 5.279513045829999952e-03 -3.383734467089999920e-01 4.640857876969999712e-02
2.836231848269999967e-01 1.300409884010000072e-01 1.940098272409999935e-02 2.636781798150000244e-01 3.579405980099999995e-01 -5.619347575790000215e-01 3.141980013699999796e-01 5.279513045829999952e-03 -3.383734467089999920e-01 4.640857876969999712e-02
2.836231848269999967e-01 1.300409884010000072e-01 1.940098272409999935e-02 2.636781798150000244e-01 3.579405980099999995e-01 -5.619347575790000215e-01 3.141980013699999796e-01 5.279513045829999952e-03 -3.383734467089999920e-01 4.640857876969999712e-02
2.836231848269999967e-01 1.300409884010000072e-01 1.940098272409999935e-02 2.636781798150000244e-01 3.579405980099999995e-01 -5.619347575790000215e-01 3.156940162460000199e-01 5.279513045829999952e-03 -3.383734467089999920e-01 4.640857876969999712e-02
3.136313879129999926e-01 -7.042709754020000379e-02 3.764127916920000094e-02 5.205456047069999537e-01 4.326275449559999764e-01 -5.619347575790000215e-01 3.141980013699999796e-01 5.279513045829999952e-03 -3.383734467089999920e-01 4.640857876969999712e-02
3.501120722530000062e-01 -4.190018187199999744e-01 2.646176328840000105e-02 7.676586663790000431e-01 4.333003937389999782e-01 -5.619347575790000215e-01 3.141980013699999796e-01 4.691030836099999678e-03 -3.367477195060000206e-01 4.640857876969999712e-02
3.489352907339999810e-01 -3.516806842979999792e-01 2.351971804070000088e-02 6.473538426270000201e-01 1.903996823989999865e-01 -5.619347575790000215e-01 3.156940162460000199e-01 4.691030836099999678e-03 -3.383734467089999920e-01 4.640857876969999712e-02
3.006866997529999974e-01 -2.873513471090000104e-01 9.986639121859999801e-03 3.205791372849999821e-01 -1.818553185569999828e-02 -5.619347575790000215e-01 3.156940162460000199e-01 4.691030836099999678e-03 -3.351219923020000158e-01 4.640857876969999712e-02
1.635902810360000126e-01 -2.828630699670000026e-01 -5.900094285180000099e-03 3.368369146719999985e-01 -2.962406574289999997e-02 -5.619347575790000215e-01 3.141980013699999796e-01 5.279513045829999952e-03 -3.367477195060000206e-01 4.708142755260000256e-02
-2.763854480739999855e-02 -2.843590848420000095e-01 -6.488485044690000397e-03 3.352111874690000271e-01 -3.096976330880000031e-02 -5.619347575790000215e-01 3.141980013699999796e-01 5.279513045829999952e-03 -3.383734467089999920e-01 4.708142755260000256e-02
