-5.595489583360000463e-01 -3.187678920070000088e-01 -4.723221315950000207e-03 3.368369146719999985e-01 -3.567970478940000328e-02 -5.619347575790000215e-01 3.186860459959999781e-01 4.691030836099999678e-03 -3.383734467089999920e-01 4.506288120379999679e-02
-5.595489583360000463e-01 -3.187678920070000088e-01 -4.723221315950000207e-03 3.368369146719999985e-01 -3.567970478940000328e-02 -5.531087132859999755e-01 3.186860459959999781e-01 -1.171069537840000035e-01 -2.359516221930000046e-01 -3.398103874169999816e-01
-5.595489583360000463e-01 -3.172718771320000020e-01 -4.723221315950000207e-03 3.368369146719999985e-01 -3.567970478940000328e-02 -4.460206805540000152e-01 3.186860459959999781e-01 -1.835958412089999936e-01 -2.229458045669999999e-01 -6.385581752040000447e-01
-5.595489583360000463e-01 -3.187678920070000088e-01 -4.723221315950000207e-03 3.368369146719999985e-01 -3.567970478940000328e-02 -2.718552781870000046e-01 3.171900311210000267e-01 -1.853610134879999927e-01 -2.148169158730000028e-01 -6.513423020799999907e-01
-5.595489583360000463e-01 -3.187678920070000088e-01 -4.723221315950000207e-03 3.368369146719999985e-01 -3.567970478940000328e-02 -8.121484310340000567e-02 3.112059716200000214e-01 -1.853610134879999927e-01 -2.148169158730000028e-01 -6.573981502800000376e-01
-5.595489583360000463e-01 -3.187678920070000088e-01 -4.723221315950000207e-03 3.368369146719999985e-01 -3.567970478940000328e-02 9.236216850440000237e-02 2.782931793299999734e-01 -1.853610134879999927e-01 -2.148169158730000028e-01 -6.573981502800000376e-01
-5.601373490959999923e-01 -3.187678920070000088e-01 -4.723221315950000207e-03 3.368369146719999985e-01 -3.567970478940000328e-02 2.706463061880000076e-01 2.573487385589999787e-01 -1.853610134879999927e-01 -2.164426430760000020e-01 -6.573981502800000376e-01
-5.595489583360000463e-01 -3.187678920070000088e-01 -4.723221315950000207e-03 3.368369146719999985e-01 -3.567970478940000328e-02 3.659665237299999929e-01 2.603410008259999797e-01 -1.959521386089999873e-01 -2.196943501599999959e-01 -6.567250923430000276e-01
-5.595489583360000463e-01 -3.187678920070000088e-01 -4.723221315950000207e-03 3.368369146719999985e-01 -3.567970478940000328e-02 4.236293668630000120e-01 2.723091198279999903e-01 -2.606757623059999807e-01 -2.375773493960000038e-01 -4.656343647530000185e-01
-5.595489583360000463e-01 -3.187678920070000088e-01 -4.723221315950000207e-03 3.368369146719999985e-01 -3.567970478940000328e-02 4.395160545449999789e-01 -1.031943341399999964e-01 -3.854157007239999988e-01 -2.294487133800000023e-01 -1.911093423059999907e-01
-5.595489583360000463e-01 -3.187678920070000088e-01 -4.723221315950000207e-03 3.368369146719999985e-01 -3.567970478940000328e-02 4.401044910290000112e-01 -4.188564955460000183e-01 -3.901230097000000230e-01 -2.457062380900000009e-01 -1.857264474660000053e-01
-5.595489583360000463e-01 -3.187678920070000088e-01 -4.723221315950000207e-03 3.368369146719999985e-01 -3.567970478940000328e-02 4.406928817890000127e-01 -4.801935704670000082e-01 -3.901230097000000230e-01 -2.473319652930000001e-01 -1.857264474660000053e-01
-5.595489583360000463e-01 -3.187678920070000088e-01 -4.723221315950000207e-03 3.368369146719999985e-01 -3.567970478940000328e-02 4.406928817890000127e-01 -4.801935704670000082e-01 -3.901230097000000230e-01 -2.473319652930000001e-01 -1.857264474660000053e-01
-5.595489583360000463e-01 -3.187678920070000088e-01 -4.723221315950000207e-03 3.368369146719999985e-01 -3.567970478940000328e-02 4.406928817890000127e-01 -4.816898178590000024e-01 -3.901230097000000230e-01 -2.473319652930000001e-01 -1.863992962490000072e-01
-5.595489583360000463e-01 -3.187678920070000088e-01 -4.723221315950000207e-03 3.368369146719999985e-01 -3.567970478940000328e-02 4.406928817890000127e-01 -4.816898178590000024e-01 -3.901230097000000230e-01 -2.473319652930000001e-01 -1.863992962490000072e-01
-5.595489583360000463e-01 -3.187678920070000088e-01 -4.723221315950000207e-03 3.368369146719999985e-01 -3.567970478940000328e-02 4.406928817890000127e-01 -4.083841589020000273e-01 -3.901230097000000230e-01 -2.522091469030000033e-01 -1.863992962490000072e-01
-5.595489583360000463e-01 -3.187678920070000088e-01 -4.723221315950000207e-03 3.368369146719999985e-01 -3.567970478940000328e-02 4.406928817890000127e-01 -4.038961142759999734e-01 -3.901230097000000230e-01 -2.538348741070000081e-01 -1.863992962490000072e-01
-5.595489583360000463e-01 -3.187678920070000088e-01 -4.723221315950000207e-03 3.368369146719999985e-01 -3.567970478940000328e-02 4.406928817890000127e-01 -4.038961142759999734e-01 -3.901230097000000230e-01 -2.538348741070000081e-01 -1.863992962490000072e-01
-5.595489583360000463e-01 -3.187678920070000088e-01 -4.723221315950000207e-03 3.368369146719999985e-01 -3.567970478940000328e-02 4.406928817890000127e-01 -4.038961142759999734e-01 -3.901230097000000230e-01 -2.538348741070000081e-01 -1.863992962490000072e-01
-5.595489583360000463e-01 -3.187678920070000088e-01 -4.723221315950000207e-03 3.368369146719999985e-01 -3.567970478940000328e-02 4.401044910290000112e-01 -4.038961142759999734e-01 -3.901230097000000230e-01 -2.538348741070000081e-01 -1.863992962490000072e-01
-5.595489583360000463e-01 -3.187678920070000088e-01 -4.723221315950000207e-03 3.368369146719999985e-01 -3.567970478940000328e-02 4.230409761030000104e-01 -2.363408206250000032e-01 -2.936259191889999953e-01 -2.977300139499999831e-01 -5.430126022540000541e-01
-5.595489583360000463e-01 -3.187678920070000088e-01 -4.723221315950000207e-03 3.368369146719999985e-01 -3.567970478940000328e-02 4.083310242150000047e-01 1.301863115740000132e-01 -2.265487324540000069e-01 -3.269933562860000142e-01 -6.526879996450000165e-01
-5.595489583360000463e-01 -3.187678920070000088e-01 -4.723221315950000207e-03 3.368369146719999985e-01 -3.567970478940000328e-02 4.118614602219999865e-01 3.022296498509999818e-01 -1.730046246380000097e-01 -3.448763555220000221e-01 -5.060057100379999895e-01
-5.595489583360000463e-01 -3.187678920070000088e-01 -4.723221315950000207e-03 3.368369146719999985e-01 -3.567970478940000328e-02 3.300743215990000201e-01 3.201820608720000183e-01 -4.355746869430000140e-02 -3.546309714190000184e-01 -8.092695534420000017e-03
-5.595489583360000463e-01 -3.187678920070000088e-01 -4.723221315950000207e-03 3.368369146719999985e-01 -3.567970478940000328e-02 2.453452291790000073e-01 3.007336349759999750e-01 -6.488485044690000397e-03 -3.383734467089999920e-01 3.766154459139999661e-02
-5.601373490959999923e-01 -3.187678920070000088e-01 -4.723221315950000207e-03 3.368369146719999985e-01 -3.567970478940000328e-02 7.471026281879999953e-02 2.887655159740000199e-01 5.867903805340000251e-03 -3.383734467089999920e-01 3.833439337430000204e-02
