-5.583721768170000210e-01 -3.187678920070000088e-01 -4.134830556449999722e-03 3.352111874690000271e-01 -3.433400722350000295e-02 -5.613463668200000534e-01 3.186860459959999781e-01 4.691030836099999678e-03 -3.383734467089999920e-01 4.506288120379999679e-02
-5.530766142570000543e-01 -3.217599217580000004e-01 1.117792464679999986e-01 2.344150901569999890e-01 3.377549253670000251e-01 -5.613463668200000534e-01 3.186860459959999781e-01 5.279513045829999952e-03 -3.367477195060000206e-01 4.573572998670000223e-02
-4.471652258680000047e-01 -3.217599217580000004e-01 1.865056045269999907e-01 2.262859487849999962e-01 6.405398581400000291e-01 -5.613463668200000534e-01 3.186860459959999781e-01 4.691030836099999678e-03 -3.383734467089999920e-01 4.506288120379999679e-02
-2.983009462349999752e-01 -3.187678920070000088e-01 1.865056045269999907e-01 2.214087671749999930e-01 6.486140958239999810e-01 -5.613463668200000534e-01 3.186860459959999781e-01 4.691030836099999678e-03 -3.367477195060000206e-01 4.573572998670000223e-02
-9.530412230189999612e-02 -3.112878176309999967e-01 1.865056045269999907e-01 2.132801311589999915e-01 6.539969906639999664e-01 -5.613463668200000534e-01 3.186860459959999781e-01 4.691030836099999678e-03 -3.383734467089999920e-01 4.573572998670000223e-02
9.827826657919999653e-02 -3.008154809870000057e-01 1.865056045269999907e-01 2.132801311589999915e-01 6.546698394469999682e-01 -5.613463668200000534e-01 3.186860459959999781e-01 5.279513045829999952e-03 -3.383734467089999920e-01 4.573572998670000223e-02
2.653828883820000262e-01 -2.529425399440000111e-01 1.865056045269999907e-01 2.132801311589999915e-01 6.546698394469999682e-01 -5.613463668200000534e-01 3.186860459959999781e-01 4.691030836099999678e-03 -3.383734467089999920e-01 4.573572998670000223e-02
3.707059317360000272e-01 -2.574305845700000095e-01 2.000386834460000096e-01 2.197830399719999939e-01 6.546698394469999682e-01 -5.613463668200000534e-01 3.171900311210000267e-01 5.279513045829999952e-03 -3.383734467089999920e-01 4.573572998670000223e-02
4.113052599429999900e-01 -2.873513471090000104e-01 2.112181993270000058e-01 2.392922717659999865e-01 6.546698394469999682e-01 -5.613463668200000534e-01 3.186860459959999781e-01 5.279513045829999952e-03 -3.383734467089999920e-01 4.573572998670000223e-02
4.171891675380000053e-01 -3.053035256130000041e-01 2.112181993270000058e-01 2.392922717659999865e-01 6.546698394469999682e-01 -5.613463668200000534e-01 3.186860459959999781e-01 4.691030836099999678e-03 -3.383734467089999920e-01 4.573572998670000223e-02
4.171891675380000053e-01 -3.053035256130000041e-01 2.112181993270000058e-01 2.409179989699999913e-01 6.546698394469999682e-01 -5.613463668200000534e-01 3.186860459959999781e-01 5.279513045829999952e-03 -3.383734467089999920e-01 4.573572998670000223e-02
4.171891675380000053e-01 -3.053035256130000041e-01 2.112181993270000058e-01 2.409179989699999913e-01 6.546698394469999682e-01 -5.613463668200000534e-01 3.171900311210000267e-01 5.279513045829999952e-03 -3.383734467089999920e-01 4.573572998670000223e-02
4.189543398159999987e-01 -3.053035256130000041e-01 2.247513696959999863e-01 2.409179989699999913e-01 6.001685651429999879e-01 -5.613463668200000534e-01 3.186860459959999781e-01 5.279513045829999952e-03 -3.383734467089999920e-01 4.573572998670000223e-02
4.407249808179999895e-01 -1.956189422939999881e-02 3.706736498059999829e-01 2.311636357500000127e-01 2.038567626359999996e-01 -5.613463668200000534e-01 3.186860459959999781e-01 4.691030836099999678e-03 -3.383734467089999920e-01 4.573572998670000223e-02
4.407249808179999895e-01 3.424771933440000082e-01 3.924443822579999908e-01 2.425437261729999905e-01 1.890539848339999884e-01 -5.613463668200000534e-01 3.186860459959999781e-01 4.691030836099999678e-03 -3.383734467089999920e-01 4.573572998670000223e-02
4.407249808179999895e-01 4.591675162020000256e-01 3.918559914990000226e-01 2.425437261729999905e-01 1.890539848339999884e-01 -5.613463668200000534e-01 3.186860459959999781e-01 5.279513045829999952e-03 -3.383734467089999920e-01 4.573572998670000223e-02
4.407249808179999895e-01 4.651515757029999754e-01 3.918559914990000226e-01 2.441694533759999897e-01 1.890539848339999884e-01 -5.613463668200000534e-01 3.186860459959999781e-01 4.691030836099999678e-03 -3.383734467089999920e-01 4.506288120379999679e-02
4.407249808179999895e-01 4.651515757029999754e-01 3.918559914990000226e-01 2.457951805789999888e-01 1.890539848339999884e-01 -5.613463668200000534e-01 3.186860459959999781e-01 5.279513045829999952e-03 -3.383734467089999920e-01 4.506288120379999679e-02
4.407249808179999895e-01 4.651515757029999754e-01 3.918559914990000226e-01 2.457951805789999888e-01 1.890539848339999884e-01 -5.613463668200000534e-01 3.186860459959999781e-01 5.279513045829999952e-03 -3.383734467089999920e-01 4.573572998670000223e-02
4.407249808179999895e-01 4.651515757029999754e-01 3.918559914990000226e-01 2.457951805789999888e-01 1.890539848339999884e-01 -5.613463668200000534e-01 3.186860459959999781e-01 4.691030836099999678e-03 -3.383734467089999920e-01 4.573572998670000223e-02
4.407249808179999895e-01 4.666475905779999822e-01 3.918559914990000226e-01 2.457951805789999888e-01 1.890539848339999884e-01 -5.613463668200000534e-01 3.186860459959999781e-01 5.279513045829999952e-03 -3.383734467089999920e-01 4.573572998670000223e-02
4.407249808179999895e-01 4.651515757029999754e-01 3.918559914990000226e-01 2.457951805789999888e-01 1.890539848339999884e-01 -5.613463668200000534e-01 3.186860459959999781e-01 4.691030836099999678e-03 -3.383734467089999920e-01 4.573572998670000223e-02
4.407249808179999895e-01 4.651515757029999754e-01 3.918559914990000226e-01 2.457951805789999888e-01 1.890539848339999884e-01 -5.613463668200000534e-01 3.186860459959999781e-01 5.279513045829999952e-03 -3.383734467089999920e-01 4.573572998670000223e-02
4.407249808179999895e-01 4.053102831400000050e-01 3.842068201750000189e-01 2.506723621890000198e-01 1.883811360509999866e-01 -5.613463668200000534e-01 3.186860459959999781e-01 4.691030836099999678e-03 -3.383734467089999920e-01 4.573572998670000223e-02
4.407249808179999895e-01 4.053102831400000050e-01 3.847952109350000205e-01 2.506723621890000198e-01 1.883811360509999866e-01 -5.613463668200000534e-01 3.186860459959999781e-01 5.279513045829999952e-03 -3.383734467089999920e-01 4.573572998670000223e-02
4.407249808179999895e-01 4.053102831400000050e-01 3.842068201750000189e-01 2.506723621890000198e-01 1.883811360509999866e-01 -5.613463668200000534e-01 3.186860459959999781e-01 4.691030836099999678e-03 -3.383734467089999920e-01 4.573572998670000223e-02
4.407249808179999895e-01 4.053102831400000050e-01 3.842068201750000189e-01 2.506723621890000198e-01 1.883811360509999866e-01 -5.613463668200000534e-01 3.186860459959999781e-01 5.279513045829999952e-03 -3.383734467089999920e-01 4.573572998670000223e-02
4.407249808179999895e-01 4.053102831400000050e-01 3.842068201750000189e-01 2.506723621890000198e-01 1.883811360509999866e-01 -5.613463668200000534e-01 3.186860459959999781e-01 4.691030836099999678e-03 -3.383734467089999920e-01 4.573572998670000223e-02
4.407249808179999895e-01 4.053102831400000050e-01 3.842068201750000189e-01 2.506723621890000198e-01 1.883811360509999866e-01 -5.613463668200000534e-01 3.186860459959999781e-01 5.279513045829999952e-03 -3.383734467089999920e-01 4.506288120379999679e-02
4.383714177799999945e-01 3.335008715760000020e-01 3.377234929230000238e-01 2.669296342220000007e-01 3.848548630590000186e-01 -5.613463668200000534e-01 3.186860459959999781e-01 4.691030836099999678e-03 -3.367477195060000206e-01 4.573572998670000223e-02
4.065981338670000000e-01 -1.058580497779999970e-02 2.371076670960000077e-01 3.270820460980000122e-01 6.459227006919999736e-01 -5.613463668200000534e-01 3.186860459959999781e-01 5.279513045829999952e-03 -3.367477195060000206e-01 4.573572998670000223e-02
4.142472137400000087e-01 -2.634148765880000020e-01 2.206325429290000029e-01 2.848131388130000219e-01 6.519783920270000310e-01 -5.613463668200000534e-01 3.186860459959999781e-01 5.279513045829999952e-03 -3.383734467089999920e-01 4.573572998670000223e-02
4.201311213350000240e-01 -2.948314214860000004e-01 2.206325429290000029e-01 2.636781798150000244e-01 6.526512408100000329e-01 -5.613463668200000534e-01 3.186860459959999781e-01 4.691030836099999678e-03 -3.367477195060000206e-01 4.573572998670000223e-02
4.171891675380000053e-01 -3.217599217580000004e-01 1.676769173229999965e-01 3.335849549109999868e-01 4.669431466180000156e-01 -5.613463668200000534e-01 3.171900311210000267e-01 5.279513045829999952e-03 -3.383734467089999920e-01 4.573572998670000223e-02
3.395208556809999889e-01 -3.352242881529999829e-01 4.470205973349999917e-02 3.498427322989999810e-01 1.343867467399999932e-02 -5.613463668200000534e-01 3.171900311210000267e-01 4.691030836099999678e-03 -3.383734467089999920e-01 4.640857876969999712e-02
2.494961549749999952e-01 -3.038075107379999973e-01 2.337467798090000094e-03 3.384626418760000033e-01 -3.096976330880000031e-02 -5.613463668200000534e-01 3.171900311210000267e-01 5.279513045829999952e-03 -3.383734467089999920e-01 4.640857876969999712e-02
7.474245329869999566e-02 -2.948314214860000004e-01 -8.253657323200000798e-03 3.368369146719999985e-01 -3.231546087469999717e-02 -5.613463668200000534e-01 3.171900311210000267e-01 4.691030836099999678e-03 -3.367477195060000206e-01 4.708142755260000256e-02
-1.100140741900000052e-01 -2.918393917350000089e-01 -7.076875804190000015e-03 3.384626418760000033e-01 -3.366115844059999751e-02 -5.613463668200000534e-01 3.156940162460000199e-01 4.691030836099999678e-03 -3.367477195060000206e-01 4.708142755260000256e-02
