-5.595489583360000463e-01 -3.187678920070000088e-01 -4.134830556449999722e-03 3.368369146719999985e-01 -3.096976330880000031e-02 -5.619347575790000215e-01 3.186860459959999781e-01 5.867903805340000251e-03 -3.383734467089999920e-01 4.506288120379999679e-02
-5.436622706539999683e-01 -4.608907002620000193e-01 -4.134830556449999722e-03 6.115873388000000466e-01 3.552492028779999922e-01 -5.619347575790000215e-01 3.156940162460000199e-01 5.867903805340000251e-03 -3.383734467089999920e-01 4.573572998670000223e-02
-4.130382417410000118e-01 -4.758508490139999880e-01 -4.134830556449999722e-03 7.497751617879999664e-01 4.292633010410000227e-01 -5.619347575790000215e-01 3.156940162460000199e-01 5.867903805340000251e-03 -3.383734467089999920e-01 4.573572998670000223e-02
-2.529944005029999832e-01 -4.758508490139999880e-01 -4.134830556449999722e-03 7.497751617879999664e-01 4.346460913049999819e-01 -5.619347575790000215e-01 3.156940162460000199e-01 5.867903805340000251e-03 -3.383734467089999920e-01 4.573572998670000223e-02
-4.823240429049999861e-02 -4.728588192639999743e-01 -4.134830556449999722e-03 7.481494345850000505e-01 4.353189400879999837e-01 -5.619347575790000215e-01 3.156940162460000199e-01 5.867903805340000251e-03 -3.383734467089999920e-01 4.573572998670000223e-02
1.312285149119999939e-01 -4.549066407599999806e-01 -4.134830556449999722e-03 7.432722529749999918e-01 4.346460913049999819e-01 -5.619347575790000215e-01 3.156940162460000199e-01 5.867903805340000251e-03 -3.367477195060000206e-01 4.573572998670000223e-02
2.642061068630000009e-01 -4.534106258849999738e-01 -6.044859994279999779e-04 7.416465257709999870e-01 4.353189400879999837e-01 -5.619347575790000215e-01 3.156940162460000199e-01 5.867903805340000251e-03 -3.383734467089999920e-01 4.573572998670000223e-02
3.377556834029999955e-01 -4.564026556360000209e-01 1.234020215989999926e-02 7.562785759560000098e-01 4.353189400879999837e-01 -5.619347575790000215e-01 3.156940162460000199e-01 5.867903805340000251e-03 -3.383734467089999920e-01 4.573572998670000223e-02
3.489352907339999810e-01 -4.145137740939999760e-01 2.175454576220000116e-02 7.644072119720000114e-01 3.673605855479999960e-01 -5.619347575790000215e-01 3.156940162460000199e-01 5.867903805340000251e-03 -3.367477195060000206e-01 4.573572998670000223e-02
3.489352907339999810e-01 -1.437325239799999987e-01 2.587337252889999883e-02 7.709101207849999859e-01 3.619777952839999813e-01 -5.619347575790000215e-01 3.156940162460000199e-01 5.867903805340000251e-03 -3.367477195060000206e-01 4.573572998670000223e-02
3.489352907339999810e-01 -1.108197316900000062e-01 2.587337252889999883e-02 7.725358479889999908e-01 3.619777952839999813e-01 -5.619347575790000215e-01 3.156940162460000199e-01 5.867903805340000251e-03 -3.383734467089999920e-01 4.573572998670000223e-02
3.489352907339999810e-01 -1.108197316900000062e-01 2.587337252889999883e-02 7.725358479889999908e-01 3.626506440669999831e-01 -5.619347575790000215e-01 3.156940162460000199e-01 5.867903805340000251e-03 -3.383734467089999920e-01 4.573572998670000223e-02
3.489352907339999810e-01 -1.108197316900000062e-01 2.587337252889999883e-02 7.725358479889999908e-01 3.619777952839999813e-01 -5.619347575790000215e-01 3.156940162460000199e-01 5.867903805340000251e-03 -3.383734467089999920e-01 4.573572998670000223e-02
3.489352907339999810e-01 -1.108197316900000062e-01 2.587337252889999883e-02 7.725358479889999908e-01 3.619777952839999813e-01 -5.619347575790000215e-01 3.156940162460000199e-01 5.867903805340000251e-03 -3.383734467089999920e-01 4.573572998670000223e-02
3.489352907339999810e-01 -1.093237168149999994e-01 2.587337252889999883e-02 7.725358479889999908e-01 3.619777952839999813e-01 -5.619347575790000215e-01 3.156940162460000199e-01 5.867903805340000251e-03 -3.383734467089999920e-01 4.573572998670000223e-02
3.071590895579999758e-01 7.019969583860000140e-02 1.234020215989999926e-02 5.010368782680000299e-01 3.579405980099999995e-01 -5.619347575790000215e-01 3.156940162460000199e-01 6.456294564839999868e-03 -3.399991739120000189e-01 4.640857876969999712e-02
2.836231848269999967e-01 1.390170776530000041e-01 1.763581044559999964e-02 2.766839974409999736e-01 3.579405980099999995e-01 -5.619347575790000215e-01 3.156940162460000199e-01 5.867903805340000251e-03 -3.367477195060000206e-01 4.640857876969999712e-02
2.836231848269999967e-01 1.270489586499999879e-01 1.763581044559999964e-02 2.685553614250000276e-01 3.579405980099999995e-01 -5.619347575790000215e-01 3.156940162460000199e-01 5.867903805340000251e-03 -3.367477195060000206e-01 4.640857876969999712e-02
2.836231848269999967e-01 1.270489586499999879e-01 1.763581044559999964e-02 2.620524526119999975e-01 3.579405980099999995e-01 -5.619347575790000215e-01 3.156940162460000199e-01 5.867903805340000251e-03 -3.367477195060000206e-01 4.640857876969999712e-02
2.830347940679999730e-01 1.270489586499999879e-01 1.763581044559999964e-02 2.620524526119999975e-01 3.579405980099999995e-01 -5.619347575790000215e-01 3.156940162460000199e-01 5.867903805340000251e-03 -3.367477195060000206e-01 4.640857876969999712e-02
3.089242618370000026e-01 -4.499437962629999899e-02 3.764127916920000094e-02 4.929082422509999950e-01 4.299361498240000246e-01 -5.619347575790000215e-01 3.156940162460000199e-01 5.867903805340000251e-03 -3.367477195060000206e-01 4.640857876969999712e-02
3.501120722530000062e-01 -4.085297145930000262e-01 2.705015404789999980e-02 7.660329391760000162e-01 4.333003937389999782e-01 -5.619347575790000215e-01 3.156940162460000199e-01 5.867903805340000251e-03 -3.367477195060000206e-01 4.640857876969999712e-02
3.501120722530000062e-01 -3.995536253409999738e-01 2.293132728119999866e-02 6.912484771150000373e-01 2.664323269119999726e-01 -5.619347575790000215e-01 3.156940162460000199e-01 5.867903805340000251e-03 -3.367477195060000206e-01 4.640857876969999712e-02
2.948027007080000206e-01 -2.888473619849999952e-01 8.809857602849999886e-03 3.254563188949999852e-01 -1.683983428980000141e-02 -5.619347575790000215e-01 3.171900311210000267e-01 5.867903805340000251e-03 -3.351219923020000158e-01 4.640857876969999712e-02
1.635902810360000126e-01 -2.843590848420000095e-01 -4.723221315950000207e-03 3.384626418760000033e-01 -2.827836817699999963e-02 -5.619347575790000215e-01 3.156940162460000199e-01 5.867903805340000251e-03 -3.383734467089999920e-01 4.640857876969999712e-02
-1.469385664810000068e-02 -2.858553322340000036e-01 -5.900094285180000099e-03 3.368369146719999985e-01 -2.827836817699999963e-02 -5.619347575790000215e-01 3.171900311210000267e-01 5.867903805340000251e-03 -3.367477195060000206e-01 4.640857876969999712e-02
