-5.589605675769999671e-01 -3.157758622569999951e-01 -4.723221315950000207e-03 3.384626418760000033e-01 -3.567970478940000328e-02 -5.631115390980000468e-01 3.201820608720000183e-01 5.279513045829999952e-03 -3.367477195060000206e-01 4.439003242080000189e-02
-5.589605675769999671e-01 -3.157758622569999951e-01 -4.723221315950000207e-03 3.368369146719999985e-01 -3.567970478940000328e-02 -5.560508499840000063e-01 2.244361787849999956e-01 2.999210784540000049e-02 -2.148169158730000028e-01 -1.581394382109999885e-01
-5.589605675769999671e-01 -3.157758622569999951e-01 -4.723221315950000207e-03 3.368369146719999985e-01 -3.567970478940000328e-02 -3.860040914830000225e-01 -1.750037457049999912e-01 1.923895121220000060e-01 1.964958567170000114e-01 -5.914581329350000471e-01
-5.589605675769999671e-01 -3.157758622569999951e-01 -4.723221315950000207e-03 3.368369146719999985e-01 -3.567970478940000328e-02 -2.141924350540000133e-01 -4.412969511920000198e-01 3.524333533610000124e-01 2.696543388959999898e-01 -6.089524104460000142e-01
-5.595489583360000463e-01 -3.157758622569999951e-01 -4.723221315950000207e-03 3.368369146719999985e-01 -3.567970478940000328e-02 -8.474518766039999818e-02 -4.816898178590000024e-01 4.483420073869999745e-01 2.794089547929999862e-01 -6.096252592290000161e-01
-5.595489583360000463e-01 -3.157758622569999951e-01 -4.723221315950000207e-03 3.368369146719999985e-01 -3.567970478940000328e-02 -7.062371798210000107e-02 -4.816898178590000024e-01 4.530491791879999730e-01 2.859118636060000163e-01 -6.096252592290000161e-01
-5.595489583360000463e-01 -3.157758622569999951e-01 -4.723221315950000207e-03 3.368369146719999985e-01 -3.567970478940000328e-02 -6.827006349389999618e-02 -4.816898178590000024e-01 4.530491791879999730e-01 2.859118636060000163e-01 -6.102981080110000400e-01
-5.589605675769999671e-01 -3.157758622569999951e-01 -4.723221315950000207e-03 3.368369146719999985e-01 -3.567970478940000328e-02 -6.827006349389999618e-02 -4.816898178590000024e-01 4.536375699479999746e-01 2.859118636060000163e-01 -6.096252592290000161e-01
-5.589605675769999671e-01 -3.157758622569999951e-01 -4.723221315950000207e-03 3.368369146719999985e-01 -3.567970478940000328e-02 -7.062371798210000107e-02 -4.801935704670000082e-01 4.536375699479999746e-01 2.761572477090000199e-01 -6.425952679009999668e-01
-5.589605675769999671e-01 -3.157758622569999951e-01 -4.134830556449999722e-03 3.368369146719999985e-01 -3.567970478940000328e-02 -8.415679690089999943e-02 -4.816898178590000024e-01 4.536375699479999746e-01 2.904443871479999925e-02 -6.533608484280000184e-01
-5.589605675769999671e-01 -3.157758622569999951e-01 -4.723221315950000207e-03 3.368369146719999985e-01 -3.567970478940000328e-02 -8.474518766039999818e-02 -4.816898178590000024e-01 4.536375699479999746e-01 -4.342923624119999770e-01 -6.533608484280000184e-01
-5.595489583360000463e-01 -3.157758622569999951e-01 -4.134830556449999722e-03 3.368369146719999985e-01 -3.567970478940000328e-02 -9.533631278170000278e-02 -4.816898178590000024e-01 4.542259607069999983e-01 -7.057914584719999773e-01 -6.540336972110000202e-01
-5.589605675769999671e-01 -3.157758622569999951e-01 -4.723221315950000207e-03 3.368369146719999985e-01 -3.567970478940000328e-02 -9.533631278170000278e-02 -4.816898178590000024e-01 4.542259607069999983e-01 -7.448092903659999653e-01 -6.547065459940000220e-01
-5.589605675769999671e-01 -3.157758622569999951e-01 -4.723221315950000207e-03 3.368369146719999985e-01 -3.567970478940000328e-02 -9.533631278170000278e-02 -4.816898178590000024e-01 4.542259607069999983e-01 -7.464350175699999701e-01 -6.547065459940000220e-01
-5.589605675769999671e-01 -3.157758622569999951e-01 -4.723221315950000207e-03 3.368369146719999985e-01 -3.567970478940000328e-02 -9.533631278170000278e-02 -4.816898178590000024e-01 4.542259607069999983e-01 -7.464350175699999701e-01 -6.540336972110000202e-01
-5.595489583360000463e-01 -3.157758622569999951e-01 -4.723221315950000207e-03 3.368369146719999985e-01 -3.567970478940000328e-02 -9.533631278170000278e-02 -4.816898178590000024e-01 4.542259607069999983e-01 -6.261299411399999792e-01 -6.560522435600000257e-01
-5.589605675769999671e-01 -3.157758622569999951e-01 -4.723221315950000207e-03 3.368369146719999985e-01 -3.567970478940000328e-02 -9.533631278170000278e-02 -4.816898178590000024e-01 4.542259607069999983e-01 -3.627596074359999978e-01 -6.560522435600000257e-01
-5.589605675769999671e-01 -3.157758622569999951e-01 -4.723221315950000207e-03 3.368369146719999985e-01 -3.567970478940000328e-02 -9.533631278170000278e-02 -4.816898178590000024e-01 4.542259607069999983e-01 -3.530052442159999915e-01 -6.560522435600000257e-01
-5.589605675769999671e-01 -3.157758622569999951e-01 -4.723221315950000207e-03 3.368369146719999985e-01 -3.567970478940000328e-02 -9.533631278170000278e-02 -4.816898178590000024e-01 4.542259607069999983e-01 -3.530052442159999915e-01 -6.560522435600000257e-01
-5.589605675769999671e-01 -3.157758622569999951e-01 -4.723221315950000207e-03 3.368369146719999985e-01 -3.567970478940000328e-02 -9.533631278170000278e-02 -4.816898178590000024e-01 4.542259607069999983e-01 -3.530052442159999915e-01 -6.560522435600000257e-01
-5.595489583360000463e-01 -3.157758622569999951e-01 -4.723221315950000207e-03 3.368369146719999985e-01 -3.567970478940000328e-02 -7.180049950109999857e-02 -4.816898178590000024e-01 4.542259607069999983e-01 -2.294487133800000023e-01 -6.210638976929999666e-01
-5.595489583360000463e-01 -3.157758622569999951e-01 -4.723221315950000207e-03 3.368369146719999985e-01 -3.567970478940000328e-02 -7.180049950109999857e-02 -4.816898178590000024e-01 4.542259607069999983e-01 1.704839687870000065e-01 -6.197182001269999629e-01
-5.589605675769999671e-01 -3.157758622569999951e-01 -4.723221315950000207e-03 3.368369146719999985e-01 -3.567970478940000328e-02 -7.238889026059999732e-02 -4.801935704670000082e-01 4.542259607069999983e-01 2.664028844899999915e-01 -5.584883334160000157e-01
-5.589605675769999671e-01 -3.172718771320000020e-01 -4.723221315950000207e-03 3.368369146719999985e-01 -3.567970478940000328e-02 -1.671207170429999944e-01 -1.959481864760000136e-01 3.459610550059999956e-01 -8.638345610479999936e-02 -6.864960888509999415e-02
-5.595489583360000463e-01 -3.142798473819999883e-01 -4.723221315950000207e-03 3.368369146719999985e-01 -3.567970478940000328e-02 -3.518772445319999775e-01 1.645951187399999904e-01 1.629696997960000115e-01 -3.237419018800000159e-01 4.035293972319999728e-02
-5.595489583360000463e-01 -3.187678920070000088e-01 -4.723221315950000207e-03 3.287077733009999836e-01 -3.567970478940000328e-02 -5.189818663349999861e-01 2.887655159740000199e-01 2.351971804070000088e-02 -3.399991739120000189e-01 4.573572998670000223e-02
