-5.589605675769999671e-01 -3.157758622569999951e-01 -2.369658277940000189e-03 3.368369146719999985e-01 -3.298830965760000261e-02 -5.613463668200000534e-01 3.186860459959999781e-01 4.691030836099999678e-03 -3.383734467089999920e-01 4.439003242080000189e-02
-5.542533957759999685e-01 -2.305020842980000095e-01 -3.237786136330000203e-02 2.100286767519999875e-01 1.634854173499999952e-01 -5.613463668200000534e-01 3.186860459959999781e-01 4.691030836099999678e-03 -3.383734467089999920e-01 4.439003242080000189e-02
-3.912676007390000210e-01 1.599615184239999988e-01 -1.941869663309999938e-01 -1.980326414309999949e-01 5.934399727369999988e-01 -5.613463668200000534e-01 3.186860459959999781e-01 4.691030836099999678e-03 -3.383734467089999920e-01 4.439003242080000189e-02
-2.088646362890000108e-01 4.397190903059999822e-01 -3.612914966840000131e-01 -2.646882147969999988e-01 6.068971052610000472e-01 -5.613463668200000534e-01 3.186860459959999781e-01 4.691030836099999678e-03 -3.383734467089999920e-01 4.439003242080000189e-02
-8.353621566159999401e-02 4.711356352039999806e-01 -4.519045881489999750e-01 -2.695653964070000019e-01 6.068971052610000472e-01 -5.613463668200000534e-01 3.186860459959999781e-01 4.691030836099999678e-03 -3.383734467089999920e-01 4.439003242080000189e-02
-6.882626377349999880e-02 4.726316500789999875e-01 -4.560233234659999968e-01 -2.711911236099999734e-01 6.068971052610000472e-01 -5.613463668200000534e-01 3.186860459959999781e-01 4.691030836099999678e-03 -3.383734467089999920e-01 4.439003242080000189e-02
-6.823787301400000005e-02 4.711356352039999806e-01 -4.560233234659999968e-01 -2.711911236099999734e-01 6.068971052610000472e-01 -5.613463668200000534e-01 3.186860459959999781e-01 4.691030836099999678e-03 -3.383734467089999920e-01 4.439003242080000189e-02
-6.823787301400000005e-02 4.711356352039999806e-01 -4.560233234659999968e-01 -2.711911236099999734e-01 6.068971052610000472e-01 -5.613463668200000534e-01 3.186860459959999781e-01 4.691030836099999678e-03 -3.383734467089999920e-01 4.439003242080000189e-02
-6.882626377349999880e-02 4.726316500789999875e-01 -4.560233234659999968e-01 -2.711911236099999734e-01 6.418855557060000327e-01 -5.613463668200000534e-01 3.186860459959999781e-01 4.691030836099999678e-03 -3.383734467089999920e-01 4.439003242080000189e-02
-8.647816945910000164e-02 4.726316500789999875e-01 -4.566117142250000205e-01 -1.757515312519999928e-02 6.506326944610000274e-01 -5.613463668200000534e-01 3.186860459959999781e-01 4.691030836099999678e-03 -3.383734467089999920e-01 4.439003242080000189e-02
-8.647816945910000164e-02 4.726316500789999875e-01 -4.566117142250000205e-01 4.197495073940000210e-01 6.506326944610000274e-01 -5.613463668200000534e-01 3.186860459959999781e-01 4.691030836099999678e-03 -3.383734467089999920e-01 4.439003242080000189e-02
-9.295055926390000112e-02 4.756236798299999791e-01 -4.572001049850000221e-01 7.010033456900000015e-01 6.513055432440000292e-01 -5.613463668200000534e-01 3.186860459959999781e-01 4.691030836099999678e-03 -3.383734467089999920e-01 4.439003242080000189e-02
-9.412734078289999862e-02 4.756236798299999791e-01 -4.572001049850000221e-01 7.416465257709999870e-01 6.513055432440000292e-01 -5.613463668200000534e-01 3.186860459959999781e-01 4.691030836099999678e-03 -3.383734467089999920e-01 4.439003242080000189e-02
-9.412734078289999862e-02 4.756236798299999791e-01 -4.572001049850000221e-01 7.448979801780000187e-01 6.513055432440000292e-01 -5.613463668200000534e-01 3.186860459959999781e-01 4.691030836099999678e-03 -3.383734467089999920e-01 4.439003242080000189e-02
-9.412734078289999862e-02 4.756236798299999791e-01 -4.572001049850000221e-01 7.465237073810000457e-01 6.506326944610000274e-01 -5.613463668200000534e-01 3.186860459959999781e-01 4.691030836099999678e-03 -3.383734467089999920e-01 4.439003242080000189e-02
-9.412734078289999862e-02 4.756236798299999791e-01 -4.577884957439999902e-01 6.441018828650000305e-01 6.513055432440000292e-01 -5.613463668200000534e-01 3.186860459959999781e-01 4.691030836099999678e-03 -3.383734467089999920e-01 4.439003242080000189e-02
-9.412734078289999862e-02 4.771196947049999859e-01 -4.572001049850000221e-01 3.661000043309999841e-01 6.513055432440000292e-01 -5.613463668200000534e-01 3.186860459959999781e-01 4.691030836099999678e-03 -3.383734467089999920e-01 4.439003242080000189e-02
-9.412734078289999862e-02 4.771196947049999859e-01 -4.572001049850000221e-01 3.579713683149999826e-01 6.513055432440000292e-01 -5.613463668200000534e-01 3.186860459959999781e-01 4.691030836099999678e-03 -3.383734467089999920e-01 4.439003242080000189e-02
-9.353895002339999987e-02 4.771196947049999859e-01 -4.572001049850000221e-01 3.579713683149999826e-01 6.513055432440000292e-01 -5.613463668200000534e-01 3.186860459959999781e-01 4.691030836099999678e-03 -3.383734467089999920e-01 4.439003242080000189e-02
-9.412734078289999862e-02 4.756236798299999791e-01 -4.572001049850000221e-01 3.579713683149999826e-01 6.513055432440000292e-01 -5.613463668200000534e-01 3.186860459959999781e-01 4.691030836099999678e-03 -3.383734467089999920e-01 4.506288120379999679e-02
-6.823787301400000005e-02 4.771196947049999859e-01 -4.577884957439999902e-01 2.506723621890000198e-01 6.230456329179999697e-01 -5.613463668200000534e-01 3.186860459959999781e-01 4.691030836099999678e-03 -3.383734467089999920e-01 4.439003242080000189e-02
-6.764948225450000130e-02 4.771196947049999859e-01 -4.572001049850000221e-01 -1.525120270620000107e-01 6.210270342799999455e-01 -5.613463668200000534e-01 3.186860459959999781e-01 4.691030836099999678e-03 -3.383734467089999920e-01 4.439003242080000189e-02
-6.764948225450000130e-02 4.771196947049999859e-01 -4.554349327059999952e-01 -2.646882147969999988e-01 5.470129884050000113e-01 -5.613463668200000534e-01 3.186860459959999781e-01 4.691030836099999678e-03 -3.383734467089999920e-01 4.439003242080000189e-02
-1.529669654349999908e-01 2.093304743420000003e-01 -3.489352907339999810e-01 7.346658096789999981e-02 7.803278529939999819e-02 -5.613463668200000534e-01 3.171900311210000267e-01 4.691030836099999678e-03 -3.383734467089999920e-01 4.506288120379999679e-02
-3.400770559610000188e-01 -1.571966578579999940e-01 -1.653555447639999954e-01 3.352111874690000271e-01 -2.827836817699999963e-02 -5.613463668200000534e-01 3.186860459959999781e-01 4.691030836099999678e-03 -3.367477195060000206e-01 4.640857876969999712e-02
-5.071816777640000273e-01 -2.873513471090000104e-01 -2.590556300869999856e-02 3.417140962820000016e-01 -2.962406574289999997e-02 -5.613463668200000534e-01 3.201820608720000183e-01 4.691030836099999678e-03 -3.237419018800000159e-01 4.640857876969999712e-02
