-5.589605675769999671e-01 -3.217599217580000004e-01 -5.900094285180000099e-03 3.368369146719999985e-01 -3.567970478940000328e-02 -5.584044130219999458e-01 3.082139418689999744e-01 5.867903805340000251e-03 -3.383734467089999920e-01 4.439003242080000189e-02
-5.536650050160000225e-01 -2.275100545469999902e-01 -3.296634357299999679e-02 2.035257679390000130e-01 1.722325561059999954e-01 -5.584044130219999458e-01 3.082139418689999744e-01 5.867903805340000251e-03 -3.399991739120000189e-01 4.439003242080000189e-02
-4.006819443419999960e-01 1.375210627769999916e-01 -1.830073590000000083e-01 -1.801496421949999871e-01 5.853657350530000469e-01 -5.584044130219999458e-01 3.067176944769999802e-01 5.867903805340000251e-03 -3.383734467089999920e-01 4.506288120379999679e-02
-2.153370260930000113e-01 4.322387834129999828e-01 -3.565843706080000231e-01 -2.679396692039999750e-01 6.068971052610000472e-01 -5.584044130219999458e-01 3.082139418689999744e-01 5.867903805340000251e-03 -3.383734467089999920e-01 4.506288120379999679e-02
-8.412460642110000664e-02 4.696396203289999738e-01 -4.519045881489999750e-01 -2.679396692039999750e-01 6.068971052610000472e-01 -5.584044130219999458e-01 3.082139418689999744e-01 5.867903805340000251e-03 -3.383734467089999920e-01 4.506288120379999679e-02
-7.059152750229999440e-02 4.711356352039999806e-01 -4.560233234659999968e-01 -2.711911236099999734e-01 6.068971052610000472e-01 -5.584044130219999458e-01 3.067176944769999802e-01 5.867903805340000251e-03 -3.383734467089999920e-01 4.506288120379999679e-02
-7.059152750229999440e-02 4.711356352039999806e-01 -4.560233234659999968e-01 -2.711911236099999734e-01 6.068971052610000472e-01 -5.584044130219999458e-01 3.067176944769999802e-01 5.867903805340000251e-03 -3.383734467089999920e-01 4.506288120379999679e-02
-7.059152750229999440e-02 4.711356352039999806e-01 -4.560233234659999968e-01 -2.711911236099999734e-01 6.068971052610000472e-01 -5.584044130219999458e-01 3.082139418689999744e-01 5.867903805340000251e-03 -3.383734467089999920e-01 4.506288120379999679e-02
-7.059152750229999440e-02 4.711356352039999806e-01 -4.560233234659999968e-01 -2.711911236099999734e-01 6.068971052610000472e-01 -5.584044130219999458e-01 3.082139418689999744e-01 5.867903805340000251e-03 -3.383734467089999920e-01 4.506288120379999679e-02
-7.059152750229999440e-02 4.711356352039999806e-01 -4.560233234659999968e-01 -2.711911236099999734e-01 6.068971052610000472e-01 -5.584044130219999458e-01 3.067176944769999802e-01 5.867903805340000251e-03 -3.383734467089999920e-01 4.506288120379999679e-02
-7.059152750229999440e-02 4.711356352039999806e-01 -4.560233234659999968e-01 -2.711911236099999734e-01 6.068971052610000472e-01 -5.584044130219999458e-01 3.067176944769999802e-01 5.867903805340000251e-03 -3.383734467089999920e-01 4.506288120379999679e-02
-7.059152750229999440e-02 4.711356352039999806e-01 -4.560233234659999968e-01 -2.711911236099999734e-01 6.068971052610000472e-01 -5.584044130219999458e-01 3.082139418689999744e-01 5.867903805340000251e-03 -3.383734467089999920e-01 4.506288120379999679e-02
-7.059152750229999440e-02 4.711356352039999806e-01 -4.560233234659999968e-01 -2.711911236099999734e-01 6.068971052610000472e-01 -5.584044130219999458e-01 3.082139418689999744e-01 5.867903805340000251e-03 -3.383734467089999920e-01 4.506288120379999679e-02
-8.471299718060000539e-02 4.711356352039999806e-01 -4.560233234659999968e-01 -1.476348454520000075e-01 6.499598456780000255e-01 -5.584044130219999458e-01 3.082139418689999744e-01 5.867903805340000251e-03 -3.383734467089999920e-01 4.506288120379999679e-02
-8.706656021860000039e-02 4.711356352039999806e-01 -4.560233234659999968e-01 2.929417748290000234e-01 6.499598456780000255e-01 -5.584044130219999458e-01 3.082139418689999744e-01 5.867903805340000251e-03 -3.383734467089999920e-01 4.506288120379999679e-02
-8.942021470680000528e-02 4.726316500789999875e-01 -4.560233234659999968e-01 6.359732468490000290e-01 6.506326944610000274e-01 -5.584044130219999458e-01 3.082139418689999744e-01 5.867903805340000251e-03 -3.383734467089999920e-01 4.506288120379999679e-02
-9.118538698540000487e-02 4.726316500789999875e-01 -4.560233234659999968e-01 7.432722529749999918e-01 6.506326944610000274e-01 -5.584044130219999458e-01 3.082139418689999744e-01 5.867903805340000251e-03 -3.383734467089999920e-01 4.506288120379999679e-02
-9.118538698540000487e-02 4.726316500789999875e-01 -4.566117142250000205e-01 7.448979801780000187e-01 6.506326944610000274e-01 -5.584044130219999458e-01 3.082139418689999744e-01 5.867903805340000251e-03 -3.383734467089999920e-01 4.506288120379999679e-02
-9.177377774490000362e-02 4.726316500789999875e-01 -4.566117142250000205e-01 7.448979801780000187e-01 6.499598456780000255e-01 -5.584044130219999458e-01 3.082139418689999744e-01 5.867903805340000251e-03 -3.383734467089999920e-01 4.506288120379999679e-02
-9.177377774490000362e-02 4.726316500789999875e-01 -4.560233234659999968e-01 7.448979801780000187e-01 6.499598456780000255e-01 -5.584044130219999458e-01 3.067176944769999802e-01 5.867903805340000251e-03 -3.383734467089999920e-01 4.506288120379999679e-02
-9.177377774490000362e-02 4.726316500789999875e-01 -4.566117142250000205e-01 7.448979801780000187e-01 6.499598456780000255e-01 -5.584044130219999458e-01 3.067176944769999802e-01 5.867903805340000251e-03 -3.383734467089999920e-01 4.506288120379999679e-02
-9.118538698540000487e-02 4.726316500789999875e-01 -4.560233234659999968e-01 7.448979801780000187e-01 6.499598456780000255e-01 -5.584044130219999458e-01 3.082139418689999744e-01 5.867903805340000251e-03 -3.383734467089999920e-01 4.506288120379999679e-02
-9.177377774490000362e-02 4.726316500789999875e-01 -4.566117142250000205e-01 7.432722529749999918e-01 6.506326944610000274e-01 -5.584044130219999458e-01 3.082139418689999744e-01 5.867903805340000251e-03 -3.383734467089999920e-01 4.506288120379999679e-02
-9.177377774490000362e-02 4.726316500789999875e-01 -4.566117142250000205e-01 5.075397870810000045e-01 6.513055432440000292e-01 -5.584044130219999458e-01 3.082139418689999744e-01 5.867903805340000251e-03 -3.383734467089999920e-01 4.506288120379999679e-02
-9.177377774490000362e-02 4.711356352039999806e-01 -4.566117142250000205e-01 3.579713683149999826e-01 6.513055432440000292e-01 -5.584044130219999458e-01 3.082139418689999744e-01 5.867903805340000251e-03 -3.399991739120000189e-01 4.506288120379999679e-02
-9.177377774490000362e-02 4.726316500789999875e-01 -4.566117142250000205e-01 3.579713683149999826e-01 6.513055432440000292e-01 -5.584044130219999458e-01 3.082139418689999744e-01 5.867903805340000251e-03 -3.383734467089999920e-01 4.506288120379999679e-02
-9.177377774490000362e-02 4.726316500789999875e-01 -4.566117142250000205e-01 3.579713683149999826e-01 6.506326944610000274e-01 -5.584044130219999458e-01 3.082139418689999744e-01 5.867903805340000251e-03 -3.383734467089999920e-01 4.506288120379999679e-02
-9.177377774490000362e-02 4.726316500789999875e-01 -4.566117142250000205e-01 3.579713683149999826e-01 6.506326944610000274e-01 -5.584044130219999458e-01 3.082139418689999744e-01 5.867903805340000251e-03 -3.383734467089999920e-01 4.506288120379999679e-02
-9.177377774490000362e-02 4.726316500789999875e-01 -4.566117142250000205e-01 3.579713683149999826e-01 6.513055432440000292e-01 -5.584044130219999458e-01 3.082139418689999744e-01 5.867903805340000251e-03 -3.383734467089999920e-01 4.506288120379999679e-02
-8.765495097809999914e-02 4.726316500789999875e-01 -4.566117142250000205e-01 3.173276828780000058e-01 6.311198706020000326e-01 -5.584044130219999458e-01 3.067176944769999802e-01 5.867903805340000251e-03 -3.383734467089999920e-01 4.506288120379999679e-02
-6.882626377349999880e-02 4.726316500789999875e-01 -4.566117142250000205e-01 -6.147029296849999824e-02 6.223727841349999679e-01 -5.584044130219999458e-01 3.082139418689999744e-01 5.867903805340000251e-03 -3.383734467089999920e-01 4.506288120379999679e-02
-6.882626377349999880e-02 4.726316500789999875e-01 -4.566117142250000205e-01 -2.646882147969999988e-01 6.216999353519999660e-01 -5.584044130219999458e-01 3.082139418689999744e-01 5.867903805340000251e-03 -3.383734467089999920e-01 4.506288120379999679e-02
-6.823787301400000005e-02 4.726316500789999875e-01 -4.566117142250000205e-01 -2.711911236099999734e-01 6.223727841349999679e-01 -5.584044130219999458e-01 3.082139418689999744e-01 5.867903805340000251e-03 -3.383734467089999920e-01 4.506288120379999679e-02
-6.882626377349999880e-02 4.726316500789999875e-01 -4.566117142250000205e-01 -2.695653964070000019e-01 5.645072136269999596e-01 -5.584044130219999458e-01 3.082139418689999744e-01 5.867903805340000251e-03 -3.383734467089999920e-01 4.506288120379999679e-02
-1.447294033510000133e-01 2.123225040929999918e-01 -3.483467170740000007e-01 8.322094418750000666e-02 7.735993651649999969e-02 -5.584044130219999458e-01 3.067176944769999802e-01 5.867903805340000251e-03 -3.383734467089999920e-01 4.573572998670000223e-02
-3.300743215990000201e-01 -1.347562022109999869e-01 -1.718278431190000122e-01 3.254563188949999852e-01 -2.895121695990000160e-02 -5.584044130219999458e-01 3.082139418689999744e-01 5.867903805340000251e-03 -3.383734467089999920e-01 4.640857876969999712e-02
-5.001208971999999697e-01 -2.858553322340000036e-01 -2.825912604680000037e-02 3.400883690789999747e-01 -3.164261209170000227e-02 -5.584044130219999458e-01 3.141980013699999796e-01 5.867903805340000251e-03 -3.107358315759999878e-01 4.708142755260000256e-02
-5.589605675769999671e-01 -3.023114958620000126e-01 -5.900094285180000099e-03 3.368369146719999985e-01 -3.164261209170000227e-02 -5.584044130219999458e-01 3.082139418689999744e-01 5.867903805340000251e-03 -3.383734467089999920e-01 4.708142755260000256e-02
