-5.589605675769999671e-01 -3.172718771320000020e-01 -4.723221315950000207e-03 3.384626418760000033e-01 -3.567970478940000328e-02 -5.613463668200000534e-01 3.186860459959999781e-01 5.279513045829999952e-03 -3.383734467089999920e-01 4.371718363790000339e-02
-5.595489583360000463e-01 -3.157758622569999951e-01 -4.723221315950000207e-03 3.368369146719999985e-01 -3.567970478940000328e-02 -5.566392407439999523e-01 3.186860459959999781e-01 -1.047506563839999960e-01 -2.375773493960000038e-01 -3.001118909150000125e-01
-5.589605675769999671e-01 -3.157758622569999951e-01 -4.134830556449999722e-03 3.384626418760000033e-01 -3.567970478940000328e-02 -4.477858528329999865e-01 3.201820608720000183e-01 -1.847726227279999911e-01 -2.261972589729999983e-01 -6.385581752040000447e-01
-5.595489583360000463e-01 -3.172718771320000020e-01 -4.723221315950000207e-03 3.368369146719999985e-01 -3.567970478940000328e-02 -2.930375284300000271e-01 3.171900311210000267e-01 -1.853610134879999927e-01 -2.196943501599999959e-01 -6.506694532969999889e-01
-5.595489583360000463e-01 -3.172718771320000020e-01 -4.723221315950000207e-03 3.368369146719999985e-01 -3.567970478940000328e-02 -9.474792202220000403e-02 3.127019864949999728e-01 -1.853610134879999927e-01 -2.148169158730000028e-01 -6.560522435600000257e-01
-5.595489583360000463e-01 -3.172718771320000020e-01 -4.723221315950000207e-03 3.368369146719999985e-01 -3.567970478940000328e-02 7.941738889480000341e-02 2.962455903499999765e-01 -1.853610134879999927e-01 -2.148169158730000028e-01 -6.560522435600000257e-01
-5.589605675769999671e-01 -3.172718771320000020e-01 -4.723221315950000207e-03 3.368369146719999985e-01 -3.567970478940000328e-02 2.647623071429999753e-01 2.588447534339999856e-01 -1.853610134879999927e-01 -2.164426430760000020e-01 -6.560522435600000257e-01
-5.595489583360000463e-01 -3.172718771320000020e-01 -4.723221315950000207e-03 3.368369146719999985e-01 -3.567970478940000328e-02 3.665549144890000166e-01 2.603410008259999797e-01 -1.953637478499999913e-01 -2.196943501599999959e-01 -6.560522435600000257e-01
-5.589605675769999671e-01 -3.157758622569999951e-01 -4.723221315950000207e-03 3.368369146719999985e-01 -3.567970478940000328e-02 4.230409761030000104e-01 2.708131049529999834e-01 -2.594989807870000109e-01 -2.359516221930000046e-01 -4.723628525820000035e-01
-5.595489583360000463e-01 -3.157758622569999951e-01 -4.723221315950000207e-03 3.368369146719999985e-01 -3.567970478940000328e-02 4.395160545449999789e-01 -8.075387849380000205e-02 -3.824737469260000022e-01 -2.310744405830000014e-01 -1.924550398719999944e-01
-5.589605675769999671e-01 -3.172718771320000020e-01 -4.723221315950000207e-03 3.368369146719999985e-01 -3.567970478940000328e-02 4.395160545449999789e-01 -4.053921291520000136e-01 -3.895346189409999993e-01 -2.440805108870000018e-01 -1.863992962490000072e-01
-5.589605675769999671e-01 -3.172718771320000020e-01 -4.723221315950000207e-03 3.368369146719999985e-01 -3.567970478940000328e-02 4.406928817890000127e-01 -4.786975555920000014e-01 -3.895346189409999993e-01 -2.440805108870000018e-01 -1.863992962490000072e-01
-5.589605675769999671e-01 -3.157758622569999951e-01 -4.723221315950000207e-03 3.368369146719999985e-01 -3.567970478940000328e-02 4.406928817890000127e-01 -4.757055258410000098e-01 -3.895346189409999993e-01 -2.473319652930000001e-01 -1.863992962490000072e-01
-5.595489583360000463e-01 -3.172718771320000020e-01 -4.723221315950000207e-03 3.368369146719999985e-01 -3.567970478940000328e-02 4.406928817890000127e-01 -4.757055258410000098e-01 -3.895346189409999993e-01 -2.473319652930000001e-01 -1.877449938150000108e-01
-5.595489583360000463e-01 -3.172718771320000020e-01 -4.723221315950000207e-03 3.368369146719999985e-01 -3.567970478940000328e-02 4.401044910290000112e-01 -4.772015407160000167e-01 -3.895346189409999993e-01 -2.473319652930000001e-01 -1.877449938150000108e-01
-5.589605675769999671e-01 -3.172718771320000020e-01 -4.723221315950000207e-03 3.368369146719999985e-01 -3.567970478940000328e-02 4.401044910290000112e-01 -4.038961142759999734e-01 -3.895346189409999993e-01 -2.538348741070000081e-01 -1.863992962490000072e-01
-5.595489583360000463e-01 -3.172718771320000020e-01 -4.723221315950000207e-03 3.368369146719999985e-01 -3.567970478940000328e-02 4.401044910290000112e-01 -3.994080696499999750e-01 -3.895346189409999993e-01 -2.538348741070000081e-01 -1.863992962490000072e-01
-5.595489583360000463e-01 -3.172718771320000020e-01 -4.723221315950000207e-03 3.368369146719999985e-01 -3.567970478940000328e-02 4.406928817890000127e-01 -3.994080696499999750e-01 -3.895346189409999993e-01 -2.538348741070000081e-01 -1.863992962490000072e-01
-5.589605675769999671e-01 -3.157758622569999951e-01 -4.723221315950000207e-03 3.368369146719999985e-01 -3.567970478940000328e-02 4.406928817890000127e-01 -4.009040845260000152e-01 -3.895346189409999993e-01 -2.538348741070000081e-01 -1.877449938150000108e-01
-5.595489583360000463e-01 -3.157758622569999951e-01 -4.723221315950000207e-03 3.368369146719999985e-01 -3.567970478940000328e-02 4.406928817890000127e-01 -3.994080696499999750e-01 -3.901230097000000230e-01 -2.554606013099999795e-01 -1.870721450320000090e-01
-5.589605675769999671e-01 -3.157758622569999951e-01 -4.723221315950000207e-03 3.368369146719999985e-01 -3.567970478940000328e-02 4.236293668630000120e-01 -2.408288652510000016e-01 -2.936259191889999953e-01 -2.961042867470000117e-01 -5.423397534710000523e-01
-5.595489583360000463e-01 -3.172718771320000020e-01 -4.134830556449999722e-03 3.368369146719999985e-01 -3.567970478940000328e-02 4.112730694630000183e-01 1.301863115740000132e-01 -2.277255139730000044e-01 -3.269933562860000142e-01 -6.526879996450000165e-01
-5.589605675769999671e-01 -3.157758622569999951e-01 -4.723221315950000207e-03 3.368369146719999985e-01 -3.567970478940000328e-02 4.136266325010000133e-01 2.977416052249999834e-01 -1.818305774810000108e-01 -3.432506283189999952e-01 -5.349384168590000099e-01
-5.589605675769999671e-01 -3.172718771320000020e-01 -4.723221315950000207e-03 3.368369146719999985e-01 -3.567970478940000328e-02 3.377234929230000238e-01 3.216780757470000252e-01 -5.414859381559999907e-02 -3.562566986219999898e-01 -3.635255357239999818e-02
-5.595489583360000463e-01 -3.172718771320000020e-01 -4.723221315950000207e-03 3.368369146719999985e-01 -3.567970478940000328e-02 2.453452291790000073e-01 3.007336349759999750e-01 -6.488485044690000397e-03 -3.334962650989999888e-01 3.766154459139999661e-02
-5.595489583360000463e-01 -3.157758622569999951e-01 -4.723221315950000207e-03 3.368369146719999985e-01 -3.567970478940000328e-02 8.706656021860000039e-02 2.917575457239999781e-01 6.456294564839999868e-03 -3.334962650989999888e-01 3.833439337430000204e-02
