-5.589605675769999671e-01 -3.187678920070000088e-01 -5.311703525679999614e-03 3.384626418760000033e-01 -3.702540235529999668e-02 -5.625231483389999676e-01 3.186860459959999781e-01 5.279513045829999952e-03 -3.383734467089999920e-01 4.439003242080000189e-02
-5.118888495650000259e-01 -1.227880832090000041e-01 -7.591923481769999316e-02 7.346658096789999981e-02 3.693791318970000015e-01 -5.625231483389999676e-01 3.186860459959999781e-01 5.279513045829999952e-03 -3.383734467089999920e-01 4.371718363790000339e-02
-3.353699298849999733e-01 2.676757520290000136e-01 -2.453774196590000067e-01 -2.484306900870000001e-01 6.042056578409999990e-01 -5.625231483389999676e-01 3.186860459959999781e-01 5.279513045829999952e-03 -3.383734467089999920e-01 4.439003242080000189e-02
-1.623813090369999879e-01 4.561752539339999912e-01 -4.007140433709999727e-01 -2.695653964070000019e-01 6.075699540440000490e-01 -5.625231483389999676e-01 3.186860459959999781e-01 5.279513045829999952e-03 -3.383734467089999920e-01 4.439003242080000189e-02
-7.235669978080000453e-02 4.711356352039999806e-01 -4.548465419470000271e-01 -2.695653964070000019e-01 6.075699540440000490e-01 -5.625231483389999676e-01 3.186860459959999781e-01 5.279513045829999952e-03 -3.383734467089999920e-01 4.439003242080000189e-02
-6.941465453310000089e-02 4.711356352039999806e-01 -4.560233234659999968e-01 -2.711911236099999734e-01 6.082428028270000508e-01 -5.625231483389999676e-01 3.186860459959999781e-01 5.279513045829999952e-03 -3.383734467089999920e-01 4.506288120379999679e-02
-6.941465453310000089e-02 4.711356352039999806e-01 -4.560233234659999968e-01 -2.711911236099999734e-01 6.075699540440000490e-01 -5.625231483389999676e-01 3.186860459959999781e-01 5.279513045829999952e-03 -3.383734467089999920e-01 4.506288120379999679e-02
-6.941465453310000089e-02 4.711356352039999806e-01 -4.566117142250000205e-01 -2.711911236099999734e-01 6.082428028270000508e-01 -5.625231483389999676e-01 3.186860459959999781e-01 5.279513045829999952e-03 -3.383734467089999920e-01 4.506288120379999679e-02
-7.588704433779999703e-02 4.711356352039999806e-01 -4.566117142250000205e-01 -2.500564172899999993e-01 6.492869968950000237e-01 -5.625231483389999676e-01 3.186860459959999781e-01 5.279513045829999952e-03 -3.383734467089999920e-01 4.506288120379999679e-02
-8.530138794010000414e-02 4.726316500789999875e-01 -4.566117142250000205e-01 1.189869426590000057e-01 6.513055432440000292e-01 -5.625231483389999676e-01 3.186860459959999781e-01 5.279513045829999952e-03 -3.367477195060000206e-01 4.506288120379999679e-02
-8.647816945910000164e-02 4.726316500789999875e-01 -4.572001049850000221e-01 5.433062909079999780e-01 6.513055432440000292e-01 -5.625231483389999676e-01 3.186860459959999781e-01 5.279513045829999952e-03 -3.383734467089999920e-01 4.506288120379999679e-02
-9.236216850440000237e-02 4.726316500789999875e-01 -4.572001049850000221e-01 7.302664353490000426e-01 6.513055432440000292e-01 -5.625231483389999676e-01 3.186860459959999781e-01 5.279513045829999952e-03 -3.383734467089999920e-01 4.506288120379999679e-02
-9.236216850440000237e-02 4.726316500789999875e-01 -4.572001049850000221e-01 7.448979801780000187e-01 6.519783920270000310e-01 -5.625231483389999676e-01 3.186860459959999781e-01 5.279513045829999952e-03 -3.383734467089999920e-01 4.439003242080000189e-02
-9.236216850440000237e-02 4.726316500789999875e-01 -4.572001049850000221e-01 7.448979801780000187e-01 6.513055432440000292e-01 -5.625231483389999676e-01 3.186860459959999781e-01 5.279513045829999952e-03 -3.367477195060000206e-01 4.506288120379999679e-02
-9.236216850440000237e-02 4.726316500789999875e-01 -4.577884957439999902e-01 7.448979801780000187e-01 6.519783920270000310e-01 -5.625231483389999676e-01 3.186860459959999781e-01 5.279513045829999952e-03 -3.383734467089999920e-01 4.506288120379999679e-02
-9.236216850440000237e-02 4.726316500789999875e-01 -4.572001049850000221e-01 4.782761920670000055e-01 6.519783920270000310e-01 -5.625231483389999676e-01 3.186860459959999781e-01 5.279513045829999952e-03 -3.383734467089999920e-01 4.506288120379999679e-02
-9.236216850440000237e-02 4.726316500789999875e-01 -4.572001049850000221e-01 3.579713683149999826e-01 6.519783920270000310e-01 -5.625231483389999676e-01 3.186860459959999781e-01 5.279513045829999952e-03 -3.383734467089999920e-01 4.506288120379999679e-02
-9.236216850440000237e-02 4.726316500789999875e-01 -4.572001049850000221e-01 3.579713683149999826e-01 6.519783920270000310e-01 -5.625231483389999676e-01 3.186860459959999781e-01 5.279513045829999952e-03 -3.367477195060000206e-01 4.506288120379999679e-02
-9.236216850440000237e-02 4.726316500789999875e-01 -4.572001049850000221e-01 3.579713683149999826e-01 6.519783920270000310e-01 -5.625231483389999676e-01 3.186860459959999781e-01 5.279513045829999952e-03 -3.383734467089999920e-01 4.506288120379999679e-02
-9.236216850440000237e-02 4.726316500789999875e-01 -4.572001049850000221e-01 3.579713683149999826e-01 6.519783920270000310e-01 -5.625231483389999676e-01 3.186860459959999781e-01 5.279513045829999952e-03 -3.383734467089999920e-01 4.506288120379999679e-02
-6.823787301400000005e-02 4.741276649550000277e-01 -4.577884957439999902e-01 1.124840338460000033e-01 6.223727841349999679e-01 -5.625231483389999676e-01 3.186860459959999781e-01 5.279513045829999952e-03 -3.383734467089999920e-01 4.506288120379999679e-02
-6.823787301400000005e-02 4.741276649550000277e-01 -4.577884957439999902e-01 -2.386763268669999938e-01 6.216999353519999660e-01 -5.625231483389999676e-01 3.186860459959999781e-01 5.279513045829999952e-03 -3.383734467089999920e-01 4.506288120379999679e-02
-6.941465453310000089e-02 4.561752539339999912e-01 -4.336642917040000045e-01 -1.882782782109999886e-01 4.258990571269999914e-01 -5.625231483389999676e-01 3.186860459959999781e-01 5.279513045829999952e-03 -3.383734467089999920e-01 4.506288120379999679e-02
-2.247513696959999863e-01 2.831104681369999918e-02 -2.753856227440000248e-01 2.295374031920000002e-01 -6.746997968530000361e-03 -5.625231483389999676e-01 3.201820608720000183e-01 5.279513045829999952e-03 -3.318705378960000174e-01 4.573572998670000223e-02
-3.995050713719999758e-01 -2.798710402160000110e-01 -1.088694831509999933e-01 3.205791372849999821e-01 -2.895121695990000160e-02 -5.625231483389999676e-01 3.186860459959999781e-01 5.279513045829999952e-03 -3.367477195060000206e-01 4.573572998670000223e-02
-5.407202711320000521e-01 -3.053035256130000041e-01 -8.842048082699999548e-03 3.043218652520000012e-01 -3.298830965760000261e-02 -5.625231483389999676e-01 3.037256647259999887e-01 5.279513045829999952e-03 -3.611338802319999930e-01 4.640857876969999712e-02
