-5.583721768170000210e-01 -3.202639068829999935e-01 -5.311703525679999614e-03 3.384626418760000033e-01 -3.096976330880000031e-02 -5.613463668200000534e-01 3.201820608720000183e-01 5.279513045829999952e-03 -3.367477195060000206e-01 4.506288120379999679e-02
-5.583721768170000210e-01 -3.202639068829999935e-01 -5.311703525679999614e-03 3.384626418760000033e-01 -3.029691452579999847e-02 -5.160397296369999554e-01 1.286902966990000063e-01 6.823787301400000005e-02 -9.288636491790000504e-02 -3.371188877080000257e-01
-5.583721768170000210e-01 -3.202639068829999935e-01 -5.311703525679999614e-03 3.384626418760000033e-01 -3.096976330880000031e-02 -3.401092464409999905e-01 -2.632693208979999810e-01 2.376960578550000036e-01 2.485196325759999880e-01 -6.035696201819999995e-01
-5.583721768170000210e-01 -3.187678920070000088e-01 -5.311703525679999614e-03 3.384626418760000033e-01 -3.096976330880000031e-02 -1.783002329239999906e-01 -4.547610850700000151e-01 3.853836016939999887e-01 2.761572477090000199e-01 -6.096252592290000161e-01
-5.583721768170000210e-01 -3.202639068829999935e-01 -5.311703525679999614e-03 3.384626418760000033e-01 -3.029691452579999847e-02 -7.533084405819999441e-02 -4.801935704670000082e-01 4.524607884290000048e-01 2.826604092000000179e-01 -6.096252592290000161e-01
-5.583721768170000210e-01 -3.202639068829999935e-01 -5.311703525679999614e-03 3.384626418760000033e-01 -3.096976330880000031e-02 -6.827006349389999618e-02 -4.816898178590000024e-01 4.524607884290000048e-01 2.859118636060000163e-01 -6.102981080110000400e-01
-5.583721768170000210e-01 -3.202639068829999935e-01 -5.311703525679999614e-03 3.384626418760000033e-01 -3.029691452579999847e-02 -6.827006349389999618e-02 -4.801935704670000082e-01 4.524607884290000048e-01 2.859118636060000163e-01 -6.096252592290000161e-01
-5.583721768170000210e-01 -3.202639068829999935e-01 -5.311703525679999614e-03 3.384626418760000033e-01 -3.096976330880000031e-02 -6.827006349389999618e-02 -4.801935704670000082e-01 4.524607884290000048e-01 2.859118636060000163e-01 -6.096252592290000161e-01
-5.583721768170000210e-01 -3.202639068829999935e-01 -5.311703525679999614e-03 3.384626418760000033e-01 -3.029691452579999847e-02 -6.827006349389999618e-02 -4.801935704670000082e-01 4.524607884290000048e-01 2.859118636060000163e-01 -6.096252592290000161e-01
-5.583721768170000210e-01 -3.202639068829999935e-01 -5.311703525679999614e-03 3.384626418760000033e-01 -3.029691452579999847e-02 -6.827006349389999618e-02 -4.801935704670000082e-01 4.530491791879999730e-01 2.875375908100000211e-01 -6.096252592290000161e-01
-5.583721768170000210e-01 -3.202639068829999935e-01 -5.311703525679999614e-03 3.384626418760000033e-01 -3.096976330880000031e-02 -6.827006349389999618e-02 -4.801935704670000082e-01 4.524607884290000048e-01 2.875375908100000211e-01 -6.096252592290000161e-01
-5.583721768170000210e-01 -3.202639068829999935e-01 -5.311703525679999614e-03 3.384626418760000033e-01 -3.096976330880000031e-02 -6.827006349389999618e-02 -4.816898178590000024e-01 4.524607884290000048e-01 2.859118636060000163e-01 -6.096252592290000161e-01
-5.583721768170000210e-01 -3.202639068829999935e-01 -5.311703525679999614e-03 3.384626418760000033e-01 -3.096976330880000031e-02 -6.885845425339999493e-02 -4.801935704670000082e-01 4.524607884290000048e-01 2.859118636060000163e-01 -6.351939312890000355e-01
-5.583721768170000210e-01 -3.202639068829999935e-01 -5.311703525679999614e-03 3.384626418760000033e-01 -3.096976330880000031e-02 -8.592196917939999568e-02 -4.816898178590000024e-01 4.524607884290000048e-01 4.658277988299999728e-03 -6.533608484280000184e-01
-5.583721768170000210e-01 -3.187678920070000088e-01 -5.311703525679999614e-03 3.384626418760000033e-01 -3.096976330880000031e-02 -8.592196917939999568e-02 -4.801935704670000082e-01 4.530491791879999730e-01 -3.806428593489999956e-01 -6.540336972110000202e-01
-5.583721768170000210e-01 -3.202639068829999935e-01 -5.311703525679999614e-03 3.384626418760000033e-01 -3.096976330880000031e-02 -9.004079594620000015e-02 -4.816898178590000024e-01 4.536375699479999746e-01 -6.944112417100000156e-01 -6.547065459940000220e-01
-5.583721768170000210e-01 -3.202639068829999935e-01 -5.311703525679999614e-03 3.384626418760000033e-01 -3.029691452579999847e-02 -9.768987581969999778e-02 -4.816898178590000024e-01 4.536375699479999746e-01 -7.431835631630000494e-01 -6.547065459940000220e-01
-5.583721768170000210e-01 -3.202639068829999935e-01 -5.311703525679999614e-03 3.384626418760000033e-01 -3.096976330880000031e-02 -9.710148506019999903e-02 -4.801935704670000082e-01 4.536375699479999746e-01 -7.448092903659999653e-01 -6.547065459940000220e-01
-5.583721768170000210e-01 -3.187678920070000088e-01 -5.311703525679999614e-03 3.384626418760000033e-01 -3.029691452579999847e-02 -9.768987581969999778e-02 -4.801935704670000082e-01 4.542259607069999983e-01 -7.448092903659999653e-01 -6.547065459940000220e-01
-5.583721768170000210e-01 -3.187678920070000088e-01 -5.311703525679999614e-03 3.384626418760000033e-01 -3.096976330880000031e-02 -9.710148506019999903e-02 -4.801935704670000082e-01 4.536375699479999746e-01 -7.448092903659999653e-01 -6.547065459940000220e-01
-5.583721768170000210e-01 -3.187678920070000088e-01 -5.311703525679999614e-03 3.384626418760000033e-01 -3.029691452579999847e-02 -9.768987581969999778e-02 -4.816898178590000024e-01 4.536375699479999746e-01 -7.448092903659999653e-01 -6.547065459940000220e-01
-5.583721768170000210e-01 -3.202639068829999935e-01 -5.311703525679999614e-03 3.384626418760000033e-01 -3.096976330880000031e-02 -9.710148506019999903e-02 -4.816898178590000024e-01 4.536375699479999746e-01 -7.448092903659999653e-01 -6.547065459940000220e-01
-5.583721768170000210e-01 -3.202639068829999935e-01 -5.311703525679999614e-03 3.384626418760000033e-01 -3.096976330880000031e-02 -9.710148506019999903e-02 -4.816898178590000024e-01 4.536375699479999746e-01 -7.448092903659999653e-01 -6.547065459940000220e-01
-5.583721768170000210e-01 -3.202639068829999935e-01 -5.311703525679999614e-03 3.384626418760000033e-01 -3.096976330880000031e-02 -9.768987581969999778e-02 -4.801935704670000082e-01 4.536375699479999746e-01 -4.440467256319999834e-01 -6.547065459940000220e-01
-5.583721768170000210e-01 -3.202639068829999935e-01 -5.311703525679999614e-03 3.384626418760000033e-01 -3.096976330880000031e-02 -9.768987581969999778e-02 -4.801935704670000082e-01 4.542259607069999983e-01 -3.530052442159999915e-01 -6.547065459940000220e-01
-5.583721768170000210e-01 -3.202639068829999935e-01 -5.311703525679999614e-03 3.384626418760000033e-01 -3.029691452579999847e-02 -9.710148506019999903e-02 -4.816898178590000024e-01 4.536375699479999746e-01 -3.530052442159999915e-01 -6.547065459940000220e-01
-5.583721768170000210e-01 -3.202639068829999935e-01 -5.311703525679999614e-03 3.384626418760000033e-01 -3.029691452579999847e-02 -9.710148506019999903e-02 -4.816898178590000024e-01 4.536375699479999746e-01 -3.513795170130000201e-01 -6.547065459940000220e-01
-5.583721768170000210e-01 -3.202639068829999935e-01 -5.311703525679999614e-03 3.384626418760000033e-01 -3.029691452579999847e-02 -9.768987581969999778e-02 -4.801935704670000082e-01 4.536375699479999746e-01 -3.530052442159999915e-01 -6.547065459940000220e-01
-5.583721768170000210e-01 -3.202639068829999935e-01 -5.311703525679999614e-03 3.384626418760000033e-01 -3.029691452579999847e-02 -9.710148506019999903e-02 -4.816898178590000024e-01 4.536375699479999746e-01 -3.530052442159999915e-01 -6.547065459940000220e-01
-5.583721768170000210e-01 -3.202639068829999935e-01 -5.311703525679999614e-03 3.384626418760000033e-01 -3.029691452579999847e-02 -7.297728102009999607e-02 -4.816898178590000024e-01 4.536375699479999746e-01 -2.944785595430000069e-01 -6.257738391730000016e-01
-5.583721768170000210e-01 -3.187678920070000088e-01 -5.311703525679999614e-03 3.384626418760000033e-01 -3.029691452579999847e-02 -7.180049950109999857e-02 -4.816898178590000024e-01 4.536375699479999746e-01 9.570001208139999882e-02 -6.203910489099999648e-01
-5.583721768170000210e-01 -3.202639068829999935e-01 -5.311703525679999614e-03 3.384626418760000033e-01 -3.096976330880000031e-02 -7.238889026059999732e-02 -4.816898178590000024e-01 4.542259607069999983e-01 2.761572477090000199e-01 -6.203910489099999648e-01
-5.583721768170000210e-01 -3.202639068829999935e-01 -5.311703525679999614e-03 3.384626418760000033e-01 -3.096976330880000031e-02 -7.238889026059999732e-02 -4.801935704670000082e-01 4.536375699479999746e-01 2.859118636060000163e-01 -6.203910489099999648e-01
-5.583721768170000210e-01 -3.202639068829999935e-01 -5.311703525679999614e-03 3.384626418760000033e-01 -3.029691452579999847e-02 -7.238889026059999732e-02 -4.786975555920000014e-01 4.518723976690000033e-01 2.420167237630000134e-01 -5.228269296119999465e-01
-5.583721768170000210e-01 -3.187678920070000088e-01 -5.311703525679999614e-03 3.384626418760000033e-01 -3.029691452579999847e-02 -1.900681395640000104e-01 -1.495712603079999981e-01 3.200715872379999993e-01 -1.514130495909999929e-01 -1.683983428980000141e-02
-5.583721768170000210e-01 -3.217599217580000004e-01 -5.311703525679999614e-03 3.319592277080000153e-01 -3.096976330880000031e-02 -3.830621376860000038e-01 2.528606939329999803e-01 1.370803234780000046e-01 -3.286190834889999857e-01 4.035293972319999728e-02
-5.583721768170000210e-01 -3.127838325060000035e-01 -5.311703525679999614e-03 3.563456411120000111e-01 -3.096976330880000031e-02 -5.313380722839999848e-01 2.842772388309999787e-01 1.645902892659999867e-02 -3.367477195060000206e-01 4.439003242080000189e-02
-5.583721768170000210e-01 -3.157758622569999951e-01 -5.311703525679999614e-03 3.368369146719999985e-01 -3.096976330880000031e-02 -5.595811945409999710e-01 2.842772388309999787e-01 5.867903805340000251e-03 -3.367477195060000206e-01 4.506288120379999679e-02
