-5.619025213739999858e-01 -3.172718771320000020e-01 -2.958049037439999807e-03 3.335849549109999868e-01 -3.298830965760000261e-02 -5.619347575790000215e-01 3.186860459959999781e-01 5.279513045829999952e-03 -3.383734467089999920e-01 4.506288120379999679e-02
-5.489578332150000239e-01 -3.187678920070000088e-01 1.247239346279999939e-01 2.327893629530000119e-01 3.821634679270000112e-01 -5.619347575790000215e-01 3.201820608720000183e-01 5.279513045829999952e-03 -3.367477195060000206e-01 4.439003242080000189e-02
-4.377508365409999991e-01 -3.187678920070000088e-01 1.859172137679999948e-01 2.246602215819999970e-01 6.439041543429999681e-01 -5.619347575790000215e-01 3.201820608720000183e-01 4.691030836099999678e-03 -3.367477195060000206e-01 4.506288120379999679e-02
-2.577015265789999732e-01 -3.142798473819999883e-01 1.859172137679999948e-01 2.035257679390000130e-01 6.546698394469999682e-01 -5.619347575790000215e-01 3.201820608720000183e-01 5.279513045829999952e-03 -3.367477195060000206e-01 4.439003242080000189e-02
-6.647270073550000380e-02 -3.112878176309999967e-01 1.859172137679999948e-01 2.132801311589999915e-01 6.546698394469999682e-01 -5.619347575790000215e-01 3.186860459959999781e-01 4.691030836099999678e-03 -3.383734467089999920e-01 4.506288120379999679e-02
1.253445158669999893e-01 -2.843590848420000095e-01 1.865056045269999907e-01 2.132801311589999915e-01 6.546698394469999682e-01 -5.619347575790000215e-01 3.186860459959999781e-01 4.691030836099999678e-03 -3.367477195060000206e-01 4.506288120379999679e-02
2.712668874279999809e-01 -2.529425399440000111e-01 1.859172137679999948e-01 2.132801311589999915e-01 6.553426882299999701e-01 -5.619347575790000215e-01 3.201820608720000183e-01 4.691030836099999678e-03 -3.367477195060000206e-01 4.506288120379999679e-02
3.689407594579999783e-01 -2.544385548190000179e-01 2.000386834460000096e-01 2.181573127689999947e-01 6.553426882299999701e-01 -5.619347575790000215e-01 3.186860459959999781e-01 4.691030836099999678e-03 -3.367477195060000206e-01 4.506288120379999679e-02
4.260152118309999958e-01 -2.559345696940000248e-01 2.724114784669999789e-01 2.441694533759999897e-01 4.124418723139999798e-01 -5.619347575790000215e-01 3.186860459959999781e-01 5.279513045829999952e-03 -3.367477195060000206e-01 4.506288120379999679e-02
4.395481992990000197e-01 1.375210627769999916e-01 3.900907277699999787e-01 2.327893629530000119e-01 1.917453799649999902e-01 -5.619347575790000215e-01 3.186860459959999781e-01 5.279513045829999952e-03 -3.367477195060000206e-01 4.506288120379999679e-02
4.395481992990000197e-01 4.053102831400000050e-01 3.924443822579999908e-01 2.425437261729999905e-01 1.890539848339999884e-01 -5.619347575790000215e-01 3.186860459959999781e-01 5.279513045829999952e-03 -3.367477195060000206e-01 4.506288120379999679e-02
4.401365900590000213e-01 4.711356352039999806e-01 3.924443822579999908e-01 2.441694533759999897e-01 1.890539848339999884e-01 -5.619347575790000215e-01 3.186860459959999781e-01 4.691030836099999678e-03 -3.367477195060000206e-01 4.506288120379999679e-02
4.401365900590000213e-01 4.711356352039999806e-01 3.918559914990000226e-01 2.441694533759999897e-01 1.890539848339999884e-01 -5.619347575790000215e-01 3.186860459959999781e-01 4.691030836099999678e-03 -3.367477195060000206e-01 4.506288120379999679e-02
4.401365900590000213e-01 4.711356352039999806e-01 3.918559914990000226e-01 2.441694533759999897e-01 1.890539848339999884e-01 -5.619347575790000215e-01 3.201820608720000183e-01 4.691030836099999678e-03 -3.367477195060000206e-01 4.506288120379999679e-02
4.395481992990000197e-01 4.711356352039999806e-01 3.918559914990000226e-01 2.441694533759999897e-01 1.890539848339999884e-01 -5.619347575790000215e-01 3.186860459959999781e-01 5.279513045829999952e-03 -3.367477195060000206e-01 4.506288120379999679e-02
4.401365900590000213e-01 4.097983277660000034e-01 3.842068201750000189e-01 2.490466349859999928e-01 1.890539848339999884e-01 -5.619347575790000215e-01 3.186860459959999781e-01 4.691030836099999678e-03 -3.367477195060000206e-01 4.506288120379999679e-02
4.401365900590000213e-01 4.068062980159999897e-01 3.842068201750000189e-01 2.490466349859999928e-01 1.890539848339999884e-01 -5.619347575790000215e-01 3.186860459959999781e-01 4.691030836099999678e-03 -3.367477195060000206e-01 4.506288120379999679e-02
4.401365900590000213e-01 4.068062980159999897e-01 3.842068201750000189e-01 2.490466349859999928e-01 1.883811360509999866e-01 -5.619347575790000215e-01 3.186860459959999781e-01 4.691030836099999678e-03 -3.367477195060000206e-01 4.506288120379999679e-02
4.401365900590000213e-01 4.068062980159999897e-01 3.842068201750000189e-01 2.490466349859999928e-01 1.883811360509999866e-01 -5.619347575790000215e-01 3.186860459959999781e-01 5.279513045829999952e-03 -3.367477195060000206e-01 4.506288120379999679e-02
4.401365900590000213e-01 4.068062980159999897e-01 3.842068201750000189e-01 2.490466349859999928e-01 1.883811360509999866e-01 -5.619347575790000215e-01 3.186860459959999781e-01 5.279513045829999952e-03 -3.367477195060000206e-01 4.506288120379999679e-02
4.260152118309999958e-01 2.168105487189999903e-01 2.830026035880000013e-01 2.994446836419999980e-01 5.793100437179999895e-01 -5.619347575790000215e-01 3.201820608720000183e-01 4.691030836099999678e-03 -3.367477195060000206e-01 4.506288120379999679e-02
4.083633061449999935e-01 -1.497165834810000040e-01 2.271049327340000090e-01 3.254563188949999852e-01 6.513055432440000292e-01 -5.619347575790000215e-01 3.186860459959999781e-01 4.691030836099999678e-03 -3.367477195060000206e-01 4.506288120379999679e-02
4.083633061449999935e-01 -2.918393917350000089e-01 1.623813090369999879e-01 3.514684595020000080e-01 4.467575785519999898e-01 -5.619347575790000215e-01 3.201820608720000183e-01 5.279513045829999952e-03 -3.367477195060000206e-01 4.506288120379999679e-02
3.395208556809999889e-01 -3.187678920070000088e-01 3.999484220720000288e-02 3.530941867049999794e-01 4.691535918659999783e-03 -5.619347575790000215e-01 3.201820608720000183e-01 4.691030836099999678e-03 -3.367477195060000206e-01 4.573572998670000223e-02
2.536149817419999786e-01 -3.023114958620000126e-01 1.749077038590000042e-03 3.222048644880000090e-01 -3.029691452579999847e-02 -5.619347575790000215e-01 3.186860459959999781e-01 5.279513045829999952e-03 -3.351219923020000158e-01 4.573572998670000223e-02
6.650489121539999993e-02 -2.978234512360000141e-01 -7.076875804190000015e-03 3.205791372849999821e-01 -3.096976330880000031e-02 -5.619347575790000215e-01 3.186860459959999781e-01 5.279513045829999952e-03 -3.367477195060000206e-01 4.506288120379999679e-02
