-5.589605675769999671e-01 -3.187678920070000088e-01 -5.311703525679999614e-03 3.384626418760000033e-01 -3.567970478940000328e-02 -5.613463668200000534e-01 3.186860459959999781e-01 5.279513045829999952e-03 -3.367477195060000206e-01 4.573572998670000223e-02
-5.589605675769999671e-01 -3.187678920070000088e-01 -5.900094285180000099e-03 3.384626418760000033e-01 -3.567970478940000328e-02 -5.113326035609999654e-01 1.197142074469999956e-01 7.235669978080000453e-02 -8.475747622399999737e-02 -3.478845728120000258e-01
-5.589605675769999671e-01 -3.187678920070000088e-01 -5.900094285180000099e-03 3.384626418760000033e-01 -3.567970478940000328e-02 -3.430512002389999870e-01 -2.572852613959999979e-01 2.341657132980000111e-01 2.452681781699999897e-01 -6.022239226159999959e-01
-5.589605675769999671e-01 -3.187678920070000088e-01 -5.311703525679999614e-03 3.384626418760000033e-01 -3.567970478940000328e-02 -1.641786717950000085e-01 -4.547610850700000151e-01 3.965631175750000126e-01 2.761572477090000199e-01 -6.096252592290000161e-01
-5.589605675769999671e-01 -3.172718771320000020e-01 -5.900094285180000099e-03 3.384626418760000033e-01 -3.567970478940000328e-02 -7.533084405819999441e-02 -4.801935704670000082e-01 4.524607884290000048e-01 2.826604092000000179e-01 -6.102981080110000400e-01
-5.589605675769999671e-01 -3.172718771320000020e-01 -5.900094285180000099e-03 3.384626418760000033e-01 -3.567970478940000328e-02 -6.827006349389999618e-02 -4.801935704670000082e-01 4.530491791879999730e-01 2.875375908100000211e-01 -6.102981080110000400e-01
-5.589605675769999671e-01 -3.187678920070000088e-01 -5.900094285180000099e-03 3.384626418760000033e-01 -3.567970478940000328e-02 -6.827006349389999618e-02 -4.801935704670000082e-01 4.530491791879999730e-01 2.875375908100000211e-01 -6.102981080110000400e-01
-5.589605675769999671e-01 -3.187678920070000088e-01 -5.900094285180000099e-03 3.384626418760000033e-01 -3.567970478940000328e-02 -6.827006349389999618e-02 -4.801935704670000082e-01 4.530491791879999730e-01 2.875375908100000211e-01 -6.102981080110000400e-01
-5.589605675769999671e-01 -3.187678920070000088e-01 -5.311703525679999614e-03 3.384626418760000033e-01 -3.567970478940000328e-02 -6.827006349389999618e-02 -4.801935704670000082e-01 4.530491791879999730e-01 2.875375908100000211e-01 -6.096252592290000161e-01
-5.589605675769999671e-01 -3.172718771320000020e-01 -5.900094285180000099e-03 3.384626418760000033e-01 -3.567970478940000328e-02 -6.827006349389999618e-02 -4.801935704670000082e-01 4.530491791879999730e-01 2.875375908100000211e-01 -6.102981080110000400e-01
-5.589605675769999671e-01 -3.187678920070000088e-01 -5.900094285180000099e-03 3.384626418760000033e-01 -3.567970478940000328e-02 -6.827006349389999618e-02 -4.801935704670000082e-01 4.530491791879999730e-01 2.875375908100000211e-01 -6.102981080110000400e-01
-5.589605675769999671e-01 -3.187678920070000088e-01 -5.900094285180000099e-03 3.384626418760000033e-01 -3.567970478940000328e-02 -6.827006349389999618e-02 -4.801935704670000082e-01 4.530491791879999730e-01 2.875375908100000211e-01 -6.102981080110000400e-01
-5.589605675769999671e-01 -3.172718771320000020e-01 -5.900094285180000099e-03 3.384626418760000033e-01 -3.567970478940000328e-02 -6.885845425339999493e-02 -4.801935704670000082e-01 4.536375699479999746e-01 2.826604092000000179e-01 -6.412495703349999632e-01
-5.595489583360000463e-01 -3.187678920070000088e-01 -5.900094285180000099e-03 3.384626418760000033e-01 -3.567970478940000328e-02 -8.533357841989999693e-02 -4.801935704670000082e-01 4.536375699479999746e-01 2.091580269850000159e-02 -6.533608484280000184e-01
-5.589605675769999671e-01 -3.187678920070000088e-01 -5.311703525679999614e-03 3.384626418760000033e-01 -3.567970478940000328e-02 -8.533357841989999693e-02 -4.801935704670000082e-01 4.530491791879999730e-01 -4.326666352090000056e-01 -6.540336972110000202e-01
-5.589605675769999671e-01 -3.187678920070000088e-01 -5.311703525679999614e-03 3.384626418760000033e-01 -3.567970478940000328e-02 -1.006319210670000019e-01 -4.831858327340000092e-01 4.530491791879999730e-01 -7.269260384529999675e-01 -6.567250923430000276e-01
-5.589605675769999671e-01 -3.172718771320000020e-01 -5.900094285180000099e-03 3.384626418760000033e-01 -3.567970478940000328e-02 -1.006319210670000019e-01 -4.831858327340000092e-01 4.536375699479999746e-01 -7.415577096209999830e-01 -6.567250923430000276e-01
-5.589605675769999671e-01 -3.172718771320000020e-01 -5.900094285180000099e-03 3.384626418760000033e-01 -3.567970478940000328e-02 -1.012203118270000035e-01 -4.831858327340000092e-01 4.536375699479999746e-01 -7.415577096209999830e-01 -6.567250923430000276e-01
-5.589605675769999671e-01 -3.172718771320000020e-01 -5.900094285180000099e-03 3.384626418760000033e-01 -3.567970478940000328e-02 -1.006319210670000019e-01 -4.831858327340000092e-01 4.536375699479999746e-01 -7.415577096209999830e-01 -6.567250923430000276e-01
-5.589605675769999671e-01 -3.187678920070000088e-01 -5.311703525679999614e-03 3.384626418760000033e-01 -3.567970478940000328e-02 -1.006319210670000019e-01 -4.831858327340000092e-01 4.536375699479999746e-01 -7.415577096209999830e-01 -6.567250923430000276e-01
-5.589605675769999671e-01 -3.187678920070000088e-01 -5.900094285180000099e-03 3.384626418760000033e-01 -3.567970478940000328e-02 -1.006319210670000019e-01 -4.831858327340000092e-01 4.536375699479999746e-01 -7.415577096209999830e-01 -6.567250923430000276e-01
-5.589605675769999671e-01 -3.187678920070000088e-01 -5.900094285180000099e-03 3.384626418760000033e-01 -3.567970478940000328e-02 -1.006319210670000019e-01 -4.831858327340000092e-01 4.536375699479999746e-01 -7.415577096209999830e-01 -6.567250923430000276e-01
-5.589605675769999671e-01 -3.187678920070000088e-01 -5.900094285180000099e-03 3.384626418760000033e-01 -3.567970478940000328e-02 -1.006319210670000019e-01 -4.831858327340000092e-01 4.536375699479999746e-01 -7.220488568430000198e-01 -6.567250923430000276e-01
-5.589605675769999671e-01 -3.187678920070000088e-01 -5.900094285180000099e-03 3.384626418760000033e-01 -3.567970478940000328e-02 -1.006319210670000019e-01 -4.831858327340000092e-01 4.536375699479999746e-01 -3.985259849239999874e-01 -6.567250923430000276e-01
-5.589605675769999671e-01 -3.187678920070000088e-01 -5.900094285180000099e-03 3.384626418760000033e-01 -3.567970478940000328e-02 -1.006319210670000019e-01 -4.831858327340000092e-01 4.536375699479999746e-01 -3.530052442159999915e-01 -6.567250923430000276e-01
-5.589605675769999671e-01 -3.187678920070000088e-01 -5.900094285180000099e-03 3.384626418760000033e-01 -3.567970478940000328e-02 -1.006319210670000019e-01 -4.831858327340000092e-01 4.536375699479999746e-01 -3.530052442159999915e-01 -6.567250923430000276e-01
-5.589605675769999671e-01 -3.187678920070000088e-01 -5.900094285180000099e-03 3.384626418760000033e-01 -3.567970478940000328e-02 -1.006319210670000019e-01 -4.831858327340000092e-01 4.536375699479999746e-01 -3.530052442159999915e-01 -6.567250923430000276e-01
-5.589605675769999671e-01 -3.187678920070000088e-01 -5.900094285180000099e-03 3.384626418760000033e-01 -3.567970478940000328e-02 -1.006319210670000019e-01 -4.831858327340000092e-01 4.536375699479999746e-01 -3.530052442159999915e-01 -6.567250923430000276e-01
-5.589605675769999671e-01 -3.172718771320000020e-01 -5.900094285180000099e-03 3.384626418760000033e-01 -3.567970478940000328e-02 -1.006319210670000019e-01 -4.831858327340000092e-01 4.536375699479999746e-01 -3.530052442159999915e-01 -6.567250923430000276e-01
-5.589605675769999671e-01 -3.172718771320000020e-01 -5.900094285180000099e-03 3.384626418760000033e-01 -3.567970478940000328e-02 -7.297728102009999607e-02 -4.831858327340000092e-01 4.536375699479999746e-01 -2.294487133800000023e-01 -6.217367464759999685e-01
-5.589605675769999671e-01 -3.172718771320000020e-01 -5.900094285180000099e-03 3.384626418760000033e-01 -3.567970478940000328e-02 -6.827006349389999618e-02 -4.831858327340000092e-01 4.536375699479999746e-01 1.639810599740000041e-01 -6.203910489099999648e-01
-5.589605675769999671e-01 -3.187678920070000088e-01 -5.311703525679999614e-03 3.384626418760000033e-01 -3.567970478940000328e-02 -6.827006349389999618e-02 -4.831858327340000092e-01 4.536375699479999746e-01 2.794089547929999862e-01 -6.203910489099999648e-01
-5.589605675769999671e-01 -3.187678920070000088e-01 -5.900094285180000099e-03 3.384626418760000033e-01 -3.567970478940000328e-02 -6.827006349389999618e-02 -4.831858327340000092e-01 4.536375699479999746e-01 2.842861364029999893e-01 -6.203910489099999648e-01
-5.589605675769999671e-01 -3.187678920070000088e-01 -5.900094285180000099e-03 3.384626418760000033e-01 -3.567970478940000328e-02 -7.003523577240000630e-02 -4.427929660680000046e-01 4.377508365409999991e-01 1.916186751070000083e-01 -4.441029945439999849e-01
-5.595489583360000463e-01 -3.172718771320000020e-01 -5.900094285180000099e-03 3.384626418760000033e-01 -3.567970478940000328e-02 -2.188995611300000033e-01 -5.980943772280000043e-02 2.953589009879999949e-01 -2.001853710439999989e-01 6.037338061609999820e-03
-5.589605675769999671e-01 -3.172718771320000020e-01 -5.900094285180000099e-03 3.303335005040000105e-01 -3.567970478940000328e-02 -4.036559971690000248e-01 2.603410008259999797e-01 1.176631540630000000e-01 -2.847239436460000106e-01 4.035293972319999728e-02
-5.589605675769999671e-01 -3.127838325060000035e-01 -5.900094285180000099e-03 3.514684595020000080e-01 -3.567970478940000328e-02 -5.425176796149999703e-01 2.977416052249999834e-01 1.175181140040000051e-02 -3.367477195060000206e-01 4.506288120379999679e-02
-5.589605675769999671e-01 -3.172718771320000020e-01 -5.900094285180000099e-03 3.384626418760000033e-01 -3.567970478940000328e-02 -5.595811945409999710e-01 2.977416052249999834e-01 5.867903805340000251e-03 -3.367477195060000206e-01 4.506288120379999679e-02
