-5.583721768170000210e-01 -3.187678920070000088e-01 -5.311703525679999614e-03 3.384626418760000033e-01 -3.096976330880000031e-02 -5.625231483389999676e-01 3.171900311210000267e-01 5.279513045829999952e-03 -3.383734467089999920e-01 4.506288120379999679e-02
-5.583721768170000210e-01 -3.187678920070000088e-01 -5.311703525679999614e-03 3.384626418760000033e-01 -3.096976330880000031e-02 -5.625231483389999676e-01 3.171900311210000267e-01 -2.943590756580000134e-02 -2.505834196999999763e-01 -5.586537743199999906e-02
-5.583721768170000210e-01 -3.187678920070000088e-01 -5.311703525679999614e-03 3.384626418760000033e-01 -3.096976330880000031e-02 -5.060370867250000293e-01 3.171900311210000267e-01 -1.735930153970000056e-01 -2.294487133800000023e-01 -5.739640645779999772e-01
-5.583721768170000210e-01 -3.187678920070000088e-01 -5.311703525679999614e-03 3.384626418760000033e-01 -3.096976330880000031e-02 -3.518772445319999775e-01 3.171900311210000267e-01 -1.847726227279999911e-01 -2.229458045669999999e-01 -6.506694532969999889e-01
-5.583721768170000210e-01 -3.187678920070000088e-01 -5.311703525679999614e-03 3.384626418760000033e-01 -3.096976330880000031e-02 -1.747698883669999981e-01 3.141980013699999796e-01 -1.847726227279999911e-01 -2.164426430760000020e-01 -6.573981502800000376e-01
-5.583721768170000210e-01 -3.187678920070000088e-01 -5.311703525679999614e-03 3.384626418760000033e-01 -3.096976330880000031e-02 2.116615500259999907e-02 3.082139418689999744e-01 -1.847726227279999911e-01 -2.164426430760000020e-01 -6.580709990630000394e-01
-5.583721768170000210e-01 -3.187678920070000088e-01 -5.311703525679999614e-03 3.384626418760000033e-01 -3.096976330880000031e-02 2.023923379339999939e-01 2.573487385589999787e-01 -1.847726227279999911e-01 -2.164426430760000020e-01 -6.573981502800000376e-01
-5.583721768170000210e-01 -3.187678920070000088e-01 -5.311703525679999614e-03 3.384626418760000033e-01 -3.096976330880000031e-02 3.294859308399999964e-01 2.573487385589999787e-01 -1.912449210830000079e-01 -2.180686229569999968e-01 -6.573981502800000376e-01
-5.583721768170000210e-01 -3.172718771320000020e-01 -5.311703525679999614e-03 3.384626418760000033e-01 -3.096976330880000031e-02 3.989166806130000076e-01 2.842772388309999787e-01 -2.053664822119999900e-01 -2.375773493960000038e-01 -6.573981502800000376e-01
-5.583721768170000210e-01 -3.187678920070000088e-01 -5.311703525679999614e-03 3.384626418760000033e-01 -3.096976330880000031e-02 4.189221493360000270e-01 3.067176944769999802e-01 -2.112503898070000052e-01 -2.408288038030000078e-01 -6.573981502800000376e-01
-5.583721768170000210e-01 -3.187678920070000088e-01 -5.311703525679999614e-03 3.384626418760000033e-01 -3.096976330880000031e-02 4.189221493360000270e-01 3.067176944769999802e-01 -2.112503898070000052e-01 -2.408288038030000078e-01 -6.573981502800000376e-01
-5.583721768170000210e-01 -3.187678920070000088e-01 -5.311703525679999614e-03 3.384626418760000033e-01 -3.096976330880000031e-02 4.189221493360000270e-01 3.067176944769999802e-01 -2.112503898070000052e-01 -2.408288038030000078e-01 -6.573981502800000376e-01
-5.583721768170000210e-01 -3.187678920070000088e-01 -5.311703525679999614e-03 3.384626418760000033e-01 -3.096976330880000031e-02 4.195106315459999902e-01 3.067176944769999802e-01 -2.112503898070000052e-01 -2.408288038030000078e-01 -6.573981502800000376e-01
-5.583721768170000210e-01 -3.187678920070000088e-01 -5.311703525679999614e-03 3.384626418760000033e-01 -3.096976330880000031e-02 4.377508365409999991e-01 1.810512823679999994e-01 -2.983331367150000024e-01 -2.359516221930000046e-01 -3.202975635570000090e-01
-5.583721768170000210e-01 -3.172718771320000020e-01 -5.311703525679999614e-03 3.384626418760000033e-01 -3.096976330880000031e-02 4.406928817890000127e-01 -1.824838200810000033e-01 -3.883578374219999740e-01 -2.343258949900000054e-01 -1.870721450320000090e-01
-5.583721768170000210e-01 -3.172718771320000020e-01 -5.311703525679999614e-03 3.384626418760000033e-01 -3.096976330880000031e-02 4.412812725479999809e-01 -4.368089065669999993e-01 -3.907114004600000245e-01 -2.440805108870000018e-01 -1.857264474660000053e-01
-5.583721768170000210e-01 -3.187678920070000088e-01 -5.311703525679999614e-03 3.384626418760000033e-01 -3.096976330880000031e-02 4.418696633079999825e-01 -4.727134960900000182e-01 -3.901230097000000230e-01 -2.473319652930000001e-01 -1.857264474660000053e-01
-5.583721768170000210e-01 -3.187678920070000088e-01 -5.311703525679999614e-03 3.384626418760000033e-01 -3.096976330880000031e-02 4.418696633079999825e-01 -4.727134960900000182e-01 -3.901230097000000230e-01 -2.473319652930000001e-01 -1.850535986830000035e-01
-5.583721768170000210e-01 -3.172718771320000020e-01 -5.311703525679999614e-03 3.384626418760000033e-01 -3.096976330880000031e-02 4.418696633079999825e-01 -4.727134960900000182e-01 -3.901230097000000230e-01 -2.473319652930000001e-01 -1.863992962490000072e-01
-5.583721768170000210e-01 -3.187678920070000088e-01 -5.311703525679999614e-03 3.384626418760000033e-01 -3.096976330880000031e-02 4.418696633079999825e-01 -4.727134960900000182e-01 -3.901230097000000230e-01 -2.473319652930000001e-01 -1.863992962490000072e-01
-5.583721768170000210e-01 -3.172718771320000020e-01 -5.311703525679999614e-03 3.384626418760000033e-01 -3.029691452579999847e-02 4.412812725479999809e-01 -4.727134960900000182e-01 -3.901230097000000230e-01 -2.473319652930000001e-01 -1.863992962490000072e-01
-5.583721768170000210e-01 -3.172718771320000020e-01 -5.311703525679999614e-03 3.384626418760000033e-01 -3.096976330880000031e-02 4.418696633079999825e-01 -4.727134960900000182e-01 -3.901230097000000230e-01 -2.473319652930000001e-01 -1.863992962490000072e-01
-5.583721768170000210e-01 -3.187678920070000088e-01 -5.311703525679999614e-03 3.384626418760000033e-01 -3.096976330880000031e-02 4.418696633079999825e-01 -4.727134960900000182e-01 -3.901230097000000230e-01 -2.473319652930000001e-01 -1.863992962490000072e-01
-5.583721768170000210e-01 -3.187678920070000088e-01 -5.311703525679999614e-03 3.384626418760000033e-01 -3.096976330880000031e-02 4.418696633079999825e-01 -3.949200250250000099e-01 -3.901230097000000230e-01 -2.538348741070000081e-01 -1.857264474660000053e-01
-5.583721768170000210e-01 -3.187678920070000088e-01 -5.311703525679999614e-03 3.384626418760000033e-01 -3.096976330880000031e-02 4.412812725479999809e-01 -3.979120547750000236e-01 -3.901230097000000230e-01 -2.538348741070000081e-01 -1.850535986830000035e-01
-5.583721768170000210e-01 -3.172718771320000020e-01 -5.311703525679999614e-03 3.384626418760000033e-01 -3.096976330880000031e-02 4.418696633079999825e-01 -3.964160399000000168e-01 -3.901230097000000230e-01 -2.538348741070000081e-01 -1.857264474660000053e-01
-5.583721768170000210e-01 -3.172718771320000020e-01 -5.311703525679999614e-03 3.384626418760000033e-01 -3.096976330880000031e-02 4.412812725479999809e-01 -3.979120547750000236e-01 -3.901230097000000230e-01 -2.538348741070000081e-01 -1.863992962490000072e-01
-5.583721768170000210e-01 -3.172718771320000020e-01 -5.311703525679999614e-03 3.384626418760000033e-01 -3.096976330880000031e-02 4.418696633079999825e-01 -3.964160399000000168e-01 -3.901230097000000230e-01 -2.538348741070000081e-01 -1.863992962490000072e-01
-5.583721768170000210e-01 -3.187678920070000088e-01 -5.311703525679999614e-03 3.384626418760000033e-01 -3.096976330880000031e-02 4.418696633079999825e-01 -3.964160399000000168e-01 -3.901230097000000230e-01 -2.538348741070000081e-01 -1.863992962490000072e-01
-5.583721768170000210e-01 -3.187678920070000088e-01 -5.311703525679999614e-03 3.384626418760000033e-01 -3.029691452579999847e-02 4.418696633079999825e-01 -3.964160399000000168e-01 -3.901230097000000230e-01 -2.538348741070000081e-01 -1.857264474660000053e-01
-5.583721768170000210e-01 -3.172718771320000020e-01 -5.311703525679999614e-03 3.384626418760000033e-01 -3.096976330880000031e-02 4.206874130650000154e-01 -2.258687164979999995e-01 -2.871535293840000169e-01 -2.993557411530000101e-01 -5.557969382840000083e-01
-5.583721768170000210e-01 -3.187678920070000088e-01 -5.311703525679999614e-03 3.384626418760000033e-01 -3.096976330880000031e-02 4.077426334559999810e-01 1.571148118460000132e-01 -2.236067786569999882e-01 -3.221161746760000111e-01 -6.533608484280000184e-01
-5.583721768170000210e-01 -3.187678920070000088e-01 -5.311703525679999614e-03 3.384626418760000033e-01 -3.029691452579999847e-02 4.183337585770000033e-01 2.947495754750000252e-01 -2.171343888520000098e-01 -2.717181260200000059e-01 -6.553793947770000239e-01
-5.583721768170000210e-01 -3.187678920070000088e-01 -5.311703525679999614e-03 3.384626418760000033e-01 -3.096976330880000031e-02 4.206874130650000154e-01 3.007336349759999750e-01 -2.171343888520000098e-01 -2.522091469030000033e-01 -6.547065459940000220e-01
-5.583721768170000210e-01 -3.187678920070000088e-01 -5.311703525679999614e-03 3.384626418760000033e-01 -3.029691452579999847e-02 3.771460396110000168e-01 3.306541649979999886e-01 -1.159301722650000060e-01 -3.448763555220000221e-01 -2.725247770829999916e-01
-5.583721768170000210e-01 -3.172718771320000020e-01 -5.311703525679999614e-03 3.384626418760000033e-01 -3.096976330880000031e-02 3.071268990780000041e-01 3.231740906219999765e-01 -2.002156396350000117e-02 -3.448763555220000221e-01 2.958725461890000102e-02
-5.583721768170000210e-01 -3.172718771320000020e-01 -5.311703525679999614e-03 3.384626418760000033e-01 -3.096976330880000031e-02 1.823867777600000073e-01 2.992376201010000236e-01 1.160686279079999961e-03 -3.383734467089999920e-01 3.833439337430000204e-02
-5.583721768170000210e-01 -3.172718771320000020e-01 -5.311703525679999614e-03 3.384626418760000033e-01 -3.029691452579999847e-02 -4.134830556449999722e-03 2.962455903499999765e-01 6.456294564839999868e-03 -3.383734467089999920e-01 3.900724215729999694e-02
-5.583721768170000210e-01 -3.187678920070000088e-01 -5.311703525679999614e-03 3.384626418760000033e-01 -3.096976330880000031e-02 -1.947753570899999898e-01 2.962455903499999765e-01 5.867903805340000251e-03 -3.367477195060000206e-01 3.900724215729999694e-02
