-5.624909578590000514e-01 -3.157758622569999951e-01 -4.134830556449999722e-03 3.384626418760000033e-01 -3.096976330880000031e-02 -5.619347575790000215e-01 3.201820608720000183e-01 4.691030836099999678e-03 -3.351219923020000158e-01 4.506288120379999679e-02
-5.624909578590000514e-01 -4.115217443429999844e-01 -4.134830556449999722e-03 4.067436897680000163e-01 9.283566767839999956e-02 -5.619347575790000215e-01 3.201820608720000183e-01 4.691030836099999678e-03 -3.351219923020000158e-01 4.506288120379999679e-02
-4.942369438800000014e-01 -4.818349085149999933e-01 -4.134830556449999722e-03 7.302664353490000426e-01 4.205161622859999726e-01 -5.619347575790000215e-01 3.112059716200000214e-01 4.691030836099999678e-03 -3.367477195060000206e-01 4.506288120379999679e-02
-3.330162753970000167e-01 -4.833309233909999780e-01 -4.134830556449999722e-03 7.481494345850000505e-01 4.285904522589999988e-01 -5.619347575790000215e-01 3.127019864949999728e-01 5.279513045829999952e-03 -3.367477195060000206e-01 4.506288120379999679e-02
-1.559090106819999988e-01 -4.833309233909999780e-01 -4.134830556449999722e-03 7.481494345850000505e-01 4.346460913049999819e-01 -5.619347575790000215e-01 3.141980013699999796e-01 4.691030836099999678e-03 -3.351219923020000158e-01 4.506288120379999679e-02
3.590829737049999748e-02 -4.773468638899999728e-01 -4.134830556449999722e-03 7.465237073810000457e-01 4.353189400879999837e-01 -5.619347575790000215e-01 3.127019864949999728e-01 4.691030836099999678e-03 -3.367477195060000206e-01 4.506288120379999679e-02
2.012476554450000066e-01 -4.519146110100000224e-01 -4.134830556449999722e-03 7.448979801780000187e-01 4.353189400879999837e-01 -5.619347575790000215e-01 3.141980013699999796e-01 4.691030836099999678e-03 -3.367477195060000206e-01 4.506288120379999679e-02
3.036286535509999940e-01 -4.534106258849999738e-01 4.102640076600000060e-03 7.432722529749999918e-01 4.359917888709999856e-01 -5.619347575790000215e-01 3.127019864949999728e-01 4.691030836099999678e-03 -3.351219923020000158e-01 4.506288120379999679e-02
3.477583263149999770e-01 -4.564026556360000209e-01 1.587063816709999992e-02 7.627814847689999844e-01 3.909105021050000017e-01 -5.619347575790000215e-01 3.127019864949999728e-01 4.691030836099999678e-03 -3.367477195060000206e-01 4.506288120379999679e-02
3.483467170740000007e-01 -2.065656137759999955e-01 2.587337252889999883e-02 7.709101207849999859e-01 3.626506440669999831e-01 -5.619347575790000215e-01 3.141980013699999796e-01 4.691030836099999678e-03 -3.367477195060000206e-01 4.506288120379999679e-02
3.489352907339999810e-01 -1.212920683339999972e-01 2.587337252889999883e-02 7.709101207849999859e-01 3.626506440669999831e-01 -5.619347575790000215e-01 3.127019864949999728e-01 4.691030836099999678e-03 -3.367477195060000206e-01 4.573572998670000223e-02
3.483467170740000007e-01 -1.003476275630000025e-01 2.587337252889999883e-02 7.741615751920000177e-01 3.626506440669999831e-01 -5.619347575790000215e-01 3.141980013699999796e-01 4.691030836099999678e-03 -3.367477195060000206e-01 4.506288120379999679e-02
3.489352907339999810e-01 -1.003476275630000025e-01 2.587337252889999883e-02 7.741615751920000177e-01 3.626506440669999831e-01 -5.619347575790000215e-01 3.127019864949999728e-01 5.279513045829999952e-03 -3.367477195060000206e-01 4.506288120379999679e-02
3.489352907339999810e-01 -1.003476275630000025e-01 2.587337252889999883e-02 7.741615751920000177e-01 3.626506440669999831e-01 -5.619347575790000215e-01 3.141980013699999796e-01 4.691030836099999678e-03 -3.367477195060000206e-01 4.573572998670000223e-02
3.489352907339999810e-01 -1.003476275630000025e-01 2.587337252889999883e-02 7.741615751920000177e-01 3.626506440669999831e-01 -5.619347575790000215e-01 3.127019864949999728e-01 4.691030836099999678e-03 -3.367477195060000206e-01 4.506288120379999679e-02
3.406976372000000142e-01 3.429510631479999738e-02 1.704741968610000089e-02 6.717397506760000025e-01 3.619777952839999813e-01 -5.619347575790000215e-01 3.141980013699999796e-01 4.691030836099999678e-03 -3.367477195060000206e-01 4.506288120379999679e-02
2.930375284300000271e-01 1.539774589229999935e-01 1.763581044559999964e-02 3.140762284720000075e-01 3.586134467920000235e-01 -5.619347575790000215e-01 3.127019864949999728e-01 4.691030836099999678e-03 -3.367477195060000206e-01 4.506288120379999679e-02
2.842115755869999982e-01 1.300409884010000072e-01 1.881259196460000060e-02 2.669296342220000007e-01 3.586134467920000235e-01 -5.613463668200000534e-01 3.127019864949999728e-01 4.691030836099999678e-03 -3.367477195060000206e-01 4.573572998670000223e-02
2.842115755869999982e-01 1.300409884010000072e-01 1.822420120509999839e-02 2.653039070189999737e-01 3.586134467920000235e-01 -5.619347575790000215e-01 3.127019864949999728e-01 4.691030836099999678e-03 -3.367477195060000206e-01 4.573572998670000223e-02
2.842115755869999982e-01 1.315370032759999863e-01 1.881259196460000060e-02 2.653039070189999737e-01 3.586134467920000235e-01 -5.619347575790000215e-01 3.127019864949999728e-01 4.691030836099999678e-03 -3.367477195060000206e-01 4.573572998670000223e-02
2.883304023539999816e-01 5.224751733519999997e-02 3.705288840970000219e-02 3.579713683149999826e-01 4.245532549839999836e-01 -5.619347575790000215e-01 3.127019864949999728e-01 4.691030836099999678e-03 -3.367477195060000206e-01 4.573572998670000223e-02
3.395208556809999889e-01 -3.023114958620000126e-01 3.293415309319999706e-02 7.253892537389999839e-01 4.326275449559999764e-01 -5.619347575790000215e-01 3.127019864949999728e-01 4.691030836099999678e-03 -3.367477195060000206e-01 4.640857876969999712e-02
3.512888537719999760e-01 -4.489225812589999753e-01 2.351971804070000088e-02 7.725358479889999908e-01 4.191704647200000244e-01 -5.613463668200000534e-01 3.127019864949999728e-01 4.691030836099999678e-03 -3.367477195060000206e-01 4.640857876969999712e-02
3.253993860030000018e-01 -3.172718771320000020e-01 2.351971804070000088e-02 4.522645568149999962e-01 1.276582589110000082e-02 -5.619347575790000215e-01 3.127019864949999728e-01 4.691030836099999678e-03 -3.367477195060000206e-01 4.640857876969999712e-02
2.530265909819999770e-01 -2.828630699670000026e-01 -1.609523992420000148e-05 3.352111874690000271e-01 -3.029691452579999847e-02 -5.619347575790000215e-01 3.141980013699999796e-01 4.691030836099999678e-03 -3.367477195060000206e-01 4.640857876969999712e-02
7.121210874159999982e-02 -2.828630699670000026e-01 -7.076875804190000015e-03 3.352111874690000271e-01 -3.298830965760000261e-02 -5.619347575790000215e-01 3.112059716200000214e-01 4.691030836099999678e-03 -3.383734467089999920e-01 4.708142755260000256e-02
