-5.583721768170000210e-01 -3.187678920070000088e-01 -2.369658277940000189e-03 3.384626418760000033e-01 -3.231546087469999717e-02 -5.619347575790000215e-01 3.186860459959999781e-01 5.279513045829999952e-03 -3.367477195060000206e-01 4.439003242080000189e-02
-5.589605675769999671e-01 -3.187678920070000088e-01 -2.369658277940000189e-03 3.384626418760000033e-01 -3.231546087469999717e-02 -5.025067421679999535e-01 1.017617964270000064e-01 8.118265262359999901e-02 -5.711986109089999680e-02 -3.801817327020000081e-01
-5.583721768170000210e-01 -3.187678920070000088e-01 -2.369658277940000189e-03 3.384626418760000033e-01 -3.231546087469999717e-02 -3.401092464409999905e-01 -2.632693208979999810e-01 2.382844486150000052e-01 2.501453597789999872e-01 -6.035696201819999995e-01
-5.589605675769999671e-01 -3.187678920070000088e-01 -2.369658277940000189e-03 3.384626418760000033e-01 -3.231546087469999717e-02 -1.559412011619999983e-01 -4.547610850700000151e-01 4.030355073799999910e-01 2.745315205059999930e-01 -6.096252592290000161e-01
-5.589605675769999671e-01 -3.187678920070000088e-01 -2.369658277940000189e-03 3.384626418760000033e-01 -3.231546087469999717e-02 -7.474245329869999566e-02 -4.831858327340000092e-01 4.536375699479999746e-01 2.842861364029999893e-01 -6.102981080110000400e-01
-5.589605675769999671e-01 -3.187678920070000088e-01 -2.369658277940000189e-03 3.384626418760000033e-01 -3.231546087469999717e-02 -6.827006349389999618e-02 -4.831858327340000092e-01 4.536375699479999746e-01 2.859118636060000163e-01 -6.102981080110000400e-01
-5.589605675769999671e-01 -3.187678920070000088e-01 -2.369658277940000189e-03 3.384626418760000033e-01 -3.231546087469999717e-02 -6.827006349389999618e-02 -4.816898178590000024e-01 4.536375699479999746e-01 2.859118636060000163e-01 -6.096252592290000161e-01
-5.589605675769999671e-01 -3.187678920070000088e-01 -2.369658277940000189e-03 3.384626418760000033e-01 -3.231546087469999717e-02 -6.827006349389999618e-02 -4.831858327340000092e-01 4.536375699479999746e-01 2.859118636060000163e-01 -6.102981080110000400e-01
-5.589605675769999671e-01 -3.172718771320000020e-01 -2.369658277940000189e-03 3.384626418760000033e-01 -3.231546087469999717e-02 -8.474518766039999818e-02 -4.831858327340000092e-01 4.536375699479999746e-01 2.208820174430000116e-01 -6.513423020799999907e-01
-5.589605675769999671e-01 -3.187678920070000088e-01 -2.369658277940000189e-03 3.384626418760000033e-01 -3.231546087469999717e-02 -8.474518766039999818e-02 -4.816898178590000024e-01 4.536375699479999746e-01 -1.465358679809999898e-01 -6.533608484280000184e-01
-5.589605675769999671e-01 -3.187678920070000088e-01 -2.369658277940000189e-03 3.384626418760000033e-01 -3.231546087469999717e-02 -8.474518766039999818e-02 -4.831858327340000092e-01 4.536375699479999746e-01 -5.611003476539999646e-01 -6.540336972110000202e-01
-5.589605675769999671e-01 -3.187678920070000088e-01 -2.369658277940000189e-03 3.384626418760000033e-01 -3.231546087469999717e-02 -8.651035993889999443e-02 -4.816898178590000024e-01 4.536375699479999746e-01 -7.334290736049999815e-01 -6.540336972110000202e-01
-5.583721768170000210e-01 -3.187678920070000088e-01 -2.369658277940000189e-03 3.384626418760000033e-01 -3.231546087469999717e-02 -8.651035993889999443e-02 -4.816898178590000024e-01 4.536375699479999746e-01 -7.431835631630000494e-01 -6.540336972110000202e-01
-5.589605675769999671e-01 -3.187678920070000088e-01 -2.369658277940000189e-03 3.384626418760000033e-01 -3.231546087469999717e-02 -8.592196917939999568e-02 -4.816898178590000024e-01 4.536375699479999746e-01 -7.448092903659999653e-01 -6.540336972110000202e-01
-5.589605675769999671e-01 -3.187678920070000088e-01 -2.369658277940000189e-03 3.384626418760000033e-01 -3.231546087469999717e-02 -8.651035993889999443e-02 -4.831858327340000092e-01 4.542259607069999983e-01 -7.448092903659999653e-01 -6.540336972110000202e-01
-5.589605675769999671e-01 -3.187678920070000088e-01 -2.369658277940000189e-03 3.384626418760000033e-01 -3.231546087469999717e-02 -8.592196917939999568e-02 -4.831858327340000092e-01 4.542259607069999983e-01 -4.960705014910000155e-01 -6.547065459940000220e-01
-5.589605675769999671e-01 -3.187678920070000088e-01 -2.369658277940000189e-03 3.384626418760000033e-01 -3.231546087469999717e-02 -8.592196917939999568e-02 -4.831858327340000092e-01 4.542259607069999983e-01 -3.546309714190000184e-01 -6.547065459940000220e-01
-5.589605675769999671e-01 -3.187678920070000088e-01 -2.369658277940000189e-03 3.384626418760000033e-01 -3.231546087469999717e-02 -8.592196917939999568e-02 -4.816898178590000024e-01 4.542259607069999983e-01 -3.530052442159999915e-01 -6.547065459940000220e-01
-5.589605675769999671e-01 -3.187678920070000088e-01 -2.369658277940000189e-03 3.384626418760000033e-01 -3.231546087469999717e-02 -8.592196917939999568e-02 -4.816898178590000024e-01 4.542259607069999983e-01 -3.530052442159999915e-01 -6.547065459940000220e-01
-5.589605675769999671e-01 -3.187678920070000088e-01 -2.369658277940000189e-03 3.384626418760000033e-01 -3.231546087469999717e-02 -8.592196917939999568e-02 -4.831858327340000092e-01 4.542259607069999983e-01 -3.513795170130000201e-01 -6.547065459940000220e-01
-5.589605675769999671e-01 -3.187678920070000088e-01 -2.369658277940000189e-03 3.384626418760000033e-01 -3.231546087469999717e-02 -7.180049950109999857e-02 -4.831858327340000092e-01 4.542259607069999983e-01 -1.367812520839999935e-01 -6.210638976929999666e-01
-5.589605675769999671e-01 -3.187678920070000088e-01 -2.369658277940000189e-03 3.384626418760000033e-01 -3.231546087469999717e-02 -7.238889026059999732e-02 -4.831858327340000092e-01 4.542259607069999983e-01 2.468939053729999888e-01 -6.197182001269999629e-01
-5.589605675769999671e-01 -3.187678920070000088e-01 -2.369658277940000189e-03 3.384626418760000033e-01 -3.231546087469999717e-02 -7.297728102009999607e-02 -4.532650701950000083e-01 4.401044910290000112e-01 1.964958567170000114e-01 -4.589056677689999919e-01
-5.589605675769999671e-01 -3.172718771320000020e-01 -2.369658277940000189e-03 3.384626418760000033e-01 -3.231546087469999717e-02 -2.265487324540000069e-01 -3.736898207659999915e-02 2.865329481450000215e-01 -2.164426430760000020e-01 1.209297710810000072e-02
-5.589605675769999671e-01 -3.202639068829999935e-01 -2.369658277940000189e-03 3.319592277080000153e-01 -3.231546087469999717e-02 -4.060097431069999985e-01 2.693170900779999766e-01 1.158979817850000066e-01 -2.879753980529999868e-01 4.035293972319999728e-02
-5.589605675769999671e-01 -3.127838325060000035e-01 -2.369658277940000189e-03 3.465912778920000048e-01 -3.231546087469999717e-02 -5.472248056909999603e-01 2.887655159740000199e-01 1.057502988139999954e-02 -3.351219923020000158e-01 4.439003242080000189e-02
