-5.583721768170000210e-01 -3.202639068829999935e-01 -5.900094285180000099e-03 3.384626418760000033e-01 -3.029691452579999847e-02 -5.607579760599999963e-01 3.186860459959999781e-01 5.279513045829999952e-03 -3.367477195060000206e-01 4.506288120379999679e-02
-5.583721768170000210e-01 -4.264818930959999865e-01 -5.900094285180000099e-03 4.132465985809999909e-01 1.224412232819999946e-01 -5.601695853010000281e-01 3.201820608720000183e-01 5.279513045829999952e-03 -3.351219923020000158e-01 4.506288120379999679e-02
-4.812922099949999977e-01 -4.773468638899999728e-01 -5.900094285180000099e-03 7.383950713650000441e-01 4.258990571269999914e-01 -5.601695853010000281e-01 3.156940162460000199e-01 5.279513045829999952e-03 -3.367477195060000206e-01 4.506288120379999679e-02
-3.277207585610000251e-01 -4.773468638899999728e-01 -5.900094285180000099e-03 7.514013943459999512e-01 4.265719059099999932e-01 -5.607579760599999963e-01 3.156940162460000199e-01 5.279513045829999952e-03 -3.367477195060000206e-01 4.506288120379999679e-02
-1.647349635250000000e-01 -4.773468638899999728e-01 -5.900094285180000099e-03 7.497751617879999664e-01 4.359917888709999856e-01 -5.601695853010000281e-01 3.156940162460000199e-01 5.279513045829999952e-03 -3.367477195060000206e-01 4.506288120379999679e-02
4.885298552979999709e-02 -4.713628043879999896e-01 -5.900094285180000099e-03 7.481494345850000505e-01 4.359917888709999856e-01 -5.607579760599999963e-01 3.156940162460000199e-01 5.279513045829999952e-03 -3.367477195060000206e-01 4.506288120379999679e-02
2.088968267690000102e-01 -4.519146110100000224e-01 -5.900094285180000099e-03 7.448979801780000187e-01 4.359917888709999856e-01 -5.607579760599999963e-01 3.156940162460000199e-01 5.279513045829999952e-03 -3.367477195060000206e-01 4.506288120379999679e-02
3.124546063940000229e-01 -4.504185961350000156e-01 7.044685324340000353e-03 7.448979801780000187e-01 4.359917888709999856e-01 -5.607579760599999963e-01 3.156940162460000199e-01 5.279513045829999952e-03 -3.367477195060000206e-01 4.506288120379999679e-02
3.483467170740000007e-01 -4.593946853859999790e-01 1.587063816709999992e-02 7.627814847689999844e-01 4.359917888709999856e-01 -5.601695853010000281e-01 3.156940162460000199e-01 5.279513045829999952e-03 -3.367477195060000206e-01 4.506288120379999679e-02
3.589379336460000181e-01 -4.668747597630000246e-01 1.645902892659999867e-02 7.660329391760000162e-01 4.359917888709999856e-01 -5.601695853010000281e-01 3.156940162460000199e-01 5.279513045829999952e-03 -3.367477195060000206e-01 4.573572998670000223e-02
3.589379336460000181e-01 -4.668747597630000246e-01 1.645902892659999867e-02 7.660329391760000162e-01 4.359917888709999856e-01 -5.601695853010000281e-01 3.156940162460000199e-01 5.279513045829999952e-03 -3.367477195060000206e-01 4.506288120379999679e-02
3.595263244049999862e-01 -4.668747597630000246e-01 1.645902892659999867e-02 7.660329391760000162e-01 4.359917888709999856e-01 -5.601695853010000281e-01 3.156940162460000199e-01 5.279513045829999952e-03 -3.367477195060000206e-01 4.506288120379999679e-02
3.595263244049999862e-01 -4.668747597630000246e-01 1.645902892659999867e-02 7.660329391760000162e-01 4.359917888709999856e-01 -5.607579760599999963e-01 3.156940162460000199e-01 5.279513045829999952e-03 -3.367477195060000206e-01 4.506288120379999679e-02
3.577611521269999928e-01 -2.993194661119999989e-01 2.410820025039999911e-02 7.660329391760000162e-01 3.646691904159999886e-01 -5.601695853010000281e-01 3.156940162460000199e-01 5.279513045829999952e-03 -3.367477195060000206e-01 4.506288120379999679e-02
3.571727613669999912e-01 -1.227880832090000041e-01 2.410820025039999911e-02 7.709101207849999859e-01 3.646691904159999886e-01 -5.607579760599999963e-01 3.156940162460000199e-01 5.279513045829999952e-03 -3.367477195060000206e-01 4.506288120379999679e-02
3.571727613669999912e-01 -9.735559781229999321e-02 2.351971804070000088e-02 7.741615751920000177e-01 3.646691904159999886e-01 -5.607579760599999963e-01 3.156940162460000199e-01 5.279513045829999952e-03 -3.367477195060000206e-01 4.506288120379999679e-02
3.571727613669999912e-01 -9.885161268759999620e-02 2.351971804070000088e-02 7.741615751920000177e-01 3.646691904159999886e-01 -5.601695853010000281e-01 3.156940162460000199e-01 5.279513045829999952e-03 -3.367477195060000206e-01 4.506288120379999679e-02
3.571727613669999912e-01 -9.885161268759999620e-02 2.410820025039999911e-02 7.741615751920000177e-01 3.653420391989999905e-01 -5.601695853010000281e-01 3.156940162460000199e-01 5.279513045829999952e-03 -3.367477195060000206e-01 4.506288120379999679e-02
3.571727613669999912e-01 -9.885161268759999620e-02 2.410820025039999911e-02 7.741615751920000177e-01 3.653420391989999905e-01 -5.607579760599999963e-01 3.156940162460000199e-01 5.279513045829999952e-03 -3.367477195060000206e-01 4.506288120379999679e-02
3.571727613669999912e-01 -9.735559781229999321e-02 2.410820025039999911e-02 7.741615751920000177e-01 3.653420391989999905e-01 -5.607579760599999963e-01 3.156940162460000199e-01 5.279513045829999952e-03 -3.367477195060000206e-01 4.506288120379999679e-02
3.571727613669999912e-01 -9.885161268759999620e-02 2.410820025039999911e-02 7.741615751920000177e-01 3.653420391989999905e-01 -5.601695853010000281e-01 3.156940162460000199e-01 5.279513045829999952e-03 -3.367477195060000206e-01 4.506288120379999679e-02
3.571727613669999912e-01 -9.885161268759999620e-02 2.351971804070000088e-02 7.741615751920000177e-01 3.646691904159999886e-01 -5.607579760599999963e-01 3.156940162460000199e-01 5.279513045829999952e-03 -3.367477195060000206e-01 4.506288120379999679e-02
3.571727613669999912e-01 -9.885161268759999620e-02 2.351971804070000088e-02 7.741615751920000177e-01 3.646691904159999886e-01 -5.607579760599999963e-01 3.156940162460000199e-01 5.279513045829999952e-03 -3.367477195060000206e-01 4.506288120379999679e-02
3.189269961980000234e-01 7.468774046439999315e-02 9.986639121859999801e-03 5.042883326739999728e-01 3.592862955750000253e-01 -5.607579760599999963e-01 3.171900311210000267e-01 5.279513045829999952e-03 -3.367477195060000206e-01 4.506288120379999679e-02
2.859767478649999917e-01 1.135845922559999971e-01 1.704741968610000089e-02 2.929417748290000234e-01 3.579405980099999995e-01 -5.607579760599999963e-01 3.156940162460000199e-01 5.279513045829999952e-03 -3.383734467089999920e-01 4.640857876969999712e-02
2.853883571060000235e-01 1.300409884010000072e-01 1.704741968610000089e-02 2.653039070189999737e-01 3.579405980099999995e-01 -5.607579760599999963e-01 3.156940162460000199e-01 5.279513045829999952e-03 -3.367477195060000206e-01 4.573572998670000223e-02
2.853883571060000235e-01 1.285449735260000004e-01 1.704741968610000089e-02 2.653039070189999737e-01 3.579405980099999995e-01 -5.607579760599999963e-01 3.156940162460000199e-01 5.279513045829999952e-03 -3.367477195060000206e-01 4.573572998670000223e-02
2.853883571060000235e-01 1.285449735260000004e-01 1.704741968610000089e-02 2.636781798150000244e-01 3.579405980099999995e-01 -5.607579760599999963e-01 3.156940162460000199e-01 4.691030836099999678e-03 -3.367477195060000206e-01 4.573572998670000223e-02
2.853883571060000235e-01 1.285449735260000004e-01 1.704741968610000089e-02 2.636781798150000244e-01 3.579405980099999995e-01 -5.601695853010000281e-01 3.156940162460000199e-01 5.279513045829999952e-03 -3.367477195060000206e-01 4.573572998670000223e-02
2.853883571060000235e-01 1.180726368819999955e-01 2.116615500259999907e-02 2.636781798150000244e-01 4.023490359920000037e-01 -5.601695853010000281e-01 3.156940162460000199e-01 5.279513045829999952e-03 -3.367477195060000206e-01 4.573572998670000223e-02
3.265761675220000271e-01 -1.721570391280000112e-01 3.705288840970000219e-02 6.262188836290000227e-01 4.319546961729999746e-01 -5.601695853010000281e-01 3.156940162460000199e-01 5.279513045829999952e-03 -3.367477195060000206e-01 4.573572998670000223e-02
3.501120722530000062e-01 -4.399464920080000119e-01 2.469659100990000133e-02 7.709101207849999859e-01 4.319546961729999746e-01 -5.607579760599999963e-01 3.156940162460000199e-01 5.279513045829999952e-03 -3.367477195060000206e-01 4.573572998670000223e-02
3.601147151649999878e-01 -4.564026556360000209e-01 1.998937348360000157e-02 7.709101207849999859e-01 4.326275449559999764e-01 -5.601695853010000281e-01 3.156940162460000199e-01 5.279513045829999952e-03 -3.367477195060000206e-01 4.573572998670000223e-02
3.601147151649999878e-01 -4.564026556360000209e-01 1.998937348360000157e-02 7.692843935819999590e-01 4.057133844840000170e-01 -5.601695853010000281e-01 3.156940162460000199e-01 5.279513045829999952e-03 -3.367477195060000206e-01 4.573572998670000223e-02
3.242225130340000150e-01 -3.053035256130000041e-01 2.234293652169999991e-02 4.311295978169999987e-01 4.691535918659999783e-03 -5.601695853010000281e-01 3.156940162460000199e-01 5.279513045829999952e-03 -3.383734467089999920e-01 4.640857876969999712e-02
2.259603416950000110e-01 -2.843590848420000095e-01 -6.044859994279999779e-04 3.319592277080000153e-01 -2.827836817699999963e-02 -5.607579760599999963e-01 3.156940162460000199e-01 5.279513045829999952e-03 -3.367477195060000206e-01 4.640857876969999712e-02
6.885845425339999493e-02 -2.828630699670000026e-01 -6.488485044690000397e-03 3.319592277080000153e-01 -2.962406574289999997e-02 -5.601695853010000281e-01 3.156940162460000199e-01 5.279513045829999952e-03 -3.351219923020000158e-01 4.640857876969999712e-02
-1.264891069059999873e-01 -2.858553322340000036e-01 -6.488485044690000397e-03 3.352111874690000271e-01 -3.096976330880000031e-02 -5.601695853010000281e-01 3.156940162460000199e-01 5.279513045829999952e-03 -3.367477195060000206e-01 4.640857876969999712e-02
-3.183064149589999725e-01 -3.142798473819999883e-01 -6.488485044690000397e-03 3.384626418760000033e-01 -3.433400722350000295e-02 -5.601695853010000281e-01 3.156940162460000199e-01 5.279513045829999952e-03 -3.351219923020000158e-01 4.640857876969999712e-02
