-5.595489583360000463e-01 -3.187678920070000088e-01 -4.723221315950000207e-03 3.368369146719999985e-01 -3.567970478940000328e-02 -5.619347575790000215e-01 3.186860459959999781e-01 5.867903805340000251e-03 -3.367477195060000206e-01 4.439003242080000189e-02
-5.589605675769999671e-01 -3.172718771320000020e-01 -4.134830556449999722e-03 3.368369146719999985e-01 -3.567970478940000328e-02 -5.460480241720000461e-01 4.697849435020000075e-01 5.867903805340000251e-03 -6.033696339559999622e-01 -3.445203288970000166e-01
-5.595489583360000463e-01 -3.172718771320000020e-01 -4.134830556449999722e-03 3.368369146719999985e-01 -3.567970478940000328e-02 -4.218962936139999953e-01 4.862413396470000038e-01 5.867903805340000251e-03 -7.496864719760000240e-01 -4.266087170339999957e-01
-5.589605675769999671e-01 -3.172718771320000020e-01 -4.134830556449999722e-03 3.368369146719999985e-01 -3.567970478940000328e-02 -2.653828883820000262e-01 4.892333693979999953e-01 5.867903805340000251e-03 -7.480607447729999970e-01 -4.272815658169999975e-01
-5.589605675769999671e-01 -3.157758622569999951e-01 -4.723221315950000207e-03 3.368369146719999985e-01 -3.567970478940000328e-02 -6.709328197489999868e-02 4.877373545220000106e-01 5.867903805340000251e-03 -7.480607447729999970e-01 -4.272815658169999975e-01
-5.589605675769999671e-01 -3.157758622569999951e-01 -4.723221315950000207e-03 3.368369146719999985e-01 -3.567970478940000328e-02 1.182516362730000048e-01 4.458484729800000212e-01 5.867903805340000251e-03 -7.464350175699999701e-01 -4.272815658169999975e-01
-5.589605675769999671e-01 -3.157758622569999951e-01 -4.723221315950000207e-03 3.368369146719999985e-01 -3.567970478940000328e-02 2.629971348640000040e-01 4.488405027310000128e-01 -6.044859994279999779e-04 -7.415577096209999830e-01 -4.272815658169999975e-01
-5.589605675769999671e-01 -3.157758622569999951e-01 -4.723221315950000207e-03 3.368369146719999985e-01 -3.567970478940000328e-02 3.341931483660000035e-01 4.533287798739999985e-01 -1.060722036119999927e-02 -7.561893807889999986e-01 -4.272815658169999975e-01
-5.595489583360000463e-01 -3.157758622569999951e-01 -4.723221315950000207e-03 3.368369146719999985e-01 -3.567970478940000328e-02 3.530218355709999756e-01 4.293923093520000123e-01 -2.002156396350000117e-02 -7.610666887379999856e-01 -3.734531402949999856e-01
-5.589605675769999671e-01 -3.157758622569999951e-01 -4.723221315950000207e-03 3.368369146719999985e-01 -3.567970478940000328e-02 3.530218355709999756e-01 1.466427077190000094e-01 -2.414039073019999884e-02 -7.724469054989999695e-01 -3.700887918040000057e-01
-5.589605675769999671e-01 -3.157758622569999951e-01 -4.723221315950000207e-03 3.368369146719999985e-01 -3.567970478940000328e-02 3.530218355709999756e-01 1.182181925720000026e-01 -2.414039073019999884e-02 -7.740726327029999743e-01 -3.700887918040000057e-01
-5.589605675769999671e-01 -3.157758622569999951e-01 -4.134830556449999722e-03 3.368369146719999985e-01 -3.567970478940000328e-02 3.530218355709999756e-01 8.231337053119999747e-02 -2.414039073019999884e-02 -7.789498143120000551e-01 -3.694159430210000039e-01
-5.589605675769999671e-01 -3.157758622569999951e-01 -4.723221315950000207e-03 3.368369146719999985e-01 -3.567970478940000328e-02 3.530218355709999756e-01 8.231337053119999747e-02 -2.355190852050000061e-02 -7.789498143120000551e-01 -3.700887918040000057e-01
-5.589605675769999671e-01 -3.157758622569999951e-01 -4.723221315950000207e-03 3.368369146719999985e-01 -3.567970478940000328e-02 3.530218355709999756e-01 8.231337053119999747e-02 -2.355190852050000061e-02 -7.789498143120000551e-01 -3.700887918040000057e-01
-5.589605675769999671e-01 -3.157758622569999951e-01 -4.723221315950000207e-03 3.368369146719999985e-01 -3.567970478940000328e-02 3.530218355709999756e-01 8.231337053119999747e-02 -2.414039073019999884e-02 -7.789498143120000551e-01 -3.700887918040000057e-01
-5.589605675769999671e-01 -3.187678920070000088e-01 -4.723221315950000207e-03 3.352111874690000271e-01 -3.567970478940000328e-02 3.100688528760000007e-01 -7.925786361860000240e-02 -1.001882960170000052e-02 -4.895675926779999854e-01 -3.673973966719999984e-01
-5.595489583360000463e-01 -3.157758622569999951e-01 -4.723221315950000207e-03 3.384626418760000033e-01 -3.567970478940000328e-02 2.853561666259999963e-01 -1.196504977680000054e-01 -1.472604712800000028e-02 -2.798467620360000074e-01 -3.667245478889999966e-01
-5.589605675769999671e-01 -3.157758622569999951e-01 -4.723221315950000207e-03 3.368369146719999985e-01 -3.567970478940000328e-02 2.847677758659999947e-01 -1.271308046619999965e-01 -1.472604712800000028e-02 -2.635892373259999810e-01 -3.667245478889999966e-01
-5.595489583360000463e-01 -3.157758622569999951e-01 -4.723221315950000207e-03 3.368369146719999985e-01 -3.567970478940000328e-02 2.847677758659999947e-01 -1.256347897860000118e-01 -1.472604712800000028e-02 -2.570863285130000064e-01 -3.667245478889999966e-01
-5.595489583360000463e-01 -3.157758622569999951e-01 -4.723221315950000207e-03 3.368369146719999985e-01 -3.567970478940000328e-02 2.847677758659999947e-01 -1.256347897860000118e-01 -1.472604712800000028e-02 -2.570863285130000064e-01 -3.667245478889999966e-01
-5.589605675769999671e-01 -3.157758622569999951e-01 -4.723221315950000207e-03 3.368369146719999985e-01 -3.567970478940000328e-02 3.159528519209999775e-01 1.002657815519999995e-01 -3.590829737049999748e-02 -5.432170957409999668e-01 -4.259358682509999938e-01
-5.595489583360000463e-01 -3.157758622569999951e-01 -4.723221315950000207e-03 3.368369146719999985e-01 -3.567970478940000328e-02 3.524333533610000124e-01 3.994715468130000113e-01 -2.825912604680000037e-02 -7.626924159410000126e-01 -4.259358682509999938e-01
-5.589605675769999671e-01 -3.157758622569999951e-01 -4.723221315950000207e-03 3.368369146719999985e-01 -3.567970478940000328e-02 3.400770559610000188e-01 3.426225165180000198e-01 -2.119834548249999867e-02 -6.505161018670000406e-01 -1.991835277020000128e-01
-5.589605675769999671e-01 -3.157758622569999951e-01 -4.723221315950000207e-03 3.368369146719999985e-01 -3.567970478940000328e-02 2.865329481450000215e-01 2.902615308490000268e-01 -1.296078339919999947e-02 -3.351219923020000158e-01 2.958725461890000102e-02
-5.589605675769999671e-01 -3.157758622569999951e-01 -4.134830556449999722e-03 3.368369146719999985e-01 -3.567970478940000328e-02 1.635580905560000131e-01 2.827812239549999940e-01 6.456294564839999868e-03 -3.432506283189999952e-01 3.833439337430000204e-02
-5.589605675769999671e-01 -3.157758622569999951e-01 -4.723221315950000207e-03 3.368369146719999985e-01 -3.567970478940000328e-02 -3.590829737049999748e-02 2.827812239549999940e-01 7.044685324340000353e-03 -3.383734467089999920e-01 3.833439337430000204e-02
