-5.589605675769999671e-01 -3.172718771320000020e-01 -4.723221315950000207e-03 3.352111874690000271e-01 -3.366115844059999751e-02 -5.619347575790000215e-01 3.201820608720000183e-01 4.691030836099999678e-03 -3.367477195060000206e-01 4.439003242080000189e-02
-5.495462239739999921e-01 -3.187678920070000088e-01 1.229587623489999948e-01 2.327893629530000119e-01 3.754348755199999887e-01 -5.619347575790000215e-01 3.186860459959999781e-01 4.691030836099999678e-03 -3.367477195060000206e-01 4.439003242080000189e-02
-4.312785381859999823e-01 -3.187678920070000088e-01 1.865056045269999907e-01 2.262859487849999962e-01 6.452498519089999718e-01 -5.619347575790000215e-01 3.186860459959999781e-01 4.691030836099999678e-03 -3.367477195060000206e-01 4.439003242080000189e-02
-2.824142128279999997e-01 -3.172718771320000020e-01 1.865056045269999907e-01 2.214087671749999930e-01 6.492869968950000237e-01 -5.619347575790000215e-01 3.186860459959999781e-01 4.691030836099999678e-03 -3.367477195060000206e-01 4.439003242080000189e-02
-9.236216850440000237e-02 -3.112878176309999967e-01 1.865056045269999907e-01 2.132801311589999915e-01 6.546698394469999682e-01 -5.613463668200000534e-01 3.186860459959999781e-01 4.691030836099999678e-03 -3.367477195060000206e-01 4.506288120379999679e-02
1.106346554290000006e-01 -2.888473619849999952e-01 1.865056045269999907e-01 2.132801311589999915e-01 6.546698394469999682e-01 -5.619347575790000215e-01 3.186860459959999781e-01 4.691030836099999678e-03 -3.367477195060000206e-01 4.506288120379999679e-02
2.747972319850000011e-01 -2.529425399440000111e-01 1.865056045269999907e-01 2.132801311589999915e-01 6.553426882299999701e-01 -5.619347575790000215e-01 3.201820608720000183e-01 4.691030836099999678e-03 -3.367477195060000206e-01 4.506288120379999679e-02
3.689407594579999783e-01 -2.559345696940000248e-01 1.994502926860000080e-01 2.197830399719999939e-01 6.553426882299999701e-01 -5.613463668200000534e-01 3.186860459959999781e-01 4.691030836099999678e-03 -3.383734467089999920e-01 4.506288120379999679e-02
4.277803841089999892e-01 -2.544385548190000179e-01 2.712346969480000092e-01 2.425437261729999905e-01 4.178247671540000208e-01 -5.619347575790000215e-01 3.186860459959999781e-01 4.691030836099999678e-03 -3.367477195060000206e-01 4.506288120379999679e-02
4.389598085399999960e-01 1.061045178789999932e-01 3.877371647319999837e-01 2.311636357500000127e-01 1.930910775309999938e-01 -5.619347575790000215e-01 3.186860459959999781e-01 4.691030836099999678e-03 -3.367477195060000206e-01 4.506288120379999679e-02
4.395481992990000197e-01 4.097983277660000034e-01 3.924443822579999908e-01 2.441694533759999897e-01 1.890539848339999884e-01 -5.619347575790000215e-01 3.186860459959999781e-01 4.691030836099999678e-03 -3.367477195060000206e-01 4.506288120379999679e-02
4.395481992990000197e-01 4.621595459519999838e-01 3.924443822579999908e-01 2.441694533759999897e-01 1.897268336169999903e-01 -5.619347575790000215e-01 3.186860459959999781e-01 5.279513045829999952e-03 -3.367477195060000206e-01 4.506288120379999679e-02
4.395481992990000197e-01 4.651515757029999754e-01 3.918559914990000226e-01 2.457951805789999888e-01 1.897268336169999903e-01 -5.619347575790000215e-01 3.186860459959999781e-01 4.691030836099999678e-03 -3.367477195060000206e-01 4.506288120379999679e-02
4.395481992990000197e-01 4.651515757029999754e-01 3.918559914990000226e-01 2.457951805789999888e-01 1.890539848339999884e-01 -5.619347575790000215e-01 3.186860459959999781e-01 4.691030836099999678e-03 -3.383734467089999920e-01 4.506288120379999679e-02
4.395481992990000197e-01 4.651515757029999754e-01 3.918559914990000226e-01 2.457951805789999888e-01 1.890539848339999884e-01 -5.619347575790000215e-01 3.186860459959999781e-01 4.691030836099999678e-03 -3.367477195060000206e-01 4.506288120379999679e-02
4.401365900590000213e-01 4.053102831400000050e-01 3.847952109350000205e-01 2.506723621890000198e-01 1.883811360509999866e-01 -5.619347575790000215e-01 3.186860459959999781e-01 4.691030836099999678e-03 -3.367477195060000206e-01 4.506288120379999679e-02
4.401365900590000213e-01 4.053102831400000050e-01 3.847952109350000205e-01 2.506723621890000198e-01 1.883811360509999866e-01 -5.619347575790000215e-01 3.186860459959999781e-01 4.691030836099999678e-03 -3.367477195060000206e-01 4.506288120379999679e-02
4.401365900590000213e-01 4.053102831400000050e-01 3.847952109350000205e-01 2.506723621890000198e-01 1.883811360509999866e-01 -5.619347575790000215e-01 3.186860459959999781e-01 4.691030836099999678e-03 -3.383734467089999920e-01 4.506288120379999679e-02
4.401365900590000213e-01 4.053102831400000050e-01 3.847952109350000205e-01 2.506723621890000198e-01 1.883811360509999866e-01 -5.619347575790000215e-01 3.186860459959999781e-01 4.691030836099999678e-03 -3.367477195060000206e-01 4.506288120379999679e-02
4.401365900590000213e-01 4.053102831400000050e-01 3.847952109350000205e-01 2.506723621890000198e-01 1.883811360509999866e-01 -5.619347575790000215e-01 3.186860459959999781e-01 4.691030836099999678e-03 -3.367477195060000206e-01 4.506288120379999679e-02
4.295455563880000160e-01 2.452352963830000121e-01 2.959472917470000186e-01 2.961932292359999996e-01 5.550872260889999632e-01 -5.619347575790000215e-01 3.186860459959999781e-01 4.691030836099999678e-03 -3.367477195060000206e-01 4.506288120379999679e-02
4.071865246260000237e-01 -1.542046281070000024e-01 2.218094158979999897e-01 3.270820460980000122e-01 6.519783920270000310e-01 -5.619347575790000215e-01 3.186860459959999781e-01 4.691030836099999678e-03 -3.367477195060000206e-01 4.573572998670000223e-02
4.083633061449999935e-01 -2.963274363610000073e-01 1.629696997960000115e-01 3.482170050949999762e-01 4.528132175990000063e-01 -5.619347575790000215e-01 3.186860459959999781e-01 5.279513045829999952e-03 -3.367477195060000206e-01 4.506288120379999679e-02
3.406976372000000142e-01 -3.217599217580000004e-01 4.293688745489999958e-02 3.400883690789999747e-01 6.710186844559999989e-03 -5.619347575790000215e-01 3.186860459959999781e-01 4.691030836099999678e-03 -3.367477195060000206e-01 4.573572998670000223e-02
2.665596699009999959e-01 -3.023114958620000126e-01 1.160686279079999961e-03 3.352111874690000271e-01 -2.962406574289999997e-02 -5.619347575790000215e-01 3.186860459959999781e-01 4.691030836099999678e-03 -3.383734467089999920e-01 4.640857876969999712e-02
9.474792202220000403e-02 -2.978234512360000141e-01 -7.665266563689999632e-03 3.352111874690000271e-01 -3.433400722350000295e-02 -5.619347575790000215e-01 3.156940162460000199e-01 4.691030836099999678e-03 -3.383734467089999920e-01 4.640857876969999712e-02
