-5.589605675769999671e-01 -3.172718771320000020e-01 -5.900094285180000099e-03 3.384626418760000033e-01 -3.567970478940000328e-02 -5.613463668200000534e-01 3.186860459959999781e-01 5.867903805340000251e-03 -3.383734467089999920e-01 4.506288120379999679e-02
-5.589605675769999671e-01 -3.172718771320000020e-01 -5.900094285180000099e-03 3.368369146719999985e-01 -3.567970478940000328e-02 -5.613463668200000534e-01 3.186860459959999781e-01 -3.061268908479999884e-02 -2.538348741070000081e-01 -6.259396983850000484e-02
-5.589605675769999671e-01 -3.172718771320000020e-01 -5.311703525679999614e-03 3.368369146719999985e-01 -3.567970478940000328e-02 -5.036835236869999788e-01 3.186860459959999781e-01 -1.735930153970000056e-01 -2.294487133800000023e-01 -5.732912157949999754e-01
-5.595489583360000463e-01 -3.187678920070000088e-01 -5.900094285180000099e-03 3.368369146719999985e-01 -3.567970478940000328e-02 -3.618798874429999812e-01 3.171900311210000267e-01 -1.847726227279999911e-01 -2.213200773640000008e-01 -6.506694532969999889e-01
-5.589605675769999671e-01 -3.172718771320000020e-01 -5.900094285180000099e-03 3.368369146719999985e-01 -3.567970478940000328e-02 -1.859494042469999886e-01 3.156940162460000199e-01 -1.847726227279999911e-01 -2.083140070600000004e-01 -6.533608484280000184e-01
-5.589605675769999671e-01 -3.172718771320000020e-01 -5.900094285180000099e-03 3.368369146719999985e-01 -3.567970478940000328e-02 7.633076083849999784e-03 3.082139418689999744e-01 -1.853610134879999927e-01 -2.131911886700000036e-01 -6.560522435600000257e-01
-5.589605675769999671e-01 -3.187678920070000088e-01 -5.311703525679999614e-03 3.368369146719999985e-01 -3.567970478940000328e-02 1.906243398440000125e-01 2.588447534339999856e-01 -1.853610134879999927e-01 -2.148169158730000028e-01 -6.560522435600000257e-01
-5.589605675769999671e-01 -3.172718771320000020e-01 -5.900094285180000099e-03 3.368369146719999985e-01 -3.567970478940000328e-02 3.218367595159999928e-01 2.588447534339999856e-01 -1.894797488049999867e-01 -2.164426430760000020e-01 -6.560522435600000257e-01
-5.589605675769999671e-01 -3.172718771320000020e-01 -5.900094285180000099e-03 3.368369146719999985e-01 -3.567970478940000328e-02 3.965631175750000126e-01 2.842772388309999787e-01 -2.041897006929999925e-01 -2.359516221930000046e-01 -6.560522435600000257e-01
-5.589605675769999671e-01 -3.172718771320000020e-01 -5.900094285180000099e-03 3.368369146719999985e-01 -3.567970478940000328e-02 4.189221493360000270e-01 3.067176944769999802e-01 -2.112503898070000052e-01 -2.408288038030000078e-01 -6.560522435600000257e-01
-5.589605675769999671e-01 -3.172718771320000020e-01 -5.900094285180000099e-03 3.368369146719999985e-01 -3.567970478940000328e-02 4.195106315459999902e-01 3.067176944769999802e-01 -2.112503898070000052e-01 -2.408288038030000078e-01 -6.560522435600000257e-01
-5.589605675769999671e-01 -3.172718771320000020e-01 -5.900094285180000099e-03 3.368369146719999985e-01 -3.567970478940000328e-02 4.195106315459999902e-01 3.067176944769999802e-01 -2.112503898070000052e-01 -2.408288038030000078e-01 -6.560522435600000257e-01
-5.589605675769999671e-01 -3.172718771320000020e-01 -5.900094285180000099e-03 3.384626418760000033e-01 -3.567970478940000328e-02 4.195106315459999902e-01 3.067176944769999802e-01 -2.106619990470000037e-01 -2.408288038030000078e-01 -6.560522435600000257e-01
-5.589605675769999671e-01 -3.172718771320000020e-01 -5.900094285180000099e-03 3.368369146719999985e-01 -3.567970478940000328e-02 4.365740550219999738e-01 2.334122680369999925e-01 -2.789160587510000067e-01 -2.375773493960000038e-01 -3.902744644460000023e-01
-5.589605675769999671e-01 -3.172718771320000020e-01 -5.900094285180000099e-03 3.368369146719999985e-01 -3.567970478940000328e-02 4.418696633079999825e-01 -1.226425275189999969e-01 -3.865926651430000027e-01 -2.278229861770000031e-01 -1.890907959579999909e-01
-5.589605675769999671e-01 -3.172718771320000020e-01 -5.900094285180000099e-03 3.368369146719999985e-01 -3.567970478940000328e-02 4.418696633079999825e-01 -4.323206294240000136e-01 -3.901230097000000230e-01 -2.457062380900000009e-01 -1.850535986830000035e-01
-5.589605675769999671e-01 -3.172718771320000020e-01 -5.900094285180000099e-03 3.368369146719999985e-01 -3.567970478940000328e-02 4.418696633079999825e-01 -4.772015407160000167e-01 -3.895346189409999993e-01 -2.473319652930000001e-01 -1.857264474660000053e-01
-5.589605675769999671e-01 -3.172718771320000020e-01 -5.900094285180000099e-03 3.368369146719999985e-01 -3.567970478940000328e-02 4.418696633079999825e-01 -4.772015407160000167e-01 -3.895346189409999993e-01 -2.473319652930000001e-01 -1.857264474660000053e-01
-5.589605675769999671e-01 -3.172718771320000020e-01 -5.900094285180000099e-03 3.384626418760000033e-01 -3.567970478940000328e-02 4.418696633079999825e-01 -4.772015407160000167e-01 -3.901230097000000230e-01 -2.473319652930000001e-01 -1.863992962490000072e-01
-5.589605675769999671e-01 -3.187678920070000088e-01 -5.311703525679999614e-03 3.368369146719999985e-01 -3.567970478940000328e-02 4.418696633079999825e-01 -4.772015407160000167e-01 -3.901230097000000230e-01 -2.473319652930000001e-01 -1.863992962490000072e-01
-5.589605675769999671e-01 -3.172718771320000020e-01 -5.311703525679999614e-03 3.368369146719999985e-01 -3.567970478940000328e-02 4.418696633079999825e-01 -4.772015407160000167e-01 -3.901230097000000230e-01 -2.473319652930000001e-01 -1.863992962490000072e-01
-5.589605675769999671e-01 -3.172718771320000020e-01 -5.900094285180000099e-03 3.368369146719999985e-01 -3.567970478940000328e-02 4.418696633079999825e-01 -4.772015407160000167e-01 -3.895346189409999993e-01 -2.473319652930000001e-01 -1.863992962490000072e-01
-5.589605675769999671e-01 -3.172718771320000020e-01 -5.311703525679999614e-03 3.368369146719999985e-01 -3.567970478940000328e-02 4.418696633079999825e-01 -4.772015407160000167e-01 -3.895346189409999993e-01 -2.473319652930000001e-01 -1.863992962490000072e-01
-5.589605675769999671e-01 -3.172718771320000020e-01 -5.900094285180000099e-03 3.368369146719999985e-01 -3.567970478940000328e-02 4.418696633079999825e-01 -4.009040845260000152e-01 -3.895346189409999993e-01 -2.538348741070000081e-01 -1.857264474660000053e-01
-5.589605675769999671e-01 -3.187678920070000088e-01 -5.311703525679999614e-03 3.368369146719999985e-01 -3.567970478940000328e-02 4.418696633079999825e-01 -3.994080696499999750e-01 -3.901230097000000230e-01 -2.538348741070000081e-01 -1.857264474660000053e-01
-5.589605675769999671e-01 -3.172718771320000020e-01 -5.900094285180000099e-03 3.368369146719999985e-01 -3.567970478940000328e-02 4.418696633079999825e-01 -3.994080696499999750e-01 -3.901230097000000230e-01 -2.538348741070000081e-01 -1.850535986830000035e-01
-5.589605675769999671e-01 -3.187678920070000088e-01 -5.311703525679999614e-03 3.368369146719999985e-01 -3.567970478940000328e-02 4.418696633079999825e-01 -3.994080696499999750e-01 -3.901230097000000230e-01 -2.538348741070000081e-01 -1.863992962490000072e-01
-5.589605675769999671e-01 -3.187678920070000088e-01 -5.900094285180000099e-03 3.368369146719999985e-01 -3.567970478940000328e-02 4.418696633079999825e-01 -3.994080696499999750e-01 -3.901230097000000230e-01 -2.538348741070000081e-01 -1.863992962490000072e-01
-5.589605675769999671e-01 -3.187678920070000088e-01 -5.900094285180000099e-03 3.384626418760000033e-01 -3.567970478940000328e-02 4.418696633079999825e-01 -3.979120547750000236e-01 -3.901230097000000230e-01 -2.538348741070000081e-01 -1.863992962490000072e-01
-5.589605675769999671e-01 -3.172718771320000020e-01 -5.900094285180000099e-03 3.384626418760000033e-01 -3.567970478940000328e-02 4.418696633079999825e-01 -3.994080696499999750e-01 -3.901230097000000230e-01 -2.538348741070000081e-01 -1.863992962490000072e-01
-5.589605675769999671e-01 -3.172718771320000020e-01 -5.900094285180000099e-03 3.368369146719999985e-01 -3.567970478940000328e-02 4.230409761030000104e-01 -2.423251126440000014e-01 -2.948027007080000206e-01 -2.944785595430000069e-01 -5.362841144250000136e-01
-5.589605675769999671e-01 -3.172718771320000020e-01 -5.900094285180000099e-03 3.368369146719999985e-01 -3.567970478940000328e-02 4.083310242150000047e-01 1.331783413250000048e-01 -2.306674677710000010e-01 -3.253676290829999873e-01 -6.526879996450000165e-01
-5.589605675769999671e-01 -3.172718771320000020e-01 -5.311703525679999614e-03 3.368369146719999985e-01 -3.567970478940000328e-02 4.177453678170000018e-01 2.887655159740000199e-01 -2.218416063779999892e-01 -2.717181260200000059e-01 -6.540336972110000202e-01
-5.589605675769999671e-01 -3.172718771320000020e-01 -5.900094285180000099e-03 3.384626418760000033e-01 -3.567970478940000328e-02 4.212758038250000170e-01 3.082139418689999744e-01 -2.218416063779999892e-01 -2.522091469030000033e-01 -6.547065459940000220e-01
-5.589605675769999671e-01 -3.172718771320000020e-01 -5.900094285180000099e-03 3.368369146719999985e-01 -3.567970478940000328e-02 3.836184294159999952e-01 3.366384570170000146e-01 -1.247561251079999933e-01 -3.432506283189999952e-01 -3.142418199340000218e-01
-5.589605675769999671e-01 -3.172718771320000020e-01 -5.900094285180000099e-03 3.368369146719999985e-01 -3.567970478940000328e-02 3.124224159139999957e-01 3.276621352479999749e-01 -2.296351776099999839e-02 -3.448763555220000221e-01 2.689575491009999972e-02
-5.589605675769999671e-01 -3.172718771320000020e-01 -5.900094285180000099e-03 3.368369146719999985e-01 -3.567970478940000328e-02 1.918011213630000100e-01 2.992376201010000236e-01 5.722955195789999503e-04 -3.383734467089999920e-01 3.833439337430000204e-02
-5.589605675769999671e-01 -3.172718771320000020e-01 -5.900094285180000099e-03 3.368369146719999985e-01 -3.567970478940000328e-02 8.809857602849999886e-03 2.932535605989999850e-01 6.456294564839999868e-03 -3.383734467089999920e-01 3.900724215729999694e-02
-5.589605675769999671e-01 -3.172718771320000020e-01 -5.311703525679999614e-03 3.368369146719999985e-01 -3.567970478940000328e-02 -1.830073590000000083e-01 2.962455903499999765e-01 6.456294564839999868e-03 -3.383734467089999920e-01 3.900724215729999694e-02
