-5.589605675769999671e-01 -3.202639068829999935e-01 -5.900094285180000099e-03 3.352111874690000271e-01 -2.962406574289999997e-02 -5.613463668200000534e-01 3.171900311210000267e-01 5.279513045829999952e-03 -3.367477195060000206e-01 4.506288120379999679e-02
-5.530766142570000543e-01 -3.217599217580000004e-01 1.176631540630000000e-01 2.327893629530000119e-01 3.626506440669999831e-01 -5.613463668200000534e-01 3.171900311210000267e-01 5.279513045829999952e-03 -3.383734467089999920e-01 4.506288120379999679e-02
-4.401044910290000112e-01 -3.217599217580000004e-01 1.859172137679999948e-01 2.246602215819999970e-01 6.432313055599999663e-01 -5.607579760599999963e-01 3.171900311210000267e-01 5.279513045829999952e-03 -3.383734467089999920e-01 4.573572998670000223e-02
-2.835909943470000250e-01 -3.202639068829999935e-01 1.859172137679999948e-01 2.165315855659999955e-01 6.486140958239999810e-01 -5.613463668200000534e-01 3.171900311210000267e-01 5.279513045829999952e-03 -3.383734467089999920e-01 4.506288120379999679e-02
-7.882899813530000466e-02 -3.142798473819999883e-01 1.865056045269999907e-01 2.132801311589999915e-01 6.546698394469999682e-01 -5.607579760599999963e-01 3.171900311210000267e-01 4.691030836099999678e-03 -3.383734467089999920e-01 4.506288120379999679e-02
1.118114369479999981e-01 -2.993194661119999989e-01 1.865056045269999907e-01 2.132801311589999915e-01 6.546698394469999682e-01 -5.607579760599999963e-01 3.171900311210000267e-01 5.279513045829999952e-03 -3.383734467089999920e-01 4.506288120379999679e-02
2.747972319850000011e-01 -2.529425399440000111e-01 1.865056045269999907e-01 2.149058583619999907e-01 6.546698394469999682e-01 -5.613463668200000534e-01 3.171900311210000267e-01 5.279513045829999952e-03 -3.383734467089999920e-01 4.506288120379999679e-02
3.689407594579999783e-01 -2.559345696940000248e-01 2.000386834460000096e-01 2.181573127689999947e-01 6.546698394469999682e-01 -5.607579760599999963e-01 3.171900311210000267e-01 5.279513045829999952e-03 -3.383734467089999920e-01 4.506288120379999679e-02
4.095400876640000187e-01 -2.873513471090000104e-01 2.106298085670000042e-01 2.392922717659999865e-01 6.546698394469999682e-01 -5.607579760599999963e-01 3.171900311210000267e-01 5.279513045829999952e-03 -3.383734467089999920e-01 4.573572998670000223e-02
4.148356045000000103e-01 -3.082957878800000051e-01 2.112181993270000058e-01 2.409179989699999913e-01 6.546698394469999682e-01 -5.613463668200000534e-01 3.171900311210000267e-01 5.279513045829999952e-03 -3.383734467089999920e-01 4.506288120379999679e-02
4.142472137400000087e-01 -3.082957878800000051e-01 2.112181993270000058e-01 2.409179989699999913e-01 6.546698394469999682e-01 -5.613463668200000534e-01 3.171900311210000267e-01 5.279513045829999952e-03 -3.383734467089999920e-01 4.506288120379999679e-02
4.148356045000000103e-01 -3.082957878800000051e-01 2.112181993270000058e-01 2.409179989699999913e-01 6.546698394469999682e-01 -5.613463668200000534e-01 3.171900311210000267e-01 5.279513045829999952e-03 -3.383734467089999920e-01 4.506288120379999679e-02
4.230730751330000206e-01 -3.082957878800000051e-01 2.288701050120000025e-01 2.409179989699999913e-01 5.833471364150000227e-01 -5.607579760599999963e-01 3.171900311210000267e-01 5.279513045829999952e-03 -3.383734467089999920e-01 4.506288120379999679e-02
4.413133715779999910e-01 -2.853821599820000054e-02 3.694968682870000132e-01 2.295374031920000002e-01 2.052024602009999976e-01 -5.613463668200000534e-01 3.171900311210000267e-01 5.279513045829999952e-03 -3.367477195060000206e-01 4.573572998670000223e-02
4.413133715779999910e-01 3.469652379700000067e-01 3.918559914990000226e-01 2.425437261729999905e-01 1.890539848339999884e-01 -5.613463668200000534e-01 3.171900311210000267e-01 5.279513045829999952e-03 -3.367477195060000206e-01 4.506288120379999679e-02
4.413133715779999910e-01 4.666475905779999822e-01 3.918559914990000226e-01 2.441694533759999897e-01 1.897268336169999903e-01 -5.607579760599999963e-01 3.171900311210000267e-01 5.279513045829999952e-03 -3.383734467089999920e-01 4.506288120379999679e-02
4.413133715779999910e-01 4.681436054529999891e-01 3.918559914990000226e-01 2.457951805789999888e-01 1.897268336169999903e-01 -5.613463668200000534e-01 3.171900311210000267e-01 5.279513045829999952e-03 -3.383734467089999920e-01 4.506288120379999679e-02
4.413133715779999910e-01 4.681436054529999891e-01 3.918559914990000226e-01 2.457951805789999888e-01 1.897268336169999903e-01 -5.607579760599999963e-01 3.171900311210000267e-01 5.279513045829999952e-03 -3.367477195060000206e-01 4.506288120379999679e-02
4.413133715779999910e-01 4.666475905779999822e-01 3.918559914990000226e-01 2.457951805789999888e-01 1.890539848339999884e-01 -5.607579760599999963e-01 3.171900311210000267e-01 5.279513045829999952e-03 -3.383734467089999920e-01 4.506288120379999679e-02
4.413133715779999910e-01 4.681436054529999891e-01 3.918559914990000226e-01 2.441694533759999897e-01 1.897268336169999903e-01 -5.607579760599999963e-01 3.171900311210000267e-01 5.279513045829999952e-03 -3.383734467089999920e-01 4.506288120379999679e-02
4.413133715779999910e-01 4.681436054529999891e-01 3.918559914990000226e-01 2.457951805789999888e-01 1.897268336169999903e-01 -5.607579760599999963e-01 3.171900311210000267e-01 5.279513045829999952e-03 -3.383734467089999920e-01 4.573572998670000223e-02
4.413133715779999910e-01 4.681436054529999891e-01 3.918559914990000226e-01 2.457951805789999888e-01 1.897268336169999903e-01 -5.607579760599999963e-01 3.171900311210000267e-01 5.279513045829999952e-03 -3.383734467089999920e-01 4.573572998670000223e-02
4.413133715779999910e-01 4.666475905779999822e-01 3.912676007390000210e-01 2.457951805789999888e-01 1.890539848339999884e-01 -5.607579760599999963e-01 3.171900311210000267e-01 5.279513045829999952e-03 -3.383734467089999920e-01 4.573572998670000223e-02
4.413133715779999910e-01 4.038142682649999982e-01 3.842068201750000189e-01 2.506723621890000198e-01 1.890539848339999884e-01 -5.607579760599999963e-01 3.171900311210000267e-01 5.279513045829999952e-03 -3.383734467089999920e-01 4.573572998670000223e-02
4.407249808179999895e-01 4.038142682649999982e-01 3.842068201750000189e-01 2.506723621890000198e-01 1.883811360509999866e-01 -5.607579760599999963e-01 3.171900311210000267e-01 5.279513045829999952e-03 -3.367477195060000206e-01 4.573572998670000223e-02
4.413133715779999910e-01 4.038142682649999982e-01 3.842068201750000189e-01 2.506723621890000198e-01 1.883811360509999866e-01 -5.613463668200000534e-01 3.171900311210000267e-01 5.279513045829999952e-03 -3.383734467089999920e-01 4.573572998670000223e-02
4.413133715779999910e-01 4.038142682649999982e-01 3.842068201750000189e-01 2.506723621890000198e-01 1.890539848339999884e-01 -5.613463668200000534e-01 3.171900311210000267e-01 5.279513045829999952e-03 -3.383734467089999920e-01 4.506288120379999679e-02
4.413133715779999910e-01 4.038142682649999982e-01 3.842068201750000189e-01 2.490466349859999928e-01 1.890539848339999884e-01 -5.607579760599999963e-01 3.171900311210000267e-01 5.279513045829999952e-03 -3.383734467089999920e-01 4.573572998670000223e-02
4.413133715779999910e-01 4.038142682649999982e-01 3.842068201750000189e-01 2.506723621890000198e-01 1.890539848339999884e-01 -5.613463668200000534e-01 3.171900311210000267e-01 5.279513045829999952e-03 -3.383734467089999920e-01 4.573572998670000223e-02
4.395481992990000197e-01 3.335008715760000020e-01 3.383118836830000253e-01 2.685553614250000276e-01 3.942748505970000150e-01 -5.607579760599999963e-01 3.171900311210000267e-01 5.279513045829999952e-03 -3.383734467089999920e-01 4.506288120379999679e-02
4.083633061449999935e-01 -1.357783472830000060e-02 2.294584957720000040e-01 3.254563188949999852e-01 6.452498519089999718e-01 -5.613463668200000534e-01 3.171900311210000267e-01 5.279513045829999952e-03 -3.367477195060000206e-01 4.573572998670000223e-02
4.142472137400000087e-01 -2.634148765880000020e-01 2.171021983720000104e-01 2.831874116099999950e-01 6.526512408100000329e-01 -5.613463668200000534e-01 3.171900311210000267e-01 5.279513045829999952e-03 -3.367477195060000206e-01 4.506288120379999679e-02
4.166007767780000037e-01 -2.963274363610000073e-01 2.171021983720000104e-01 2.636781798150000244e-01 6.526512408100000329e-01 -5.607579760599999963e-01 3.171900311210000267e-01 5.279513045829999952e-03 -3.383734467089999920e-01 4.573572998670000223e-02
4.148356045000000103e-01 -3.202639068829999935e-01 1.717956526390000127e-01 3.319592277080000153e-01 4.857831216940000085e-01 -5.613463668200000534e-01 3.171900311210000267e-01 5.279513045829999952e-03 -3.367477195060000206e-01 4.506288120379999679e-02
3.406976372000000142e-01 -3.322320258850000041e-01 4.234840524519999788e-02 3.498427322989999810e-01 7.383035627510000157e-03 -5.613463668200000534e-01 3.171900311210000267e-01 5.279513045829999952e-03 -3.367477195060000206e-01 4.573572998670000223e-02
2.518498094630000073e-01 -3.023114958620000126e-01 1.160686279079999961e-03 3.384626418760000033e-01 -2.827836817699999963e-02 -5.607579760599999963e-01 3.171900311210000267e-01 5.279513045829999952e-03 -3.383734467089999920e-01 4.573572998670000223e-02
8.239162462240000318e-02 -2.978234512360000141e-01 -7.076875804190000015e-03 3.368369146719999985e-01 -2.962406574289999997e-02 -5.613463668200000534e-01 3.171900311210000267e-01 5.279513045829999952e-03 -3.367477195060000206e-01 4.573572998670000223e-02
-1.035416843849999990e-01 -2.948314214860000004e-01 -7.076875804190000015e-03 3.384626418760000033e-01 -3.096976330880000031e-02 -5.613463668200000534e-01 3.171900311210000267e-01 5.279513045829999952e-03 -3.367477195060000206e-01 4.573572998670000223e-02
