-5.589605675769999671e-01 -3.202639068829999935e-01 -5.311703525679999614e-03 3.384626418760000033e-01 -3.500685600649999785e-02 -5.607579760599999963e-01 3.186860459959999781e-01 4.691030836099999678e-03 -3.367477195060000206e-01 4.439003242080000189e-02
-5.589605675769999671e-01 -3.142798473819999883e-01 -5.311703525679999614e-03 3.384626418760000033e-01 -3.500685600649999785e-02 -5.542854948050000008e-01 4.697849435020000075e-01 4.691030836099999678e-03 -5.984923260069999751e-01 -3.115504248020000144e-01
-5.589605675769999671e-01 -3.172718771320000020e-01 -5.311703525679999614e-03 3.368369146719999985e-01 -3.433400722350000295e-02 -4.354294639829999758e-01 4.877373545220000106e-01 4.691030836099999678e-03 -7.464350175699999701e-01 -4.245901706849999901e-01
-5.589605675769999671e-01 -3.157758622569999951e-01 -5.311703525679999614e-03 3.368369146719999985e-01 -3.500685600649999785e-02 -2.818580125490000032e-01 4.877373545220000106e-01 4.691030836099999678e-03 -7.480607447729999970e-01 -4.245901706849999901e-01
-5.589605675769999671e-01 -3.157758622569999951e-01 -5.311703525679999614e-03 3.368369146719999985e-01 -3.500685600649999785e-02 -8.003797013419999828e-02 4.862413396470000038e-01 5.279513045829999952e-03 -7.464350175699999701e-01 -4.293001121650000251e-01
-5.589605675769999671e-01 -3.157758622569999951e-01 -5.311703525679999614e-03 3.368369146719999985e-01 -3.500685600649999785e-02 1.094256834300000036e-01 4.802572801459999985e-01 5.279513045829999952e-03 -7.448092903659999653e-01 -4.293001121650000251e-01
-5.589605675769999671e-01 -3.172718771320000020e-01 -5.311703525679999614e-03 3.368369146719999985e-01 -3.500685600649999785e-02 2.494639644949999957e-01 4.458484729800000212e-01 4.691030836099999678e-03 -7.383062552150000402e-01 -4.293001121650000251e-01
-5.589605675769999671e-01 -3.172718771320000020e-01 -4.723221315950000207e-03 3.368369146719999985e-01 -3.500685600649999785e-02 3.306627123590000217e-01 4.563208096240000122e-01 -1.001882960170000052e-02 -7.496864719760000240e-01 -4.293001121650000251e-01
-5.589605675769999671e-01 -3.157758622569999951e-01 -4.723221315950000207e-03 3.368369146719999985e-01 -3.500685600649999785e-02 3.500797903230000174e-01 4.682889286270000007e-01 -1.354917415869999996e-02 -7.643181431440000395e-01 -4.293001121650000251e-01
-5.589605675769999671e-01 -3.157758622569999951e-01 -5.311703525679999614e-03 3.368369146719999985e-01 -3.433400722350000295e-02 3.624360877230000111e-01 4.682889286270000007e-01 -1.413765636849999979e-02 -7.659438703480000443e-01 -4.293001121650000251e-01
-5.589605675769999671e-01 -3.157758622569999951e-01 -4.723221315950000207e-03 3.368369146719999985e-01 -3.500685600649999785e-02 3.624360877230000111e-01 4.682889286270000007e-01 -1.354917415869999996e-02 -7.659438703480000443e-01 -4.293001121650000251e-01
-5.595489583360000463e-01 -3.157758622569999951e-01 -5.311703525679999614e-03 3.368369146719999985e-01 -3.500685600649999785e-02 3.624360877230000111e-01 4.682889286270000007e-01 -1.354917415869999996e-02 -7.659438703480000443e-01 -4.293001121650000251e-01
-5.589605675769999671e-01 -3.157758622569999951e-01 -5.311703525679999614e-03 3.368369146719999985e-01 -3.500685600649999785e-02 3.624360877230000111e-01 4.682889286270000007e-01 -1.354917415869999996e-02 -7.659438703480000443e-01 -3.909473132290000041e-01
-5.589605675769999671e-01 -3.157758622569999951e-01 -4.723221315950000207e-03 3.368369146719999985e-01 -3.500685600649999785e-02 3.559637893679999943e-01 1.660911336149999973e-01 -2.178673624200000089e-02 -7.708211782960000535e-01 -3.687430942380000021e-01
-5.589605675769999671e-01 -3.157758622569999951e-01 -5.311703525679999614e-03 3.384626418760000033e-01 -3.500685600649999785e-02 3.559637893679999943e-01 9.428172205050000532e-02 -2.178673624200000089e-02 -7.740726327029999743e-01 -3.680702454550000002e-01
-5.589605675769999671e-01 -3.172718771320000020e-01 -5.311703525679999614e-03 3.368369146719999985e-01 -3.500685600649999785e-02 3.559637893679999943e-01 9.428172205050000532e-02 -2.178673624200000089e-02 -7.756983599060000012e-01 -3.680702454550000002e-01
-5.589605675769999671e-01 -3.157758622569999951e-01 -5.311703525679999614e-03 3.368369146719999985e-01 -3.500685600649999785e-02 3.559637893679999943e-01 9.428172205050000532e-02 -2.178673624200000089e-02 -7.756983599060000012e-01 -3.687430942380000021e-01
-5.589605675769999671e-01 -3.157758622569999951e-01 -4.723221315950000207e-03 3.368369146719999985e-01 -3.500685600649999785e-02 3.559637893679999943e-01 9.428172205050000532e-02 -2.178673624200000089e-02 -7.756983599060000012e-01 -3.687430942380000021e-01
-5.589605675769999671e-01 -3.157758622569999951e-01 -5.311703525679999614e-03 3.384626418760000033e-01 -3.500685600649999785e-02 3.559637893679999943e-01 9.577773692579999443e-02 -2.119834548249999867e-02 -7.756983599060000012e-01 -3.687430942380000021e-01
-5.589605675769999671e-01 -3.157758622569999951e-01 -5.311703525679999614e-03 3.368369146719999985e-01 -3.433400722350000295e-02 3.559637893679999943e-01 9.428172205050000532e-02 -2.178673624200000089e-02 -7.756983599060000012e-01 -3.687430942380000021e-01
-5.589605675769999671e-01 -3.157758622569999951e-01 -4.723221315950000207e-03 3.368369146719999985e-01 -3.433400722350000295e-02 3.559637893679999943e-01 9.428172205050000532e-02 -2.178673624200000089e-02 -7.756983599060000012e-01 -3.687430942380000021e-01
-5.595489583360000463e-01 -3.157758622569999951e-01 -5.311703525679999614e-03 3.368369146719999985e-01 -3.500685600649999785e-02 3.559637893679999943e-01 9.428172205050000532e-02 -2.178673624200000089e-02 -7.756983599060000012e-01 -3.687430942380000021e-01
-5.589605675769999671e-01 -3.157758622569999951e-01 -5.311703525679999614e-03 3.368369146719999985e-01 -3.500685600649999785e-02 3.436074005179999835e-01 7.333728127949999676e-02 -2.119834548249999867e-02 -7.318033464009999767e-01 -3.680702454550000002e-01
-5.589605675769999671e-01 -3.157758622569999951e-01 -4.723221315950000207e-03 3.384626418760000033e-01 -3.500685600649999785e-02 2.953589009879999949e-01 -1.510672751830000049e-01 -1.060722036119999927e-02 -4.342923624119999770e-01 -3.667245478889999966e-01
-5.589605675769999671e-01 -3.157758622569999951e-01 -4.723221315950000207e-03 3.368369146719999985e-01 -3.500685600649999785e-02 2.835909943470000250e-01 -1.196504977680000054e-01 -1.354917415869999996e-02 -2.668406917330000128e-01 -3.667245478889999966e-01
-5.589605675769999671e-01 -3.157758622569999951e-01 -4.723221315950000207e-03 3.368369146719999985e-01 -3.500685600649999785e-02 2.841793851070000265e-01 -1.196504977680000054e-01 -1.354917415869999996e-02 -2.619635101230000096e-01 -3.660516991059999947e-01
-5.589605675769999671e-01 -3.157758622569999951e-01 -5.311703525679999614e-03 3.368369146719999985e-01 -3.500685600649999785e-02 2.835909943470000250e-01 -1.196504977680000054e-01 -1.354917415869999996e-02 -2.587120557159999779e-01 -3.660516991059999947e-01
-5.589605675769999671e-01 -3.157758622569999951e-01 -5.311703525679999614e-03 3.368369146719999985e-01 -3.500685600649999785e-02 2.835909943470000250e-01 -1.196504977680000054e-01 -1.354917415869999996e-02 -2.587120557159999779e-01 -3.667245478889999966e-01
-5.589605675769999671e-01 -3.157758622569999951e-01 -5.311703525679999614e-03 3.368369146719999985e-01 -3.500685600649999785e-02 2.835909943470000250e-01 -1.196504977680000054e-01 -1.354917415869999996e-02 -2.587120557159999779e-01 -3.667245478889999966e-01
-5.589605675769999671e-01 -3.172718771320000020e-01 -5.311703525679999614e-03 3.368369146719999985e-01 -3.500685600649999785e-02 2.930053379499999999e-01 -3.437695232600000012e-02 -3.531990661099999873e-02 -3.838943137560000274e-01 -4.178614737010000191e-01
-5.589605675769999671e-01 -3.157758622569999951e-01 -4.723221315950000207e-03 3.368369146719999985e-01 -3.500685600649999785e-02 3.406654467210000203e-01 3.067176944769999802e-01 -3.473151585149999998e-02 -7.236745840460000467e-01 -4.225716243359999846e-01
-5.589605675769999671e-01 -3.157758622569999951e-01 -5.311703525679999614e-03 3.368369146719999985e-01 -3.500685600649999785e-02 3.594941339250000145e-01 4.578168244999999970e-01 -1.825639168500000145e-02 -7.708211782960000535e-01 -4.225716243359999846e-01
-5.589605675769999671e-01 -3.157758622569999951e-01 -5.311703525679999614e-03 3.368369146719999985e-01 -3.500685600649999785e-02 3.594941339250000145e-01 4.623048691259999954e-01 -1.766800092549999923e-02 -7.708211782960000535e-01 -4.225716243359999846e-01
-5.589605675769999671e-01 -3.157758622569999951e-01 -5.311703525679999614e-03 3.368369146719999985e-01 -3.500685600649999785e-02 3.459610550059999956e-01 3.680550019150000129e-01 -1.943317320399999895e-02 -6.667736265770000115e-01 -2.368634778550000042e-01
-5.589605675769999671e-01 -3.172718771320000020e-01 -5.311703525679999614e-03 3.352111874690000271e-01 -3.500685600649999785e-02 2.912401656709999731e-01 2.917575457239999781e-01 -1.413765636849999979e-02 -3.334962650989999888e-01 2.756870827009999872e-02
-5.589605675769999671e-01 -3.157758622569999951e-01 -5.311703525679999614e-03 3.368369146719999985e-01 -3.500685600649999785e-02 1.623813090369999879e-01 2.827812239549999940e-01 8.809857602849999886e-03 -3.432506283189999952e-01 3.900724215729999694e-02
-5.589605675769999671e-01 -3.157758622569999951e-01 -5.311703525679999614e-03 3.352111874690000271e-01 -3.500685600649999785e-02 -2.060995472299999992e-02 2.812852090799999871e-01 8.809857602849999886e-03 -3.399991739120000189e-01 4.035293972319999728e-02
-5.589605675769999671e-01 -3.157758622569999951e-01 -4.723221315950000207e-03 3.368369146719999985e-01 -3.500685600649999785e-02 -2.112503898070000052e-01 2.827812239549999940e-01 8.809857602849999886e-03 -3.399991739120000189e-01 4.035293972319999728e-02
