-5.589605675769999671e-01 -3.187678920070000088e-01 -5.311703525679999614e-03 3.384626418760000033e-01 -3.702540235529999668e-02 -5.613463668200000534e-01 3.186860459959999781e-01 5.279513045829999952e-03 -3.383734467089999920e-01 4.439003242080000189e-02
-5.589605675769999671e-01 -3.187678920070000088e-01 -5.311703525679999614e-03 3.384626418760000033e-01 -3.702540235529999668e-02 -5.613463668200000534e-01 3.186860459959999781e-01 -3.120107984430000106e-02 -2.489576924970000049e-01 -6.326681862150000668e-02
-5.589605675769999671e-01 -3.187678920070000088e-01 -5.311703525679999614e-03 3.384626418760000033e-01 -3.702540235529999668e-02 -4.972110424319999833e-01 3.186860459959999781e-01 -1.777118421639999890e-01 -2.310744405830000014e-01 -5.914581329350000471e-01
-5.589605675769999671e-01 -3.187678920070000088e-01 -5.311703525679999614e-03 3.384626418760000033e-01 -3.702540235529999668e-02 -3.512888537719999760e-01 3.186860459959999781e-01 -1.853610134879999927e-01 -2.213200773640000008e-01 -6.499966045139999871e-01
-5.589605675769999671e-01 -3.172718771320000020e-01 -5.311703525679999614e-03 3.384626418760000033e-01 -3.702540235529999668e-02 -1.741814061570000072e-01 3.171900311210000267e-01 -1.853610134879999927e-01 -2.148169158730000028e-01 -6.520151508629999926e-01
-5.589605675769999671e-01 -3.187678920070000088e-01 -5.311703525679999614e-03 3.384626418760000033e-01 -3.702540235529999668e-02 3.293415309319999706e-02 3.022296498509999818e-01 -1.853610134879999927e-01 -2.148169158730000028e-01 -6.573981502800000376e-01
-5.589605675769999671e-01 -3.187678920070000088e-01 -5.311703525679999614e-03 3.384626418760000033e-01 -3.702540235529999668e-02 2.018038557240000030e-01 2.618370157009999866e-01 -1.853610134879999927e-01 -2.148169158730000028e-01 -6.573981502800000376e-01
-5.589605675769999671e-01 -3.172718771320000020e-01 -5.311703525679999614e-03 3.384626418760000033e-01 -3.702540235529999668e-02 3.294859308399999964e-01 2.618370157009999866e-01 -1.900681395640000104e-01 -2.164426430760000020e-01 -6.573981502800000376e-01
-5.589605675769999671e-01 -3.172718771320000020e-01 -5.311703525679999614e-03 3.384626418760000033e-01 -3.702540235529999668e-02 4.048006796579999844e-01 2.827812239549999940e-01 -2.177227796110000058e-01 -2.375773493960000038e-01 -6.284652343050000090e-01
-5.589605675769999671e-01 -3.172718771320000020e-01 -5.311703525679999614e-03 3.384626418760000033e-01 -3.702540235529999668e-02 4.383392730260000092e-01 7.632931103010000273e-02 -3.477583263149999770e-01 -2.310744405830000014e-01 -2.274434903170000077e-01
-5.589605675769999671e-01 -3.187678920070000088e-01 -5.311703525679999614e-03 3.384626418760000033e-01 -3.702540235529999668e-02 4.389276637849999774e-01 -3.006701578140000275e-01 -3.901230097000000230e-01 -2.408288038030000078e-01 -1.863992962490000072e-01
-5.589605675769999671e-01 -3.172718771320000020e-01 -5.311703525679999614e-03 3.384626418760000033e-01 -3.702540235529999668e-02 4.395160545449999789e-01 -4.442889809430000114e-01 -3.901230097000000230e-01 -2.457062380900000009e-01 -1.870721450320000090e-01
-5.589605675769999671e-01 -3.172718771320000020e-01 -5.311703525679999614e-03 3.384626418760000033e-01 -3.702540235529999668e-02 4.401044910290000112e-01 -4.697214663400000045e-01 -3.901230097000000230e-01 -2.473319652930000001e-01 -1.863992962490000072e-01
-5.589605675769999671e-01 -3.172718771320000020e-01 -5.311703525679999614e-03 3.384626418760000033e-01 -3.702540235529999668e-02 4.401044910290000112e-01 -4.682254514649999977e-01 -3.901230097000000230e-01 -2.473319652930000001e-01 -1.863992962490000072e-01
-5.589605675769999671e-01 -3.172718771320000020e-01 -5.311703525679999614e-03 3.384626418760000033e-01 -3.702540235529999668e-02 4.401044910290000112e-01 -4.682254514649999977e-01 -3.901230097000000230e-01 -2.473319652930000001e-01 -1.877449938150000108e-01
-5.589605675769999671e-01 -3.187678920070000088e-01 -5.311703525679999614e-03 3.384626418760000033e-01 -3.702540235529999668e-02 4.401044910290000112e-01 -4.188564955460000183e-01 -3.901230097000000230e-01 -2.538348741070000081e-01 -1.863992962490000072e-01
-5.589605675769999671e-01 -3.172718771320000020e-01 -5.900094285180000099e-03 3.384626418760000033e-01 -3.702540235529999668e-02 4.401044910290000112e-01 -3.949200250250000099e-01 -3.901230097000000230e-01 -2.554606013099999795e-01 -1.863992962490000072e-01
-5.589605675769999671e-01 -3.172718771320000020e-01 -5.311703525679999614e-03 3.384626418760000033e-01 -3.702540235529999668e-02 4.401044910290000112e-01 -3.949200250250000099e-01 -3.901230097000000230e-01 -2.554606013099999795e-01 -1.863992962490000072e-01
-5.589605675769999671e-01 -3.172718771320000020e-01 -5.311703525679999614e-03 3.384626418760000033e-01 -3.702540235529999668e-02 4.401044910290000112e-01 -3.949200250250000099e-01 -3.901230097000000230e-01 -2.538348741070000081e-01 -1.870721450320000090e-01
-5.589605675769999671e-01 -3.187678920070000088e-01 -5.311703525679999614e-03 3.384626418760000033e-01 -3.702540235529999668e-02 4.395160545449999789e-01 -3.949200250250000099e-01 -3.901230097000000230e-01 -2.538348741070000081e-01 -1.870721450320000090e-01
-5.589605675769999671e-01 -3.172718771320000020e-01 -5.311703525679999614e-03 3.384626418760000033e-01 -3.702540235529999668e-02 4.395160545449999789e-01 -3.485430988570000221e-01 -3.536424168100000265e-01 -2.652149645290000080e-01 -3.263532026040000256e-01
-5.589605675769999671e-01 -3.172718771320000020e-01 -5.311703525679999614e-03 3.384626418760000033e-01 -3.702540235529999668e-02 4.089194149750000062e-01 -1.792055618080000065e-02 -2.359630760560000040e-01 -3.269933562860000142e-01 -6.425952679009999668e-01
-5.589605675769999671e-01 -3.172718771320000020e-01 -5.311703525679999614e-03 3.384626418760000033e-01 -3.702540235529999668e-02 4.130382417410000118e-01 2.723091198279999903e-01 -2.153692165730000108e-01 -2.993557411530000101e-01 -6.486509069479999834e-01
-5.589605675769999671e-01 -3.172718771320000020e-01 -5.311703525679999614e-03 3.384626418760000033e-01 -3.702540235529999668e-02 3.624360877230000111e-01 3.216780757470000252e-01 -9.239435898419999516e-02 -3.546309714190000184e-01 -1.783251108530000129e-01
-5.589605675769999671e-01 -3.172718771320000020e-01 -5.311703525679999614e-03 3.384626418760000033e-01 -3.702540235529999668e-02 2.959472917470000186e-01 3.082139418689999744e-01 -1.531443788750000076e-02 -3.334962650989999888e-01 3.227864975070000170e-02
-5.589605675769999671e-01 -3.187678920070000088e-01 -5.311703525679999614e-03 3.384626418760000033e-01 -3.702540235529999668e-02 1.517901839159999933e-01 3.007336349759999750e-01 6.456294564839999868e-03 -3.351219923020000158e-01 3.833439337430000204e-02
