-5.589605675769999671e-01 -3.187678920070000088e-01 -5.311703525679999614e-03 3.384626418760000033e-01 -3.702540235529999668e-02 -5.619347575790000215e-01 3.186860459959999781e-01 4.691030836099999678e-03 -3.367477195060000206e-01 4.506288120379999679e-02
-5.589605675769999671e-01 -3.187678920070000088e-01 -5.311703525679999614e-03 3.384626418760000033e-01 -3.702540235529999668e-02 -5.619347575790000215e-01 2.723091198279999903e-01 1.234020215989999926e-02 -2.717181260200000059e-01 -6.730391131919999381e-02
-5.589605675769999671e-01 -3.187678920070000088e-01 -5.311703525679999614e-03 3.384626418760000033e-01 -3.702540235529999668e-02 -4.307223379069999858e-01 -6.429748234870000245e-02 1.488482301179999967e-01 1.135830113169999933e-01 -5.544512407189999825e-01
-5.589605675769999671e-01 -3.187678920070000088e-01 -5.311703525679999614e-03 3.384626418760000033e-01 -3.702540235529999668e-02 -2.424354658610000102e-01 -4.098801737769999787e-01 3.271323678020000014e-01 2.680286116930000184e-01 -6.082795616630000124e-01
-5.589605675769999671e-01 -3.187678920070000088e-01 -5.311703525679999614e-03 3.384626418760000033e-01 -3.702540235529999668e-02 -1.082810923910000056e-01 -4.592493622130000008e-01 4.401044910290000112e-01 2.794089547929999862e-01 -6.096252592290000161e-01
-5.589605675769999671e-01 -3.187678920070000088e-01 -5.311703525679999614e-03 3.384626418760000033e-01 -3.702540235529999668e-02 -6.768167273439999743e-02 -4.816898178590000024e-01 4.536375699479999746e-01 2.875375908100000211e-01 -6.102981080110000400e-01
-5.589605675769999671e-01 -3.187678920070000088e-01 -5.311703525679999614e-03 3.384626418760000033e-01 -3.702540235529999668e-02 -6.827006349389999618e-02 -4.816898178590000024e-01 4.536375699479999746e-01 2.875375908100000211e-01 -6.096252592290000161e-01
-5.589605675769999671e-01 -3.187678920070000088e-01 -5.311703525679999614e-03 3.384626418760000033e-01 -3.702540235529999668e-02 -6.827006349389999618e-02 -4.831858327340000092e-01 4.536375699479999746e-01 2.875375908100000211e-01 -6.096252592290000161e-01
-5.589605675769999671e-01 -3.187678920070000088e-01 -5.311703525679999614e-03 3.384626418760000033e-01 -3.702540235529999668e-02 -6.827006349389999618e-02 -4.816898178590000024e-01 4.536375699479999746e-01 2.875375908100000211e-01 -6.304837806540000145e-01
-5.589605675769999671e-01 -3.172718771320000020e-01 -5.311703525679999614e-03 3.384626418760000033e-01 -3.702540235529999668e-02 -8.474518766039999818e-02 -4.816898178590000024e-01 4.536375699479999746e-01 1.054543753010000057e-01 -6.533608484280000184e-01
-5.589605675769999671e-01 -3.187678920070000088e-01 -5.311703525679999614e-03 3.384626418760000033e-01 -3.702540235529999668e-02 -8.533357841989999693e-02 -4.816898178590000024e-01 4.542259607069999983e-01 -3.497537898090000152e-01 -6.533608484280000184e-01
-5.589605675769999671e-01 -3.187678920070000088e-01 -5.311703525679999614e-03 3.384626418760000033e-01 -3.702540235529999668e-02 -9.239435898419999516e-02 -4.831858327340000092e-01 4.542259607069999983e-01 -6.618963186280000244e-01 -6.540336972110000202e-01
-5.589605675769999671e-01 -3.187678920070000088e-01 -5.311703525679999614e-03 3.384626418760000033e-01 -3.702540235529999668e-02 -9.651309430070000028e-02 -4.816898178590000024e-01 4.542259607069999983e-01 -7.366805280110000353e-01 -6.553793947770000239e-01
-5.589605675769999671e-01 -3.187678920070000088e-01 -5.311703525679999614e-03 3.384626418760000033e-01 -3.702540235529999668e-02 -9.651309430070000028e-02 -4.816898178590000024e-01 4.542259607069999983e-01 -7.448092903659999653e-01 -6.553793947770000239e-01
-5.589605675769999671e-01 -3.187678920070000088e-01 -5.311703525679999614e-03 3.384626418760000033e-01 -3.702540235529999668e-02 -9.651309430070000028e-02 -4.816898178590000024e-01 4.542259607069999983e-01 -7.448092903659999653e-01 -6.547065459940000220e-01
-5.589605675769999671e-01 -3.187678920070000088e-01 -5.311703525679999614e-03 3.384626418760000033e-01 -3.702540235529999668e-02 -9.651309430070000028e-02 -4.831858327340000092e-01 4.542259607069999983e-01 -7.074171856750000043e-01 -6.560522435600000257e-01
-5.589605675769999671e-01 -3.187678920070000088e-01 -5.311703525679999614e-03 3.384626418760000033e-01 -3.702540235529999668e-02 -9.651309430070000028e-02 -4.816898178590000024e-01 4.542259607069999983e-01 -3.773912786040000134e-01 -6.560522435600000257e-01
-5.589605675769999671e-01 -3.187678920070000088e-01 -5.311703525679999614e-03 3.384626418760000033e-01 -3.702540235529999668e-02 -9.651309430070000028e-02 -4.816898178590000024e-01 4.542259607069999983e-01 -3.530052442159999915e-01 -6.560522435600000257e-01
-5.589605675769999671e-01 -3.187678920070000088e-01 -5.311703525679999614e-03 3.384626418760000033e-01 -3.702540235529999668e-02 -9.651309430070000028e-02 -4.831858327340000092e-01 4.542259607069999983e-01 -3.530052442159999915e-01 -6.560522435600000257e-01
-5.589605675769999671e-01 -3.187678920070000088e-01 -5.311703525679999614e-03 3.384626418760000033e-01 -3.702540235529999668e-02 -9.651309430070000028e-02 -4.816898178590000024e-01 4.542259607069999983e-01 -3.530052442159999915e-01 -6.560522435600000257e-01
-5.589605675769999671e-01 -3.187678920070000088e-01 -5.311703525679999614e-03 3.384626418760000033e-01 -3.702540235529999668e-02 -7.650762557720000578e-02 -4.831858327340000092e-01 4.542259607069999983e-01 -3.074843771690000116e-01 -6.271195367390000053e-01
-5.589605675769999671e-01 -3.187678920070000088e-01 -5.311703525679999614e-03 3.384626418760000033e-01 -3.702540235529999668e-02 -7.238889026059999732e-02 -4.816898178590000024e-01 4.542259607069999983e-01 6.806214427079999851e-02 -6.203910489099999648e-01
-5.589605675769999671e-01 -3.187678920070000088e-01 -5.311703525679999614e-03 3.384626418760000033e-01 -3.702540235529999668e-02 -7.238889026059999732e-02 -4.816898178590000024e-01 4.542259607069999983e-01 2.696543388959999898e-01 -6.062610153140000069e-01
-5.589605675769999671e-01 -3.172718771320000020e-01 -5.311703525679999614e-03 3.384626418760000033e-01 -3.702540235529999668e-02 -1.271097795960000054e-01 -2.842137616689999757e-01 3.836184294159999952e-01 1.929007549519999934e-02 -1.985106789190000109e-01
-5.589605675769999671e-01 -3.172718771320000020e-01 -5.311703525679999614e-03 3.384626418760000033e-01 -3.702540235529999668e-02 -3.101010433559999724e-01 9.876976667640000040e-02 2.065110732509999880e-01 -3.383734467089999920e-01 3.766154459139999661e-02
-5.589605675769999671e-01 -3.202639068829999935e-01 -5.311703525679999614e-03 3.091990468620000043e-01 -3.702540235529999668e-02 -4.919155255959999917e-01 2.753011495789999818e-01 4.234840524519999788e-02 -3.399991739120000189e-01 4.439003242080000189e-02
