-5.583721768170000210e-01 -3.202639068829999935e-01 -6.488485044690000397e-03 3.368369146719999985e-01 -3.366115844059999751e-02 -5.607579760599999963e-01 3.201820608720000183e-01 6.456294564839999868e-03 -3.383734467089999920e-01 4.439003242080000189e-02
-5.583721768170000210e-01 -3.202639068829999935e-01 -5.900094285180000099e-03 3.368369146719999985e-01 -3.366115844059999751e-02 -5.607579760599999963e-01 3.186860459959999781e-01 -4.885298552979999709e-02 -2.473319652930000001e-01 -1.184409417090000055e-01
-5.583721768170000210e-01 -3.202639068829999935e-01 -6.488485044690000397e-03 3.368369146719999985e-01 -3.366115844059999751e-02 -5.472248056909999603e-01 3.186860459959999781e-01 -1.300517333929999964e-01 -2.375773493960000038e-01 -3.869102205309999931e-01
-5.583721768170000210e-01 -3.202639068829999935e-01 -5.900094285180000099e-03 3.368369146719999985e-01 -3.366115844059999751e-02 -3.742362762929999920e-01 3.186860459959999781e-01 -1.841842319689999952e-01 -2.229458045669999999e-01 -6.486509069479999834e-01
-5.583721768170000210e-01 -3.202639068829999935e-01 -5.900094285180000099e-03 3.368369146719999985e-01 -3.366115844059999751e-02 -1.853610134879999927e-01 3.171900311210000267e-01 -1.847726227279999911e-01 -2.034368254499999973e-01 -6.526879996450000165e-01
-5.583721768170000210e-01 -3.202639068829999935e-01 -5.900094285180000099e-03 3.368369146719999985e-01 -3.366115844059999751e-02 -1.825639168500000145e-02 3.067176944769999802e-01 -1.847726227279999911e-01 -2.131911886700000036e-01 -6.567250923430000276e-01
-5.583721768170000210e-01 -3.202639068829999935e-01 -5.900094285180000099e-03 3.368369146719999985e-01 -3.366115844059999751e-02 1.912127306030000085e-01 2.588447534339999856e-01 -1.841842319689999952e-01 -2.148169158730000028e-01 -6.567250923430000276e-01
-5.583721768170000210e-01 -3.202639068829999935e-01 -6.488485044690000397e-03 3.368369146719999985e-01 -3.366115844059999751e-02 3.230135410350000180e-01 2.573487385589999787e-01 -1.888913580450000129e-01 -2.164426430760000020e-01 -6.567250923430000276e-01
-5.583721768170000210e-01 -3.202639068829999935e-01 -6.488485044690000397e-03 3.368369146719999985e-01 -3.366115844059999751e-02 3.906792099799999973e-01 2.827812239549999940e-01 -2.041897006929999925e-01 -2.310744405830000014e-01 -6.567250923430000276e-01
-5.583721768170000210e-01 -3.202639068829999935e-01 -5.900094285180000099e-03 3.368369146719999985e-01 -3.366115844059999751e-02 4.183337585770000033e-01 3.052216796019999734e-01 -2.094852175280000062e-01 -2.392030766000000086e-01 -6.567250923430000276e-01
-5.583721768170000210e-01 -3.202639068829999935e-01 -6.488485044690000397e-03 3.368369146719999985e-01 -3.366115844059999751e-02 4.183337585770000033e-01 3.067176944769999802e-01 -2.094852175280000062e-01 -2.392030766000000086e-01 -6.567250923430000276e-01
-5.583721768170000210e-01 -3.202639068829999935e-01 -6.488485044690000397e-03 3.368369146719999985e-01 -3.366115844059999751e-02 4.183337585770000033e-01 3.067176944769999802e-01 -2.094852175280000062e-01 -2.392030766000000086e-01 -6.567250923430000276e-01
-5.583721768170000210e-01 -3.202639068829999935e-01 -5.900094285180000099e-03 3.368369146719999985e-01 -3.366115844059999751e-02 4.189221493360000270e-01 3.067176944769999802e-01 -2.094852175280000062e-01 -2.408288038030000078e-01 -6.567250923430000276e-01
-5.583721768170000210e-01 -3.202639068829999935e-01 -5.900094285180000099e-03 3.368369146719999985e-01 -3.366115844059999751e-02 4.301017566670000125e-01 2.797891942049999803e-01 -2.589105900279999872e-01 -2.359516221930000046e-01 -4.656343647530000185e-01
-5.583721768170000210e-01 -3.202639068829999935e-01 -5.900094285180000099e-03 3.368369146719999985e-01 -3.366115844059999751e-02 4.412812725479999809e-01 -8.075387849380000205e-02 -3.818853561669999785e-01 -2.261972589729999983e-01 -1.911093423059999907e-01
-5.583721768170000210e-01 -3.202639068829999935e-01 -5.900094285180000099e-03 3.368369146719999985e-01 -3.366115844059999751e-02 4.412812725479999809e-01 -4.038961142759999734e-01 -3.895346189409999993e-01 -2.440805108870000018e-01 -1.863992962490000072e-01
-5.583721768170000210e-01 -3.202639068829999935e-01 -6.488485044690000397e-03 3.368369146719999985e-01 -3.366115844059999751e-02 4.418696633079999825e-01 -4.742095109660000030e-01 -3.895346189409999993e-01 -2.440805108870000018e-01 -1.863992962490000072e-01
-5.583721768170000210e-01 -3.202639068829999935e-01 -6.488485044690000397e-03 3.368369146719999985e-01 -3.366115844059999751e-02 4.418696633079999825e-01 -4.742095109660000030e-01 -3.895346189409999993e-01 -2.473319652930000001e-01 -1.857264474660000053e-01
-5.583721768170000210e-01 -3.202639068829999935e-01 -5.900094285180000099e-03 3.368369146719999985e-01 -3.366115844059999751e-02 4.418696633079999825e-01 -4.742095109660000030e-01 -3.895346189409999993e-01 -2.473319652930000001e-01 -1.863992962490000072e-01
-5.583721768170000210e-01 -3.202639068829999935e-01 -5.900094285180000099e-03 3.368369146719999985e-01 -3.366115844059999751e-02 4.418696633079999825e-01 -4.742095109660000030e-01 -3.895346189409999993e-01 -2.473319652930000001e-01 -1.870721450320000090e-01
-5.583721768170000210e-01 -3.202639068829999935e-01 -6.488485044690000397e-03 3.368369146719999985e-01 -3.366115844059999751e-02 4.418696633079999825e-01 -4.742095109660000030e-01 -3.895346189409999993e-01 -2.473319652930000001e-01 -1.870721450320000090e-01
-5.583721768170000210e-01 -3.202639068829999935e-01 -5.900094285180000099e-03 3.368369146719999985e-01 -3.366115844059999751e-02 4.418696633079999825e-01 -4.742095109660000030e-01 -3.895346189409999993e-01 -2.473319652930000001e-01 -1.870721450320000090e-01
-5.583721768170000210e-01 -3.202639068829999935e-01 -5.900094285180000099e-03 3.384626418760000033e-01 -3.366115844059999751e-02 4.418696633079999825e-01 -4.742095109660000030e-01 -3.895346189409999993e-01 -2.473319652930000001e-01 -1.870721450320000090e-01
-5.583721768170000210e-01 -3.202639068829999935e-01 -5.900094285180000099e-03 3.368369146719999985e-01 -3.366115844059999751e-02 4.418696633079999825e-01 -4.038961142759999734e-01 -3.895346189409999993e-01 -2.538348741070000081e-01 -1.857264474660000053e-01
-5.583721768170000210e-01 -3.202639068829999935e-01 -6.488485044690000397e-03 3.368369146719999985e-01 -3.366115844059999751e-02 4.418696633079999825e-01 -4.024000994010000221e-01 -3.895346189409999993e-01 -2.538348741070000081e-01 -1.857264474660000053e-01
-5.583721768170000210e-01 -3.202639068829999935e-01 -5.900094285180000099e-03 3.368369146719999985e-01 -3.366115844059999751e-02 4.418696633079999825e-01 -4.009040845260000152e-01 -3.895346189409999993e-01 -2.538348741070000081e-01 -1.857264474660000053e-01
-5.583721768170000210e-01 -3.202639068829999935e-01 -6.488485044690000397e-03 3.368369146719999985e-01 -3.366115844059999751e-02 4.418696633079999825e-01 -4.009040845260000152e-01 -3.895346189409999993e-01 -2.538348741070000081e-01 -1.863992962490000072e-01
-5.583721768170000210e-01 -3.202639068829999935e-01 -5.900094285180000099e-03 3.368369146719999985e-01 -3.366115844059999751e-02 4.418696633079999825e-01 -4.009040845260000152e-01 -3.895346189409999993e-01 -2.538348741070000081e-01 -1.863992962490000072e-01
-5.583721768170000210e-01 -3.202639068829999935e-01 -6.488485044690000397e-03 3.368369146719999985e-01 -3.366115844059999751e-02 4.418696633079999825e-01 -4.009040845260000152e-01 -3.895346189409999993e-01 -2.538348741070000081e-01 -1.863992962490000072e-01
-5.583721768170000210e-01 -3.202639068829999935e-01 -6.488485044690000397e-03 3.368369146719999985e-01 -3.366115844059999751e-02 4.418696633079999825e-01 -4.024000994010000221e-01 -3.895346189409999993e-01 -2.538348741070000081e-01 -1.863992962490000072e-01
-5.583721768170000210e-01 -3.202639068829999935e-01 -6.488485044690000397e-03 3.368369146719999985e-01 -3.366115844059999751e-02 4.395160545449999789e-01 -3.350787324619999841e-01 -3.459931540360000057e-01 -2.684664189359999842e-01 -3.573045603510000001e-01
-5.583721768170000210e-01 -3.202639068829999935e-01 -5.900094285180000099e-03 3.368369146719999985e-01 -3.366115844059999751e-02 4.089194149750000062e-01 8.231337053119999747e-02 -2.324327314990000115e-01 -3.269933562860000142e-01 -6.499966045139999871e-01
-5.583721768170000210e-01 -3.202639068829999935e-01 -6.488485044690000397e-03 3.368369146719999985e-01 -3.366115844059999751e-02 4.148034140199999831e-01 2.767971644539999887e-01 -2.200763426490000008e-01 -2.798467620360000074e-01 -6.540336972110000202e-01
-5.583721768170000210e-01 -3.202639068829999935e-01 -5.900094285180000099e-03 3.368369146719999985e-01 -3.366115844059999751e-02 4.206874130650000154e-01 3.007336349759999750e-01 -2.200763426490000008e-01 -2.538348741070000081e-01 -6.540336972110000202e-01
-5.583721768170000210e-01 -3.217599217580000004e-01 -5.900094285180000099e-03 3.368369146719999985e-01 -3.366115844059999751e-02 4.053890704179999860e-01 3.201820608720000183e-01 -1.630018902760000110e-01 -3.367477195060000206e-01 -4.589056677689999919e-01
-5.583721768170000210e-01 -3.202639068829999935e-01 -5.900094285180000099e-03 3.368369146719999985e-01 -3.366115844059999751e-02 3.288975400799999949e-01 3.366384570170000146e-01 -4.002703268709999901e-02 -3.481280626059999883e-01 1.327292003910000026e-03
-5.583721768170000210e-01 -3.202639068829999935e-01 -6.488485044690000397e-03 3.368369146719999985e-01 -3.366115844059999751e-02 2.394612301340000027e-01 2.992376201010000236e-01 -5.900094285180000099e-03 -3.367477195060000206e-01 3.766154459139999661e-02
-5.583721768170000210e-01 -3.202639068829999935e-01 -6.488485044690000397e-03 3.368369146719999985e-01 -3.366115844059999751e-02 -2.943590756580000134e-02 2.962455903499999765e-01 5.867903805340000251e-03 -3.383734467089999920e-01 3.900724215729999694e-02
