-5.583721768170000210e-01 -3.202639068829999935e-01 -4.723221315950000207e-03 3.384626418760000033e-01 -2.962406574289999997e-02 -5.607579760599999963e-01 3.186860459959999781e-01 5.279513045829999952e-03 -3.383734467089999920e-01 4.506288120379999679e-02
-5.583721768170000210e-01 -4.354579823479999834e-01 -5.311703525679999614e-03 4.213752345969999924e-01 1.601211734359999916e-01 -5.613463668200000534e-01 3.171900311210000267e-01 5.279513045829999952e-03 -3.367477195060000206e-01 4.506288120379999679e-02
-4.754082566749999739e-01 -4.758508490139999880e-01 -4.723221315950000207e-03 7.432722529749999918e-01 4.245532549839999836e-01 -5.607579760599999963e-01 3.156940162460000199e-01 5.279513045829999952e-03 -3.383734467089999920e-01 4.506288120379999679e-02
-3.389002744419999935e-01 -4.773468638899999728e-01 -5.311703525679999614e-03 7.514013943459999512e-01 4.299361498240000246e-01 -5.607579760599999963e-01 3.156940162460000199e-01 5.279513045829999952e-03 -3.367477195060000206e-01 4.506288120379999679e-02
-1.523785746749999892e-01 -4.773468638899999728e-01 -4.723221315950000207e-03 7.497751617879999664e-01 4.306089986070000264e-01 -5.607579760599999963e-01 3.156940162460000199e-01 5.279513045829999952e-03 -3.383734467089999920e-01 4.573572998670000223e-02
3.414312509200000123e-02 -4.728588192639999743e-01 -5.311703525679999614e-03 7.497751617879999664e-01 4.319546961729999746e-01 -5.607579760599999963e-01 3.156940162460000199e-01 5.279513045829999952e-03 -3.383734467089999920e-01 4.506288120379999679e-02
1.994824831660000075e-01 -4.534106258849999738e-01 -4.723221315950000207e-03 7.448979801780000187e-01 4.339732425219999801e-01 -5.607579760599999963e-01 3.156940162460000199e-01 5.279513045829999952e-03 -3.383734467089999920e-01 4.506288120379999679e-02
3.071590895579999758e-01 -4.534106258849999738e-01 4.102640076600000060e-03 7.416465257709999870e-01 4.339732425219999801e-01 -5.607579760599999963e-01 3.156940162460000199e-01 5.279513045829999952e-03 -3.383734467089999920e-01 4.573572998670000223e-02
3.489352907339999810e-01 -4.578986705110000277e-01 1.587063816709999992e-02 7.644072119720000114e-01 4.346460913049999819e-01 -5.607579760599999963e-01 3.156940162460000199e-01 5.279513045829999952e-03 -3.367477195060000206e-01 4.573572998670000223e-02
3.577611521269999928e-01 -4.683707746379999759e-01 1.587063816709999992e-02 7.660329391760000162e-01 4.339732425219999801e-01 -5.607579760599999963e-01 3.156940162460000199e-01 5.279513045829999952e-03 -3.383734467089999920e-01 4.573572998670000223e-02
3.577611521269999928e-01 -4.683707746379999759e-01 1.587063816709999992e-02 7.660329391760000162e-01 4.339732425219999801e-01 -5.607579760599999963e-01 3.156940162460000199e-01 5.279513045829999952e-03 -3.383734467089999920e-01 4.573572998670000223e-02
3.577611521269999928e-01 -4.683707746379999759e-01 1.587063816709999992e-02 7.660329391760000162e-01 4.339732425219999801e-01 -5.607579760599999963e-01 3.156940162460000199e-01 5.279513045829999952e-03 -3.383734467089999920e-01 4.506288120379999679e-02
3.577611521269999928e-01 -4.683707746379999759e-01 1.587063816709999992e-02 7.660329391760000162e-01 4.346460913049999819e-01 -5.607579760599999963e-01 3.156940162460000199e-01 5.279513045829999952e-03 -3.383734467089999920e-01 4.506288120379999679e-02
3.571727613669999912e-01 -3.367203030279999898e-01 2.234293652169999991e-02 7.660329391760000162e-01 3.653420391989999905e-01 -5.607579760599999963e-01 3.156940162460000199e-01 5.279513045829999952e-03 -3.383734467089999920e-01 4.573572998670000223e-02
3.559959798480000215e-01 -1.153077763160000047e-01 2.410820025039999911e-02 7.692843935819999590e-01 3.626506440669999831e-01 -5.613463668200000534e-01 3.156940162460000199e-01 5.279513045829999952e-03 -3.383734467089999920e-01 4.506288120379999679e-02
3.559959798480000215e-01 -1.153077763160000047e-01 2.351971804070000088e-02 7.725358479889999908e-01 3.626506440669999831e-01 -5.607579760599999963e-01 3.156940162460000199e-01 5.279513045829999952e-03 -3.383734467089999920e-01 4.573572998670000223e-02
3.559959798480000215e-01 -1.018436424379999955e-01 2.351971804070000088e-02 7.741615751920000177e-01 3.626506440669999831e-01 -5.607579760599999963e-01 3.156940162460000199e-01 5.279513045829999952e-03 -3.383734467089999920e-01 4.573572998670000223e-02
3.554075890889999978e-01 -1.018436424379999955e-01 2.410820025039999911e-02 7.741615751920000177e-01 3.626506440669999831e-01 -5.607579760599999963e-01 3.156940162460000199e-01 5.279513045829999952e-03 -3.367477195060000206e-01 4.506288120379999679e-02
3.559959798480000215e-01 -1.018436424379999955e-01 2.410820025039999911e-02 7.741615751920000177e-01 3.633234928499999850e-01 -5.607579760599999963e-01 3.156940162460000199e-01 5.279513045829999952e-03 -3.383734467089999920e-01 4.573572998670000223e-02
3.559959798480000215e-01 -1.018436424379999955e-01 2.410820025039999911e-02 7.741615751920000177e-01 3.633234928499999850e-01 -5.607579760599999963e-01 3.156940162460000199e-01 5.279513045829999952e-03 -3.367477195060000206e-01 4.573572998670000223e-02
3.559959798480000215e-01 -1.018436424379999955e-01 2.351971804070000088e-02 7.741615751920000177e-01 3.633234928499999850e-01 -5.607579760599999963e-01 3.156940162460000199e-01 5.279513045829999952e-03 -3.367477195060000206e-01 4.573572998670000223e-02
3.559959798480000215e-01 -1.003476275630000025e-01 2.410820025039999911e-02 7.741615751920000177e-01 3.633234928499999850e-01 -5.607579760599999963e-01 3.156940162460000199e-01 5.279513045829999952e-03 -3.383734467089999920e-01 4.573572998670000223e-02
3.559959798480000215e-01 -1.018436424379999955e-01 2.351971804070000088e-02 7.741615751920000177e-01 3.633234928499999850e-01 -5.607579760599999963e-01 3.156940162460000199e-01 5.279513045829999952e-03 -3.367477195060000206e-01 4.506288120379999679e-02
3.324601665670000039e-01 7.768000273210000362e-02 1.234020215989999926e-02 6.636111146600000010e-01 3.619777952839999813e-01 -5.607579760599999963e-01 3.156940162460000199e-01 4.691030836099999678e-03 -3.367477195060000206e-01 4.573572998670000223e-02
2.918607469110000019e-01 9.712819611070000470e-02 1.704741968610000089e-02 3.091990468620000043e-01 3.572677492269999977e-01 -5.607579760599999963e-01 3.171900311210000267e-01 5.279513045829999952e-03 -3.367477195060000206e-01 4.573572998670000223e-02
2.842115755869999982e-01 1.300409884010000072e-01 1.704741968610000089e-02 2.685553614250000276e-01 3.579405980099999995e-01 -5.607579760599999963e-01 3.156940162460000199e-01 5.279513045829999952e-03 -3.367477195060000206e-01 4.573572998670000223e-02
2.847999663460000219e-01 1.285449735260000004e-01 1.704741968610000089e-02 2.636781798150000244e-01 3.572677492269999977e-01 -5.607579760599999963e-01 3.171900311210000267e-01 5.279513045829999952e-03 -3.367477195060000206e-01 4.573572998670000223e-02
2.842115755869999982e-01 1.285449735260000004e-01 1.704741968610000089e-02 2.620524526119999975e-01 3.572677492269999977e-01 -5.607579760599999963e-01 3.156940162460000199e-01 5.279513045829999952e-03 -3.367477195060000206e-01 4.573572998670000223e-02
2.842115755869999982e-01 1.285449735260000004e-01 1.704741968610000089e-02 2.636781798150000244e-01 3.572677492269999977e-01 -5.607579760599999963e-01 3.171900311210000267e-01 5.279513045829999952e-03 -3.367477195060000206e-01 4.573572998670000223e-02
2.842115755869999982e-01 1.285449735260000004e-01 1.704741968610000089e-02 2.636781798150000244e-01 3.579405980099999995e-01 -5.607579760599999963e-01 3.156940162460000199e-01 5.279513045829999952e-03 -3.367477195060000206e-01 4.573572998670000223e-02
3.136313879129999926e-01 -7.940318679190000450e-02 3.646449765020000344e-02 5.286742407229999552e-01 4.326275449559999764e-01 -5.607579760599999963e-01 3.156940162460000199e-01 5.279513045829999952e-03 -3.367477195060000206e-01 4.573572998670000223e-02
3.501120722530000062e-01 -4.040416699669999723e-01 2.705015404789999980e-02 7.660329391760000162e-01 4.326275449559999764e-01 -5.607579760599999963e-01 3.171900311210000267e-01 5.279513045829999952e-03 -3.367477195060000206e-01 4.573572998670000223e-02
3.607031059240000115e-01 -4.578986705110000277e-01 1.998937348360000157e-02 7.725358479889999908e-01 4.326275449559999764e-01 -5.607579760599999963e-01 3.171900311210000267e-01 5.279513045829999952e-03 -3.367477195060000206e-01 4.573572998670000223e-02
3.607031059240000115e-01 -4.668747597630000246e-01 1.998937348360000157e-02 7.725358479889999908e-01 4.326275449559999764e-01 -5.607579760599999963e-01 3.156940162460000199e-01 5.279513045829999952e-03 -3.367477195060000206e-01 4.573572998670000223e-02
3.377556834029999955e-01 -3.382163179029999966e-01 2.351971804070000088e-02 5.156684230970000060e-01 6.659425141230000678e-02 -5.607579760599999963e-01 3.156940162460000199e-01 5.279513045829999952e-03 -3.367477195060000206e-01 4.573572998670000223e-02
2.636177161039999772e-01 -2.843590848420000095e-01 1.749077038590000042e-03 3.384626418760000033e-01 -2.760551939400000127e-02 -5.607579760599999963e-01 3.156940162460000199e-01 5.279513045829999952e-03 -3.383734467089999920e-01 4.640857876969999712e-02
1.065158286629999951e-01 -2.843590848420000095e-01 -7.076875804190000015e-03 3.368369146719999985e-01 -2.895121695990000160e-02 -5.607579760599999963e-01 3.156940162460000199e-01 5.279513045829999952e-03 -3.383734467089999920e-01 4.640857876969999712e-02
-7.471026281879999953e-02 -2.858553322340000036e-01 -6.488485044690000397e-03 3.384626418760000033e-01 -2.895121695990000160e-02 -5.607579760599999963e-01 3.171900311210000267e-01 5.279513045829999952e-03 -3.367477195060000206e-01 4.573572998670000223e-02
-2.618203533449999787e-01 -2.918393917350000089e-01 -6.488485044690000397e-03 3.384626418760000033e-01 -2.895121695990000160e-02 -5.613463668200000534e-01 3.156940162460000199e-01 5.279513045829999952e-03 -3.367477195060000206e-01 4.640857876969999712e-02
