-5.583721768170000210e-01 -3.202639068829999935e-01 -5.311703525679999614e-03 3.384626418760000033e-01 -3.231546087469999717e-02 -5.619347575790000215e-01 3.186860459959999781e-01 2.337467798090000094e-03 -3.367477195060000206e-01 4.439003242080000189e-02
-5.460158336920000188e-01 -4.593946853859999790e-01 -5.311703525679999614e-03 6.099616115970000196e-01 3.525578077459999848e-01 -5.619347575790000215e-01 3.156940162460000199e-01 2.337467798090000094e-03 -3.383734467089999920e-01 4.439003242080000189e-02
-4.171569770579999781e-01 -4.773468638899999728e-01 -5.311703525679999614e-03 7.514013943459999512e-01 4.258990571269999914e-01 -5.619347575790000215e-01 3.171900311210000267e-01 2.337467798090000094e-03 -3.383734467089999920e-01 4.506288120379999679e-02
-2.594667903069999837e-01 -4.788428787649999796e-01 -5.311703525679999614e-03 7.514013943459999512e-01 4.333003937389999782e-01 -5.619347575790000215e-01 3.171900311210000267e-01 2.337467798090000094e-03 -3.383734467089999920e-01 4.506288120379999679e-02
-6.647270073550000380e-02 -4.758508490139999880e-01 -5.311703525679999614e-03 7.497751617879999664e-01 4.333003937389999782e-01 -5.619347575790000215e-01 3.171900311210000267e-01 2.337467798090000094e-03 -3.383734467089999920e-01 4.506288120379999679e-02
1.206373897909999993e-01 -4.459305515090000172e-01 -5.311703525679999614e-03 7.465237073810000457e-01 4.339732425219999801e-01 -5.619347575790000215e-01 3.156940162460000199e-01 2.337467798090000094e-03 -3.383734467089999920e-01 4.506288120379999679e-02
2.642061068630000009e-01 -4.519146110100000224e-01 -1.609523992420000148e-05 7.448979801780000187e-01 4.339732425219999801e-01 -5.619347575790000215e-01 3.171900311210000267e-01 2.337467798090000094e-03 -3.383734467089999920e-01 4.506288120379999679e-02
3.359905111240000242e-01 -4.578986705110000277e-01 1.057502988139999954e-02 7.530271215489999781e-01 4.346460913049999819e-01 -5.619347575790000215e-01 3.156940162460000199e-01 2.337467798090000094e-03 -3.383734467089999920e-01 4.506288120379999679e-02
3.577611521269999928e-01 -4.638827300119999775e-01 1.645902892659999867e-02 7.660329391760000162e-01 4.346460913049999819e-01 -5.619347575790000215e-01 3.156940162460000199e-01 2.337467798090000094e-03 -3.383734467089999920e-01 4.506288120379999679e-02
3.577611521269999928e-01 -4.638827300119999775e-01 1.645902892659999867e-02 7.660329391760000162e-01 4.346460913049999819e-01 -5.619347575790000215e-01 3.171900311210000267e-01 2.337467798090000094e-03 -3.367477195060000206e-01 4.506288120379999679e-02
3.577611521269999928e-01 -4.638827300119999775e-01 1.645902892659999867e-02 7.660329391760000162e-01 4.346460913049999819e-01 -5.619347575790000215e-01 3.156940162460000199e-01 2.337467798090000094e-03 -3.383734467089999920e-01 4.506288120379999679e-02
3.577611521269999928e-01 -4.623867151370000261e-01 1.645902892659999867e-02 7.660329391760000162e-01 4.346460913049999819e-01 -5.619347575790000215e-01 3.171900311210000267e-01 2.337467798090000094e-03 -3.383734467089999920e-01 4.506288120379999679e-02
3.577611521269999928e-01 -4.638827300119999775e-01 1.645902892659999867e-02 7.660329391760000162e-01 3.915833508880000036e-01 -5.619347575790000215e-01 3.171900311210000267e-01 2.337467798090000094e-03 -3.383734467089999920e-01 4.506288120379999679e-02
3.565843706080000231e-01 -2.020775691499999971e-01 2.293132728119999866e-02 7.676586663790000431e-01 3.626506440669999831e-01 -5.619347575790000215e-01 3.171900311210000267e-01 2.337467798090000094e-03 -3.383734467089999920e-01 4.506288120379999679e-02
3.559959798480000215e-01 -1.168040237079999988e-01 2.351971804070000088e-02 7.692843935819999590e-01 3.619777952839999813e-01 -5.619347575790000215e-01 3.156940162460000199e-01 2.337467798090000094e-03 -3.383734467089999920e-01 4.506288120379999679e-02
3.559959798480000215e-01 -1.168040237079999988e-01 2.351971804070000088e-02 7.725358479889999908e-01 3.626506440669999831e-01 -5.619347575790000215e-01 3.171900311210000267e-01 2.337467798090000094e-03 -3.383734467089999920e-01 4.506288120379999679e-02
3.559959798480000215e-01 -1.153077763160000047e-01 2.351971804070000088e-02 7.725358479889999908e-01 3.626506440669999831e-01 -5.619347575790000215e-01 3.156940162460000199e-01 2.337467798090000094e-03 -3.383734467089999920e-01 4.506288120379999679e-02
3.559959798480000215e-01 -1.153077763160000047e-01 2.351971804070000088e-02 7.725358479889999908e-01 3.626506440669999831e-01 -5.619347575790000215e-01 3.156940162460000199e-01 2.337467798090000094e-03 -3.383734467089999920e-01 4.506288120379999679e-02
3.559959798480000215e-01 -1.153077763160000047e-01 2.351971804070000088e-02 7.725358479889999908e-01 3.626506440669999831e-01 -5.619347575790000215e-01 3.171900311210000267e-01 2.337467798090000094e-03 -3.383734467089999920e-01 4.506288120379999679e-02
3.559959798480000215e-01 -1.153077763160000047e-01 2.351971804070000088e-02 7.725358479889999908e-01 3.626506440669999831e-01 -5.619347575790000215e-01 3.156940162460000199e-01 2.337467798090000094e-03 -3.383734467089999920e-01 4.506288120379999679e-02
3.559959798480000215e-01 -1.153077763160000047e-01 2.351971804070000088e-02 7.725358479889999908e-01 3.626506440669999831e-01 -5.619347575790000215e-01 3.171900311210000267e-01 2.337467798090000094e-03 -3.383734467089999920e-01 4.506288120379999679e-02
3.559959798480000215e-01 -1.153077763160000047e-01 2.351971804070000088e-02 7.725358479889999908e-01 3.626506440669999831e-01 -5.619347575790000215e-01 3.171900311210000267e-01 2.337467798090000094e-03 -3.383734467089999920e-01 4.506288120379999679e-02
3.518772445319999775e-01 -8.987529091880000487e-02 2.351971804070000088e-02 7.595300303619999527e-01 3.626506440669999831e-01 -5.619347575790000215e-01 3.171900311210000267e-01 2.337467798090000094e-03 -3.383734467089999920e-01 4.506288120379999679e-02
3.042170443100000177e-01 1.420091074029999900e-01 1.175181140040000051e-02 4.652703744410000009e-01 3.599591443580000272e-01 -5.619347575790000215e-01 3.156940162460000199e-01 2.337467798090000094e-03 -3.367477195060000206e-01 4.573572998670000223e-02
2.853883571060000235e-01 1.450011371540000094e-01 1.645902892659999867e-02 2.766839974409999736e-01 3.592862955750000253e-01 -5.619347575790000215e-01 3.171900311210000267e-01 2.337467798090000094e-03 -3.367477195060000206e-01 4.573572998670000223e-02
2.847999663460000219e-01 1.315370032759999863e-01 1.645902892659999867e-02 2.620524526119999975e-01 3.592862955750000253e-01 -5.619347575790000215e-01 3.156940162460000199e-01 2.337467798090000094e-03 -3.367477195060000206e-01 4.640857876969999712e-02
2.847999663460000219e-01 1.315370032759999863e-01 1.645902892659999867e-02 2.636781798150000244e-01 3.592862955750000253e-01 -5.619347575790000215e-01 3.156940162460000199e-01 2.337467798090000094e-03 -3.383734467089999920e-01 4.640857876969999712e-02
2.847999663460000219e-01 1.315370032759999863e-01 1.645902892659999867e-02 2.636781798150000244e-01 3.592862955750000253e-01 -5.619347575790000215e-01 3.171900311210000267e-01 2.337467798090000094e-03 -3.383734467089999920e-01 4.573572998670000223e-02
2.847999663460000219e-01 1.315370032759999863e-01 1.645902892659999867e-02 2.620524526119999975e-01 3.592862955750000253e-01 -5.619347575790000215e-01 3.156940162460000199e-01 2.337467798090000094e-03 -3.383734467089999920e-01 4.573572998670000223e-02
2.865651386249999932e-01 6.122360658690000068e-02 3.528771613119999900e-02 3.417140962820000016e-01 4.225347086349999781e-01 -5.619347575790000215e-01 3.156940162460000199e-01 2.337467798090000094e-03 -3.383734467089999920e-01 4.573572998670000223e-02
3.383440741620000192e-01 -2.858553322340000036e-01 3.469932537170000025e-02 7.188863449260000094e-01 4.319546961729999746e-01 -5.619347575790000215e-01 3.171900311210000267e-01 2.337467798090000094e-03 -3.383734467089999920e-01 4.573572998670000223e-02
3.589379336460000181e-01 -4.504185961350000156e-01 2.116615500259999907e-02 7.725358479889999908e-01 4.319546961729999746e-01 -5.619347575790000215e-01 3.156940162460000199e-01 2.337467798090000094e-03 -3.383734467089999920e-01 4.640857876969999712e-02
3.589379336460000181e-01 -4.564026556360000209e-01 2.116615500259999907e-02 7.725358479889999908e-01 4.319546961729999746e-01 -5.619347575790000215e-01 3.171900311210000267e-01 2.337467798090000094e-03 -3.383734467089999920e-01 4.573572998670000223e-02
3.571727613669999912e-01 -4.399464920080000119e-01 2.116615500259999907e-02 7.107577089090000300e-01 3.303535887549999828e-01 -5.619347575790000215e-01 3.171900311210000267e-01 2.337467798090000094e-03 -3.367477195060000206e-01 4.640857876969999712e-02
3.071590895579999758e-01 -2.843590848420000095e-01 1.057502988139999954e-02 3.661000043309999841e-01 -1.482118336390000034e-02 -5.619347575790000215e-01 3.156940162460000199e-01 2.337467798090000094e-03 -3.383734467089999920e-01 4.573572998670000223e-02
1.983057016470000100e-01 -2.843590848420000095e-01 -4.723221315950000207e-03 3.417140962820000016e-01 -2.827836817699999963e-02 -5.619347575790000215e-01 3.171900311210000267e-01 2.337467798090000094e-03 -3.367477195060000206e-01 4.640857876969999712e-02
2.825912604680000037e-02 -2.858553322340000036e-01 -6.488485044690000397e-03 3.384626418760000033e-01 -2.895121695990000160e-02 -5.619347575790000215e-01 3.156940162460000199e-01 2.337467798090000094e-03 -3.383734467089999920e-01 4.640857876969999712e-02
-1.635580905560000131e-01 -2.873513471090000104e-01 -6.488485044690000397e-03 3.400883690789999747e-01 -3.029691452579999847e-02 -5.619347575790000215e-01 3.171900311210000267e-01 2.337467798090000094e-03 -3.367477195060000206e-01 4.640857876969999712e-02
