-5.589605675769999671e-01 -3.172718771320000020e-01 -4.723221315950000207e-03 3.368369146719999985e-01 -3.231546087469999717e-02 -5.613463668200000534e-01 3.186860459959999781e-01 5.279513045829999952e-03 -3.383734467089999920e-01 4.506288120379999679e-02
-5.513113962529999634e-01 -4.549066407599999806e-01 -4.723221315950000207e-03 5.855751981929999683e-01 3.303535887549999828e-01 -5.613463668200000534e-01 3.127019864949999728e-01 5.279513045829999952e-03 -3.399991739120000189e-01 4.506288120379999679e-02
-4.365740550219999738e-01 -4.773468638899999728e-01 -4.723221315950000207e-03 7.481494345850000505e-01 4.258990571269999914e-01 -5.613463668200000534e-01 3.156940162460000199e-01 5.279513045829999952e-03 -3.383734467089999920e-01 4.506288120379999679e-02
-2.753534322639999976e-01 -4.788428787649999796e-01 -4.723221315950000207e-03 7.481494345850000505e-01 4.333003937389999782e-01 -5.613463668200000534e-01 3.156940162460000199e-01 5.279513045829999952e-03 -3.383734467089999920e-01 4.506288120379999679e-02
-7.471026281879999953e-02 -4.758508490139999880e-01 -4.723221315950000207e-03 7.465237073810000457e-01 4.339732425219999801e-01 -5.613463668200000534e-01 3.156940162460000199e-01 5.279513045829999952e-03 -3.383734467089999920e-01 4.573572998670000223e-02
1.076926101820000065e-01 -4.414425068830000187e-01 -4.723221315950000207e-03 7.497751617879999664e-01 4.339732425219999801e-01 -5.613463668200000534e-01 3.156940162460000199e-01 5.279513045829999952e-03 -3.383734467089999920e-01 4.573572998670000223e-02
2.494961549749999952e-01 -4.534106258849999738e-01 -2.958049037439999807e-03 7.416465257709999870e-01 4.346460913049999819e-01 -5.613463668200000534e-01 3.156940162460000199e-01 5.279513045829999952e-03 -3.383734467089999920e-01 4.506288120379999679e-02
3.306949942890000105e-01 -4.564026556360000209e-01 1.175181140040000051e-02 7.530271215489999781e-01 4.346460913049999819e-01 -5.613463668200000534e-01 3.156940162460000199e-01 5.279513045829999952e-03 -3.383734467089999920e-01 4.573572998670000223e-02
3.589379336460000181e-01 -4.713628043879999896e-01 1.587063816709999992e-02 7.660329391760000162e-01 4.346460913049999819e-01 -5.613463668200000534e-01 3.156940162460000199e-01 5.279513045829999952e-03 -3.383734467089999920e-01 4.573572998670000223e-02
3.589379336460000181e-01 -4.713628043879999896e-01 1.587063816709999992e-02 7.660329391760000162e-01 4.346460913049999819e-01 -5.613463668200000534e-01 3.156940162460000199e-01 5.279513045829999952e-03 -3.383734467089999920e-01 4.573572998670000223e-02
3.589379336460000181e-01 -4.698667895129999827e-01 1.587063816709999992e-02 7.660329391760000162e-01 4.346460913049999819e-01 -5.607579760599999963e-01 3.156940162460000199e-01 5.279513045829999952e-03 -3.399991739120000189e-01 4.573572998670000223e-02
3.589379336460000181e-01 -4.698667895129999827e-01 1.587063816709999992e-02 7.660329391760000162e-01 4.346460913049999819e-01 -5.613463668200000534e-01 3.156940162460000199e-01 5.279513045829999952e-03 -3.383734467089999920e-01 4.573572998670000223e-02
3.589379336460000181e-01 -4.713628043879999896e-01 1.587063816709999992e-02 7.660329391760000162e-01 3.848548630590000186e-01 -5.613463668200000534e-01 3.156940162460000199e-01 5.279513045829999952e-03 -3.383734467089999920e-01 4.573572998670000223e-02
3.559959798480000215e-01 -1.766450837530000040e-01 2.410820025039999911e-02 7.692843935819999590e-01 3.619777952839999813e-01 -5.613463668200000534e-01 3.156940162460000199e-01 5.279513045829999952e-03 -3.383734467089999920e-01 4.573572998670000223e-02
3.559959798480000215e-01 -1.197960534590000042e-01 2.410820025039999911e-02 7.709101207849999859e-01 3.619777952839999813e-01 -5.613463668200000534e-01 3.156940162460000199e-01 5.279513045829999952e-03 -3.399991739120000189e-01 4.573572998670000223e-02
3.559959798480000215e-01 -1.033396573130000023e-01 2.410820025039999911e-02 7.741615751920000177e-01 3.619777952839999813e-01 -5.613463668200000534e-01 3.156940162460000199e-01 5.279513045829999952e-03 -3.383734467089999920e-01 4.506288120379999679e-02
3.559959798480000215e-01 -1.033396573130000023e-01 2.410820025039999911e-02 7.741615751920000177e-01 3.626506440669999831e-01 -5.613463668200000534e-01 3.156940162460000199e-01 5.279513045829999952e-03 -3.383734467089999920e-01 4.573572998670000223e-02
3.559959798480000215e-01 -1.033396573130000023e-01 2.410820025039999911e-02 7.741615751920000177e-01 3.626506440669999831e-01 -5.613463668200000534e-01 3.156940162460000199e-01 5.279513045829999952e-03 -3.383734467089999920e-01 4.573572998670000223e-02
3.559959798480000215e-01 -1.033396573130000023e-01 2.410820025039999911e-02 7.741615751920000177e-01 3.626506440669999831e-01 -5.613463668200000534e-01 3.156940162460000199e-01 5.279513045829999952e-03 -3.383734467089999920e-01 4.573572998670000223e-02
3.559959798480000215e-01 -1.033396573130000023e-01 2.410820025039999911e-02 7.741615751920000177e-01 3.619777952839999813e-01 -5.613463668200000534e-01 3.156940162460000199e-01 5.279513045829999952e-03 -3.399991739120000189e-01 4.506288120379999679e-02
3.559959798480000215e-01 -1.048356721890000010e-01 2.410820025039999911e-02 7.741615751920000177e-01 3.626506440669999831e-01 -5.613463668200000534e-01 3.156940162460000199e-01 5.279513045829999952e-03 -3.383734467089999920e-01 4.573572998670000223e-02
3.559959798480000215e-01 -1.048356721890000010e-01 2.410820025039999911e-02 7.741615751920000177e-01 3.626506440669999831e-01 -5.613463668200000534e-01 3.156940162460000199e-01 5.279513045829999952e-03 -3.383734467089999920e-01 4.506288120379999679e-02
3.471699355549999755e-01 -6.593882039729999367e-02 2.410820025039999911e-02 7.318921625519999585e-01 3.619777952839999813e-01 -5.613463668200000534e-01 3.156940162460000199e-01 5.279513045829999952e-03 -3.399991739120000189e-01 4.573572998670000223e-02
3.024518720320000242e-01 1.569694886730000072e-01 1.057502988139999954e-02 4.295038706140000273e-01 3.586134467920000235e-01 -5.613463668200000534e-01 3.156940162460000199e-01 5.279513045829999952e-03 -3.383734467089999920e-01 4.573572998670000223e-02
2.836231848269999967e-01 1.330330181519999988e-01 1.763581044559999964e-02 2.685553614250000276e-01 3.579405980099999995e-01 -5.613463668200000534e-01 3.156940162460000199e-01 5.279513045829999952e-03 -3.383734467089999920e-01 4.573572998670000223e-02
2.836231848269999967e-01 1.285449735260000004e-01 1.763581044559999964e-02 2.636781798150000244e-01 3.572677492269999977e-01 -5.613463668200000534e-01 3.156940162460000199e-01 5.279513045829999952e-03 -3.383734467089999920e-01 4.573572998670000223e-02
2.836231848269999967e-01 1.300409884010000072e-01 1.822420120509999839e-02 2.620524526119999975e-01 3.572677492269999977e-01 -5.613463668200000534e-01 3.156940162460000199e-01 5.279513045829999952e-03 -3.383734467089999920e-01 4.573572998670000223e-02
2.836231848269999967e-01 1.285449735260000004e-01 1.822420120509999839e-02 2.620524526119999975e-01 3.579405980099999995e-01 -5.613463668200000534e-01 3.156940162460000199e-01 5.279513045829999952e-03 -3.383734467089999920e-01 4.573572998670000223e-02
2.836231848269999967e-01 1.285449735260000004e-01 1.763581044559999964e-02 2.620524526119999975e-01 3.579405980099999995e-01 -5.613463668200000534e-01 3.156940162460000199e-01 5.279513045829999952e-03 -3.383734467089999920e-01 4.573572998670000223e-02
2.924491376700000256e-01 3.579112119010000037e-02 3.764127916920000094e-02 3.856092361260000101e-01 4.272447546929999951e-01 -5.613463668200000534e-01 3.156940162460000199e-01 5.279513045829999952e-03 -3.383734467089999920e-01 4.573572998670000223e-02
3.430512002389999870e-01 -3.247519515089999920e-01 3.175728012390000021e-02 7.400207985679999600e-01 4.326275449559999764e-01 -5.613463668200000534e-01 3.156940162460000199e-01 5.279513045829999952e-03 -3.383734467089999920e-01 4.573572998670000223e-02
3.518772445319999775e-01 -4.578986705110000277e-01 2.351971804070000088e-02 7.725358479889999908e-01 4.326275449559999764e-01 -5.613463668200000534e-01 3.156940162460000199e-01 5.279513045829999952e-03 -3.383734467089999920e-01 4.573572998670000223e-02
3.595263244049999862e-01 -4.578986705110000277e-01 2.116615500259999907e-02 7.725358479889999908e-01 4.326275449559999764e-01 -5.613463668200000534e-01 3.156940162460000199e-01 5.279513045829999952e-03 -3.383734467089999920e-01 4.573572998670000223e-02
3.512888537719999760e-01 -3.771129371779999850e-01 2.234293652169999991e-02 6.684882962689999708e-01 2.334624228159999926e-01 -5.613463668200000534e-01 3.156940162460000199e-01 5.279513045829999952e-03 -3.383734467089999920e-01 4.573572998670000223e-02
3.030402627909999924e-01 -2.963274363610000073e-01 8.221466843349999401e-03 3.612228227209999809e-01 -1.885838063870000011e-02 -5.613463668200000534e-01 3.156940162460000199e-01 4.691030836099999678e-03 -3.383734467089999920e-01 4.573572998670000223e-02
1.759466698859999956e-01 -2.963274363610000073e-01 -5.900094285180000099e-03 3.384626418760000033e-01 -2.827836817699999963e-02 -5.613463668200000534e-01 3.141980013699999796e-01 5.279513045829999952e-03 -3.399991739120000189e-01 4.640857876969999712e-02
-2.410820025039999911e-02 -2.978234512360000141e-01 -7.076875804190000015e-03 3.352111874690000271e-01 -3.029691452579999847e-02 -5.613463668200000534e-01 3.141980013699999796e-01 5.279513045829999952e-03 -3.383734467089999920e-01 4.640857876969999712e-02
-2.000386834460000096e-01 -2.978234512360000141e-01 -6.488485044690000397e-03 3.384626418760000033e-01 -3.096976330880000031e-02 -5.613463668200000534e-01 3.156940162460000199e-01 5.279513045829999952e-03 -3.383734467089999920e-01 4.640857876969999712e-02
