-5.589605675769999671e-01 -3.202639068829999935e-01 -5.900094285180000099e-03 3.368369146719999985e-01 -3.567970478940000328e-02 -5.601695853010000281e-01 3.007336349759999750e-01 6.456294564839999868e-03 -3.367477195060000206e-01 4.573572998670000223e-02
-5.589605675769999671e-01 -3.202639068829999935e-01 -5.900094285180000099e-03 3.368369146719999985e-01 -3.567970478940000328e-02 -5.601695853010000281e-01 4.383683986040000091e-01 5.867903805340000251e-03 -4.212864184469999884e-01 -1.224780344059999970e-01
-5.589605675769999671e-01 -3.202639068829999935e-01 -5.900094285180000099e-03 3.384626418760000033e-01 -3.567970478940000328e-02 -4.907387440770000220e-01 4.847453247719999969e-01 5.867903805340000251e-03 -7.334290736049999815e-01 -4.171886249180000172e-01
-5.589605675769999671e-01 -3.157758622569999951e-01 -5.900094285180000099e-03 3.352111874690000271e-01 -3.567970478940000328e-02 -3.377556834029999955e-01 4.832493098969999901e-01 5.867903805340000251e-03 -7.578152343309999539e-01 -4.266087170339999957e-01
-5.589605675769999671e-01 -3.157758622569999951e-01 -5.900094285180000099e-03 3.352111874690000271e-01 -3.567970478940000328e-02 -1.659439355239999969e-01 4.832493098969999901e-01 6.456294564839999868e-03 -7.578152343309999539e-01 -4.266087170339999957e-01
-5.589605675769999671e-01 -3.157758622569999951e-01 -5.900094285180000099e-03 3.352111874690000271e-01 -3.567970478940000328e-02 3.587610689069999775e-02 4.787612652709999916e-01 6.456294564839999868e-03 -7.545636535859999716e-01 -4.272815658169999975e-01
-5.589605675769999671e-01 -3.172718771320000020e-01 -5.311703525679999614e-03 3.352111874690000271e-01 -3.567970478940000328e-02 2.000386834460000096e-01 4.473444878560000060e-01 5.867903805340000251e-03 -7.383062552150000402e-01 -4.272815658169999975e-01
-5.589605675769999671e-01 -3.157758622569999951e-01 -5.900094285180000099e-03 3.352111874690000271e-01 -3.567970478940000328e-02 3.077152898380000057e-01 4.473444878560000060e-01 -4.723221315950000207e-03 -7.431835631630000494e-01 -4.266087170339999957e-01
-5.589605675769999671e-01 -3.172718771320000020e-01 -5.900094285180000099e-03 3.352111874690000271e-01 -3.567970478940000328e-02 3.518449626010000109e-01 4.682889286270000007e-01 -1.354917415869999996e-02 -7.610666887379999856e-01 -4.266087170339999957e-01
-5.589605675769999671e-01 -3.157758622569999951e-01 -5.900094285180000099e-03 3.352111874690000271e-01 -3.567970478940000328e-02 3.541986170900000008e-01 4.682889286270000007e-01 -1.354917415869999996e-02 -7.626924159410000126e-01 -4.272815658169999975e-01
-5.589605675769999671e-01 -3.157758622569999951e-01 -5.311703525679999614e-03 3.352111874690000271e-01 -3.567970478940000328e-02 3.541986170900000008e-01 4.682889286270000007e-01 -1.354917415869999996e-02 -7.626924159410000126e-01 -4.266087170339999957e-01
-5.589605675769999671e-01 -3.172718771320000020e-01 -5.311703525679999614e-03 3.352111874690000271e-01 -3.567970478940000328e-02 3.541986170900000008e-01 4.682889286270000007e-01 -1.354917415869999996e-02 -7.643181431440000395e-01 -4.272815658169999975e-01
-5.589605675769999671e-01 -3.172718771320000020e-01 -5.311703525679999614e-03 3.352111874690000271e-01 -3.567970478940000328e-02 3.541986170900000008e-01 4.682889286270000007e-01 -1.354917415869999996e-02 -7.626924159410000126e-01 -4.266087170339999957e-01
-5.589605675769999671e-01 -3.172718771320000020e-01 -5.900094285180000099e-03 3.352111874690000271e-01 -3.567970478940000328e-02 3.541986170900000008e-01 3.022296498509999818e-01 -2.178673624200000089e-02 -7.740726327029999743e-01 -3.687430942380000021e-01
-5.589605675769999671e-01 -3.157758622569999951e-01 -5.311703525679999614e-03 3.352111874690000271e-01 -3.567970478940000328e-02 3.541986170900000008e-01 1.122339005539999962e-01 -2.296351776099999839e-02 -7.724469054989999695e-01 -3.680702454550000002e-01
-5.589605675769999671e-01 -3.172718771320000020e-01 -5.900094285180000099e-03 3.352111874690000271e-01 -3.567970478940000328e-02 3.541986170900000008e-01 1.107378856790000032e-01 -2.296351776099999839e-02 -7.740726327029999743e-01 -3.673973966719999984e-01
-5.589605675769999671e-01 -3.172718771320000020e-01 -5.900094285180000099e-03 3.352111874690000271e-01 -3.567970478940000328e-02 3.541986170900000008e-01 1.107378856790000032e-01 -2.296351776099999839e-02 -7.740726327029999743e-01 -3.680702454550000002e-01
-5.589605675769999671e-01 -3.172718771320000020e-01 -5.311703525679999614e-03 3.352111874690000271e-01 -3.567970478940000328e-02 3.541986170900000008e-01 1.107378856790000032e-01 -2.296351776099999839e-02 -7.740726327029999743e-01 -3.680702454550000002e-01
-5.589605675769999671e-01 -3.157758622569999951e-01 -5.900094285180000099e-03 3.352111874690000271e-01 -3.567970478940000328e-02 3.541986170900000008e-01 1.107378856790000032e-01 -2.296351776099999839e-02 -7.740726327029999743e-01 -3.680702454550000002e-01
-5.589605675769999671e-01 -3.157758622569999951e-01 -5.900094285180000099e-03 3.352111874690000271e-01 -3.567970478940000328e-02 3.541986170900000008e-01 1.107378856790000032e-01 -2.296351776099999839e-02 -7.740726327029999743e-01 -3.680702454550000002e-01
-5.589605675769999671e-01 -3.172718771320000020e-01 -5.900094285180000099e-03 3.352111874690000271e-01 -3.567970478940000328e-02 3.541986170900000008e-01 1.107378856790000032e-01 -2.296351776099999839e-02 -7.740726327029999743e-01 -3.680702454550000002e-01
-5.589605675769999671e-01 -3.172718771320000020e-01 -5.311703525679999614e-03 3.352111874690000271e-01 -3.567970478940000328e-02 3.541986170900000008e-01 1.107378856790000032e-01 -2.296351776099999839e-02 -7.756983599060000012e-01 -3.680702454550000002e-01
-5.589605675769999671e-01 -3.172718771320000020e-01 -5.311703525679999614e-03 3.352111874690000271e-01 -3.567970478940000328e-02 3.541986170900000008e-01 1.107378856790000032e-01 -2.296351776099999839e-02 -7.740726327029999743e-01 -3.680702454550000002e-01
-5.589605675769999671e-01 -3.202639068829999935e-01 -5.900094285180000099e-03 3.352111874690000271e-01 -3.567970478940000328e-02 3.112456343950000259e-01 -3.587296720130000310e-02 -8.842048082699999548e-03 -5.578487669089999823e-01 -3.660516991059999947e-01
-5.589605675769999671e-01 -3.157758622569999951e-01 -5.900094285180000099e-03 3.384626418760000033e-01 -3.567970478940000328e-02 2.859445573850000200e-01 -1.286268195370000034e-01 -1.413765636849999979e-02 -2.896011252560000138e-01 -3.653788503229999929e-01
-5.589605675769999671e-01 -3.157758622569999951e-01 -5.900094285180000099e-03 3.368369146719999985e-01 -3.567970478940000328e-02 2.853561666259999963e-01 -1.286268195370000034e-01 -1.413765636849999979e-02 -2.619635101230000096e-01 -3.660516991059999947e-01
-5.589605675769999671e-01 -3.157758622569999951e-01 -5.311703525679999614e-03 3.368369146719999985e-01 -3.567970478940000328e-02 2.853561666259999963e-01 -1.286268195370000034e-01 -1.413765636849999979e-02 -2.603377829199999827e-01 -3.653788503229999929e-01
-5.589605675769999671e-01 -3.157758622569999951e-01 -5.900094285180000099e-03 3.368369146719999985e-01 -3.567970478940000328e-02 2.853561666259999963e-01 -1.286268195370000034e-01 -1.413765636849999979e-02 -2.603377829199999827e-01 -3.667245478889999966e-01
-5.589605675769999671e-01 -3.157758622569999951e-01 -5.900094285180000099e-03 3.368369146719999985e-01 -3.567970478940000328e-02 2.853561666259999963e-01 -1.286268195370000034e-01 -1.413765636849999979e-02 -2.603377829199999827e-01 -3.660516991059999947e-01
-5.589605675769999671e-01 -3.157758622569999951e-01 -5.900094285180000099e-03 3.368369146719999985e-01 -3.567970478940000328e-02 2.853561666259999963e-01 -1.226425275189999969e-01 -2.002156396350000117e-02 -2.635892373259999810e-01 -3.929658595780000097e-01
-5.589605675769999671e-01 -3.157758622569999951e-01 -5.311703525679999614e-03 3.368369146719999985e-01 -3.567970478940000328e-02 3.277207585610000251e-01 1.795552674929999926e-01 -3.590829737049999748e-02 -6.245042139369999523e-01 -4.266087170339999957e-01
-5.589605675769999671e-01 -3.157758622569999951e-01 -5.900094285180000099e-03 3.368369146719999985e-01 -3.567970478940000328e-02 3.565521801279999958e-01 4.368723837290000023e-01 -2.531717224919999981e-02 -7.675695975509999602e-01 -4.272815658169999975e-01
-5.589605675769999671e-01 -3.157758622569999951e-01 -5.900094285180000099e-03 3.368369146719999985e-01 -3.567970478940000328e-02 3.589057431659999908e-01 4.638008840010000022e-01 -1.707961016600000048e-02 -7.691954510930000266e-01 -4.266087170339999957e-01
-5.589605675769999671e-01 -3.157758622569999951e-01 -5.900094285180000099e-03 3.368369146719999985e-01 -3.567970478940000328e-02 3.583173524059999893e-01 4.638008840010000022e-01 -1.707961016600000048e-02 -7.691954510930000266e-01 -4.212259267699999810e-01
-5.589605675769999671e-01 -3.142798473819999883e-01 -5.900094285180000099e-03 3.384626418760000033e-01 -3.567970478940000328e-02 3.118340251539999941e-01 2.902615308490000268e-01 -2.119834548249999867e-02 -4.391695440219999802e-01 -2.036951910829999917e-03
-5.589605675769999671e-01 -3.157758622569999951e-01 -5.900094285180000099e-03 3.368369146719999985e-01 -3.567970478940000328e-02 2.171021983720000104e-01 2.842772388309999787e-01 -2.958049037439999807e-03 -3.497537898090000152e-01 3.833439337430000204e-02
-5.589605675769999671e-01 -3.172718771320000020e-01 -5.900094285180000099e-03 3.352111874690000271e-01 -3.567970478940000328e-02 4.999757656900000180e-02 2.827812239549999940e-01 6.456294564839999868e-03 -3.334962650989999888e-01 3.900724215729999694e-02
-5.589605675769999671e-01 -3.157758622569999951e-01 -5.900094285180000099e-03 3.352111874690000271e-01 -3.567970478940000328e-02 -1.394660769959999991e-01 2.842772388309999787e-01 6.456294564839999868e-03 -3.351219923020000158e-01 3.900724215729999694e-02
