-5.595489583360000463e-01 -3.202639068829999935e-01 -5.311703525679999614e-03 3.384626418760000033e-01 -3.500685600649999785e-02 -5.601695853010000281e-01 3.186860459959999781e-01 4.691030836099999678e-03 -3.367477195060000206e-01 4.506288120379999679e-02
-5.589605675769999671e-01 -3.202639068829999935e-01 -5.311703525679999614e-03 3.384626418760000033e-01 -3.500685600649999785e-02 -5.154513388770000093e-01 1.242022520729999940e-01 6.882626377349999880e-02 -8.963491051130000054e-02 -3.404832361999999835e-01
-5.595489583360000463e-01 -3.202639068829999935e-01 -5.311703525679999614e-03 3.384626418760000033e-01 -3.500685600649999785e-02 -3.401092464409999905e-01 -2.617733060219999963e-01 2.376960578550000036e-01 2.485196325759999880e-01 -6.035696201819999995e-01
-5.595489583360000463e-01 -3.202639068829999935e-01 -5.311703525679999614e-03 3.384626418760000033e-01 -3.433400722350000295e-02 -1.677091078019999904e-01 -4.532650701950000083e-01 3.936211637770000160e-01 2.777829749130000248e-01 -6.089524104460000142e-01
-5.589605675769999671e-01 -3.202639068829999935e-01 -5.311703525679999614e-03 3.384626418760000033e-01 -3.500685600649999785e-02 -7.474245329869999566e-02 -4.786975555920000014e-01 4.518723976690000033e-01 2.810346819969999910e-01 -6.096252592290000161e-01
-5.595489583360000463e-01 -3.202639068829999935e-01 -5.311703525679999614e-03 3.384626418760000033e-01 -3.500685600649999785e-02 -7.062371798210000107e-02 -4.786975555920000014e-01 4.524607884290000048e-01 2.859118636060000163e-01 -6.096252592290000161e-01
-5.595489583360000463e-01 -3.187678920070000088e-01 -5.311703525679999614e-03 3.384626418760000033e-01 -3.433400722350000295e-02 -7.062371798210000107e-02 -4.786975555920000014e-01 4.524607884290000048e-01 2.859118636060000163e-01 -6.096252592290000161e-01
-5.589605675769999671e-01 -3.187678920070000088e-01 -4.723221315950000207e-03 3.384626418760000033e-01 -3.500685600649999785e-02 -7.062371798210000107e-02 -4.786975555920000014e-01 4.524607884290000048e-01 2.875375908100000211e-01 -6.096252592290000161e-01
-5.589605675769999671e-01 -3.202639068829999935e-01 -5.311703525679999614e-03 3.384626418760000033e-01 -3.500685600649999785e-02 -7.062371798210000107e-02 -4.786975555920000014e-01 4.524607884290000048e-01 2.859118636060000163e-01 -6.096252592290000161e-01
-5.589605675769999671e-01 -3.202639068829999935e-01 -4.723221315950000207e-03 3.384626418760000033e-01 -3.433400722350000295e-02 -7.062371798210000107e-02 -4.786975555920000014e-01 4.524607884290000048e-01 2.859118636060000163e-01 -6.096252592290000161e-01
-5.595489583360000463e-01 -3.202639068829999935e-01 -5.311703525679999614e-03 3.384626418760000033e-01 -3.500685600649999785e-02 -7.062371798210000107e-02 -4.786975555920000014e-01 4.524607884290000048e-01 2.875375908100000211e-01 -6.096252592290000161e-01
-5.589605675769999671e-01 -3.202639068829999935e-01 -5.311703525679999614e-03 3.384626418760000033e-01 -3.433400722350000295e-02 -7.062371798210000107e-02 -4.786975555920000014e-01 4.524607884290000048e-01 2.875375908100000211e-01 -6.096252592290000161e-01
-5.589605675769999671e-01 -3.187678920070000088e-01 -4.723221315950000207e-03 3.384626418760000033e-01 -3.433400722350000295e-02 -7.062371798210000107e-02 -4.786975555920000014e-01 4.524607884290000048e-01 2.859118636060000163e-01 -6.399038727689999595e-01
-5.595489583360000463e-01 -3.202639068829999935e-01 -4.723221315950000207e-03 3.384626418760000033e-01 -3.433400722350000295e-02 -8.356840614140000068e-02 -4.786975555920000014e-01 4.524607884290000048e-01 2.741871151160000034e-02 -6.533608484280000184e-01
-5.589605675769999671e-01 -3.202639068829999935e-01 -5.311703525679999614e-03 3.384626418760000033e-01 -3.500685600649999785e-02 -8.356840614140000068e-02 -4.786975555920000014e-01 4.524607884290000048e-01 -4.115319288889999760e-01 -6.533608484280000184e-01
-5.589605675769999671e-01 -3.187678920070000088e-01 -5.311703525679999614e-03 3.384626418760000033e-01 -3.500685600649999785e-02 -1.012203118270000035e-01 -4.786975555920000014e-01 4.524607884290000048e-01 -7.383062552150000402e-01 -6.560522435600000257e-01
-5.589605675769999671e-01 -3.202639068829999935e-01 -5.311703525679999614e-03 3.384626418760000033e-01 -3.433400722350000295e-02 -1.012203118270000035e-01 -4.831858327340000092e-01 4.548143971920000084e-01 -7.431835631630000494e-01 -6.560522435600000257e-01
-5.595489583360000463e-01 -3.202639068829999935e-01 -4.723221315950000207e-03 3.384626418760000033e-01 -3.500685600649999785e-02 -1.012203118270000035e-01 -4.831858327340000092e-01 4.548143971920000084e-01 -7.448092903659999653e-01 -6.560522435600000257e-01
-5.589605675769999671e-01 -3.202639068829999935e-01 -5.311703525679999614e-03 3.384626418760000033e-01 -3.433400722350000295e-02 -1.012203118270000035e-01 -4.831858327340000092e-01 4.548143971920000084e-01 -7.448092903659999653e-01 -6.560522435600000257e-01
-5.589605675769999671e-01 -3.202639068829999935e-01 -5.311703525679999614e-03 3.368369146719999985e-01 -3.500685600649999785e-02 -1.012203118270000035e-01 -4.831858327340000092e-01 4.548143971920000084e-01 -7.448092903659999653e-01 -6.567250923430000276e-01
-5.589605675769999671e-01 -3.202639068829999935e-01 -5.311703525679999614e-03 3.384626418760000033e-01 -3.500685600649999785e-02 -1.012203118270000035e-01 -4.831858327340000092e-01 4.548143971920000084e-01 -7.448092903659999653e-01 -6.567250923430000276e-01
-5.589605675769999671e-01 -3.202639068829999935e-01 -5.311703525679999614e-03 3.368369146719999985e-01 -3.500685600649999785e-02 -1.012203118270000035e-01 -4.816898178590000024e-01 4.548143971920000084e-01 -7.448092903659999653e-01 -6.560522435600000257e-01
-5.595489583360000463e-01 -3.202639068829999935e-01 -5.311703525679999614e-03 3.384626418760000033e-01 -3.500685600649999785e-02 -1.012203118270000035e-01 -4.831858327340000092e-01 4.548143971920000084e-01 -7.415577096209999830e-01 -6.560522435600000257e-01
-5.595489583360000463e-01 -3.187678920070000088e-01 -5.311703525679999614e-03 3.384626418760000033e-01 -3.500685600649999785e-02 -1.012203118270000035e-01 -4.831858327340000092e-01 4.548143971920000084e-01 -4.082804744819999998e-01 -6.560522435600000257e-01
-5.589605675769999671e-01 -3.202639068829999935e-01 -5.311703525679999614e-03 3.384626418760000033e-01 -3.500685600649999785e-02 -1.012203118270000035e-01 -4.831858327340000092e-01 4.548143971920000084e-01 -3.530052442159999915e-01 -6.560522435600000257e-01
-5.589605675769999671e-01 -3.202639068829999935e-01 -5.311703525679999614e-03 3.384626418760000033e-01 -3.500685600649999785e-02 -1.012203118270000035e-01 -4.831858327340000092e-01 4.548143971920000084e-01 -3.530052442159999915e-01 -6.560522435600000257e-01
-5.589605675769999671e-01 -3.187678920070000088e-01 -5.311703525679999614e-03 3.368369146719999985e-01 -3.500685600649999785e-02 -1.012203118270000035e-01 -4.831858327340000092e-01 4.548143971920000084e-01 -3.530052442159999915e-01 -6.560522435600000257e-01
-5.595489583360000463e-01 -3.202639068829999935e-01 -5.311703525679999614e-03 3.368369146719999985e-01 -3.500685600649999785e-02 -1.018087025859999994e-01 -4.831858327340000092e-01 4.548143971920000084e-01 -3.530052442159999915e-01 -6.567250923430000276e-01
-5.589605675769999671e-01 -3.202639068829999935e-01 -5.311703525679999614e-03 3.384626418760000033e-01 -3.500685600649999785e-02 -1.012203118270000035e-01 -4.831858327340000092e-01 4.548143971920000084e-01 -3.530052442159999915e-01 -6.560522435600000257e-01
-5.589605675769999671e-01 -3.172718771320000020e-01 -5.311703525679999614e-03 3.384626418760000033e-01 -3.500685600649999785e-02 -7.297728102009999607e-02 -4.831858327340000092e-01 4.548143971920000084e-01 -2.489576924970000049e-01 -6.237552928249999740e-01
-5.589605675769999671e-01 -3.202639068829999935e-01 -5.311703525679999614e-03 3.384626418760000033e-01 -3.500685600649999785e-02 -7.238889026059999732e-02 -4.831858327340000092e-01 4.548143971920000084e-01 1.493495151439999946e-01 -6.210638976929999666e-01
-5.595489583360000463e-01 -3.187678920070000088e-01 -5.311703525679999614e-03 3.384626418760000033e-01 -3.500685600649999785e-02 -7.238889026059999732e-02 -4.831858327340000092e-01 4.548143971920000084e-01 2.777829749130000248e-01 -6.203910489099999648e-01
-5.595489583360000463e-01 -3.187678920070000088e-01 -5.311703525679999614e-03 3.368369146719999985e-01 -3.500685600649999785e-02 -7.238889026059999732e-02 -4.831858327340000092e-01 4.548143971920000084e-01 2.859118636060000163e-01 -6.210638976929999666e-01
-5.595489583360000463e-01 -3.187678920070000088e-01 -5.311703525679999614e-03 3.384626418760000033e-01 -3.500685600649999785e-02 -7.238889026059999732e-02 -4.712174812150000114e-01 4.459884443489999795e-01 2.176305630370000133e-01 -4.891842813100000242e-01
-5.589605675769999671e-01 -3.187678920070000088e-01 -5.311703525679999614e-03 3.384626418760000033e-01 -3.500685600649999785e-02 -2.018360462040000025e-01 -1.061863638910000018e-01 3.100688528760000007e-01 -1.725477559109999948e-01 -6.074149185580000193e-03
-5.595489583360000463e-01 -3.217599217580000004e-01 -5.311703525679999614e-03 3.319592277080000153e-01 -3.500685600649999785e-02 -3.948301357760000130e-01 2.708131049529999834e-01 1.259007161469999914e-01 -2.993557411530000101e-01 3.968009094020000238e-02
-5.595489583360000463e-01 -3.067995404880000110e-01 -5.311703525679999614e-03 3.595970955180000095e-01 -3.433400722350000295e-02 -5.395757258179999516e-01 2.917575457239999781e-01 1.351698367890000023e-02 -3.383734467089999920e-01 4.506288120379999679e-02
-5.589605675769999671e-01 -3.142798473819999883e-01 -5.311703525679999614e-03 3.368369146719999985e-01 -3.433400722350000295e-02 -5.607579760599999963e-01 2.962455903499999765e-01 5.867903805340000251e-03 -3.383734467089999920e-01 4.506288120379999679e-02
