-5.589605675769999671e-01 -3.172718771320000020e-01 -3.546439796939999858e-03 3.384626418760000033e-01 -3.433400722350000295e-02 -5.619347575790000215e-01 3.186860459959999781e-01 5.279513045829999952e-03 -3.383734467089999920e-01 4.506288120379999679e-02
-5.236567562060000514e-01 -1.467245537309999903e-01 -6.532810969640000243e-02 1.011039434229999978e-01 3.269892402630000250e-01 -5.619347575790000215e-01 3.186860459959999781e-01 5.279513045829999952e-03 -3.367477195060000206e-01 4.506288120379999679e-02
-3.500797903230000174e-01 2.407470192399999986e-01 -2.318443407399999878e-01 -2.403020540709999986e-01 6.028599602749999953e-01 -5.619347575790000215e-01 3.186860459959999781e-01 5.279513045829999952e-03 -3.367477195060000206e-01 4.506288120379999679e-02
-1.782680424439999911e-01 4.546792390589999844e-01 -3.901230097000000230e-01 -2.679396692039999750e-01 6.068971052610000472e-01 -5.619347575790000215e-01 3.186860459959999781e-01 5.279513045829999952e-03 -3.367477195060000206e-01 4.506288120379999679e-02
-7.235669978080000453e-02 4.711356352039999806e-01 -4.548465419470000271e-01 -2.711911236099999734e-01 6.075699540440000490e-01 -5.613463668200000534e-01 3.186860459959999781e-01 4.691030836099999678e-03 -3.367477195060000206e-01 4.506288120379999679e-02
-6.941465453310000089e-02 4.711356352039999806e-01 -4.560233234659999968e-01 -2.711911236099999734e-01 6.075699540440000490e-01 -5.613463668200000534e-01 3.186860459959999781e-01 4.691030836099999678e-03 -3.367477195060000206e-01 4.506288120379999679e-02
-6.941465453310000089e-02 4.711356352039999806e-01 -4.566117142250000205e-01 -2.711911236099999734e-01 6.075699540440000490e-01 -5.619347575790000215e-01 3.186860459959999781e-01 5.279513045829999952e-03 -3.367477195060000206e-01 4.506288120379999679e-02
-6.941465453310000089e-02 4.711356352039999806e-01 -4.560233234659999968e-01 -2.711911236099999734e-01 6.075699540440000490e-01 -5.619347575790000215e-01 3.171900311210000267e-01 5.279513045829999952e-03 -3.367477195060000206e-01 4.506288120379999679e-02
-7.706382585679999453e-02 4.711356352039999806e-01 -4.566117142250000205e-01 -2.533081243740000210e-01 6.492869968950000237e-01 -5.619347575790000215e-01 3.171900311210000267e-01 5.279513045829999952e-03 -3.367477195060000206e-01 4.506288120379999679e-02
-8.765495097809999914e-02 4.726316500789999875e-01 -4.566117142250000205e-01 9.622676181360000081e-02 6.513055432440000292e-01 -5.613463668200000534e-01 3.186860459959999781e-01 5.279513045829999952e-03 -3.367477195060000206e-01 4.506288120379999679e-02
-8.765495097809999914e-02 4.726316500789999875e-01 -4.566117142250000205e-01 5.107912414869999473e-01 6.513055432440000292e-01 -5.613463668200000534e-01 3.186860459959999781e-01 4.691030836099999678e-03 -3.367477195060000206e-01 4.506288120379999679e-02
-9.353895002339999987e-02 4.741276649550000277e-01 -4.572001049850000221e-01 7.091319817060000030e-01 6.519783920270000310e-01 -5.619347575790000215e-01 3.171900311210000267e-01 5.279513045829999952e-03 -3.367477195060000206e-01 4.506288120379999679e-02
-9.353895002339999987e-02 4.726316500789999875e-01 -4.572001049850000221e-01 7.448979801780000187e-01 6.519783920270000310e-01 -5.613463668200000534e-01 3.186860459959999781e-01 5.279513045829999952e-03 -3.367477195060000206e-01 4.506288120379999679e-02
-9.353895002339999987e-02 4.741276649550000277e-01 -4.572001049850000221e-01 7.465237073810000457e-01 6.519783920270000310e-01 -5.619347575790000215e-01 3.171900311210000267e-01 5.279513045829999952e-03 -3.367477195060000206e-01 4.506288120379999679e-02
-9.412734078289999862e-02 4.741276649550000277e-01 -4.572001049850000221e-01 7.465237073810000457e-01 6.519783920270000310e-01 -5.613463668200000534e-01 3.171900311210000267e-01 5.279513045829999952e-03 -3.367477195060000206e-01 4.506288120379999679e-02
-9.353895002339999987e-02 4.741276649550000277e-01 -4.577884957439999902e-01 5.319256951299999869e-01 6.526512408100000329e-01 -5.613463668200000534e-01 3.186860459959999781e-01 5.279513045829999952e-03 -3.367477195060000206e-01 4.506288120379999679e-02
-9.412734078289999862e-02 4.741276649550000277e-01 -4.572001049850000221e-01 3.612228227209999809e-01 6.526512408100000329e-01 -5.613463668200000534e-01 3.186860459959999781e-01 5.279513045829999952e-03 -3.367477195060000206e-01 4.506288120379999679e-02
-9.412734078289999862e-02 4.741276649550000277e-01 -4.572001049850000221e-01 3.563456411120000111e-01 6.526512408100000329e-01 -5.619347575790000215e-01 3.186860459959999781e-01 5.279513045829999952e-03 -3.367477195060000206e-01 4.506288120379999679e-02
-9.353895002339999987e-02 4.741276649550000277e-01 -4.572001049850000221e-01 3.563456411120000111e-01 6.526512408100000329e-01 -5.613463668200000534e-01 3.171900311210000267e-01 5.279513045829999952e-03 -3.367477195060000206e-01 4.506288120379999679e-02
-9.412734078289999862e-02 4.741276649550000277e-01 -4.572001049850000221e-01 3.579713683149999826e-01 6.519783920270000310e-01 -5.619347575790000215e-01 3.171900311210000267e-01 5.279513045829999952e-03 -3.383734467089999920e-01 4.506288120379999679e-02
-6.882626377349999880e-02 4.756236798299999791e-01 -4.577884957439999902e-01 1.596306280960000101e-01 6.223727841349999679e-01 -5.619347575790000215e-01 3.171900311210000267e-01 5.279513045829999952e-03 -3.367477195060000206e-01 4.506288120379999679e-02
-6.823787301400000005e-02 4.756236798299999791e-01 -4.577884957439999902e-01 -2.094129845309999904e-01 6.210270342799999455e-01 -5.619347575790000215e-01 3.186860459959999781e-01 5.279513045829999952e-03 -3.367477195060000206e-01 4.506288120379999679e-02
-6.882626377349999880e-02 4.726316500789999875e-01 -4.477858528329999865e-01 -2.435535084769999969e-01 4.978945043649999902e-01 -5.613463668200000534e-01 3.186860459959999781e-01 5.279513045829999952e-03 -3.367477195060000206e-01 4.506288120379999679e-02
-1.865056045269999907e-01 1.524814440470000088e-01 -3.106894341149999961e-01 1.645078097060000133e-01 2.084011586350000000e-02 -5.619347575790000215e-01 3.156940162460000199e-01 5.279513045829999952e-03 -3.383734467089999920e-01 4.775427633559999746e-02
-3.859719924539999902e-01 -2.559345696940000248e-01 -1.159301722650000060e-01 3.303335005040000105e-01 -3.029691452579999847e-02 -5.619347575790000215e-01 3.156940162460000199e-01 4.691030836099999678e-03 -3.351219923020000158e-01 4.640857876969999712e-02
-5.301291460100000519e-01 -3.082957878800000051e-01 -1.237239263970000072e-02 3.270820460980000122e-01 -3.096976330880000031e-02 -5.619347575790000215e-01 3.156940162460000199e-01 5.279513045829999952e-03 -3.692625162489999724e-01 4.775427633559999746e-02
