-5.595489583360000463e-01 -3.172718771320000020e-01 -3.546439796939999858e-03 3.254563188949999852e-01 -3.635255357239999818e-02 -5.619347575790000215e-01 3.186860459959999781e-01 4.691030836099999678e-03 -3.383734467089999920e-01 4.371718363790000339e-02
-5.454274429330000507e-01 -3.187678920070000088e-01 1.329614967109999935e-01 2.311636357500000127e-01 4.110961747479999762e-01 -5.619347575790000215e-01 3.186860459959999781e-01 4.691030836099999678e-03 -3.383734467089999920e-01 4.439003242080000189e-02
-4.265713206599999752e-01 -3.172718771320000020e-01 1.865056045269999907e-01 2.262859487849999962e-01 6.459227006919999736e-01 -5.619347575790000215e-01 3.186860459959999781e-01 4.691030836099999678e-03 -3.383734467089999920e-01 4.371718363790000339e-02
-2.541711820220000084e-01 -3.157758622569999951e-01 1.865056045269999907e-01 2.116544039559999923e-01 6.539969906639999664e-01 -5.619347575790000215e-01 3.186860459959999781e-01 4.691030836099999678e-03 -3.383734467089999920e-01 4.371718363790000339e-02
-6.941465453310000089e-02 -3.112878176309999967e-01 1.865056045269999907e-01 2.132801311589999915e-01 6.546698394469999682e-01 -5.619347575790000215e-01 3.186860459959999781e-01 4.691030836099999678e-03 -3.383734467089999920e-01 4.439003242080000189e-02
1.212257805510000008e-01 -2.738869807150000057e-01 1.865056045269999907e-01 2.132801311589999915e-01 6.546698394469999682e-01 -5.619347575790000215e-01 3.186860459959999781e-01 4.691030836099999678e-03 -3.367477195060000206e-01 4.371718363790000339e-02
2.736204504659999759e-01 -2.544385548190000179e-01 1.865056045269999907e-01 2.149058583619999907e-01 6.553426882299999701e-01 -5.619347575790000215e-01 3.186860459959999781e-01 4.691030836099999678e-03 -3.367477195060000206e-01 4.439003242080000189e-02
3.701175409770000035e-01 -2.574305845700000095e-01 2.000386834460000096e-01 2.197830399719999939e-01 6.553426882299999701e-01 -5.619347575790000215e-01 3.186860459959999781e-01 4.691030836099999678e-03 -3.383734467089999920e-01 4.439003242080000189e-02
4.242500395520000245e-01 -2.664069063380000157e-01 2.653506979019999990e-01 2.457951805789999888e-01 4.393561373629999989e-01 -5.619347575790000215e-01 3.186860459959999781e-01 4.691030836099999678e-03 -3.367477195060000206e-01 4.371718363790000339e-02
4.389598085399999960e-01 1.046085030040000002e-01 3.877371647319999837e-01 2.311636357500000127e-01 1.930910775309999938e-01 -5.619347575790000215e-01 3.171900311210000267e-01 4.691030836099999678e-03 -3.367477195060000206e-01 4.439003242080000189e-02
4.395481992990000197e-01 4.083023128909999966e-01 3.930327730179999923e-01 2.425437261729999905e-01 1.890539848339999884e-01 -5.619347575790000215e-01 3.186860459959999781e-01 4.691030836099999678e-03 -3.367477195060000206e-01 4.439003242080000189e-02
4.401365900590000213e-01 4.636555608280000240e-01 3.924443822579999908e-01 2.441694533759999897e-01 1.890539848339999884e-01 -5.619347575790000215e-01 3.186860459959999781e-01 4.102640076600000060e-03 -3.383734467089999920e-01 4.439003242080000189e-02
4.395481992990000197e-01 4.636555608280000240e-01 3.918559914990000226e-01 2.441694533759999897e-01 1.890539848339999884e-01 -5.619347575790000215e-01 3.186860459959999781e-01 4.691030836099999678e-03 -3.383734467089999920e-01 4.439003242080000189e-02
4.395481992990000197e-01 4.636555608280000240e-01 3.918559914990000226e-01 2.441694533759999897e-01 1.890539848339999884e-01 -5.619347575790000215e-01 3.186860459959999781e-01 4.691030836099999678e-03 -3.367477195060000206e-01 4.439003242080000189e-02
4.401365900590000213e-01 4.636555608280000240e-01 3.918559914990000226e-01 2.441694533759999897e-01 1.890539848339999884e-01 -5.619347575790000215e-01 3.186860459959999781e-01 4.691030836099999678e-03 -3.367477195060000206e-01 4.439003242080000189e-02
4.401365900590000213e-01 4.068062980159999897e-01 3.847952109350000205e-01 2.506723621890000198e-01 1.883811360509999866e-01 -5.619347575790000215e-01 3.186860459959999781e-01 4.102640076600000060e-03 -3.367477195060000206e-01 4.439003242080000189e-02
4.401365900590000213e-01 4.053102831400000050e-01 3.847952109350000205e-01 2.506723621890000198e-01 1.883811360509999866e-01 -5.619347575790000215e-01 3.171900311210000267e-01 4.691030836099999678e-03 -3.367477195060000206e-01 4.439003242080000189e-02
4.407249808179999895e-01 4.053102831400000050e-01 3.847952109350000205e-01 2.506723621890000198e-01 1.883811360509999866e-01 -5.619347575790000215e-01 3.186860459959999781e-01 4.691030836099999678e-03 -3.367477195060000206e-01 4.439003242080000189e-02
4.401365900590000213e-01 4.038142682649999982e-01 3.847952109350000205e-01 2.506723621890000198e-01 1.883811360509999866e-01 -5.619347575790000215e-01 3.186860459959999781e-01 4.691030836099999678e-03 -3.367477195060000206e-01 4.439003242080000189e-02
4.401365900590000213e-01 4.038142682649999982e-01 3.847952109350000205e-01 2.506723621890000198e-01 1.883811360509999866e-01 -5.619347575790000215e-01 3.186860459959999781e-01 4.691030836099999678e-03 -3.367477195060000206e-01 4.439003242080000189e-02
4.271919933500000210e-01 2.242908556119999897e-01 2.841793851070000265e-01 2.994446836419999980e-01 5.772914450799999653e-01 -5.619347575790000215e-01 3.186860459959999781e-01 4.691030836099999678e-03 -3.367477195060000206e-01 4.439003242080000189e-02
4.071865246260000237e-01 -1.527086132319999956e-01 2.218094158979999897e-01 3.270820460980000122e-01 6.519783920270000310e-01 -5.619347575790000215e-01 3.171900311210000267e-01 4.691030836099999678e-03 -3.367477195060000206e-01 4.506288120379999679e-02
4.107168691829999885e-01 -2.948314214860000004e-01 1.676769173229999965e-01 3.482170050949999762e-01 4.723260414580000011e-01 -5.613463668200000534e-01 3.186860459959999781e-01 4.691030836099999678e-03 -3.367477195060000206e-01 4.506288120379999679e-02
3.401092464409999905e-01 -3.187678920070000088e-01 3.881806068819999844e-02 3.579713683149999826e-01 6.037338061609999820e-03 -5.619347575790000215e-01 3.186860459959999781e-01 4.691030836099999678e-03 -3.367477195060000206e-01 4.573572998670000223e-02
2.377282483350000031e-01 -3.067995404880000110e-01 -1.609523992420000148e-05 3.287077733009999836e-01 -2.895121695990000160e-02 -5.619347575790000215e-01 3.186860459959999781e-01 4.102640076600000060e-03 -3.367477195060000206e-01 4.506288120379999679e-02
6.415132817740000493e-02 -2.933354066109999936e-01 -8.253657323200000798e-03 3.205791372849999821e-01 -3.231546087469999717e-02 -5.619347575790000215e-01 3.171900311210000267e-01 4.691030836099999678e-03 -3.383734467089999920e-01 4.573572998670000223e-02
