-5.583721768170000210e-01 -3.202639068829999935e-01 -6.488485044690000397e-03 3.384626418760000033e-01 -3.366115844059999751e-02 -5.607579760599999963e-01 3.590789126630000161e-01 6.456294564839999868e-03 -3.822685865520000226e-01 -2.760551939400000127e-02
-5.583721768170000210e-01 -3.232559366330000072e-01 -5.900094285180000099e-03 3.205791372849999821e-01 -3.298830965760000261e-02 -5.331032445629999561e-01 4.682889286270000007e-01 5.867903805340000251e-03 -6.602705914249999974e-01 -3.768174887869999989e-01
-5.583721768170000210e-01 -3.172718771320000020e-01 -5.900094285180000099e-03 3.368369146719999985e-01 -3.366115844059999751e-02 -3.495236814930000047e-01 4.907293842730000022e-01 6.456294564839999868e-03 -7.464350175699999701e-01 -4.239173219019999883e-01
-5.583721768170000210e-01 -3.157758622569999951e-01 -6.488485044690000397e-03 3.368369146719999985e-01 -3.366115844059999751e-02 -2.347862945370000065e-01 4.892333693979999953e-01 6.456294564839999868e-03 -7.464350175699999701e-01 -4.272815658169999975e-01
-5.583721768170000210e-01 -3.157758622569999951e-01 -6.488485044690000397e-03 3.368369146719999985e-01 -3.366115844059999751e-02 2.469659100990000133e-02 4.877373545220000106e-01 6.456294564839999868e-03 -7.448092903659999653e-01 -4.272815658169999975e-01
-5.583721768170000210e-01 -3.172718771320000020e-01 -6.488485044690000397e-03 3.368369146719999985e-01 -3.366115844059999751e-02 1.535553561939999867e-01 4.503365176060000197e-01 7.044685324340000353e-03 -7.415577096209999830e-01 -4.272815658169999975e-01
-5.583721768170000210e-01 -3.172718771320000020e-01 -6.488485044690000397e-03 3.368369146719999985e-01 -3.366115844059999751e-02 2.541711820220000084e-01 4.503365176060000197e-01 -1.781267518430000108e-03 -7.415577096209999830e-01 -4.279544145999999993e-01
-5.583721768170000210e-01 -3.172718771320000020e-01 -6.488485044690000397e-03 3.368369146719999985e-01 -3.298830965760000261e-02 3.365467114039999985e-01 4.548247947490000054e-01 -1.296078339919999947e-02 -7.578152343309999539e-01 -4.279544145999999993e-01
-5.583721768170000210e-01 -3.172718771320000020e-01 -5.900094285180000099e-03 3.368369146719999985e-01 -3.366115844059999751e-02 3.536102263299999993e-01 4.697849435020000075e-01 -1.296078339919999947e-02 -7.643181431440000395e-01 -4.279544145999999993e-01
-5.583721768170000210e-01 -3.172718771320000020e-01 -6.488485044690000397e-03 3.368369146719999985e-01 -3.366115844059999751e-02 3.536102263299999993e-01 4.697849435020000075e-01 -1.296078339919999947e-02 -7.643181431440000395e-01 -4.279544145999999993e-01
-5.583721768170000210e-01 -3.157758622569999951e-01 -6.488485044690000397e-03 3.368369146719999985e-01 -3.366115844059999751e-02 3.536102263299999993e-01 4.697849435020000075e-01 -1.296078339919999947e-02 -7.643181431440000395e-01 -4.279544145999999993e-01
-5.583721768170000210e-01 -3.172718771320000020e-01 -5.900094285180000099e-03 3.368369146719999985e-01 -3.366115844059999751e-02 3.536102263299999993e-01 4.697849435020000075e-01 -1.296078339919999947e-02 -7.659438703480000443e-01 -4.279544145999999993e-01
-5.583721768170000210e-01 -3.172718771320000020e-01 -5.900094285180000099e-03 3.368369146719999985e-01 -3.366115844059999751e-02 3.536102263299999993e-01 4.697849435020000075e-01 -1.296078339919999947e-02 -7.643181431440000395e-01 -3.882559180969999968e-01
-5.583721768170000210e-01 -3.172718771320000020e-01 -5.900094285180000099e-03 3.368369146719999985e-01 -3.366115844059999751e-02 3.541986170900000008e-01 1.870353418690000047e-01 -2.119834548249999867e-02 -7.708211782960000535e-01 -3.673973966719999984e-01
-5.583721768170000210e-01 -3.172718771320000020e-01 -6.488485044690000397e-03 3.368369146719999985e-01 -3.366115844059999751e-02 3.536102263299999993e-01 9.428172205050000532e-02 -2.178673624200000089e-02 -7.756983599060000012e-01 -3.673973966719999984e-01
-5.583721768170000210e-01 -3.157758622569999951e-01 -6.488485044690000397e-03 3.368369146719999985e-01 -3.366115844059999751e-02 3.536102263299999993e-01 9.428172205050000532e-02 -2.237512700149999964e-02 -7.756983599060000012e-01 -3.673973966719999984e-01
-5.583721768170000210e-01 -3.172718771320000020e-01 -6.488485044690000397e-03 3.368369146719999985e-01 -3.366115844059999751e-02 3.536102263299999993e-01 9.278547465820000117e-02 -2.237512700149999964e-02 -7.756983599060000012e-01 -3.673973966719999984e-01
-5.583721768170000210e-01 -3.157758622569999951e-01 -5.900094285180000099e-03 3.368369146719999985e-01 -3.366115844059999751e-02 3.541986170900000008e-01 9.278547465820000117e-02 -2.178673624200000089e-02 -7.756983599060000012e-01 -3.673973966719999984e-01
-5.583721768170000210e-01 -3.172718771320000020e-01 -5.900094285180000099e-03 3.368369146719999985e-01 -3.366115844059999751e-02 3.541986170900000008e-01 9.278547465820000117e-02 -2.178673624200000089e-02 -7.756983599060000012e-01 -3.673973966719999984e-01
-5.583721768170000210e-01 -3.172718771320000020e-01 -5.900094285180000099e-03 3.368369146719999985e-01 -3.366115844059999751e-02 3.536102263299999993e-01 9.278547465820000117e-02 -2.178673624200000089e-02 -7.756983599060000012e-01 -3.673973966719999984e-01
-5.583721768170000210e-01 -3.172718771320000020e-01 -6.488485044690000397e-03 3.368369146719999985e-01 -3.366115844059999751e-02 3.536102263299999993e-01 9.428172205050000532e-02 -2.237512700149999964e-02 -7.756983599060000012e-01 -3.673973966719999984e-01
-5.583721768170000210e-01 -3.157758622569999951e-01 -6.488485044690000397e-03 3.368369146719999985e-01 -3.366115844059999751e-02 3.536102263299999993e-01 9.278547465820000117e-02 -2.178673624200000089e-02 -7.756983599060000012e-01 -3.673973966719999984e-01
-5.583721768170000210e-01 -3.157758622569999951e-01 -6.488485044690000397e-03 3.368369146719999985e-01 -3.366115844059999751e-02 3.459610550059999956e-01 8.231337053119999747e-02 -2.178673624200000089e-02 -7.529379263829999447e-01 -3.673973966719999984e-01
-5.583721768170000210e-01 -3.157758622569999951e-01 -6.488485044690000397e-03 3.384626418760000033e-01 -3.366115844059999751e-02 3.012429000330000273e-01 -7.776184874329999941e-02 -8.253657323200000798e-03 -4.846904110679999822e-01 -3.653788503229999929e-01
-5.583721768170000210e-01 -3.157758622569999951e-01 -6.488485044690000397e-03 3.368369146719999985e-01 -3.366115844059999751e-02 2.835909943470000250e-01 -1.211465126429999983e-01 -1.413765636849999979e-02 -2.782210348329999805e-01 -3.647060015399999910e-01
-5.583721768170000210e-01 -3.157758622569999951e-01 -5.900094285180000099e-03 3.368369146719999985e-01 -3.366115844059999751e-02 2.835909943470000250e-01 -1.196504977680000054e-01 -1.413765636849999979e-02 -2.619635101230000096e-01 -3.647060015399999910e-01
-5.583721768170000210e-01 -3.157758622569999951e-01 -5.900094285180000099e-03 3.368369146719999985e-01 -3.366115844059999751e-02 2.835909943470000250e-01 -1.196504977680000054e-01 -1.413765636849999979e-02 -2.587120557159999779e-01 -3.653788503229999929e-01
-5.583721768170000210e-01 -3.172718771320000020e-01 -5.900094285180000099e-03 3.368369146719999985e-01 -3.366115844059999751e-02 2.835909943470000250e-01 -1.196504977680000054e-01 -1.413765636849999979e-02 -2.587120557159999779e-01 -3.653788503229999929e-01
-5.583721768170000210e-01 -3.172718771320000020e-01 -6.488485044690000397e-03 3.368369146719999985e-01 -3.366115844059999751e-02 2.835909943470000250e-01 -1.196504977680000054e-01 -1.413765636849999979e-02 -2.587120557159999779e-01 -3.660516991059999947e-01
-5.583721768170000210e-01 -3.157758622569999951e-01 -5.900094285180000099e-03 3.368369146719999985e-01 -3.366115844059999751e-02 2.835909943470000250e-01 -8.524192311969999714e-02 -3.002429832530000009e-02 -3.074843771690000116e-01 -4.070958931740000231e-01
-5.583721768170000210e-01 -3.172718771320000020e-01 -5.900094285180000099e-03 3.368369146719999985e-01 -3.366115844059999751e-02 3.341931483660000035e-01 2.543567088079999872e-01 -3.531990661099999873e-02 -6.879082065580000016e-01 -4.225716243359999846e-01
-5.583721768170000210e-01 -3.172718771320000020e-01 -6.488485044690000397e-03 3.368369146719999985e-01 -3.366115844059999751e-02 3.565521801279999958e-01 4.413604283550000007e-01 -2.060995472299999992e-02 -7.708211782960000535e-01 -4.225716243359999846e-01
-5.583721768170000210e-01 -3.157758622569999951e-01 -6.488485044690000397e-03 3.368369146719999985e-01 -3.366115844059999751e-02 3.600825246850000161e-01 4.623048691259999954e-01 -1.707961016600000048e-02 -7.708211782960000535e-01 -4.225716243359999846e-01
-5.583721768170000210e-01 -3.172718771320000020e-01 -6.488485044690000397e-03 3.368369146719999985e-01 -3.366115844059999751e-02 3.589057431659999908e-01 4.473444878560000060e-01 -1.707961016600000048e-02 -7.220488568430000198e-01 -3.579774091330000241e-01
-5.583721768170000210e-01 -3.172718771320000020e-01 -6.488485044690000397e-03 3.352111874690000271e-01 -3.366115844059999751e-02 3.053616353499999936e-01 2.872695010979999797e-01 -1.649121940650000173e-02 -4.131576560920000030e-01 1.882156951470000117e-02
-5.583721768170000210e-01 -3.172718771320000020e-01 -6.488485044690000397e-03 3.352111874690000271e-01 -3.366115844059999751e-02 1.735608249180000118e-01 2.842772388309999787e-01 -6.044859994279999779e-04 -3.399991739120000189e-01 3.968009094020000238e-02
-5.583721768170000210e-01 -3.157758622569999951e-01 -6.488485044690000397e-03 3.368369146719999985e-01 -3.366115844059999751e-02 2.822693556690000077e-02 2.827812239549999940e-01 8.809857602849999886e-03 -3.383734467089999920e-01 3.968009094020000238e-02
-5.583721768170000210e-01 -3.157758622569999951e-01 -6.488485044690000397e-03 3.368369146719999985e-01 -3.366115844059999751e-02 -1.765350606449999915e-01 2.842772388309999787e-01 8.809857602849999886e-03 -3.383734467089999920e-01 3.968009094020000238e-02
