-5.589605675769999671e-01 -3.187678920070000088e-01 -3.546439796939999858e-03 3.352111874690000271e-01 -3.433400722350000295e-02 -5.607579760599999963e-01 3.007336349759999750e-01 5.867903805340000251e-03 -3.367477195060000206e-01 4.573572998670000223e-02
-5.583721768170000210e-01 -3.187678920070000088e-01 -3.546439796939999858e-03 3.368369146719999985e-01 -3.433400722350000295e-02 -5.607579760599999963e-01 4.308883242279999970e-01 5.867903805340000251e-03 -4.147833832949999744e-01 -1.130580468680000006e-01
-5.589605675769999671e-01 -3.172718771320000020e-01 -3.546439796939999858e-03 3.303335005040000105e-01 -3.433400722350000295e-02 -4.825012734440000117e-01 4.862413396470000038e-01 5.867903805340000251e-03 -7.529379263829999447e-01 -4.185343224840000209e-01
-5.589605675769999671e-01 -3.157758622569999951e-01 -3.546439796939999858e-03 3.352111874690000271e-01 -3.433400722350000295e-02 -3.324601665670000039e-01 4.862413396470000038e-01 5.867903805340000251e-03 -7.578152343309999539e-01 -4.266087170339999957e-01
-5.589605675769999671e-01 -3.172718771320000020e-01 -3.546439796939999858e-03 3.352111874690000271e-01 -3.433400722350000295e-02 -1.412312492739999925e-01 4.847453247719999969e-01 5.867903805340000251e-03 -7.578152343309999539e-01 -4.272815658169999975e-01
-5.589605675769999671e-01 -3.172718771320000020e-01 -3.546439796939999858e-03 3.352111874690000271e-01 -3.433400722350000295e-02 4.823240429049999861e-02 4.817532950210000053e-01 5.867903805340000251e-03 -7.561893807889999986e-01 -4.266087170339999957e-01
-5.589605675769999671e-01 -3.172718771320000020e-01 -3.546439796939999858e-03 3.352111874690000271e-01 -3.433400722350000295e-02 1.988619019270000121e-01 4.488405027310000128e-01 5.867903805340000251e-03 -7.383062552150000402e-01 -4.272815658169999975e-01
-5.589605675769999671e-01 -3.172718771320000020e-01 -3.546439796939999858e-03 3.352111874690000271e-01 -3.433400722350000295e-02 3.047732445899999920e-01 4.488405027310000128e-01 -2.958049037439999807e-03 -7.399319824179999561e-01 -4.272815658169999975e-01
-5.589605675769999671e-01 -3.172718771320000020e-01 -3.546439796939999858e-03 3.352111874690000271e-01 -3.433400722350000295e-02 3.506681810819999856e-01 4.652968988760000091e-01 -1.354917415869999996e-02 -7.626924159410000126e-01 -4.003674053449999826e-01
-5.589605675769999671e-01 -3.172718771320000020e-01 -3.546439796939999858e-03 3.352111874690000271e-01 -3.433400722350000295e-02 3.518449626010000109e-01 1.840433121189999910e-01 -2.414039073019999884e-02 -7.691954510930000266e-01 -3.694159430210000039e-01
-5.589605675769999671e-01 -3.157758622569999951e-01 -3.546439796939999858e-03 3.352111874690000271e-01 -3.433400722350000295e-02 3.518449626010000109e-01 1.107378856790000032e-01 -2.414039073019999884e-02 -7.691954510930000266e-01 -3.694159430210000039e-01
-5.589605675769999671e-01 -3.157758622569999951e-01 -3.546439796939999858e-03 3.352111874690000271e-01 -3.433400722350000295e-02 3.518449626010000109e-01 1.107378856790000032e-01 -2.414039073019999884e-02 -7.708211782960000535e-01 -3.687430942380000021e-01
-5.589605675769999671e-01 -3.172718771320000020e-01 -3.546439796939999858e-03 3.352111874690000271e-01 -3.433400722350000295e-02 3.518449626010000109e-01 1.107378856790000032e-01 -2.414039073019999884e-02 -7.724469054989999695e-01 -3.694159430210000039e-01
-5.589605675769999671e-01 -3.157758622569999951e-01 -3.546439796939999858e-03 3.368369146719999985e-01 -3.433400722350000295e-02 3.518449626010000109e-01 1.107378856790000032e-01 -2.414039073019999884e-02 -7.724469054989999695e-01 -3.694159430210000039e-01
-5.589605675769999671e-01 -3.157758622569999951e-01 -3.546439796939999858e-03 3.352111874690000271e-01 -3.433400722350000295e-02 3.518449626010000109e-01 1.107378856790000032e-01 -2.414039073019999884e-02 -7.724469054989999695e-01 -3.694159430210000039e-01
-5.589605675769999671e-01 -3.172718771320000020e-01 -3.546439796939999858e-03 3.352111874690000271e-01 -3.433400722350000295e-02 3.206599779970000230e-01 -4.933710107880000251e-02 -1.707961016600000048e-02 -6.911597873029999839e-01 -3.687430942380000021e-01
-5.589605675769999671e-01 -3.187678920070000088e-01 -3.546439796939999858e-03 3.319592277080000153e-01 -3.433400722350000295e-02 2.894749933929999797e-01 -1.002023043899999966e-01 -1.354917415869999996e-02 -3.465023354030000169e-01 -3.667245478889999966e-01
-5.589605675769999671e-01 -3.157758622569999951e-01 -3.546439796939999858e-03 3.368369146719999985e-01 -3.433400722350000295e-02 2.853561666259999963e-01 -1.271308046619999965e-01 -1.531443788750000076e-02 -2.619635101230000096e-01 -3.667245478889999966e-01
-5.589605675769999671e-01 -3.157758622569999951e-01 -3.546439796939999858e-03 3.368369146719999985e-01 -3.433400722350000295e-02 2.853561666259999963e-01 -1.256347897860000118e-01 -1.531443788750000076e-02 -2.603377829199999827e-01 -3.667245478889999966e-01
-5.589605675769999671e-01 -3.157758622569999951e-01 -3.546439796939999858e-03 3.368369146719999985e-01 -3.433400722350000295e-02 2.853561666259999963e-01 -1.256347897860000118e-01 -1.531443788750000076e-02 -2.603377829199999827e-01 -3.667245478889999966e-01
-5.583721768170000210e-01 -3.157758622569999951e-01 -3.546439796939999858e-03 3.368369146719999985e-01 -3.433400722350000295e-02 2.882982118740000099e-01 -4.634507132820000347e-02 -3.473151585149999998e-02 -3.595081530290000216e-01 -4.165157761350000154e-01
-5.589605675769999671e-01 -3.157758622569999951e-01 -3.546439796939999858e-03 3.368369146719999985e-01 -3.433400722350000295e-02 3.353699298849999733e-01 2.767971644539999887e-01 -3.590829737049999748e-02 -7.041656049300000220e-01 -4.252630194679999920e-01
-5.589605675769999671e-01 -3.172718771320000020e-01 -3.546439796939999858e-03 3.368369146719999985e-01 -3.433400722350000295e-02 3.583173524059999893e-01 4.383683986040000091e-01 -1.766800092549999923e-02 -7.691954510930000266e-01 -4.252630194679999920e-01
-5.589605675769999671e-01 -3.142798473819999883e-01 -3.546439796939999858e-03 3.384626418760000033e-01 -3.433400722350000295e-02 3.112456343950000259e-01 2.887655159740000199e-01 -2.178673624200000089e-02 -4.342923624119999770e-01 -2.036951910829999917e-03
-5.589605675769999671e-01 -3.157758622569999951e-01 -3.546439796939999858e-03 3.368369146719999985e-01 -3.433400722350000295e-02 2.159254168530000129e-01 2.842772388309999787e-01 -3.546439796939999858e-03 -3.416249011160000237e-01 3.698859123139999761e-02
-5.583721768170000210e-01 -3.172718771320000020e-01 -3.546439796939999858e-03 3.368369146719999985e-01 -3.433400722350000295e-02 5.058596732850000055e-02 2.827812239549999940e-01 6.456294564839999868e-03 -3.383734467089999920e-01 3.833439337430000204e-02
