-5.595489583360000463e-01 -3.187678920070000088e-01 -5.311703525679999614e-03 3.368369146719999985e-01 -3.567970478940000328e-02 -5.607579760599999963e-01 2.887655159740000199e-01 5.867903805340000251e-03 -3.367477195060000206e-01 4.573572998670000223e-02
-5.595489583360000463e-01 -3.232559366330000072e-01 -4.723221315950000207e-03 3.335849549109999868e-01 -3.567970478940000328e-02 -5.478131964510000174e-01 4.667929137510000159e-01 5.867903805340000251e-03 -6.049953611589999891e-01 -3.451931776800000184e-01
-5.595489583360000463e-01 -3.172718771320000020e-01 -4.723221315950000207e-03 3.368369146719999985e-01 -3.567970478940000328e-02 -4.224846843730000190e-01 4.832493098969999901e-01 5.867903805340000251e-03 -7.594409615349999587e-01 -4.252630194679999920e-01
-5.595489583360000463e-01 -3.157758622569999951e-01 -4.723221315950000207e-03 3.368369146719999985e-01 -3.567970478940000328e-02 -2.477309826970000017e-01 4.862413396470000038e-01 5.867903805340000251e-03 -7.578152343309999539e-01 -4.259358682509999938e-01
-5.595489583360000463e-01 -3.157758622569999951e-01 -4.723221315950000207e-03 3.352111874690000271e-01 -3.567970478940000328e-02 -6.827006349389999618e-02 4.862413396470000038e-01 5.867903805340000251e-03 -7.578152343309999539e-01 -4.266087170339999957e-01
-5.595489583360000463e-01 -3.172718771320000020e-01 -4.723221315950000207e-03 3.352111874690000271e-01 -3.567970478940000328e-02 1.176631540630000000e-01 4.443524581050000144e-01 6.456294564839999868e-03 -7.545636535859999716e-01 -4.266087170339999957e-01
-5.595489583360000463e-01 -3.172718771320000020e-01 -4.723221315950000207e-03 3.368369146719999985e-01 -3.567970478940000328e-02 2.553479635409999782e-01 4.488405027310000128e-01 2.337467798090000094e-03 -7.399319824179999561e-01 -4.266087170339999957e-01
-5.595489583360000463e-01 -3.157758622569999951e-01 -4.723221315950000207e-03 3.368369146719999985e-01 -3.567970478940000328e-02 3.347815391260000051e-01 4.548247947490000054e-01 -1.001882960170000052e-02 -7.545636535859999716e-01 -4.266087170339999957e-01
-5.595489583360000463e-01 -3.172718771320000020e-01 -4.723221315950000207e-03 3.352111874690000271e-01 -3.567970478940000328e-02 3.512565718419999872e-01 3.830153831850000024e-01 -2.178673624200000089e-02 -7.610666887379999856e-01 -3.707616405870000076e-01
-5.595489583360000463e-01 -3.157758622569999951e-01 -4.723221315950000207e-03 3.352111874690000271e-01 -3.567970478940000328e-02 3.512565718419999872e-01 1.451466928440000026e-01 -2.414039073019999884e-02 -7.724469054989999695e-01 -3.687430942380000021e-01
-5.595489583360000463e-01 -3.172718771320000020e-01 -4.723221315950000207e-03 3.352111874690000271e-01 -3.567970478940000328e-02 3.512565718419999872e-01 1.062498410530000048e-01 -2.414039073019999884e-02 -7.724469054989999695e-01 -3.687430942380000021e-01
-5.595489583360000463e-01 -3.172718771320000020e-01 -4.723221315950000207e-03 3.352111874690000271e-01 -3.567970478940000328e-02 3.518449626010000109e-01 1.062498410530000048e-01 -2.414039073019999884e-02 -7.724469054989999695e-01 -3.687430942380000021e-01
-5.595489583360000463e-01 -3.172718771320000020e-01 -4.723221315950000207e-03 3.368369146719999985e-01 -3.567970478940000328e-02 3.512565718419999872e-01 1.062498410530000048e-01 -2.414039073019999884e-02 -7.724469054989999695e-01 -3.687430942380000021e-01
-5.595489583360000463e-01 -3.157758622569999951e-01 -4.723221315950000207e-03 3.352111874690000271e-01 -3.567970478940000328e-02 3.512565718419999872e-01 1.062498410530000048e-01 -2.414039073019999884e-02 -7.724469054989999695e-01 -3.687430942380000021e-01
-5.595489583360000463e-01 -3.157758622569999951e-01 -4.723221315950000207e-03 3.368369146719999985e-01 -3.567970478940000328e-02 3.512565718419999872e-01 1.062498410530000048e-01 -2.414039073019999884e-02 -7.724469054989999695e-01 -3.687430942380000021e-01
-5.601373490959999923e-01 -3.202639068829999935e-01 -4.723221315950000207e-03 3.335849549109999868e-01 -3.567970478940000328e-02 3.112456343950000259e-01 -4.036101182710000179e-02 -8.842048082699999548e-03 -5.497201308929999808e-01 -3.667245478889999966e-01
-5.595489583360000463e-01 -3.157758622569999951e-01 -4.723221315950000207e-03 3.368369146719999985e-01 -3.567970478940000328e-02 2.853561666259999963e-01 -1.405949385389999862e-01 -1.472604712800000028e-02 -2.830982164429999837e-01 -3.653788503229999929e-01
-5.595489583360000463e-01 -3.157758622569999951e-01 -4.723221315950000207e-03 3.368369146719999985e-01 -3.567970478940000328e-02 2.847677758659999947e-01 -1.241387749110000049e-01 -1.472604712800000028e-02 -2.619635101230000096e-01 -3.653788503229999929e-01
-5.595489583360000463e-01 -3.157758622569999951e-01 -4.723221315950000207e-03 3.368369146719999985e-01 -3.567970478940000328e-02 2.847677758659999947e-01 -1.241387749110000049e-01 -1.531443788750000076e-02 -2.603377829199999827e-01 -3.653788503229999929e-01
-5.595489583360000463e-01 -3.157758622569999951e-01 -4.723221315950000207e-03 3.368369146719999985e-01 -3.567970478940000328e-02 2.847677758659999947e-01 -1.241387749110000049e-01 -1.472604712800000028e-02 -2.603377829199999827e-01 -3.660516991059999947e-01
-5.595489583360000463e-01 -3.157758622569999951e-01 -4.723221315950000207e-03 3.368369146719999985e-01 -3.567970478940000328e-02 3.118340251539999941e-01 7.184126640429999711e-02 -3.590829737049999748e-02 -5.123280262010000419e-01 -4.245901706849999901e-01
-5.595489583360000463e-01 -3.157758622569999951e-01 -4.723221315950000207e-03 3.368369146719999985e-01 -3.567970478940000328e-02 3.547870078490000245e-01 4.099438834570000023e-01 -2.767073528730000162e-02 -7.659438703480000443e-01 -4.245901706849999901e-01
-5.595489583360000463e-01 -3.142798473819999883e-01 -4.723221315950000207e-03 3.368369146719999985e-01 -3.567970478940000328e-02 3.400770559610000188e-01 3.441185313930000267e-01 -2.590556300869999856e-02 -6.440131930539999550e-01 -2.065849688910000037e-01
-5.595489583360000463e-01 -3.157758622569999951e-01 -4.723221315950000207e-03 3.352111874690000271e-01 -3.567970478940000328e-02 2.788838682709999794e-01 2.887655159740000199e-01 -1.001882960170000052e-02 -3.448763555220000221e-01 3.295149853369999660e-02
-5.595489583360000463e-01 -3.172718771320000020e-01 -4.723221315950000207e-03 3.352111874690000271e-01 -3.567970478940000328e-02 1.523785746749999892e-01 2.827812239549999940e-01 6.456294564839999868e-03 -3.367477195060000206e-01 3.968009094020000238e-02
-5.595489583360000463e-01 -3.157758622569999951e-01 -4.723221315950000207e-03 3.368369146719999985e-01 -3.567970478940000328e-02 -2.178673624200000089e-02 2.812852090799999871e-01 5.867903805340000251e-03 -3.367477195060000206e-01 3.968009094020000238e-02
