-5.589605675769999671e-01 -3.172718771320000020e-01 -3.546439796939999858e-03 3.368369146719999985e-01 -3.433400722350000295e-02 -5.619347575790000215e-01 3.186860459959999781e-01 4.691030836099999678e-03 -3.383734467089999920e-01 4.371718363790000339e-02
-5.589605675769999671e-01 -3.172718771320000020e-01 -3.546439796939999858e-03 3.368369146719999985e-01 -3.433400722350000295e-02 -5.236889924109999761e-01 1.451466928440000026e-01 6.058870169029999947e-02 -1.172725256439999947e-01 -3.001118909150000125e-01
-5.589605675769999671e-01 -3.187678920070000088e-01 -3.546439796939999858e-03 3.368369146719999985e-01 -3.433400722350000295e-02 -3.524656352910000012e-01 -2.408288652510000016e-01 2.271049327340000090e-01 2.403909965599999865e-01 -6.015510738329999940e-01
-5.589605675769999671e-01 -3.172718771320000020e-01 -3.546439796939999858e-03 3.368369146719999985e-01 -3.433400722350000295e-02 -1.677091078019999904e-01 -4.517690553190000236e-01 3.942095545370000176e-01 2.745315205059999930e-01 -6.096252592290000161e-01
-5.589605675769999671e-01 -3.172718771320000020e-01 -3.546439796939999858e-03 3.368369146719999985e-01 -3.433400722350000295e-02 -7.533084405819999441e-02 -4.831858327340000092e-01 4.530491791879999730e-01 2.859118636060000163e-01 -6.096252592290000161e-01
-5.589605675769999671e-01 -3.172718771320000020e-01 -3.546439796939999858e-03 3.368369146719999985e-01 -3.433400722350000295e-02 -6.827006349389999618e-02 -4.831858327340000092e-01 4.530491791879999730e-01 2.859118636060000163e-01 -6.096252592290000161e-01
-5.589605675769999671e-01 -3.172718771320000020e-01 -3.546439796939999858e-03 3.368369146719999985e-01 -3.433400722350000295e-02 -6.827006349389999618e-02 -4.816898178590000024e-01 4.536375699479999746e-01 2.875375908100000211e-01 -6.096252592290000161e-01
-5.583721768170000210e-01 -3.172718771320000020e-01 -3.546439796939999858e-03 3.368369146719999985e-01 -3.433400722350000295e-02 -6.827006349389999618e-02 -4.816898178590000024e-01 4.536375699479999746e-01 2.859118636060000163e-01 -6.096252592290000161e-01
-5.589605675769999671e-01 -3.187678920070000088e-01 -3.546439796939999858e-03 3.368369146719999985e-01 -3.433400722350000295e-02 -8.356840614140000068e-02 -4.816898178590000024e-01 4.536375699479999746e-01 2.387652693569999873e-01 -6.499966045139999871e-01
-5.583721768170000210e-01 -3.187678920070000088e-01 -3.546439796939999858e-03 3.368369146719999985e-01 -3.433400722350000295e-02 -8.592196917939999568e-02 -4.816898178590000024e-01 4.536375699479999746e-01 -1.188982528479999995e-01 -6.533608484280000184e-01
-5.583721768170000210e-01 -3.172718771320000020e-01 -3.546439796939999858e-03 3.368369146719999985e-01 -3.433400722350000295e-02 -8.592196917939999568e-02 -4.831858327340000092e-01 4.536375699479999746e-01 -5.692289836710000550e-01 -6.533608484280000184e-01
-5.589605675769999671e-01 -3.172718771320000020e-01 -3.546439796939999858e-03 3.368369146719999985e-01 -3.433400722350000295e-02 -9.710148506019999903e-02 -4.816898178590000024e-01 4.536375699479999746e-01 -7.285517656559999944e-01 -6.547065459940000220e-01
-5.589605675769999671e-01 -3.172718771320000020e-01 -3.546439796939999858e-03 3.368369146719999985e-01 -3.433400722350000295e-02 -9.651309430070000028e-02 -4.816898178590000024e-01 4.536375699479999746e-01 -7.431835631630000494e-01 -6.553793947770000239e-01
-5.583721768170000210e-01 -3.172718771320000020e-01 -3.546439796939999858e-03 3.368369146719999985e-01 -3.433400722350000295e-02 -9.651309430070000028e-02 -4.816898178590000024e-01 4.536375699479999746e-01 -7.448092903659999653e-01 -6.553793947770000239e-01
-5.589605675769999671e-01 -3.172718771320000020e-01 -3.546439796939999858e-03 3.368369146719999985e-01 -3.433400722350000295e-02 -9.651309430070000028e-02 -4.831858327340000092e-01 4.536375699479999746e-01 -7.431835631630000494e-01 -6.547065459940000220e-01
-5.589605675769999671e-01 -3.172718771320000020e-01 -3.546439796939999858e-03 3.368369146719999985e-01 -3.433400722350000295e-02 -9.651309430070000028e-02 -4.831858327340000092e-01 4.536375699479999746e-01 -5.285854245729999512e-01 -6.560522435600000257e-01
-5.589605675769999671e-01 -3.172718771320000020e-01 -3.546439796939999858e-03 3.368369146719999985e-01 -3.433400722350000295e-02 -9.710148506019999903e-02 -4.816898178590000024e-01 4.536375699479999746e-01 -3.530052442159999915e-01 -6.560522435600000257e-01
-5.589605675769999671e-01 -3.172718771320000020e-01 -3.546439796939999858e-03 3.368369146719999985e-01 -3.433400722350000295e-02 -9.651309430070000028e-02 -4.831858327340000092e-01 4.536375699479999746e-01 -3.530052442159999915e-01 -6.560522435600000257e-01
-5.589605675769999671e-01 -3.172718771320000020e-01 -3.546439796939999858e-03 3.368369146719999985e-01 -3.433400722350000295e-02 -9.651309430070000028e-02 -4.831858327340000092e-01 4.536375699479999746e-01 -3.530052442159999915e-01 -6.560522435600000257e-01
-5.589605675769999671e-01 -3.172718771320000020e-01 -3.546439796939999858e-03 3.368369146719999985e-01 -3.433400722350000295e-02 -9.651309430070000028e-02 -4.816898178590000024e-01 4.536375699479999746e-01 -3.530052442159999915e-01 -6.560522435600000257e-01
-5.589605675769999671e-01 -3.172718771320000020e-01 -3.546439796939999858e-03 3.368369146719999985e-01 -3.433400722350000295e-02 -7.238889026059999732e-02 -4.831858327340000092e-01 4.536375699479999746e-01 -1.058921825439999992e-01 -6.210638976929999666e-01
-5.589605675769999671e-01 -3.172718771320000020e-01 -3.546439796939999858e-03 3.368369146719999985e-01 -3.433400722350000295e-02 -7.238889026059999732e-02 -4.831858327340000092e-01 4.536375699479999746e-01 2.355138149500000111e-01 -6.203910489099999648e-01
-5.589605675769999671e-01 -3.172718771320000020e-01 -3.546439796939999858e-03 3.368369146719999985e-01 -3.433400722350000295e-02 -7.297728102009999607e-02 -4.532650701950000083e-01 4.395160545449999789e-01 1.964958567170000114e-01 -4.562142726369999846e-01
-5.589605675769999671e-01 -3.187678920070000088e-01 -3.546439796939999858e-03 3.368369146719999985e-01 -3.433400722350000295e-02 -2.153692165730000108e-01 -7.177755672510000018e-02 2.971241647160000054e-01 -1.969339166369999949e-01 4.018687135709999615e-03
-5.589605675769999671e-01 -3.142798473819999883e-01 -3.546439796939999858e-03 3.384626418760000033e-01 -3.433400722350000295e-02 -4.207195120950000256e-01 2.723091198279999903e-01 1.023649028660000015e-01 -3.058586499659999847e-01 4.035293972319999728e-02
-5.589605675769999671e-01 -3.127838325060000035e-01 -3.546439796939999858e-03 3.482170050949999762e-01 -3.433400722350000295e-02 -5.460480241720000461e-01 2.917575457239999781e-01 1.057502988139999954e-02 -3.367477195060000206e-01 4.506288120379999679e-02
