-5.583721768170000210e-01 -3.187678920070000088e-01 -5.311703525679999614e-03 3.384626418760000033e-01 -3.096976330880000031e-02 -5.613463668200000534e-01 3.171900311210000267e-01 4.691030836099999678e-03 -3.383734467089999920e-01 4.506288120379999679e-02
-5.236567562060000514e-01 -1.437325239799999987e-01 -6.591650045590000118e-02 9.947821622010000198e-02 3.303535887549999828e-01 -5.613463668200000534e-01 3.171900311210000267e-01 4.691030836099999678e-03 -3.383734467089999920e-01 4.506288120379999679e-02
-3.500797903230000174e-01 2.422432666319999928e-01 -2.330211222590000131e-01 -2.403020540709999986e-01 6.021871114919999934e-01 -5.613463668200000534e-01 3.171900311210000267e-01 4.691030836099999678e-03 -3.383734467089999920e-01 4.506288120379999679e-02
-1.753260886459999945e-01 4.561752539339999912e-01 -3.918881819789999943e-01 -2.663139420000000257e-01 6.068971052610000472e-01 -5.613463668200000534e-01 3.171900311210000267e-01 5.279513045829999952e-03 -3.383734467089999920e-01 4.506288120379999679e-02
-7.176830902130000578e-02 4.711356352039999806e-01 -4.542581511870000255e-01 -2.695653964070000019e-01 6.068971052610000472e-01 -5.613463668200000534e-01 3.171900311210000267e-01 4.691030836099999678e-03 -3.383734467089999920e-01 4.506288120379999679e-02
-7.059152750229999440e-02 4.696396203289999738e-01 -4.554349327059999952e-01 -2.711911236099999734e-01 6.068971052610000472e-01 -5.613463668200000534e-01 3.171900311210000267e-01 4.691030836099999678e-03 -3.383734467089999920e-01 4.506288120379999679e-02
-7.059152750229999440e-02 4.711356352039999806e-01 -4.554349327059999952e-01 -2.711911236099999734e-01 6.068971052610000472e-01 -5.613463668200000534e-01 3.171900311210000267e-01 5.279513045829999952e-03 -3.367477195060000206e-01 4.506288120379999679e-02
-7.059152750229999440e-02 4.711356352039999806e-01 -4.554349327059999952e-01 -2.711911236099999734e-01 6.068971052610000472e-01 -5.613463668200000534e-01 3.171900311210000267e-01 4.691030836099999678e-03 -3.383734467089999920e-01 4.506288120379999679e-02
-7.059152750229999440e-02 4.711356352039999806e-01 -4.554349327059999952e-01 -2.711911236099999734e-01 6.068971052610000472e-01 -5.613463668200000534e-01 3.171900311210000267e-01 4.691030836099999678e-03 -3.383734467089999920e-01 4.506288120379999679e-02
-7.059152750229999440e-02 4.711356352039999806e-01 -4.554349327059999952e-01 -2.711911236099999734e-01 6.068971052610000472e-01 -5.613463668200000534e-01 3.171900311210000267e-01 4.691030836099999678e-03 -3.383734467089999920e-01 4.506288120379999679e-02
-7.059152750229999440e-02 4.711356352039999806e-01 -4.554349327059999952e-01 -2.711911236099999734e-01 6.068971052610000472e-01 -5.613463668200000534e-01 3.171900311210000267e-01 4.691030836099999678e-03 -3.383734467089999920e-01 4.506288120379999679e-02
-7.059152750229999440e-02 4.711356352039999806e-01 -4.554349327059999952e-01 -2.711911236099999734e-01 6.068971052610000472e-01 -5.613463668200000534e-01 3.171900311210000267e-01 5.279513045829999952e-03 -3.383734467089999920e-01 4.506288120379999679e-02
-7.117991826179999315e-02 4.711356352039999806e-01 -4.560233234659999968e-01 -2.711911236099999734e-01 6.445770031259999699e-01 -5.613463668200000534e-01 3.171900311210000267e-01 5.279513045829999952e-03 -3.383734467089999920e-01 4.506288120379999679e-02
-8.530138794010000414e-02 4.711356352039999806e-01 -4.554349327059999952e-01 3.559300517249999827e-03 6.499598456780000255e-01 -5.613463668200000534e-01 3.171900311210000267e-01 5.279513045829999952e-03 -3.383734467089999920e-01 4.506288120379999679e-02
-8.530138794010000414e-02 4.726316500789999875e-01 -4.554349327059999952e-01 4.360067794270000019e-01 6.499598456780000255e-01 -5.613463668200000534e-01 3.171900311210000267e-01 4.691030836099999678e-03 -3.383734467089999920e-01 4.506288120379999679e-02
-9.295055926390000112e-02 4.741276649550000277e-01 -4.560233234659999968e-01 7.091319817060000030e-01 6.506326944610000274e-01 -5.613463668200000534e-01 3.171900311210000267e-01 4.691030836099999678e-03 -3.383734467089999920e-01 4.506288120379999679e-02
-9.295055926390000112e-02 4.741276649550000277e-01 -4.566117142250000205e-01 7.416465257709999870e-01 6.506326944610000274e-01 -5.613463668200000534e-01 3.171900311210000267e-01 5.279513045829999952e-03 -3.383734467089999920e-01 4.506288120379999679e-02
-9.295055926390000112e-02 4.741276649550000277e-01 -4.566117142250000205e-01 7.432722529749999918e-01 6.506326944610000274e-01 -5.613463668200000534e-01 3.171900311210000267e-01 5.279513045829999952e-03 -3.383734467089999920e-01 4.506288120379999679e-02
-9.295055926390000112e-02 4.756236798299999791e-01 -4.566117142250000205e-01 7.448979801780000187e-01 6.506326944610000274e-01 -5.613463668200000534e-01 3.171900311210000267e-01 5.279513045829999952e-03 -3.383734467089999920e-01 4.506288120379999679e-02
-9.295055926390000112e-02 4.741276649550000277e-01 -4.566117142250000205e-01 7.448979801780000187e-01 6.506326944610000274e-01 -5.613463668200000534e-01 3.171900311210000267e-01 5.279513045829999952e-03 -3.383734467089999920e-01 4.506288120379999679e-02
-9.295055926390000112e-02 4.756236798299999791e-01 -4.566117142250000205e-01 7.448979801780000187e-01 6.506326944610000274e-01 -5.613463668200000534e-01 3.171900311210000267e-01 4.691030836099999678e-03 -3.383734467089999920e-01 4.506288120379999679e-02
-9.295055926390000112e-02 4.756236798299999791e-01 -4.566117142250000205e-01 7.448979801780000187e-01 6.506326944610000274e-01 -5.613463668200000534e-01 3.171900311210000267e-01 4.691030836099999678e-03 -3.383734467089999920e-01 4.506288120379999679e-02
-9.295055926390000112e-02 4.756236798299999791e-01 -4.566117142250000205e-01 7.188863449260000094e-01 6.513055432440000292e-01 -5.613463668200000534e-01 3.171900311210000267e-01 5.279513045829999952e-03 -3.383734467089999920e-01 4.506288120379999679e-02
-9.295055926390000112e-02 4.756236798299999791e-01 -4.566117142250000205e-01 3.888606905320000084e-01 6.513055432440000292e-01 -5.613463668200000534e-01 3.171900311210000267e-01 4.691030836099999678e-03 -3.383734467089999920e-01 4.506288120379999679e-02
-9.295055926390000112e-02 4.741276649550000277e-01 -4.566117142250000205e-01 3.579713683149999826e-01 6.513055432440000292e-01 -5.613463668200000534e-01 3.171900311210000267e-01 5.279513045829999952e-03 -3.383734467089999920e-01 4.506288120379999679e-02
-9.295055926390000112e-02 4.741276649550000277e-01 -4.566117142250000205e-01 3.579713683149999826e-01 6.513055432440000292e-01 -5.613463668200000534e-01 3.171900311210000267e-01 5.279513045829999952e-03 -3.383734467089999920e-01 4.506288120379999679e-02
-9.295055926390000112e-02 4.741276649550000277e-01 -4.566117142250000205e-01 3.579713683149999826e-01 6.506326944610000274e-01 -5.613463668200000534e-01 3.171900311210000267e-01 5.279513045829999952e-03 -3.383734467089999920e-01 4.506288120379999679e-02
-9.295055926390000112e-02 4.741276649550000277e-01 -4.566117142250000205e-01 3.579713683149999826e-01 6.506326944610000274e-01 -5.613463668200000534e-01 3.171900311210000267e-01 4.691030836099999678e-03 -3.383734467089999920e-01 4.506288120379999679e-02
-9.295055926390000112e-02 4.756236798299999791e-01 -4.566117142250000205e-01 3.579713683149999826e-01 6.506326944610000274e-01 -5.613463668200000534e-01 3.171900311210000267e-01 5.279513045829999952e-03 -3.383734467089999920e-01 4.506288120379999679e-02
-6.941465453310000089e-02 4.756236798299999791e-01 -4.566117142250000205e-01 2.474209077829999937e-01 6.230456329179999697e-01 -5.613463668200000534e-01 3.171900311210000267e-01 4.691030836099999678e-03 -3.383734467089999920e-01 4.506288120379999679e-02
-6.941465453310000089e-02 4.756236798299999791e-01 -4.566117142250000205e-01 -1.541377542650000099e-01 6.223727841349999679e-01 -5.613463668200000534e-01 3.171900311210000267e-01 5.279513045829999952e-03 -3.383734467089999920e-01 4.506288120379999679e-02
-6.941465453310000089e-02 4.756236798299999791e-01 -4.566117142250000205e-01 -2.679396692039999750e-01 6.223727841349999679e-01 -5.613463668200000534e-01 3.171900311210000267e-01 5.279513045829999952e-03 -3.383734467089999920e-01 4.506288120379999679e-02
-6.941465453310000089e-02 4.756236798299999791e-01 -4.566117142250000205e-01 -2.711911236099999734e-01 6.216999353519999660e-01 -5.613463668200000534e-01 3.171900311210000267e-01 4.691030836099999678e-03 -3.383734467089999920e-01 4.506288120379999679e-02
-7.176830902130000578e-02 4.561752539339999912e-01 -4.330759009449999808e-01 -1.882782782109999886e-01 4.211890110689999744e-01 -5.613463668200000534e-01 3.171900311210000267e-01 5.279513045829999952e-03 -3.383734467089999920e-01 4.573572998670000223e-02
-2.006270742050000055e-01 9.563218123540000171e-02 -2.936259191889999953e-01 2.002743135329999868e-01 4.018687135709999615e-03 -5.613463668200000534e-01 3.171900311210000267e-01 5.279513045829999952e-03 -3.367477195060000206e-01 4.573572998670000223e-02
-3.995050713719999758e-01 -2.619188617129999952e-01 -1.112230461890000022e-01 3.384626418760000033e-01 -2.962406574289999997e-02 -5.613463668200000534e-01 3.171900311210000267e-01 4.691030836099999678e-03 -3.367477195060000206e-01 4.640857876969999712e-02
-5.371898808489999899e-01 -3.053035256130000041e-01 -1.001882960170000052e-02 3.270820460980000122e-01 -3.029691452579999847e-02 -5.613463668200000534e-01 3.171900311210000267e-01 4.691030836099999678e-03 -3.611338802319999930e-01 4.775427633559999746e-02
-5.589605675769999671e-01 -3.023114958620000126e-01 -5.900094285180000099e-03 3.368369146719999985e-01 -3.029691452579999847e-02 -5.613463668200000534e-01 3.127019864949999728e-01 5.279513045829999952e-03 -3.383734467089999920e-01 4.640857876969999712e-02
