-5.589605675769999671e-01 -3.187678920070000088e-01 -3.546439796939999858e-03 3.384626418760000033e-01 -3.433400722350000295e-02 -5.619347575790000215e-01 3.186860459959999781e-01 5.279513045829999952e-03 -3.367477195060000206e-01 4.439003242080000189e-02
-5.589605675769999671e-01 -3.187678920070000088e-01 -3.546439796939999858e-03 3.384626418760000033e-01 -3.433400722350000295e-02 -5.531087132859999755e-01 3.186860459959999781e-01 -1.159301722650000060e-01 -2.359516221930000046e-01 -3.384645852739999738e-01
-5.589605675769999671e-01 -3.187678920070000088e-01 -3.546439796939999858e-03 3.384626418760000033e-01 -3.433400722350000295e-02 -4.383714177799999945e-01 3.186860459959999781e-01 -1.847726227279999911e-01 -2.229458045669999999e-01 -6.405767215519999613e-01
-5.589605675769999671e-01 -3.187678920070000088e-01 -3.546439796939999858e-03 3.384626418760000033e-01 -3.433400722350000295e-02 -2.724436689470000061e-01 3.186860459959999781e-01 -1.853610134879999927e-01 -2.180686229569999968e-01 -6.513423020799999907e-01
-5.589605675769999671e-01 -3.187678920070000088e-01 -3.546439796939999858e-03 3.384626418760000033e-01 -3.433400722350000295e-02 -9.592470354120000153e-02 3.127019864949999728e-01 -1.853610134879999927e-01 -2.148169158730000028e-01 -6.573981502800000376e-01
-5.589605675769999671e-01 -3.187678920070000088e-01 -3.546439796939999858e-03 3.384626418760000033e-01 -3.433400722350000295e-02 1.211935900710000014e-01 2.678210752030000252e-01 -1.853610134879999927e-01 -2.148169158730000028e-01 -6.573981502800000376e-01
-5.589605675769999671e-01 -3.172718771320000020e-01 -3.546439796939999858e-03 3.384626418760000033e-01 -3.433400722350000295e-02 2.735882599860000042e-01 2.618370157009999866e-01 -1.853610134879999927e-01 -2.148169158730000028e-01 -6.573981502800000376e-01
-5.589605675769999671e-01 -3.187678920070000088e-01 -3.546439796939999858e-03 3.384626418760000033e-01 -3.433400722350000295e-02 3.642013514510000216e-01 2.618370157009999866e-01 -1.947753570899999898e-01 -2.196943501599999959e-01 -6.573981502800000376e-01
-5.589605675769999671e-01 -3.187678920070000088e-01 -3.546439796939999858e-03 3.384626418760000033e-01 -3.433400722350000295e-02 4.259829299010000070e-01 2.618370157009999866e-01 -2.683248421800000227e-01 -2.375773493960000038e-01 -4.420844481960000127e-01
-5.589605675769999671e-01 -3.172718771320000020e-01 -3.546439796939999858e-03 3.384626418760000033e-01 -3.433400722350000295e-02 4.401044910290000112e-01 -1.301228344120000102e-01 -3.871810559030000043e-01 -2.310744405830000014e-01 -1.890907959579999909e-01
-5.589605675769999671e-01 -3.172718771320000020e-01 -3.546439796939999858e-03 3.384626418760000033e-01 -3.433400722350000295e-02 4.401044910290000112e-01 -4.218485252970000099e-01 -3.901230097000000230e-01 -2.440805108870000018e-01 -1.863992962490000072e-01
-5.589605675769999671e-01 -3.172718771320000020e-01 -3.546439796939999858e-03 3.384626418760000033e-01 -3.433400722350000295e-02 4.406928817890000127e-01 -4.727134960900000182e-01 -3.901230097000000230e-01 -2.473319652930000001e-01 -1.863992962490000072e-01
-5.589605675769999671e-01 -3.187678920070000088e-01 -3.546439796939999858e-03 3.384626418760000033e-01 -3.433400722350000295e-02 4.406928817890000127e-01 -4.727134960900000182e-01 -3.901230097000000230e-01 -2.489576924970000049e-01 -1.863992962490000072e-01
-5.589605675769999671e-01 -3.172718771320000020e-01 -3.546439796939999858e-03 3.384626418760000033e-01 -3.433400722350000295e-02 4.406928817890000127e-01 -4.727134960900000182e-01 -3.895346189409999993e-01 -2.473319652930000001e-01 -1.877449938150000108e-01
-5.589605675769999671e-01 -3.187678920070000088e-01 -3.546439796939999858e-03 3.384626418760000033e-01 -3.433400722350000295e-02 4.406928817890000127e-01 -4.727134960900000182e-01 -3.901230097000000230e-01 -2.473319652930000001e-01 -1.877449938150000108e-01
-5.589605675769999671e-01 -3.187678920070000088e-01 -3.546439796939999858e-03 3.384626418760000033e-01 -3.433400722350000295e-02 4.406928817890000127e-01 -3.949200250250000099e-01 -3.895346189409999993e-01 -2.538348741070000081e-01 -1.863992962490000072e-01
-5.589605675769999671e-01 -3.172718771320000020e-01 -3.546439796939999858e-03 3.384626418760000033e-01 -3.433400722350000295e-02 4.406928817890000127e-01 -3.949200250250000099e-01 -3.901230097000000230e-01 -2.538348741070000081e-01 -1.857264474660000053e-01
-5.589605675769999671e-01 -3.187678920070000088e-01 -3.546439796939999858e-03 3.384626418760000033e-01 -3.433400722350000295e-02 4.406928817890000127e-01 -3.949200250250000099e-01 -3.901230097000000230e-01 -2.538348741070000081e-01 -1.863992962490000072e-01
-5.589605675769999671e-01 -3.172718771320000020e-01 -3.546439796939999858e-03 3.368369146719999985e-01 -3.433400722350000295e-02 4.406928817890000127e-01 -3.949200250250000099e-01 -3.901230097000000230e-01 -2.538348741070000081e-01 -1.870721450320000090e-01
-5.589605675769999671e-01 -3.187678920070000088e-01 -3.546439796939999858e-03 3.384626418760000033e-01 -3.433400722350000295e-02 4.406928817890000127e-01 -3.949200250250000099e-01 -3.901230097000000230e-01 -2.538348741070000081e-01 -1.870721450320000090e-01
-5.589605675769999671e-01 -3.172718771320000020e-01 -3.546439796939999858e-03 3.384626418760000033e-01 -3.433400722350000295e-02 4.224525853439999867e-01 -2.408288652510000016e-01 -2.936259191889999953e-01 -2.961042867470000117e-01 -5.349384168590000099e-01
-5.589605675769999671e-01 -3.187678920070000088e-01 -3.546439796939999858e-03 3.384626418760000033e-01 -3.433400722350000295e-02 4.095078971839999915e-01 1.376663859510000032e-01 -2.277255139730000044e-01 -3.269933562860000142e-01 -6.520151508629999926e-01
-5.589605675769999671e-01 -3.187678920070000088e-01 -3.546439796939999858e-03 3.384626418760000033e-01 -3.433400722350000295e-02 4.095078971839999915e-01 3.007336349759999750e-01 -1.706510615999999869e-01 -3.481280626059999883e-01 -4.986041642710000166e-01
-5.589605675769999671e-01 -3.187678920070000088e-01 -3.546439796939999858e-03 3.384626418760000033e-01 -3.433400722350000295e-02 3.312511031179999899e-01 3.216780757470000252e-01 -4.414585945380000015e-02 -3.562566986219999898e-01 -8.765544317370000185e-03
-5.589605675769999671e-01 -3.187678920070000088e-01 -3.546439796939999858e-03 3.384626418760000033e-01 -3.433400722350000295e-02 2.388728393740000011e-01 2.992376201010000236e-01 -5.900094285180000099e-03 -3.318705378960000174e-01 3.766154459139999661e-02
-5.589605675769999671e-01 -3.172718771320000020e-01 -3.546439796939999858e-03 3.384626418760000033e-01 -3.433400722350000295e-02 7.059152750229999440e-02 2.932535605989999850e-01 5.867903805340000251e-03 -3.334962650989999888e-01 3.833439337430000204e-02
