-5.583721768170000210e-01 -3.232559366330000072e-01 -2.958049037439999807e-03 3.465912778920000048e-01 -3.366115844059999751e-02 -5.589928037820000029e-01 3.216780757470000252e-01 4.102640076600000060e-03 -3.399991739120000189e-01 4.640857876969999712e-02
-5.583721768170000210e-01 -4.234898633449999950e-01 -2.958049037439999807e-03 4.116208713780000195e-01 1.251327229910000061e-01 -5.589928037820000029e-01 3.216780757470000252e-01 4.102640076600000060e-03 -3.399991739120000189e-01 4.573572998670000223e-02
-4.801154284759999724e-01 -4.743548341389999812e-01 -2.369658277940000189e-03 7.318921625519999585e-01 4.258990571269999914e-01 -5.589928037820000029e-01 3.171900311210000267e-01 4.102640076600000060e-03 -3.383734467089999920e-01 4.439003242080000189e-02
-3.253671955229999746e-01 -5.027795818039999531e-01 -3.546439796939999858e-03 7.530271215489999781e-01 4.333003937389999782e-01 -5.589928037820000029e-01 3.141980013699999796e-01 4.102640076600000060e-03 -3.399991739120000189e-01 4.506288120379999679e-02
-1.382571049970000021e-01 -4.997875520530000171e-01 -3.546439796939999858e-03 7.530271215489999781e-01 4.333003937389999782e-01 -5.589928037820000029e-01 3.127019864949999728e-01 4.102640076600000060e-03 -3.399991739120000189e-01 4.506288120379999679e-02
5.532537533459999657e-02 -4.848269382659999849e-01 -3.546439796939999858e-03 7.514013943459999512e-01 4.333003937389999782e-01 -5.589928037820000029e-01 3.141980013699999796e-01 4.102640076600000060e-03 -3.399991739120000189e-01 4.506288120379999679e-02
2.088968267690000102e-01 -4.459305515090000172e-01 -3.546439796939999858e-03 7.448979801780000187e-01 4.353189400879999837e-01 -5.589928037820000029e-01 3.141980013699999796e-01 4.102640076600000060e-03 -3.399991739120000189e-01 4.506288120379999679e-02
3.142197786720000163e-01 -4.459305515090000172e-01 8.809857602849999886e-03 7.432722529749999918e-01 4.346460913049999819e-01 -5.589928037820000029e-01 3.141980013699999796e-01 4.691030836099999678e-03 -3.399991739120000189e-01 4.506288120379999679e-02
3.489352907339999810e-01 -4.534106258849999738e-01 1.881259196460000060e-02 7.595300303619999527e-01 3.841820142760000167e-01 -5.589928037820000029e-01 3.141980013699999796e-01 4.102640076600000060e-03 -3.399991739120000189e-01 4.506288120379999679e-02
3.501120722530000062e-01 -1.871171878800000077e-01 2.705015404789999980e-02 7.611557575659999575e-01 3.639963416329999868e-01 -5.589928037820000029e-01 3.141980013699999796e-01 4.691030836099999678e-03 -3.383734467089999920e-01 4.506288120379999679e-02
3.507004630119999744e-01 -1.048356721890000010e-01 2.705015404789999980e-02 7.660329391760000162e-01 3.639963416329999868e-01 -5.589928037820000029e-01 3.141980013699999796e-01 4.102640076600000060e-03 -3.399991739120000189e-01 4.506288120379999679e-02
3.501120722530000062e-01 -1.048356721890000010e-01 2.705015404789999980e-02 7.709101207849999859e-01 3.639963416329999868e-01 -5.589928037820000029e-01 3.141980013699999796e-01 4.102640076600000060e-03 -3.399991739120000189e-01 4.506288120379999679e-02
3.507004630119999744e-01 -1.048356721890000010e-01 2.705015404789999980e-02 7.709101207849999859e-01 3.646691904159999886e-01 -5.589928037820000029e-01 3.141980013699999796e-01 4.102640076600000060e-03 -3.399991739120000189e-01 4.506288120379999679e-02
3.507004630119999744e-01 -1.048356721890000010e-01 2.705015404789999980e-02 7.709101207849999859e-01 3.646691904159999886e-01 -5.589928037820000029e-01 3.141980013699999796e-01 4.102640076600000060e-03 -3.399991739120000189e-01 4.573572998670000223e-02
3.507004630119999744e-01 -1.048356721890000010e-01 2.705015404789999980e-02 7.709101207849999859e-01 3.646691904159999886e-01 -5.589928037820000029e-01 3.141980013699999796e-01 4.102640076600000060e-03 -3.399991739120000189e-01 4.506288120379999679e-02
3.218689499960000200e-01 7.468774046439999315e-02 1.410546588860000020e-02 6.603596602529999693e-01 3.626506440669999831e-01 -5.589928037820000029e-01 3.141980013699999796e-01 4.691030836099999678e-03 -3.399991739120000189e-01 4.506288120379999679e-02
2.895071838730000069e-01 1.375210627769999916e-01 1.763581044559999964e-02 2.978189564390000266e-01 3.572677492269999977e-01 -5.589928037820000029e-01 3.141980013699999796e-01 4.691030836099999678e-03 -3.399991739120000189e-01 4.573572998670000223e-02
2.842115755869999982e-01 1.315370032759999863e-01 1.881259196460000060e-02 2.718068158320000038e-01 3.572677492269999977e-01 -5.589928037820000029e-01 3.141980013699999796e-01 4.691030836099999678e-03 -3.399991739120000189e-01 4.640857876969999712e-02
2.836231848269999967e-01 1.315370032759999863e-01 1.881259196460000060e-02 2.718068158320000038e-01 3.572677492269999977e-01 -5.589928037820000029e-01 3.141980013699999796e-01 4.102640076600000060e-03 -3.399991739120000189e-01 4.640857876969999712e-02
2.836231848269999967e-01 1.315370032759999863e-01 1.881259196460000060e-02 2.718068158320000038e-01 3.572677492269999977e-01 -5.589928037820000029e-01 3.141980013699999796e-01 4.102640076600000060e-03 -3.399991739120000189e-01 4.640857876969999712e-02
2.924491376700000256e-01 4.925525506759999977e-02 3.881806068819999844e-02 3.579713683149999826e-01 4.258990571269999914e-01 -5.589928037820000029e-01 3.141980013699999796e-01 4.102640076600000060e-03 -3.399991739120000189e-01 4.640857876969999712e-02
3.436395909980000107e-01 -2.948314214860000004e-01 3.352254385270000275e-02 7.205120721290000363e-01 4.333003937389999782e-01 -5.589928037820000029e-01 3.141980013699999796e-01 4.691030836099999678e-03 -3.399991739120000189e-01 4.640857876969999712e-02
3.559959798480000215e-01 -4.324659525969999918e-01 2.116615500259999907e-02 7.627814847689999844e-01 4.077319308330000225e-01 -5.589928037820000029e-01 3.141980013699999796e-01 4.691030836099999678e-03 -3.399991739120000189e-01 4.640857876969999712e-02
3.148081694320000179e-01 -3.157758622569999951e-01 2.175454576220000116e-02 4.441359207980000168e-01 7.383035627510000157e-03 -5.589928037820000029e-01 3.112059716200000214e-01 4.102640076600000060e-03 -3.399991739120000189e-01 4.573572998670000223e-02
2.330211222590000131e-01 -3.008154809870000057e-01 -6.044859994279999779e-04 3.384626418760000033e-01 -2.962406574289999997e-02 -5.589928037820000029e-01 3.141980013699999796e-01 4.102640076600000060e-03 -3.399991739120000189e-01 4.573572998670000223e-02
5.944411065110000170e-02 -3.008154809870000057e-01 -6.488485044690000397e-03 3.384626418760000033e-01 -3.164261209170000227e-02 -5.589928037820000029e-01 3.141980013699999796e-01 4.102640076600000060e-03 -3.399991739120000189e-01 4.640857876969999712e-02
