-5.601373490959999923e-01 -3.008154809870000057e-01 -3.546439796939999858e-03 3.384626418760000033e-01 -2.962406574289999997e-02 -5.601695853010000281e-01 3.141980013699999796e-01 2.337467798090000094e-03 -3.399991739120000189e-01 4.640857876969999712e-02
-5.501346147340000492e-01 -4.459305515090000172e-01 -3.546439796939999858e-03 5.953300667669999546e-01 3.337178326690000141e-01 -5.601695853010000281e-01 3.141980013699999796e-01 2.337467798090000094e-03 -3.399991739120000189e-01 4.640857876969999712e-02
-4.301017566670000125e-01 -4.863229531409999917e-01 -4.134830556449999722e-03 7.611557575659999575e-01 4.306089986070000264e-01 -5.601695853010000281e-01 3.127019864949999728e-01 2.337467798090000094e-03 -3.383734467089999920e-01 4.573572998670000223e-02
-2.700579154289999839e-01 -4.908114628010000202e-01 -3.546439796939999858e-03 7.595300303619999527e-01 4.306089986070000264e-01 -5.601695853010000281e-01 3.127019864949999728e-01 2.337467798090000094e-03 -3.399991739120000189e-01 4.573572998670000223e-02
-7.765221661629999328e-02 -4.878189680169999765e-01 -4.134830556449999722e-03 7.595300303619999527e-01 4.319546961729999746e-01 -5.601695853010000281e-01 3.127019864949999728e-01 2.337467798090000094e-03 -3.399991739120000189e-01 4.573572998670000223e-02
1.100462646700000047e-01 -4.459305515090000172e-01 -4.134830556449999722e-03 7.465237073810000457e-01 4.326275449559999764e-01 -5.601695853010000281e-01 3.127019864949999728e-01 2.337467798090000094e-03 -3.399991739120000189e-01 4.573572998670000223e-02
2.506730279439999820e-01 -4.474265663840000240e-01 5.722955195789999503e-04 7.448979801780000187e-01 4.346460913049999819e-01 -5.601695853010000281e-01 3.127019864949999728e-01 2.337467798090000094e-03 -3.399991739120000189e-01 4.573572998670000223e-02
3.359905111240000242e-01 -4.549066407599999806e-01 1.351698367890000023e-02 7.562785759560000098e-01 4.346460913049999819e-01 -5.601695853010000281e-01 3.127019864949999728e-01 2.337467798090000094e-03 -3.399991739120000189e-01 4.573572998670000223e-02
3.536424168100000265e-01 -4.623867151370000261e-01 1.704741968610000089e-02 7.562785759560000098e-01 4.346460913049999819e-01 -5.601695853010000281e-01 3.127019864949999728e-01 2.925858557590000145e-03 -3.383734467089999920e-01 4.573572998670000223e-02
3.542308075699999725e-01 -4.608907002620000193e-01 1.704741968610000089e-02 7.562785759560000098e-01 4.346460913049999819e-01 -5.601695853010000281e-01 3.127019864949999728e-01 2.337467798090000094e-03 -3.399991739120000189e-01 4.573572998670000223e-02
3.542308075699999725e-01 -4.623867151370000261e-01 1.704741968610000089e-02 7.562785759560000098e-01 4.346460913049999819e-01 -5.601695853010000281e-01 3.127019864949999728e-01 2.337467798090000094e-03 -3.399991739120000189e-01 4.640857876969999712e-02
3.542308075699999725e-01 -4.623867151370000261e-01 1.704741968610000089e-02 7.562785759560000098e-01 4.346460913049999819e-01 -5.607579760599999963e-01 3.127019864949999728e-01 2.337467798090000094e-03 -3.383734467089999920e-01 4.640857876969999712e-02
3.542308075699999725e-01 -4.623867151370000261e-01 1.704741968610000089e-02 7.562785759560000098e-01 3.774534218689999943e-01 -5.601695853010000281e-01 3.127019864949999728e-01 2.337467798090000094e-03 -3.383734467089999920e-01 4.573572998670000223e-02
3.536424168100000265e-01 -1.676689945020000128e-01 2.528498176940000008e-02 7.644072119720000114e-01 3.639963416329999868e-01 -5.601695853010000281e-01 3.127019864949999728e-01 2.337467798090000094e-03 -3.399991739120000189e-01 4.640857876969999712e-02
3.536424168100000265e-01 -1.183000385830000056e-01 2.528498176940000008e-02 7.660329391760000162e-01 3.639963416329999868e-01 -5.601695853010000281e-01 3.127019864949999728e-01 2.337467798090000094e-03 -3.399991739120000189e-01 4.573572998670000223e-02
3.536424168100000265e-01 -1.168040237079999988e-01 2.587337252889999883e-02 7.692843935819999590e-01 3.639963416329999868e-01 -5.601695853010000281e-01 3.127019864949999728e-01 2.337467798090000094e-03 -3.399991739120000189e-01 4.573572998670000223e-02
3.536424168100000265e-01 -1.063316870639999939e-01 2.528498176940000008e-02 7.692843935819999590e-01 3.646691904159999886e-01 -5.601695853010000281e-01 3.127019864949999728e-01 2.337467798090000094e-03 -3.399991739120000189e-01 4.640857876969999712e-02
3.536424168100000265e-01 -1.048356721890000010e-01 2.587337252889999883e-02 7.692843935819999590e-01 3.646691904159999886e-01 -5.607579760599999963e-01 3.127019864949999728e-01 2.337467798090000094e-03 -3.399991739120000189e-01 4.640857876969999712e-02
3.536424168100000265e-01 -1.063316870639999939e-01 2.528498176940000008e-02 7.692843935819999590e-01 3.646691904159999886e-01 -5.601695853010000281e-01 3.127019864949999728e-01 2.925858557590000145e-03 -3.383734467089999920e-01 4.640857876969999712e-02
3.536424168100000265e-01 -1.048356721890000010e-01 2.587337252889999883e-02 7.692843935819999590e-01 3.646691904159999886e-01 -5.601695853010000281e-01 3.127019864949999728e-01 2.925858557590000145e-03 -3.399991739120000189e-01 4.640857876969999712e-02
3.536424168100000265e-01 -1.063316870639999939e-01 2.587337252889999883e-02 7.692843935819999590e-01 3.646691904159999886e-01 -5.607579760599999963e-01 3.127019864949999728e-01 2.337467798090000094e-03 -3.399991739120000189e-01 4.640857876969999712e-02
3.536424168100000265e-01 -1.063316870639999939e-01 2.528498176940000008e-02 7.692843935819999590e-01 3.639963416329999868e-01 -5.601695853010000281e-01 3.127019864949999728e-01 2.337467798090000094e-03 -3.399991739120000189e-01 4.640857876969999712e-02
3.495236814930000047e-01 -1.018436424379999955e-01 2.528498176940000008e-02 7.676586663790000431e-01 3.626506440669999831e-01 -5.601695853010000281e-01 3.127019864949999728e-01 2.337467798090000094e-03 -3.383734467089999920e-01 4.573572998670000223e-02
2.995099182340000277e-01 1.509854291720000019e-01 1.292859291939999974e-02 4.343810522239999750e-01 3.565949004439999959e-01 -5.601695853010000281e-01 3.127019864949999728e-01 2.337467798090000094e-03 -3.383734467089999920e-01 4.640857876969999712e-02
2.824464033080000269e-01 1.390170776530000041e-01 1.940098272409999935e-02 2.783097246449999784e-01 3.565949004439999959e-01 -5.601695853010000281e-01 3.127019864949999728e-01 2.337467798090000094e-03 -3.399991739120000189e-01 4.708142755260000256e-02
2.824464033080000269e-01 1.300409884010000072e-01 1.940098272409999935e-02 2.718068158320000038e-01 3.565949004439999959e-01 -5.601695853010000281e-01 3.127019864949999728e-01 2.337467798090000094e-03 -3.399991739120000189e-01 4.708142755260000256e-02
2.824464033080000269e-01 1.315370032759999863e-01 1.940098272409999935e-02 2.701810886279999990e-01 3.565949004439999959e-01 -5.601695853010000281e-01 3.127019864949999728e-01 2.337467798090000094e-03 -3.399991739120000189e-01 4.708142755260000256e-02
2.824464033080000269e-01 1.315370032759999863e-01 1.940098272409999935e-02 2.701810886279999990e-01 3.565949004439999959e-01 -5.607579760599999963e-01 3.127019864949999728e-01 2.925858557590000145e-03 -3.399991739120000189e-01 4.708142755260000256e-02
2.824464033080000269e-01 1.300409884010000072e-01 1.940098272409999935e-02 2.701810886279999990e-01 3.565949004439999959e-01 -5.601695853010000281e-01 3.127019864949999728e-01 2.337467798090000094e-03 -3.399991739120000189e-01 4.708142755260000256e-02
2.895071838730000069e-01 5.374353221050000295e-02 3.822966992869999969e-02 3.498427322989999810e-01 4.258990571269999914e-01 -5.607579760599999963e-01 3.127019864949999728e-01 2.337467798090000094e-03 -3.399991739120000189e-01 4.708142755260000256e-02
3.436395909980000107e-01 -2.993194661119999989e-01 3.352254385270000275e-02 7.205120721290000363e-01 4.326275449559999764e-01 -5.601695853010000281e-01 3.127019864949999728e-01 2.337467798090000094e-03 -3.399991739120000189e-01 4.708142755260000256e-02
3.565843706080000231e-01 -4.534106258849999738e-01 2.057776424310000032e-02 7.627814847689999844e-01 4.333003937389999782e-01 -5.601695853010000281e-01 3.127019864949999728e-01 2.337467798090000094e-03 -3.399991739120000189e-01 4.708142755260000256e-02
3.571727613669999912e-01 -4.593946853859999790e-01 1.998937348360000157e-02 7.627814847689999844e-01 4.333003937389999782e-01 -5.601695853010000281e-01 3.127019864949999728e-01 2.337467798090000094e-03 -3.383734467089999920e-01 4.708142755260000256e-02
3.542308075699999725e-01 -4.204978335949999813e-01 2.175454576220000116e-02 6.847455683019999517e-01 2.933464873839999876e-01 -5.601695853010000281e-01 3.127019864949999728e-01 2.337467798090000094e-03 -3.399991739120000189e-01 4.708142755260000256e-02
3.071590895579999758e-01 -3.008154809870000057e-01 1.351698367890000023e-02 4.051179625649999894e-01 -1.414833458100000010e-02 -5.601695853010000281e-01 3.127019864949999728e-01 2.337467798090000094e-03 -3.399991739120000189e-01 4.708142755260000256e-02
1.941869663309999938e-01 -3.038075107379999973e-01 -4.723221315950000207e-03 3.303335005040000105e-01 -2.625971725110000030e-02 -5.607579760599999963e-01 3.141980013699999796e-01 2.337467798090000094e-03 -3.383734467089999920e-01 4.708142755260000256e-02
1.472604712800000028e-02 -3.053035256130000041e-01 -7.076875804190000015e-03 3.319592277080000153e-01 -2.625971725110000030e-02 -5.601695853010000281e-01 3.127019864949999728e-01 2.337467798090000094e-03 -3.399991739120000189e-01 4.708142755260000256e-02
-1.753260886459999945e-01 -3.082957878800000051e-01 -7.076875804190000015e-03 3.319592277080000153e-01 -2.625971725110000030e-02 -5.601695853010000281e-01 3.127019864949999728e-01 2.337467798090000094e-03 -3.399991739120000189e-01 4.708142755260000256e-02
