-5.601373490959999923e-01 -3.023114958620000126e-01 -2.958049037439999807e-03 3.433398234860000064e-01 -3.298830965760000261e-02 -5.607579760599999963e-01 3.186860459959999781e-01 4.691030836099999678e-03 -3.399991739120000189e-01 4.640857876969999712e-02
-5.601373490959999923e-01 -3.950655807149999754e-01 -2.958049037439999807e-03 3.904864177349999799e-01 6.659425141230000678e-02 -5.601695853010000281e-01 3.186860459959999781e-01 4.691030836099999678e-03 -3.399991739120000189e-01 4.640857876969999712e-02
-5.007092879590000489e-01 -4.698667895129999827e-01 -2.958049037439999807e-03 7.091319817060000030e-01 4.178247671540000208e-01 -5.607579760599999963e-01 3.141980013699999796e-01 4.691030836099999678e-03 -3.416249011160000237e-01 4.640857876969999712e-02
-3.518449626010000109e-01 -4.982915371780000102e-01 -2.958049037439999807e-03 7.595300303619999527e-01 4.326275449559999764e-01 -5.601695853010000281e-01 3.156940162460000199e-01 4.691030836099999678e-03 -3.399991739120000189e-01 4.640857876969999712e-02
-1.770912609249999936e-01 -5.057716115539999668e-01 -3.546439796939999858e-03 7.595300303619999527e-01 4.326275449559999764e-01 -5.607579760599999963e-01 3.156940162460000199e-01 4.691030836099999678e-03 -3.399991739120000189e-01 4.640857876969999712e-02
1.531443788750000076e-02 -4.997875520530000171e-01 -4.134830556449999722e-03 7.562785759560000098e-01 4.339732425219999801e-01 -5.607579760599999963e-01 3.156940162460000199e-01 4.691030836099999678e-03 -3.399991739120000189e-01 4.640857876969999712e-02
1.877145765259999877e-01 -4.459305515090000172e-01 -4.134830556449999722e-03 7.465237073810000457e-01 4.346460913049999819e-01 -5.607579760599999963e-01 3.156940162460000199e-01 4.691030836099999678e-03 -3.399991739120000189e-01 4.640857876969999712e-02
3.000983089939999737e-01 -4.459305515090000172e-01 5.279513045829999952e-03 7.465237073810000457e-01 4.346460913049999819e-01 -5.607579760599999963e-01 3.156940162460000199e-01 4.691030836099999678e-03 -3.399991739120000189e-01 4.640857876969999712e-02
3.477583263149999770e-01 -4.593946853859999790e-01 1.704741968610000089e-02 7.562785759560000098e-01 4.171519183710000189e-01 -5.607579760599999963e-01 3.156940162460000199e-01 4.691030836099999678e-03 -3.399991739120000189e-01 4.640857876969999712e-02
3.501120722530000062e-01 -2.514465250690000042e-01 2.646176328840000105e-02 7.660329391760000162e-01 3.666877367649999941e-01 -5.607579760599999963e-01 3.156940162460000199e-01 4.691030836099999678e-03 -3.399991739120000189e-01 4.640857876969999712e-02
3.501120722530000062e-01 -1.078277019390000008e-01 2.705015404789999980e-02 7.660329391760000162e-01 3.660148879819999923e-01 -5.607579760599999963e-01 3.156940162460000199e-01 4.691030836099999678e-03 -3.399991739120000189e-01 4.640857876969999712e-02
3.501120722530000062e-01 -1.078277019390000008e-01 2.705015404789999980e-02 7.692843935819999590e-01 3.660148879819999923e-01 -5.607579760599999963e-01 3.156940162460000199e-01 4.691030836099999678e-03 -3.399991739120000189e-01 4.640857876969999712e-02
3.501120722530000062e-01 -1.063316870639999939e-01 2.705015404789999980e-02 7.709101207849999859e-01 3.660148879819999923e-01 -5.607579760599999963e-01 3.156940162460000199e-01 4.691030836099999678e-03 -3.399991739120000189e-01 4.640857876969999712e-02
3.501120722530000062e-01 -1.078277019390000008e-01 2.705015404789999980e-02 7.709101207849999859e-01 3.666877367649999941e-01 -5.607579760599999963e-01 3.156940162460000199e-01 4.691030836099999678e-03 -3.399991739120000189e-01 4.640857876969999712e-02
3.501120722530000062e-01 -1.078277019390000008e-01 2.705015404789999980e-02 7.709101207849999859e-01 3.660148879819999923e-01 -5.607579760599999963e-01 3.156940162460000199e-01 4.691030836099999678e-03 -3.399991739120000189e-01 4.640857876969999712e-02
3.371672926429999939e-01 -3.302626062399999923e-02 1.881259196460000060e-02 7.107577089090000300e-01 3.606320977179999776e-01 -5.607579760599999963e-01 3.156940162460000199e-01 4.691030836099999678e-03 -3.399991739120000189e-01 4.640857876969999712e-02
2.942143099489999969e-01 1.509854291720000019e-01 1.292859291939999974e-02 4.148723257840000178e-01 3.592862955750000253e-01 -5.607579760599999963e-01 3.156940162460000199e-01 4.691030836099999678e-03 -3.399991739120000189e-01 4.640857876969999712e-02
2.853883571060000235e-01 1.330330181519999988e-01 1.881259196460000060e-02 2.750582702380000022e-01 3.586134467920000235e-01 -5.607579760599999963e-01 3.156940162460000199e-01 4.691030836099999678e-03 -3.399991739120000189e-01 4.708142755260000256e-02
2.842115755869999982e-01 1.315370032759999863e-01 1.822420120509999839e-02 2.718068158320000038e-01 3.586134467920000235e-01 -5.607579760599999963e-01 3.156940162460000199e-01 4.691030836099999678e-03 -3.399991739120000189e-01 4.708142755260000256e-02
2.842115755869999982e-01 1.300409884010000072e-01 1.881259196460000060e-02 2.718068158320000038e-01 3.586134467920000235e-01 -5.607579760599999963e-01 3.156940162460000199e-01 4.691030836099999678e-03 -3.399991739120000189e-01 4.708142755260000256e-02
2.842115755869999982e-01 8.516007710850000134e-02 3.352254385270000275e-02 3.091990468620000043e-01 4.198433135030000263e-01 -5.607579760599999963e-01 3.156940162460000199e-01 4.691030836099999678e-03 -3.399991739120000189e-01 4.640857876969999712e-02
3.377556834029999955e-01 -2.514465250690000042e-01 3.587610689069999775e-02 6.928742043179999532e-01 4.326275449559999764e-01 -5.607579760599999963e-01 3.156940162460000199e-01 4.691030836099999678e-03 -3.399991739120000189e-01 4.708142755260000256e-02
3.565843706080000231e-01 -4.399464920080000119e-01 2.116615500259999907e-02 7.627814847689999844e-01 4.333003937389999782e-01 -5.607579760599999963e-01 3.156940162460000199e-01 4.691030836099999678e-03 -3.399991739120000189e-01 4.708142755260000256e-02
3.277529490409999968e-01 -3.277439812590000057e-01 2.528498176940000008e-02 4.490131024080000199e-01 4.102578850610000272e-02 -5.607579760599999963e-01 3.156940162460000199e-01 4.691030836099999678e-03 -3.399991739120000189e-01 4.708142755260000256e-02
2.465542011780000042e-01 -2.933354066109999936e-01 1.749077038590000042e-03 3.352111874690000271e-01 -2.827836817699999963e-02 -5.607579760599999963e-01 3.156940162460000199e-01 4.691030836099999678e-03 -3.383734467089999920e-01 4.640857876969999712e-02
8.298001538190000193e-02 -2.948314214860000004e-01 -7.076875804190000015e-03 3.352111874690000271e-01 -2.962406574289999997e-02 -5.607579760599999963e-01 3.156940162460000199e-01 4.691030836099999678e-03 -3.383734467089999920e-01 4.708142755260000256e-02
