-5.589605675769999671e-01 -3.217599217580000004e-01 -2.369658277940000189e-03 3.465912778920000048e-01 -3.366115844059999751e-02 -5.601695853010000281e-01 2.917575457239999781e-01 4.102640076600000060e-03 -3.383734467089999920e-01 4.506288120379999679e-02
-5.589605675769999671e-01 -3.187678920070000088e-01 -2.369658277940000189e-03 3.482170050949999762e-01 -3.366115844059999751e-02 -5.601695853010000281e-01 4.548247947490000054e-01 4.102640076600000060e-03 -4.342923624119999770e-01 -1.419908582659999974e-01
-5.589605675769999671e-01 -3.172718771320000020e-01 -2.369658277940000189e-03 3.482170050949999762e-01 -3.366115844059999751e-02 -4.836780549629999815e-01 4.772652503950000069e-01 4.102640076600000060e-03 -7.464350175699999701e-01 -4.192071712670000228e-01
-5.589605675769999671e-01 -3.187678920070000088e-01 -2.369658277940000189e-03 3.465912778920000048e-01 -3.366115844059999751e-02 -3.230457315149999897e-01 4.787612652709999916e-01 4.102640076600000060e-03 -7.464350175699999701e-01 -4.286272633820000233e-01
-5.589605675769999671e-01 -3.187678920070000088e-01 -2.369658277940000189e-03 3.465912778920000048e-01 -3.366115844059999751e-02 -1.377009047170000000e-01 4.787612652709999916e-01 4.691030836099999678e-03 -7.448092903659999653e-01 -4.286272633820000233e-01
-5.589605675769999671e-01 -3.187678920070000088e-01 -2.369658277940000189e-03 3.482170050949999762e-01 -3.366115844059999751e-02 4.646723201200000236e-02 4.757690030030000128e-01 4.691030836099999678e-03 -7.448092903659999653e-01 -4.286272633820000233e-01
-5.589605675769999671e-01 -3.187678920070000088e-01 -2.369658277940000189e-03 3.465912778920000048e-01 -3.366115844059999751e-02 2.076878547700000133e-01 4.413604283550000007e-01 4.691030836099999678e-03 -7.415577096209999830e-01 -4.286272633820000233e-01
-5.589605675769999671e-01 -3.187678920070000088e-01 -2.369658277940000189e-03 3.465912778920000048e-01 -3.366115844059999751e-02 3.124224159139999957e-01 4.413604283550000007e-01 -4.134830556449999722e-03 -7.399319824179999561e-01 -4.286272633820000233e-01
-5.589605675769999671e-01 -3.187678920070000088e-01 -2.369658277940000189e-03 3.465912778920000048e-01 -3.366115844059999751e-02 3.530218355709999756e-01 4.503365176060000197e-01 -1.531443788750000076e-02 -7.578152343309999539e-01 -3.929658595780000097e-01
-5.589605675769999671e-01 -3.202639068829999935e-01 -2.369658277940000189e-03 3.465912778920000048e-01 -3.366115844059999751e-02 3.524333533610000124e-01 2.214441490350000097e-01 -2.531717224919999981e-02 -7.675695975509999602e-01 -3.700887918040000057e-01
-5.589605675769999671e-01 -3.202639068829999935e-01 -2.369658277940000189e-03 3.465912778920000048e-01 -3.298830965760000261e-02 3.524333533610000124e-01 1.182181925720000026e-01 -2.531717224919999981e-02 -7.675695975509999602e-01 -3.694159430210000039e-01
-5.589605675769999671e-01 -3.187678920070000088e-01 -2.369658277940000189e-03 3.465912778920000048e-01 -3.366115844059999751e-02 3.524333533610000124e-01 1.002657815519999995e-01 -2.531717224919999981e-02 -7.691954510930000266e-01 -3.700887918040000057e-01
-5.589605675769999671e-01 -3.187678920070000088e-01 -2.369658277940000189e-03 3.465912778920000048e-01 -3.366115844059999751e-02 3.524333533610000124e-01 1.017617964270000064e-01 -2.531717224919999981e-02 -7.691954510930000266e-01 -3.700887918040000057e-01
-5.589605675769999671e-01 -3.187678920070000088e-01 -2.369658277940000189e-03 3.465912778920000048e-01 -3.366115844059999751e-02 3.524333533610000124e-01 1.017617964270000064e-01 -2.531717224919999981e-02 -7.691954510930000266e-01 -3.700887918040000057e-01
-5.589605675769999671e-01 -3.187678920070000088e-01 -2.369658277940000189e-03 3.465912778920000048e-01 -3.366115844059999751e-02 3.524333533610000124e-01 1.017617964270000064e-01 -2.531717224919999981e-02 -7.691954510930000266e-01 -3.700887918040000057e-01
-5.589605675769999671e-01 -3.187678920070000088e-01 -2.369658277940000189e-03 3.465912778920000048e-01 -3.366115844059999751e-02 3.177180242000000043e-01 -6.429748234870000245e-02 -1.531443788750000076e-02 -6.765279897970000178e-01 -3.694159430210000039e-01
-5.589605675769999671e-01 -3.202639068829999935e-01 -2.369658277940000189e-03 3.449655506889999779e-01 -3.366115844059999751e-02 2.900633841520000034e-01 -1.016983192650000034e-01 -1.413765636849999979e-02 -3.318705378960000174e-01 -3.673973966719999984e-01
-5.589605675769999671e-01 -3.187678920070000088e-01 -2.369658277940000189e-03 3.465912778920000048e-01 -3.366115844059999751e-02 2.877098211140000084e-01 -1.346108790380000086e-01 -1.590282864699999951e-02 -2.700923988169999790e-01 -3.667245478889999966e-01
-5.589605675769999671e-01 -3.187678920070000088e-01 -2.369658277940000189e-03 3.482170050949999762e-01 -3.366115844059999751e-02 2.871213389039999897e-01 -1.331148641630000018e-01 -1.590282864699999951e-02 -2.684664189359999842e-01 -3.667245478889999966e-01
-5.589605675769999671e-01 -3.187678920070000088e-01 -2.369658277940000189e-03 3.465912778920000048e-01 -3.366115844059999751e-02 2.871213389039999897e-01 -1.331148641630000018e-01 -1.590282864699999951e-02 -2.684664189359999842e-01 -3.673973966719999984e-01
-5.589605675769999671e-01 -3.187678920070000088e-01 -2.369658277940000189e-03 3.465912778920000048e-01 -3.298830965760000261e-02 2.941821194690000252e-01 -3.587296720130000310e-02 -3.767346964900000067e-02 -3.822685865520000226e-01 -4.165157761350000154e-01
-5.589605675769999671e-01 -3.187678920070000088e-01 -2.369658277940000189e-03 3.465912778920000048e-01 -3.366115844059999751e-02 3.453726642470000274e-01 3.171900311210000267e-01 -3.120107984430000106e-02 -7.285517656559999944e-01 -4.279544145999999993e-01
-5.589605675769999671e-01 -3.187678920070000088e-01 -2.369658277940000189e-03 3.465912778920000048e-01 -3.366115844059999751e-02 3.565521801279999958e-01 4.368723837290000023e-01 -2.296351776099999839e-02 -7.659438703480000443e-01 -4.212259267699999810e-01
-5.589605675769999671e-01 -3.157758622569999951e-01 -2.369658277940000189e-03 3.465912778920000048e-01 -3.366115844059999751e-02 3.106572436350000244e-01 3.067176944769999802e-01 -2.296351776099999839e-02 -4.505497607830000195e-01 -6.912543449320000420e-04
-5.589605675769999671e-01 -3.172718771320000020e-01 -2.369658277940000189e-03 3.465912778920000048e-01 -3.366115844059999751e-02 2.153370260930000113e-01 2.917575457239999781e-01 5.722955195789999503e-04 -3.399991739120000189e-01 3.766154459139999661e-02
-5.589605675769999671e-01 -3.187678920070000088e-01 -2.369658277940000189e-03 3.465912778920000048e-01 -3.366115844059999751e-02 5.470479409520000169e-02 2.932535605989999850e-01 6.456294564839999868e-03 -3.383734467089999920e-01 3.833439337430000204e-02
