-5.589605675769999671e-01 -3.217599217580000004e-01 -2.369658277940000189e-03 3.465912778920000048e-01 -3.366115844059999751e-02 -5.584044130219999458e-01 3.171900311210000267e-01 4.102640076600000060e-03 -3.399991739120000189e-01 4.371718363790000339e-02
-5.595489583360000463e-01 -3.202639068829999935e-01 -2.369658277940000189e-03 3.465912778920000048e-01 -3.366115844059999751e-02 -5.531087132859999755e-01 3.171900311210000267e-01 -1.200489990320000033e-01 -2.457062380900000009e-01 -3.492302703779999740e-01
-5.589605675769999671e-01 -3.217599217580000004e-01 -2.369658277940000189e-03 3.465912778920000048e-01 -3.366115844059999751e-02 -4.366062455020000010e-01 3.186860459959999781e-01 -1.859494042469999886e-01 -2.310744405830000014e-01 -6.459595118159999760e-01
-5.595489583360000463e-01 -3.217599217580000004e-01 -2.369658277940000189e-03 3.449655506889999779e-01 -3.366115844059999751e-02 -2.859767478649999917e-01 3.171900311210000267e-01 -1.859494042469999886e-01 -2.261972589729999983e-01 -6.526879996450000165e-01
-5.589605675769999671e-01 -3.217599217580000004e-01 -2.369658277940000189e-03 3.449655506889999779e-01 -3.366115844059999751e-02 -8.415679690089999943e-02 3.156940162460000199e-01 -1.859494042469999886e-01 -2.213200773640000008e-01 -6.560522435600000257e-01
-5.589605675769999671e-01 -3.217599217580000004e-01 -2.369658277940000189e-03 3.449655506889999779e-01 -3.366115844059999751e-02 1.088372926709999938e-01 2.872695010979999797e-01 -1.859494042469999886e-01 -2.066882798570000013e-01 -6.560522435600000257e-01
-5.589605675769999671e-01 -3.217599217580000004e-01 -2.369658277940000189e-03 3.465912778920000048e-01 -3.366115844059999751e-02 2.718230877069999774e-01 2.573487385589999787e-01 -1.859494042469999886e-01 -2.115654614670000044e-01 -6.560522435600000257e-01
-5.595489583360000463e-01 -3.202639068829999935e-01 -2.369658277940000189e-03 3.465912778920000048e-01 -3.366115844059999751e-02 3.712620405650000066e-01 2.618370157009999866e-01 -1.983057016470000100e-01 -2.196943501599999959e-01 -6.560522435600000257e-01
-5.589605675769999671e-01 -3.202639068829999935e-01 -2.369658277940000189e-03 3.465912778920000048e-01 -3.366115844059999751e-02 4.265713206599999752e-01 2.738051347039999750e-01 -2.612641530659999822e-01 -2.327001677870000063e-01 -4.642886671870000148e-01
-5.595489583360000463e-01 -3.202639068829999935e-01 -2.369658277940000189e-03 3.465912778920000048e-01 -3.366115844059999751e-02 4.401044910290000112e-01 -7.028154184979999719e-02 -3.824737469260000022e-01 -2.310744405830000014e-01 -1.917821910889999926e-01
-5.589605675769999671e-01 -3.202639068829999935e-01 -2.369658277940000189e-03 3.449655506889999779e-01 -3.366115844059999751e-02 4.401044910290000112e-01 -4.009040845260000152e-01 -3.907114004600000245e-01 -2.424547836840000026e-01 -1.877449938150000108e-01
-5.595489583360000463e-01 -3.202639068829999935e-01 -2.369658277940000189e-03 3.449655506889999779e-01 -3.366115844059999751e-02 4.412812725479999809e-01 -4.697214663400000045e-01 -3.907114004600000245e-01 -2.440805108870000018e-01 -1.877449938150000108e-01
-5.589605675769999671e-01 -3.202639068829999935e-01 -2.369658277940000189e-03 3.465912778920000048e-01 -3.366115844059999751e-02 4.412812725479999809e-01 -4.682254514649999977e-01 -3.907114004600000245e-01 -2.440805108870000018e-01 -1.877449938150000108e-01
-5.589605675769999671e-01 -3.217599217580000004e-01 -2.369658277940000189e-03 3.449655506889999779e-01 -3.298830965760000261e-02 4.412812725479999809e-01 -4.682254514649999977e-01 -3.907114004600000245e-01 -2.440805108870000018e-01 -1.897636447399999871e-01
-5.589605675769999671e-01 -3.202639068829999935e-01 -2.369658277940000189e-03 3.449655506889999779e-01 -3.366115844059999751e-02 4.406928817890000127e-01 -4.682254514649999977e-01 -3.907114004600000245e-01 -2.440805108870000018e-01 -1.890907959579999909e-01
-5.589605675769999671e-01 -3.217599217580000004e-01 -2.369658277940000189e-03 3.449655506889999779e-01 -3.366115844059999751e-02 4.412812725479999809e-01 -4.083841589020000273e-01 -3.907114004600000245e-01 -2.522091469030000033e-01 -1.877449938150000108e-01
-5.589605675769999671e-01 -3.202639068829999935e-01 -2.369658277940000189e-03 3.449655506889999779e-01 -3.366115844059999751e-02 4.412812725479999809e-01 -4.068881440270000205e-01 -3.907114004600000245e-01 -2.522091469030000033e-01 -1.877449938150000108e-01
-5.589605675769999671e-01 -3.217599217580000004e-01 -2.369658277940000189e-03 3.449655506889999779e-01 -3.366115844059999751e-02 4.412812725479999809e-01 -4.053921291520000136e-01 -3.907114004600000245e-01 -2.522091469030000033e-01 -1.877449938150000108e-01
-5.595489583360000463e-01 -3.202639068829999935e-01 -2.369658277940000189e-03 3.465912778920000048e-01 -3.366115844059999751e-02 4.412812725479999809e-01 -4.053921291520000136e-01 -3.907114004600000245e-01 -2.522091469030000033e-01 -1.897636447399999871e-01
-5.589605675769999671e-01 -3.202639068829999935e-01 -2.369658277940000189e-03 3.449655506889999779e-01 -3.366115844059999751e-02 4.412812725479999809e-01 -4.068881440270000205e-01 -3.907114004600000245e-01 -2.522091469030000033e-01 -1.890907959579999909e-01
-5.589605675769999671e-01 -3.217599217580000004e-01 -2.369658277940000189e-03 3.465912778920000048e-01 -3.366115844059999751e-02 4.248061483819999817e-01 -2.527972167709999773e-01 -2.959794822269999903e-01 -2.928525796620000121e-01 -5.315741729440000007e-01
-5.595489583360000463e-01 -3.202639068829999935e-01 -2.369658277940000189e-03 3.465912778920000048e-01 -3.366115844059999751e-02 4.124498509819999881e-01 1.286902966990000063e-01 -2.265487324540000069e-01 -3.221161746760000111e-01 -6.520151508629999926e-01
-5.589605675769999671e-01 -3.217599217580000004e-01 -2.369658277940000189e-03 3.465912778920000048e-01 -3.366115844059999751e-02 4.112730694630000183e-01 2.887655159740000199e-01 -1.718278431190000122e-01 -3.465023354030000169e-01 -5.012955594029999684e-01
-5.589605675769999671e-01 -3.202639068829999935e-01 -2.369658277940000189e-03 3.465912778920000048e-01 -3.366115844059999751e-02 3.318394938779999914e-01 3.186860459959999781e-01 -4.296907793480000265e-02 -3.497537898090000152e-01 -5.401195825569999644e-03
-5.595489583360000463e-01 -3.202639068829999935e-01 -2.369658277940000189e-03 3.465912778920000048e-01 -3.366115844059999751e-02 2.412264938620000132e-01 3.112059716200000214e-01 -5.311703525679999614e-03 -3.448763555220000221e-01 3.766154459139999661e-02
-5.589605675769999671e-01 -3.202639068829999935e-01 -2.369658277940000189e-03 3.465912778920000048e-01 -3.366115844059999751e-02 7.235669978080000453e-02 2.992376201010000236e-01 7.044685324340000353e-03 -3.383734467089999920e-01 3.833439337430000204e-02
