-5.601373490959999923e-01 -3.217599217580000004e-01 -2.958049037439999807e-03 3.465912778920000048e-01 -3.096976330880000031e-02 -5.578160222629999776e-01 3.156940162460000199e-01 4.691030836099999678e-03 -3.432506283189999952e-01 4.506288120379999679e-02
-5.601373490959999923e-01 -3.127838325060000035e-01 -2.958049037439999807e-03 3.498427322989999810e-01 -3.096976330880000031e-02 -5.536971040460000326e-01 4.578168244999999970e-01 4.691030836099999678e-03 -6.001180532100000020e-01 -3.176061684250000017e-01
-5.601373490959999923e-01 -3.202639068829999935e-01 -2.369658277940000189e-03 3.482170050949999762e-01 -3.096976330880000031e-02 -4.360178547419999995e-01 4.742729881280000059e-01 4.102640076600000060e-03 -7.610666887379999856e-01 -4.212259267699999810e-01
-5.601373490959999923e-01 -3.157758622569999951e-01 -2.958049037439999807e-03 3.482170050949999762e-01 -3.096976330880000031e-02 -2.806812310299999780e-01 4.772652503950000069e-01 4.691030836099999678e-03 -7.610666887379999856e-01 -4.286272633820000233e-01
-5.601373490959999923e-01 -3.187678920070000088e-01 -2.958049037439999807e-03 3.465912778920000048e-01 -3.096976330880000031e-02 -8.062645234390000692e-02 4.772652503950000069e-01 4.691030836099999678e-03 -7.610666887379999856e-01 -4.286272633820000233e-01
-5.601373490959999923e-01 -3.187678920070000088e-01 -2.369658277940000189e-03 3.482170050949999762e-01 -3.096976330880000031e-02 1.064836381829999956e-01 4.473444878560000060e-01 5.279513045829999952e-03 -7.578152343309999539e-01 -4.286272633820000233e-01
-5.601373490959999923e-01 -3.187678920070000088e-01 -2.369658277940000189e-03 3.482170050949999762e-01 -3.096976330880000031e-02 2.488755737359999998e-01 4.428564432300000075e-01 4.102640076600000060e-03 -7.529379263829999447e-01 -4.286272633820000233e-01
-5.601373490959999923e-01 -3.187678920070000088e-01 -2.958049037439999807e-03 3.465912778920000048e-01 -3.096976330880000031e-02 3.347815391260000051e-01 4.518327649989999917e-01 -1.060722036119999927e-02 -7.496864719760000240e-01 -4.293001121650000251e-01
-5.601373490959999923e-01 -3.187678920070000088e-01 -2.958049037439999807e-03 3.482170050949999762e-01 -3.096976330880000031e-02 3.559637893679999943e-01 4.533287798739999985e-01 -1.472604712800000028e-02 -7.578152343309999539e-01 -4.293001121650000251e-01
-5.601373490959999923e-01 -3.187678920070000088e-01 -2.958049037439999807e-03 3.482170050949999762e-01 -3.096976330880000031e-02 3.559637893679999943e-01 4.533287798739999985e-01 -1.472604712800000028e-02 -7.594409615349999587e-01 -4.293001121650000251e-01
-5.601373490959999923e-01 -3.172718771320000020e-01 -2.958049037439999807e-03 3.482170050949999762e-01 -3.029691452579999847e-02 3.559637893679999943e-01 4.533287798739999985e-01 -1.472604712800000028e-02 -7.610666887379999856e-01 -4.293001121650000251e-01
-5.601373490959999923e-01 -3.187678920070000088e-01 -2.958049037439999807e-03 3.465912778920000048e-01 -3.096976330880000031e-02 3.559637893679999943e-01 4.533287798739999985e-01 -1.472604712800000028e-02 -7.610666887379999856e-01 -4.293001121650000251e-01
-5.601373490959999923e-01 -3.172718771320000020e-01 -2.958049037439999807e-03 3.482170050949999762e-01 -3.029691452579999847e-02 3.559637893679999943e-01 4.533287798739999985e-01 -1.472604712800000028e-02 -7.610666887379999856e-01 -3.916201620120000060e-01
-5.601373490959999923e-01 -3.202639068829999935e-01 -2.369658277940000189e-03 3.465912778920000048e-01 -3.096976330880000031e-02 3.547870078490000245e-01 2.483726493070000096e-01 -2.414039073019999884e-02 -7.610666887379999856e-01 -3.673973966719999984e-01
-5.601373490959999923e-01 -3.172718771320000020e-01 -2.369658277940000189e-03 3.465912778920000048e-01 -3.096976330880000031e-02 3.530218355709999756e-01 1.182181925720000026e-01 -2.531717224919999981e-02 -7.675695975509999602e-01 -3.667245478889999966e-01
-5.601373490959999923e-01 -3.172718771320000020e-01 -2.369658277940000189e-03 3.465912778920000048e-01 -3.096976330880000031e-02 3.524333533610000124e-01 1.182181925720000026e-01 -2.531717224919999981e-02 -7.691954510930000266e-01 -3.667245478889999966e-01
-5.601373490959999923e-01 -3.187678920070000088e-01 -2.958049037439999807e-03 3.465912778920000048e-01 -3.096976330880000031e-02 3.524333533610000124e-01 1.182181925720000026e-01 -2.531717224919999981e-02 -7.675695975509999602e-01 -3.673973966719999984e-01
-5.601373490959999923e-01 -3.187678920070000088e-01 -2.958049037439999807e-03 3.465912778920000048e-01 -3.029691452579999847e-02 3.530218355709999756e-01 1.182181925720000026e-01 -2.531717224919999981e-02 -7.675695975509999602e-01 -3.673973966719999984e-01
-5.601373490959999923e-01 -3.187678920070000088e-01 -2.369658277940000189e-03 3.465912778920000048e-01 -3.096976330880000031e-02 3.530218355709999756e-01 1.182181925720000026e-01 -2.531717224919999981e-02 -7.675695975509999602e-01 -3.673973966719999984e-01
-5.601373490959999923e-01 -3.172718771320000020e-01 -2.958049037439999807e-03 3.465912778920000048e-01 -3.029691452579999847e-02 3.524333533610000124e-01 1.182181925720000026e-01 -2.531717224919999981e-02 -7.675695975509999602e-01 -3.673973966719999984e-01
-5.601373490959999923e-01 -3.187678920070000088e-01 -2.958049037439999807e-03 3.465912778920000048e-01 -3.096976330880000031e-02 3.524333533610000124e-01 1.182181925720000026e-01 -2.531717224919999981e-02 -7.691954510930000266e-01 -3.673973966719999984e-01
-5.601373490959999923e-01 -3.187678920070000088e-01 -2.369658277940000189e-03 3.465912778920000048e-01 -3.096976330880000031e-02 3.530218355709999756e-01 1.182181925720000026e-01 -2.531717224919999981e-02 -7.675695975509999602e-01 -3.673973966719999984e-01
-5.601373490959999923e-01 -3.187678920070000088e-01 -2.958049037439999807e-03 3.465912778920000048e-01 -3.096976330880000031e-02 3.489030088039999922e-01 8.979344490759999520e-02 -2.355190852050000061e-02 -7.561893807889999986e-01 -3.667245478889999966e-01
-5.601373490959999923e-01 -3.172718771320000020e-01 -2.369658277940000189e-03 3.482170050949999762e-01 -3.096976330880000031e-02 2.983009462349999752e-01 -1.450829831650000123e-01 -1.178400188020000024e-02 -4.489240335799999926e-01 -3.647060015399999910e-01
-5.601373490959999923e-01 -3.157758622569999951e-01 -2.369658277940000189e-03 3.465912778920000048e-01 -3.096976330880000031e-02 2.865329481450000215e-01 -1.346108790380000086e-01 -1.531443788750000076e-02 -2.717181260200000059e-01 -3.640331527569999892e-01
-5.601373490959999923e-01 -3.172718771320000020e-01 -2.369658277940000189e-03 3.465912778920000048e-01 -3.096976330880000031e-02 2.865329481450000215e-01 -1.331148641630000018e-01 -1.531443788750000076e-02 -2.717181260200000059e-01 -3.640331527569999892e-01
-5.601373490959999923e-01 -3.172718771320000020e-01 -2.958049037439999807e-03 3.482170050949999762e-01 -3.096976330880000031e-02 2.865329481450000215e-01 -1.346108790380000086e-01 -1.531443788750000076e-02 -2.717181260200000059e-01 -3.640331527569999892e-01
-5.601373490959999923e-01 -3.172718771320000020e-01 -2.369658277940000189e-03 3.465912778920000048e-01 -3.096976330880000031e-02 2.865329481450000215e-01 -1.331148641630000018e-01 -1.590282864699999951e-02 -2.717181260200000059e-01 -3.647060015399999910e-01
-5.601373490959999923e-01 -3.172718771320000020e-01 -2.369658277940000189e-03 3.465912778920000048e-01 -3.029691452579999847e-02 2.859445573850000200e-01 -1.316188492879999949e-01 -1.590282864699999951e-02 -2.392030766000000086e-01 -3.647060015399999910e-01
-5.601373490959999923e-01 -3.172718771320000020e-01 -2.958049037439999807e-03 3.465912778920000048e-01 -3.096976330880000031e-02 2.906517749120000049e-01 -4.335304157770000083e-02 -3.708507888950000192e-02 -3.692625162489999724e-01 -4.151700785690000117e-01
-5.601373490959999923e-01 -3.172718771320000020e-01 -2.958049037439999807e-03 3.482170050949999762e-01 -3.096976330880000031e-02 3.447842734870000259e-01 3.156940162460000199e-01 -3.120107984430000106e-02 -7.301774928590000213e-01 -4.293001121650000251e-01
-5.601373490959999923e-01 -3.172718771320000020e-01 -2.958049037439999807e-03 3.465912778920000048e-01 -3.029691452579999847e-02 3.571405708870000195e-01 4.353763688530000175e-01 -2.296351776099999839e-02 -7.659438703480000443e-01 -4.293001121650000251e-01
-5.601373490959999923e-01 -3.172718771320000020e-01 -2.958049037439999807e-03 3.482170050949999762e-01 -3.096976330880000031e-02 3.577289616470000211e-01 4.593128393750000038e-01 -2.296351776099999839e-02 -7.659438703480000443e-01 -4.293001121650000251e-01
-5.601373490959999923e-01 -3.202639068829999935e-01 -2.958049037439999807e-03 3.465912778920000048e-01 -3.096976330880000031e-02 3.465494457659999972e-01 3.904954575610000145e-01 -2.296351776099999839e-02 -6.505161018670000406e-01 -2.462834653930000006e-01
-5.601373490959999923e-01 -3.187678920070000088e-01 -2.369658277940000189e-03 3.449655506889999779e-01 -3.096976330880000031e-02 2.865329481450000215e-01 2.902615308490000268e-01 -9.430438842200000032e-03 -3.481280626059999883e-01 2.958725461890000102e-02
-5.601373490959999923e-01 -3.172718771320000020e-01 -2.958049037439999807e-03 3.465912778920000048e-01 -3.096976330880000031e-02 1.641464813150000090e-01 2.932535605989999850e-01 5.867903805340000251e-03 -3.367477195060000206e-01 3.766154459139999661e-02
-5.601373490959999923e-01 -3.157758622569999951e-01 -2.958049037439999807e-03 3.465912778920000048e-01 -3.096976330880000031e-02 -2.178673624200000089e-02 2.947495754750000252e-01 6.456294564839999868e-03 -3.383734467089999920e-01 3.833439337430000204e-02
-5.601373490959999923e-01 -3.172718771320000020e-01 -2.369658277940000189e-03 3.449655506889999779e-01 -3.096976330880000031e-02 -2.124272627759999921e-01 2.992376201010000236e-01 5.867903805340000251e-03 -3.367477195060000206e-01 3.900724215729999694e-02
