-5.601373490959999923e-01 -3.217599217580000004e-01 -2.958049037439999807e-03 3.465912778920000048e-01 -3.298830965760000261e-02 -5.584044130219999458e-01 3.156940162460000199e-01 5.279513045829999952e-03 -3.416249011160000237e-01 4.573572998670000223e-02
-5.583721768170000210e-01 -2.469584804430000058e-01 -2.708234452779999940e-02 2.376665445629999873e-01 1.284969669059999875e-01 -5.584044130219999458e-01 3.156940162460000199e-01 5.279513045829999952e-03 -3.416249011160000237e-01 4.573572998670000223e-02
-4.118614602219999865e-01 1.105925625050000055e-01 -1.735930153970000056e-01 -1.557634814680000090e-01 5.786371949349999877e-01 -5.584044130219999458e-01 3.156940162460000199e-01 5.279513045829999952e-03 -3.416249011160000237e-01 4.573572998670000223e-02
-2.300468865310000000e-01 4.172786346599999807e-01 -3.418744187189999839e-01 -2.533081243740000210e-01 6.075699540440000490e-01 -5.578160222629999776e-01 3.171900311210000267e-01 5.279513045829999952e-03 -3.399991739120000189e-01 4.573572998670000223e-02
-8.765495097809999914e-02 4.726316500789999875e-01 -4.513161973900000068e-01 -2.565595787809999972e-01 6.075699540440000490e-01 -5.584044130219999458e-01 3.156940162460000199e-01 5.279513045829999952e-03 -3.416249011160000237e-01 4.573572998670000223e-02
-6.882626377349999880e-02 4.726316500789999875e-01 -4.572001049850000221e-01 -2.598110331869999956e-01 6.075699540440000490e-01 -5.578160222629999776e-01 3.156940162460000199e-01 5.279513045829999952e-03 -3.416249011160000237e-01 4.573572998670000223e-02
-6.882626377349999880e-02 4.726316500789999875e-01 -4.572001049850000221e-01 -2.630624875940000273e-01 6.075699540440000490e-01 -5.584044130219999458e-01 3.171900311210000267e-01 5.279513045829999952e-03 -3.416249011160000237e-01 4.573572998670000223e-02
-6.882626377349999880e-02 4.726316500789999875e-01 -4.572001049850000221e-01 -2.630624875940000273e-01 6.075699540440000490e-01 -5.584044130219999458e-01 3.156940162460000199e-01 5.279513045829999952e-03 -3.416249011160000237e-01 4.573572998670000223e-02
-6.882626377349999880e-02 4.726316500789999875e-01 -4.572001049850000221e-01 -2.630624875940000273e-01 6.075699540440000490e-01 -5.584044130219999458e-01 3.171900311210000267e-01 5.279513045829999952e-03 -3.416249011160000237e-01 4.573572998670000223e-02
-6.882626377349999880e-02 4.726316500789999875e-01 -4.572001049850000221e-01 -2.630624875940000273e-01 6.075699540440000490e-01 -5.584044130219999458e-01 3.156940162460000199e-01 5.279513045829999952e-03 -3.416249011160000237e-01 4.573572998670000223e-02
-6.882626377349999880e-02 4.726316500789999875e-01 -4.572001049850000221e-01 -2.630624875940000273e-01 6.075699540440000490e-01 -5.584044130219999458e-01 3.156940162460000199e-01 5.279513045829999952e-03 -3.416249011160000237e-01 4.573572998670000223e-02
-6.882626377349999880e-02 4.726316500789999875e-01 -4.572001049850000221e-01 -2.630624875940000273e-01 6.075699540440000490e-01 -5.584044130219999458e-01 3.156940162460000199e-01 5.279513045829999952e-03 -3.416249011160000237e-01 4.573572998670000223e-02
-6.882626377349999880e-02 4.726316500789999875e-01 -4.572001049850000221e-01 -2.614367603910000004e-01 6.075699540440000490e-01 -5.584044130219999458e-01 3.156940162460000199e-01 5.279513045829999952e-03 -3.399991739120000189e-01 4.573572998670000223e-02
-8.824334173759999789e-02 4.741276649550000277e-01 -4.572001049850000221e-01 -1.541377542650000099e-01 6.499598456780000255e-01 -5.578160222629999776e-01 3.171900311210000267e-01 5.279513045829999952e-03 -3.416249011160000237e-01 4.573572998670000223e-02
-8.824334173759999789e-02 4.741276649550000277e-01 -4.572001049850000221e-01 2.571752710019999943e-01 6.506326944610000274e-01 -5.584044130219999458e-01 3.156940162460000199e-01 5.279513045829999952e-03 -3.399991739120000189e-01 4.573572998670000223e-02
-9.177377774490000362e-02 4.741276649550000277e-01 -4.577884957439999902e-01 6.310960652389999703e-01 6.506326944610000274e-01 -5.584044130219999458e-01 3.171900311210000267e-01 5.279513045829999952e-03 -3.416249011160000237e-01 4.573572998670000223e-02
-9.353895002339999987e-02 4.741276649550000277e-01 -4.577884957439999902e-01 7.400207985679999600e-01 6.506326944610000274e-01 -5.578160222629999776e-01 3.156940162460000199e-01 5.279513045829999952e-03 -3.399991739120000189e-01 4.573572998670000223e-02
-9.412734078289999862e-02 4.741276649550000277e-01 -4.583768865039999918e-01 7.400207985679999600e-01 6.506326944610000274e-01 -5.584044130219999458e-01 3.156940162460000199e-01 5.279513045829999952e-03 -3.416249011160000237e-01 4.573572998670000223e-02
-9.353895002339999987e-02 4.741276649550000277e-01 -4.577884957439999902e-01 7.400207985679999600e-01 6.506326944610000274e-01 -5.584044130219999458e-01 3.156940162460000199e-01 5.279513045829999952e-03 -3.416249011160000237e-01 4.573572998670000223e-02
-9.353895002339999987e-02 4.741276649550000277e-01 -4.577884957439999902e-01 7.400207985679999600e-01 6.506326944610000274e-01 -5.584044130219999458e-01 3.156940162460000199e-01 5.279513045829999952e-03 -3.416249011160000237e-01 4.573572998670000223e-02
-9.353895002339999987e-02 4.741276649550000277e-01 -4.577884957439999902e-01 7.400207985679999600e-01 6.506326944610000274e-01 -5.584044130219999458e-01 3.156940162460000199e-01 5.279513045829999952e-03 -3.416249011160000237e-01 4.573572998670000223e-02
-9.353895002339999987e-02 4.741276649550000277e-01 -4.577884957439999902e-01 7.400207985679999600e-01 6.506326944610000274e-01 -5.584044130219999458e-01 3.156940162460000199e-01 5.279513045829999952e-03 -3.399991739120000189e-01 4.573572998670000223e-02
-9.353895002339999987e-02 4.741276649550000277e-01 -4.577884957439999902e-01 7.400207985679999600e-01 6.506326944610000274e-01 -5.584044130219999458e-01 3.156940162460000199e-01 5.279513045829999952e-03 -3.416249011160000237e-01 4.573572998670000223e-02
-9.353895002339999987e-02 4.741276649550000277e-01 -4.577884957439999902e-01 5.124169686909999522e-01 6.513055432440000292e-01 -5.578160222629999776e-01 3.156940162460000199e-01 5.279513045829999952e-03 -3.399991739120000189e-01 4.573572998670000223e-02
-9.353895002339999987e-02 4.741276649550000277e-01 -4.577884957439999902e-01 3.661000043309999841e-01 6.513055432440000292e-01 -5.584044130219999458e-01 3.156940162460000199e-01 5.279513045829999952e-03 -3.399991739120000189e-01 4.573572998670000223e-02
-9.353895002339999987e-02 4.741276649550000277e-01 -4.577884957439999902e-01 3.612228227209999809e-01 6.513055432440000292e-01 -5.578160222629999776e-01 3.156940162460000199e-01 5.279513045829999952e-03 -3.399991739120000189e-01 4.573572998670000223e-02
-9.353895002339999987e-02 4.741276649550000277e-01 -4.583768865039999918e-01 3.612228227209999809e-01 6.513055432440000292e-01 -5.584044130219999458e-01 3.156940162460000199e-01 5.279513045829999952e-03 -3.416249011160000237e-01 4.573572998670000223e-02
-9.412734078289999862e-02 4.741276649550000277e-01 -4.577884957439999902e-01 3.612228227209999809e-01 6.513055432440000292e-01 -5.584044130219999458e-01 3.171900311210000267e-01 5.279513045829999952e-03 -3.399991739120000189e-01 4.573572998670000223e-02
-9.353895002339999987e-02 4.741276649550000277e-01 -4.577884957439999902e-01 3.612228227209999809e-01 6.513055432440000292e-01 -5.584044130219999458e-01 3.156940162460000199e-01 5.279513045829999952e-03 -3.416249011160000237e-01 4.573572998670000223e-02
-9.000860546630000403e-02 4.741276649550000277e-01 -4.583768865039999918e-01 3.303335005040000105e-01 6.344841668049999717e-01 -5.584044130219999458e-01 3.156940162460000199e-01 5.279513045829999952e-03 -3.416249011160000237e-01 4.573572998670000223e-02
-6.882626377349999880e-02 4.741276649550000277e-01 -4.583768865039999918e-01 8.436482127049999349e-03 6.243913304839999734e-01 -5.584044130219999458e-01 3.156940162460000199e-01 5.279513045829999952e-03 -3.416249011160000237e-01 4.573572998670000223e-02
-6.823787301400000005e-02 4.741276649550000277e-01 -4.583768865039999918e-01 -2.516823971709999941e-01 6.243913304839999734e-01 -5.584044130219999458e-01 3.171900311210000267e-01 5.279513045829999952e-03 -3.399991739120000189e-01 4.573572998670000223e-02
-6.823787301400000005e-02 4.741276649550000277e-01 -4.583768865039999918e-01 -2.598110331869999956e-01 6.237184817009999716e-01 -5.584044130219999458e-01 3.156940162460000199e-01 5.279513045829999952e-03 -3.399991739120000189e-01 4.573572998670000223e-02
-6.823787301400000005e-02 4.741276649550000277e-01 -4.577884957439999902e-01 -2.598110331869999956e-01 5.826742876329999987e-01 -5.584044130219999458e-01 3.156940162460000199e-01 5.279513045829999952e-03 -3.416249011160000237e-01 4.573572998670000223e-02
-1.300195429129999969e-01 2.242908556119999897e-01 -3.636450597220000081e-01 3.282264285360000228e-02 1.204226769330000030e-01 -5.584044130219999458e-01 3.156940162460000199e-01 5.279513045829999952e-03 -3.416249011160000237e-01 4.573572998670000223e-02
-3.206599779970000230e-01 -1.332601873360000078e-01 -1.788886236829999865e-01 3.433398234860000064e-01 -2.760551939400000127e-02 -5.584044130219999458e-01 3.156940162460000199e-01 5.279513045829999952e-03 -3.399991739120000189e-01 4.506288120379999679e-02
-4.942369438800000014e-01 -2.813670550910000179e-01 -3.178947060380000328e-02 3.530941867049999794e-01 -2.962406574289999997e-02 -5.578160222629999776e-01 3.201820608720000183e-01 5.279513045829999952e-03 -3.351219923020000158e-01 4.506288120379999679e-02
-5.607257398549999605e-01 -3.008154809870000057e-01 -3.546439796939999858e-03 3.449655506889999779e-01 -2.962406574289999997e-02 -5.584044130219999458e-01 3.127019864949999728e-01 5.279513045829999952e-03 -3.399991739120000189e-01 4.506288120379999679e-02
