-5.589605675769999671e-01 -3.202639068829999935e-01 -2.369658277940000189e-03 3.449655506889999779e-01 -3.433400722350000295e-02 -5.584044130219999458e-01 3.171900311210000267e-01 4.102640076600000060e-03 -3.416249011160000237e-01 4.371718363790000339e-02
-5.589605675769999671e-01 -3.202639068829999935e-01 -2.369658277940000189e-03 3.465912778920000048e-01 -3.433400722350000295e-02 -5.560508499840000063e-01 3.171900311210000267e-01 -1.082810923910000056e-01 -2.489576924970000049e-01 -3.149146687170000236e-01
-5.583721768170000210e-01 -3.202639068829999935e-01 -2.369658277940000189e-03 3.465912778920000048e-01 -3.433400722350000295e-02 -4.460206805540000152e-01 3.186860459959999781e-01 -1.859494042469999886e-01 -2.327001677870000063e-01 -6.405767215519999613e-01
-5.589605675769999671e-01 -3.202639068829999935e-01 -2.369658277940000189e-03 3.449655506889999779e-01 -3.433400722350000295e-02 -2.912723561510000003e-01 3.171900311210000267e-01 -1.859494042469999886e-01 -2.261972589729999983e-01 -6.533608484280000184e-01
-5.583721768170000210e-01 -3.202639068829999935e-01 -2.369658277940000189e-03 3.465912778920000048e-01 -3.433400722350000295e-02 -9.768987581969999778e-02 3.156940162460000199e-01 -1.859494042469999886e-01 -2.245715317699999991e-01 -6.560522435600000257e-01
-5.583721768170000210e-01 -3.202639068829999935e-01 -2.369658277940000189e-03 3.465912778920000048e-01 -3.433400722350000295e-02 9.648090382089999362e-02 2.932535605989999850e-01 -1.859494042469999886e-01 -2.066882798570000013e-01 -6.560522435600000257e-01
-5.583721768170000210e-01 -3.202639068829999935e-01 -2.369658277940000189e-03 3.465912778920000048e-01 -3.433400722350000295e-02 2.659390886620000005e-01 2.573487385589999787e-01 -1.859494042469999886e-01 -2.115654614670000044e-01 -6.560522435600000257e-01
-5.589605675769999671e-01 -3.202639068829999935e-01 -2.369658277940000189e-03 3.449655506889999779e-01 -3.433400722350000295e-02 3.671433052490000182e-01 2.588447534339999856e-01 -1.959521386089999873e-01 -2.196943501599999959e-01 -6.560522435600000257e-01
-5.583721768170000210e-01 -3.202639068829999935e-01 -2.369658277940000189e-03 3.465912778920000048e-01 -3.433400722350000295e-02 4.236293668630000120e-01 2.693170900779999766e-01 -2.577337170580000225e-01 -2.310744405830000014e-01 -4.804370379780000255e-01
-5.589605675769999671e-01 -3.202639068829999935e-01 -2.369658277940000189e-03 3.449655506889999779e-01 -3.433400722350000295e-02 4.389276637849999774e-01 -7.028154184979999719e-02 -3.824737469260000022e-01 -2.310744405830000014e-01 -1.924550398719999944e-01
-5.589605675769999671e-01 -3.202639068829999935e-01 -2.369658277940000189e-03 3.465912778920000048e-01 -3.433400722350000295e-02 4.395160545449999789e-01 -4.024000994010000221e-01 -3.907114004600000245e-01 -2.424547836840000026e-01 -1.877449938150000108e-01
-5.589605675769999671e-01 -3.202639068829999935e-01 -2.369658277940000189e-03 3.465912778920000048e-01 -3.433400722350000295e-02 4.401044910290000112e-01 -4.682254514649999977e-01 -3.907114004600000245e-01 -2.440805108870000018e-01 -1.877449938150000108e-01
-5.583721768170000210e-01 -3.202639068829999935e-01 -2.369658277940000189e-03 3.449655506889999779e-01 -3.433400722350000295e-02 4.401044910290000112e-01 -4.667294365890000130e-01 -3.907114004600000245e-01 -2.440805108870000018e-01 -1.877449938150000108e-01
-5.589605675769999671e-01 -3.202639068829999935e-01 -2.369658277940000189e-03 3.465912778920000048e-01 -3.433400722350000295e-02 4.395160545449999789e-01 -4.667294365890000130e-01 -3.907114004600000245e-01 -2.440805108870000018e-01 -1.897636447399999871e-01
-5.589605675769999671e-01 -3.202639068829999935e-01 -2.369658277940000189e-03 3.465912778920000048e-01 -3.433400722350000295e-02 4.401044910290000112e-01 -4.667294365890000130e-01 -3.907114004600000245e-01 -2.440805108870000018e-01 -1.897636447399999871e-01
-5.583721768170000210e-01 -3.202639068829999935e-01 -2.369658277940000189e-03 3.465912778920000048e-01 -3.433400722350000295e-02 4.401044910290000112e-01 -4.083841589020000273e-01 -3.907114004600000245e-01 -2.538348741070000081e-01 -1.877449938150000108e-01
-5.583721768170000210e-01 -3.202639068829999935e-01 -2.369658277940000189e-03 3.465912778920000048e-01 -3.433400722350000295e-02 4.401044910290000112e-01 -4.068881440270000205e-01 -3.907114004600000245e-01 -2.522091469030000033e-01 -1.877449938150000108e-01
-5.589605675769999671e-01 -3.202639068829999935e-01 -2.369658277940000189e-03 3.465912778920000048e-01 -3.433400722350000295e-02 4.401044910290000112e-01 -4.068881440270000205e-01 -3.907114004600000245e-01 -2.538348741070000081e-01 -1.877449938150000108e-01
-5.589605675769999671e-01 -3.202639068829999935e-01 -2.369658277940000189e-03 3.449655506889999779e-01 -3.433400722350000295e-02 4.401044910290000112e-01 -4.068881440270000205e-01 -3.907114004600000245e-01 -2.538348741070000081e-01 -1.890907959579999909e-01
-5.589605675769999671e-01 -3.202639068829999935e-01 -2.369658277940000189e-03 3.449655506889999779e-01 -3.433400722350000295e-02 4.401044910290000112e-01 -4.068881440270000205e-01 -3.901230097000000230e-01 -2.522091469030000033e-01 -1.890907959579999909e-01
-5.589605675769999671e-01 -3.202639068829999935e-01 -2.369658277940000189e-03 3.449655506889999779e-01 -3.433400722350000295e-02 4.295133659079999888e-01 -2.722456426659999873e-01 -3.042170443100000177e-01 -2.847239436460000106e-01 -5.066785588209999913e-01
-5.589605675769999671e-01 -3.202639068829999935e-01 -2.369658277940000189e-03 3.449655506889999779e-01 -3.433400722350000295e-02 4.118614602219999865e-01 1.107378856790000032e-01 -2.271371232140000085e-01 -3.204901947959999942e-01 -6.513423020799999907e-01
-5.583721768170000210e-01 -3.202639068829999935e-01 -2.369658277940000189e-03 3.449655506889999779e-01 -3.433400722350000295e-02 4.136266325010000133e-01 2.872695010979999797e-01 -1.830073590000000083e-01 -3.383734467089999920e-01 -5.383026607740000191e-01
-5.589605675769999671e-01 -3.202639068829999935e-01 -2.369658277940000189e-03 3.449655506889999779e-01 -3.433400722350000295e-02 3.359583206449999748e-01 3.186860459959999781e-01 -4.885298552979999709e-02 -3.497537898090000152e-01 -2.289547333630000125e-02
-5.589605675769999671e-01 -3.202639068829999935e-01 -2.369658277940000189e-03 3.465912778920000048e-01 -3.433400722350000295e-02 2.471104014570000007e-01 3.112059716200000214e-01 -5.900094285180000099e-03 -3.416249011160000237e-01 3.698859123139999761e-02
-5.589605675769999671e-01 -3.202639068829999935e-01 -2.369658277940000189e-03 3.465912778920000048e-01 -3.433400722350000295e-02 8.353621566159999401e-02 2.992376201010000236e-01 7.044685324340000353e-03 -3.416249011160000237e-01 3.766154459139999661e-02
