-5.607257398549999605e-01 -3.217599217580000004e-01 -2.958049037439999807e-03 3.449655506889999779e-01 -3.164261209170000227e-02 -5.589928037820000029e-01 3.171900311210000267e-01 5.279513045829999952e-03 -3.383734467089999920e-01 4.640857876969999712e-02
-5.607257398549999605e-01 -3.217599217580000004e-01 -2.958049037439999807e-03 3.449655506889999779e-01 -3.231546087469999717e-02 -5.130977758389999588e-01 1.197142074469999956e-01 7.353348129980000203e-02 -8.475747622399999737e-02 -3.532674676529999891e-01
-5.601373490959999923e-01 -3.202639068829999935e-01 -2.958049037439999807e-03 3.465912778920000048e-01 -3.231546087469999717e-02 -3.430512002389999870e-01 -2.513012018949999926e-01 2.353424948170000086e-01 2.436424509660000126e-01 -6.035696201819999995e-01
-5.601373490959999923e-01 -3.202639068829999935e-01 -2.958049037439999807e-03 3.465912778920000048e-01 -3.231546087469999717e-02 -1.635902810360000126e-01 -4.457849958180000183e-01 3.977398990939999823e-01 2.729057933030000216e-01 -6.102981080110000400e-01
-5.601373490959999923e-01 -3.202639068829999935e-01 -2.958049037439999807e-03 3.465912778920000048e-01 -3.231546087469999717e-02 -7.297728102009999607e-02 -4.637374068389999993e-01 4.530491791879999730e-01 2.761572477090000199e-01 -6.102981080110000400e-01
-5.601373490959999923e-01 -3.202639068829999935e-01 -2.958049037439999807e-03 3.465912778920000048e-01 -3.231546087469999717e-02 -6.709328197489999868e-02 -4.697214663400000045e-01 4.536375699479999746e-01 2.794089547929999862e-01 -6.102981080110000400e-01
-5.601373490959999923e-01 -3.202639068829999935e-01 -2.958049037439999807e-03 3.465912778920000048e-01 -3.231546087469999717e-02 -6.709328197489999868e-02 -4.697214663400000045e-01 4.536375699479999746e-01 2.794089547929999862e-01 -6.102981080110000400e-01
-5.607257398549999605e-01 -3.202639068829999935e-01 -2.958049037439999807e-03 3.449655506889999779e-01 -3.231546087469999717e-02 -6.709328197489999868e-02 -4.697214663400000045e-01 4.536375699479999746e-01 2.794089547929999862e-01 -6.102981080110000400e-01
-5.601373490959999923e-01 -3.202639068829999935e-01 -2.958049037439999807e-03 3.465912778920000048e-01 -3.231546087469999717e-02 -6.709328197489999868e-02 -4.697214663400000045e-01 4.536375699479999746e-01 2.794089547929999862e-01 -6.102981080110000400e-01
-5.601373490959999923e-01 -3.202639068829999935e-01 -2.958049037439999807e-03 3.449655506889999779e-01 -3.231546087469999717e-02 -6.709328197489999868e-02 -4.697214663400000045e-01 4.536375699479999746e-01 2.794089547929999862e-01 -6.102981080110000400e-01
-5.601373490959999923e-01 -3.202639068829999935e-01 -2.958049037439999807e-03 3.465912778920000048e-01 -3.164261209170000227e-02 -6.709328197489999868e-02 -4.697214663400000045e-01 4.536375699479999746e-01 2.794089547929999862e-01 -6.096252592290000161e-01
-5.607257398549999605e-01 -3.202639068829999935e-01 -2.958049037439999807e-03 3.465912778920000048e-01 -3.231546087469999717e-02 -6.709328197489999868e-02 -4.697214663400000045e-01 4.536375699479999746e-01 2.794089547929999862e-01 -6.102981080110000400e-01
-5.601373490959999923e-01 -3.202639068829999935e-01 -2.958049037439999807e-03 3.465912778920000048e-01 -3.231546087469999717e-02 -6.768167273439999743e-02 -4.697214663400000045e-01 4.536375699479999746e-01 2.794089547929999862e-01 -6.412495703349999632e-01
-5.601373490959999923e-01 -3.217599217580000004e-01 -2.958049037439999807e-03 3.465912778920000048e-01 -3.231546087469999717e-02 -8.592196917939999568e-02 -4.697214663400000045e-01 4.536375699479999746e-01 3.717307473119999678e-02 -6.533608484280000184e-01
-5.607257398549999605e-01 -3.202639068829999935e-01 -2.958049037439999807e-03 3.465912778920000048e-01 -3.231546087469999717e-02 -8.533357841989999693e-02 -4.697214663400000045e-01 4.536375699479999746e-01 -4.017774393299999858e-01 -6.540336972110000202e-01
-5.601373490959999923e-01 -3.202639068829999935e-01 -2.958049037439999807e-03 3.465912778920000048e-01 -3.231546087469999717e-02 -8.592196917939999568e-02 -4.697214663400000045e-01 4.559911787109999781e-01 -7.009141505229999902e-01 -6.547065459940000220e-01
-5.607257398549999605e-01 -3.202639068829999935e-01 -2.958049037439999807e-03 3.449655506889999779e-01 -3.231546087469999717e-02 -8.592196917939999568e-02 -4.697214663400000045e-01 4.559911787109999781e-01 -7.448092903659999653e-01 -6.540336972110000202e-01
-5.601373490959999923e-01 -3.202639068829999935e-01 -2.958049037439999807e-03 3.465912778920000048e-01 -3.231546087469999717e-02 -8.592196917939999568e-02 -4.697214663400000045e-01 4.559911787109999781e-01 -7.448092903659999653e-01 -6.540336972110000202e-01
-5.601373490959999923e-01 -3.202639068829999935e-01 -2.958049037439999807e-03 3.465912778920000048e-01 -3.231546087469999717e-02 -8.592196917939999568e-02 -4.712174812150000114e-01 4.559911787109999781e-01 -7.448092903659999653e-01 -6.540336972110000202e-01
-5.601373490959999923e-01 -3.202639068829999935e-01 -2.958049037439999807e-03 3.465912778920000048e-01 -3.231546087469999717e-02 -8.533357841989999693e-02 -4.697214663400000045e-01 4.559911787109999781e-01 -7.448092903659999653e-01 -6.540336972110000202e-01
-5.601373490959999923e-01 -3.202639068829999935e-01 -2.958049037439999807e-03 3.449655506889999779e-01 -3.231546087469999717e-02 -8.533357841989999693e-02 -4.697214663400000045e-01 4.559911787109999781e-01 -7.448092903659999653e-01 -6.540336972110000202e-01
-5.601373490959999923e-01 -3.202639068829999935e-01 -2.958049037439999807e-03 3.449655506889999779e-01 -3.231546087469999717e-02 -8.592196917939999568e-02 -4.712174812150000114e-01 4.559911787109999781e-01 -7.464350175699999701e-01 -6.547065459940000220e-01
-5.601373490959999923e-01 -3.202639068829999935e-01 -2.958049037439999807e-03 3.449655506889999779e-01 -3.231546087469999717e-02 -8.533357841989999693e-02 -4.712174812150000114e-01 4.559911787109999781e-01 -7.431835631630000494e-01 -6.547065459940000220e-01
-5.607257398549999605e-01 -3.202639068829999935e-01 -2.958049037439999807e-03 3.465912778920000048e-01 -3.231546087469999717e-02 -8.592196917939999568e-02 -4.697214663400000045e-01 4.559911787109999781e-01 -4.050290200760000014e-01 -6.547065459940000220e-01
-5.601373490959999923e-01 -3.202639068829999935e-01 -2.958049037439999807e-03 3.465912778920000048e-01 -3.164261209170000227e-02 -8.592196917939999568e-02 -4.712174812150000114e-01 4.559911787109999781e-01 -3.546309714190000184e-01 -6.547065459940000220e-01
-5.601373490959999923e-01 -3.202639068829999935e-01 -2.958049037439999807e-03 3.449655506889999779e-01 -3.231546087469999717e-02 -8.592196917939999568e-02 -4.712174812150000114e-01 4.559911787109999781e-01 -3.530052442159999915e-01 -6.547065459940000220e-01
-5.601373490959999923e-01 -3.202639068829999935e-01 -2.958049037439999807e-03 3.465912778920000048e-01 -3.231546087469999717e-02 -8.592196917939999568e-02 -4.712174812150000114e-01 4.559911787109999781e-01 -3.530052442159999915e-01 -6.547065459940000220e-01
-5.601373490959999923e-01 -3.202639068829999935e-01 -2.958049037439999807e-03 3.465912778920000048e-01 -3.231546087469999717e-02 -8.592196917939999568e-02 -4.697214663400000045e-01 4.559911787109999781e-01 -3.530052442159999915e-01 -6.547065459940000220e-01
-5.601373490959999923e-01 -3.202639068829999935e-01 -2.958049037439999807e-03 3.449655506889999779e-01 -3.164261209170000227e-02 -8.592196917939999568e-02 -4.697214663400000045e-01 4.559911787109999781e-01 -3.530052442159999915e-01 -6.547065459940000220e-01
-5.601373490959999923e-01 -3.217599217580000004e-01 -2.958049037439999807e-03 3.465912778920000048e-01 -3.231546087469999717e-02 -7.003523577240000630e-02 -4.742095109660000030e-01 4.559911787109999781e-01 -2.587120557159999779e-01 -6.224095952589999703e-01
-5.601373490959999923e-01 -3.202639068829999935e-01 -2.958049037439999807e-03 3.465912778920000048e-01 -3.231546087469999717e-02 -6.885845425339999493e-02 -4.742095109660000030e-01 4.559911787109999781e-01 1.412206264499999975e-01 -6.190453513439999611e-01
-5.601373490959999923e-01 -3.202639068829999935e-01 -2.958049037439999807e-03 3.465912778920000048e-01 -3.231546087469999717e-02 -6.885845425339999493e-02 -4.742095109660000030e-01 4.559911787109999781e-01 2.712800660990000168e-01 -6.190453513439999611e-01
-5.601373490959999923e-01 -3.202639068829999935e-01 -2.958049037439999807e-03 3.449655506889999779e-01 -3.231546087469999717e-02 -6.885845425339999493e-02 -4.742095109660000030e-01 4.559911787109999781e-01 2.777829749130000248e-01 -6.190453513439999611e-01
-5.601373490959999923e-01 -3.202639068829999935e-01 -2.958049037439999807e-03 3.465912778920000048e-01 -3.231546087469999717e-02 -7.121210874159999982e-02 -4.637374068389999993e-01 4.383392730260000092e-01 1.899929479030000035e-01 -4.441029945439999849e-01
-5.601373490959999923e-01 -3.232559366330000072e-01 -2.958049037439999807e-03 3.449655506889999779e-01 -3.231546087469999717e-02 -2.100736082880000077e-01 -8.524192311969999714e-02 3.000661185140000020e-01 -1.839278463329999946e-01 2.672989569810000146e-03
-5.601373490959999923e-01 -3.202639068829999935e-01 -2.958049037439999807e-03 3.449655506889999779e-01 -3.231546087469999717e-02 -4.018908248899999980e-01 2.648290454519999781e-01 1.176631540630000000e-01 -2.896011252560000138e-01 4.035293972319999728e-02
-5.601373490959999923e-01 -3.172718771320000020e-01 -2.958049037439999807e-03 3.498427322989999810e-01 -3.164261209170000227e-02 -5.395757258179999516e-01 2.932535605989999850e-01 1.292859291939999974e-02 -3.399991739120000189e-01 4.439003242080000189e-02
-5.601373490959999923e-01 -3.187678920070000088e-01 -2.958049037439999807e-03 3.498427322989999810e-01 -3.231546087469999717e-02 -5.584044130219999458e-01 2.932535605989999850e-01 4.691030836099999678e-03 -3.399991739120000189e-01 4.439003242080000189e-02
