-5.601373490959999923e-01 -3.202639068829999935e-01 -2.369658277940000189e-03 3.465912778920000048e-01 -3.366115844059999751e-02 -5.607579760599999963e-01 2.827812239549999940e-01 4.102640076600000060e-03 -3.399991739120000189e-01 4.506288120379999679e-02
-5.601373490959999923e-01 -3.232559366330000072e-01 -2.369658277940000189e-03 3.449655506889999779e-01 -3.366115844059999751e-02 -5.513435410079999821e-01 4.578168244999999970e-01 4.102640076600000060e-03 -6.228784867340000364e-01 -3.364460389250000238e-01
-5.601373490959999923e-01 -3.202639068829999935e-01 -2.369658277940000189e-03 3.465912778920000048e-01 -3.366115844059999751e-02 -4.260152118309999958e-01 4.817532950210000053e-01 4.102640076600000060e-03 -7.610666887379999856e-01 -4.299729609480000270e-01
-5.601373490959999923e-01 -3.202639068829999935e-01 -2.958049037439999807e-03 3.465912778920000048e-01 -3.366115844059999751e-02 -2.677364514200000212e-01 4.832493098969999901e-01 4.102640076600000060e-03 -7.610666887379999856e-01 -4.299729609480000270e-01
-5.601373490959999923e-01 -3.187678920070000088e-01 -2.369658277940000189e-03 3.465912778920000048e-01 -3.366115844059999751e-02 -6.120928292959999795e-02 4.817532950210000053e-01 4.691030836099999678e-03 -7.594409615349999587e-01 -4.299729609480000270e-01
-5.601373490959999923e-01 -3.202639068829999935e-01 -2.369658277940000189e-03 3.465912778920000048e-01 -3.433400722350000295e-02 1.229587623489999948e-01 4.473444878560000060e-01 4.691030836099999678e-03 -7.578152343309999539e-01 -4.299729609480000270e-01
-5.601373490959999923e-01 -3.202639068829999935e-01 -2.369658277940000189e-03 3.465912778920000048e-01 -3.433400722350000295e-02 2.559363543000000019e-01 4.413604283550000007e-01 2.337467798090000094e-03 -7.366805280110000353e-01 -4.299729609480000270e-01
-5.601373490959999923e-01 -3.202639068829999935e-01 -2.958049037439999807e-03 3.465912778920000048e-01 -3.433400722350000295e-02 3.341931483660000035e-01 4.488405027310000128e-01 -1.060722036119999927e-02 -7.496864719760000240e-01 -4.299729609480000270e-01
-5.601373490959999923e-01 -3.202639068829999935e-01 -2.369658277940000189e-03 3.465912778920000048e-01 -3.366115844059999751e-02 3.541986170900000008e-01 4.368723837290000023e-01 -2.119834548249999867e-02 -7.594409615349999587e-01 -3.727802915119999838e-01
-5.601373490959999923e-01 -3.187678920070000088e-01 -2.369658277940000189e-03 3.465912778920000048e-01 -3.366115844059999751e-02 3.541986170900000008e-01 1.137299154290000031e-01 -2.531717224919999981e-02 -7.838271222610000422e-01 -3.700887918040000057e-01
-5.601373490959999923e-01 -3.202639068829999935e-01 -2.369658277940000189e-03 3.465912778920000048e-01 -3.366115844059999751e-02 3.541986170900000008e-01 1.182181925720000026e-01 -2.531717224919999981e-02 -7.675695975509999602e-01 -3.700887918040000057e-01
-5.601373490959999923e-01 -3.187678920070000088e-01 -2.369658277940000189e-03 3.465912778920000048e-01 -3.366115844059999751e-02 3.541986170900000008e-01 1.032578113019999994e-01 -2.531717224919999981e-02 -7.675695975509999602e-01 -3.700887918040000057e-01
-5.601373490959999923e-01 -3.202639068829999935e-01 -2.369658277940000189e-03 3.465912778920000048e-01 -3.366115844059999751e-02 3.541986170900000008e-01 1.032578113019999994e-01 -2.531717224919999981e-02 -7.691954510930000266e-01 -3.707616405870000076e-01
-5.601373490959999923e-01 -3.202639068829999935e-01 -2.369658277940000189e-03 3.465912778920000048e-01 -3.366115844059999751e-02 3.541986170900000008e-01 1.032578113019999994e-01 -2.531717224919999981e-02 -7.691954510930000266e-01 -3.707616405870000076e-01
-5.601373490959999923e-01 -3.202639068829999935e-01 -2.369658277940000189e-03 3.465912778920000048e-01 -3.366115844059999751e-02 3.536102263299999993e-01 1.032578113019999994e-01 -2.531717224919999981e-02 -7.675695975509999602e-01 -3.707616405870000076e-01
-5.601373490959999923e-01 -3.202639068829999935e-01 -2.369658277940000189e-03 3.433398234860000064e-01 -3.433400722350000295e-02 3.094804621159999991e-01 -3.288093745069999713e-02 -1.178400188020000024e-02 -5.367141869279999922e-01 -3.680702454550000002e-01
-5.601373490959999923e-01 -3.172718771320000020e-01 -2.369658277940000189e-03 3.482170050949999762e-01 -3.366115844059999751e-02 2.888866026329999781e-01 -1.226425275189999969e-01 -1.590282864699999951e-02 -2.896011252560000138e-01 -3.667245478889999966e-01
-5.601373490959999923e-01 -3.187678920070000088e-01 -2.369658277940000189e-03 3.465912778920000048e-01 -3.366115844059999751e-02 2.877098211140000084e-01 -1.331148641630000018e-01 -1.590282864699999951e-02 -2.700923988169999790e-01 -3.667245478889999966e-01
-5.601373490959999923e-01 -3.187678920070000088e-01 -2.369658277940000189e-03 3.465912778920000048e-01 -3.433400722350000295e-02 2.877098211140000084e-01 -1.331148641630000018e-01 -1.590282864699999951e-02 -2.700923988169999790e-01 -3.667245478889999966e-01
-5.601373490959999923e-01 -3.187678920070000088e-01 -2.369658277940000189e-03 3.465912778920000048e-01 -3.366115844059999751e-02 2.877098211140000084e-01 -1.331148641630000018e-01 -1.590282864699999951e-02 -2.700923988169999790e-01 -3.673973966719999984e-01
-5.601373490959999923e-01 -3.187678920070000088e-01 -2.369658277940000189e-03 3.465912778920000048e-01 -3.433400722350000295e-02 3.124224159139999957e-01 7.034525152899999412e-02 -3.826186040849999942e-02 -5.107022989980000149e-01 -4.272815658169999975e-01
-5.601373490959999923e-01 -3.187678920070000088e-01 -2.369658277940000189e-03 3.465912778920000048e-01 -3.366115844059999751e-02 3.559637893679999943e-01 4.159279429580000076e-01 -2.355190852050000061e-02 -7.610666887379999856e-01 -4.279544145999999993e-01
-5.601373490959999923e-01 -3.187678920070000088e-01 -2.369658277940000189e-03 3.482170050949999762e-01 -3.433400722350000295e-02 3.471378365250000209e-01 3.845113980600000092e-01 -2.178673624200000089e-02 -6.358844306990000250e-01 -2.543577553660000268e-01
-5.601373490959999923e-01 -3.187678920070000088e-01 -2.369658277940000189e-03 3.465912778920000048e-01 -3.433400722350000295e-02 2.882982118740000099e-01 2.932535605989999850e-01 -8.842048082699999548e-03 -3.367477195060000206e-01 2.958725461890000102e-02
-5.601373490959999923e-01 -3.172718771320000020e-01 -2.369658277940000189e-03 3.465912778920000048e-01 -3.366115844059999751e-02 1.635580905560000131e-01 2.917575457239999781e-01 5.867903805340000251e-03 -3.448763555220000221e-01 3.766154459139999661e-02
-5.601373490959999923e-01 -3.187678920070000088e-01 -2.369658277940000189e-03 3.465912778920000048e-01 -3.433400722350000295e-02 -2.531717224919999981e-02 2.932535605989999850e-01 6.456294564839999868e-03 -3.416249011160000237e-01 3.833439337430000204e-02
