-5.601373490959999923e-01 -3.217599217580000004e-01 -2.958049037439999807e-03 3.465912778920000048e-01 -3.096976330880000031e-02 -5.613463668200000534e-01 3.186860459959999781e-01 4.691030836099999678e-03 -3.399991739120000189e-01 4.640857876969999712e-02
-5.507230054930000174e-01 -3.217599217580000004e-01 1.264891069059999873e-01 2.376665445629999873e-01 3.727434803890000148e-01 -5.607579760599999963e-01 3.171900311210000267e-01 4.102640076600000060e-03 -3.399991739120000189e-01 4.640857876969999712e-02
-4.365740550219999738e-01 -3.217599217580000004e-01 1.876823860459999882e-01 2.311636357500000127e-01 6.445770031259999699e-01 -5.607579760599999963e-01 3.171900311210000267e-01 4.691030836099999678e-03 -3.399991739120000189e-01 4.640857876969999712e-02
-2.782954775120000113e-01 -3.172718771320000020e-01 1.876823860459999882e-01 2.246602215819999970e-01 6.546698394469999682e-01 -5.607579760599999963e-01 3.186860459959999781e-01 4.691030836099999678e-03 -3.399991739120000189e-01 4.640857876969999712e-02
-8.353621566159999401e-02 -3.112878176309999967e-01 1.876823860459999882e-01 2.197830399719999939e-01 6.560155370129999719e-01 -5.613463668200000534e-01 3.186860459959999781e-01 4.102640076600000060e-03 -3.399991739120000189e-01 4.640857876969999712e-02
1.088694831509999933e-01 -2.888473619849999952e-01 1.876823860459999882e-01 2.116544039559999923e-01 6.560155370129999719e-01 -5.607579760599999963e-01 3.171900311210000267e-01 4.102640076600000060e-03 -3.399991739120000189e-01 4.573572998670000223e-02
2.724436689470000061e-01 -2.529425399440000111e-01 1.876823860459999882e-01 2.132801311589999915e-01 6.560155370129999719e-01 -5.607579760599999963e-01 3.171900311210000267e-01 4.691030836099999678e-03 -3.399991739120000189e-01 4.640857876969999712e-02
3.712943224959999733e-01 -2.544385548190000179e-01 2.012154649650000071e-01 2.165315855659999955e-01 6.560155370129999719e-01 -5.613463668200000534e-01 3.171900311210000267e-01 4.102640076600000060e-03 -3.399991739120000189e-01 4.640857876969999712e-02
4.142472137400000087e-01 -2.843590848420000095e-01 2.123950722959999926e-01 2.262859487849999962e-01 6.560155370129999719e-01 -5.613463668200000534e-01 3.171900311210000267e-01 4.691030836099999678e-03 -3.399991739120000189e-01 4.573572998670000223e-02
4.195427305760000003e-01 -2.948314214860000004e-01 2.135718538149999901e-01 2.311636357500000127e-01 6.560155370129999719e-01 -5.607579760599999963e-01 3.186860459959999781e-01 4.102640076600000060e-03 -3.399991739120000189e-01 4.640857876969999712e-02
4.195427305760000003e-01 -2.948314214860000004e-01 2.135718538149999901e-01 2.311636357500000127e-01 6.560155370129999719e-01 -5.607579760599999963e-01 3.171900311210000267e-01 4.691030836099999678e-03 -3.399991739120000189e-01 4.640857876969999712e-02
4.195427305760000003e-01 -2.948314214860000004e-01 2.135718538149999901e-01 2.311636357500000127e-01 6.560155370129999719e-01 -5.607579760599999963e-01 3.171900311210000267e-01 4.691030836099999678e-03 -3.399991739120000189e-01 4.640857876969999712e-02
4.195427305760000003e-01 -2.948314214860000004e-01 2.306352772910000015e-01 2.311636357500000127e-01 5.759457475150000505e-01 -5.607579760599999963e-01 3.186860459959999781e-01 4.102640076600000060e-03 -3.399991739120000189e-01 4.640857876969999712e-02
4.419017623370000147e-01 -3.751430524990000126e-02 3.724389135350000268e-01 2.295374031920000002e-01 2.038567626359999996e-01 -5.607579760599999963e-01 3.186860459959999781e-01 4.102640076600000060e-03 -3.399991739120000189e-01 4.573572998670000223e-02
4.424903359969999950e-01 3.394851635939999945e-01 3.947979452959999858e-01 2.376665445629999873e-01 1.890539848339999884e-01 -5.613463668200000534e-01 3.171900311210000267e-01 4.102640076600000060e-03 -3.399991739120000189e-01 4.640857876969999712e-02
4.424903359969999950e-01 4.666475905779999822e-01 3.942095545370000176e-01 2.392922717659999865e-01 1.890539848339999884e-01 -5.607579760599999963e-01 3.171900311210000267e-01 4.102640076600000060e-03 -3.399991739120000189e-01 4.573572998670000223e-02
4.424903359969999950e-01 4.666475905779999822e-01 3.918559914990000226e-01 2.409179989699999913e-01 1.890539848339999884e-01 -5.607579760599999963e-01 3.171900311210000267e-01 4.691030836099999678e-03 -3.399991739120000189e-01 4.573572998670000223e-02
4.424903359969999950e-01 4.666475905779999822e-01 3.918559914990000226e-01 2.409179989699999913e-01 1.890539848339999884e-01 -5.607579760599999963e-01 3.171900311210000267e-01 4.102640076600000060e-03 -3.399991739120000189e-01 4.573572998670000223e-02
4.424903359969999950e-01 4.666475905779999822e-01 3.918559914990000226e-01 2.409179989699999913e-01 1.890539848339999884e-01 -5.607579760599999963e-01 3.171900311210000267e-01 4.102640076600000060e-03 -3.399991739120000189e-01 4.573572998670000223e-02
4.424903359969999950e-01 4.666475905779999822e-01 3.918559914990000226e-01 2.409179989699999913e-01 1.890539848339999884e-01 -5.607579760599999963e-01 3.171900311210000267e-01 4.691030836099999678e-03 -3.399991739120000189e-01 4.640857876969999712e-02
4.424903359969999950e-01 4.666475905779999822e-01 3.918559914990000226e-01 2.425437261729999905e-01 1.890539848339999884e-01 -5.613463668200000534e-01 3.186860459959999781e-01 4.691030836099999678e-03 -3.399991739120000189e-01 4.573572998670000223e-02
4.424903359969999950e-01 4.666475905779999822e-01 3.918559914990000226e-01 2.425437261729999905e-01 1.890539848339999884e-01 -5.607579760599999963e-01 3.171900311210000267e-01 4.102640076600000060e-03 -3.399991739120000189e-01 4.640857876969999712e-02
4.424903359969999950e-01 4.666475905779999822e-01 3.912676007390000210e-01 2.425437261729999905e-01 1.890539848339999884e-01 -5.607579760599999963e-01 3.171900311210000267e-01 4.691030836099999678e-03 -3.399991739120000189e-01 4.573572998670000223e-02
4.430787267569999965e-01 4.127905900339999823e-01 3.859719924539999902e-01 2.474209077829999937e-01 1.870353339080000066e-01 -5.607579760599999963e-01 3.171900311210000267e-01 4.691030836099999678e-03 -3.399991739120000189e-01 4.640857876969999712e-02
4.430787267569999965e-01 4.112945751589999754e-01 3.859719924539999902e-01 2.474209077829999937e-01 1.870353339080000066e-01 -5.613463668200000534e-01 3.171900311210000267e-01 4.691030836099999678e-03 -3.399991739120000189e-01 4.573572998670000223e-02
4.430787267569999965e-01 4.112945751589999754e-01 3.859719924539999902e-01 2.474209077829999937e-01 1.870353339080000066e-01 -5.607579760599999963e-01 3.186860459959999781e-01 4.691030836099999678e-03 -3.399991739120000189e-01 4.640857876969999712e-02
4.424903359969999950e-01 4.112945751589999754e-01 3.859719924539999902e-01 2.474209077829999937e-01 1.870353339080000066e-01 -5.613463668200000534e-01 3.186860459959999781e-01 4.691030836099999678e-03 -3.399991739120000189e-01 4.640857876969999712e-02
4.430787267569999965e-01 4.097983277660000034e-01 3.859719924539999902e-01 2.474209077829999937e-01 1.870353339080000066e-01 -5.607579760599999963e-01 3.186860459959999781e-01 4.102640076600000060e-03 -3.399991739120000189e-01 4.640857876969999712e-02
4.430787267569999965e-01 4.097983277660000034e-01 3.859719924539999902e-01 2.474209077829999937e-01 1.870353339080000066e-01 -5.607579760599999963e-01 3.171900311210000267e-01 4.691030836099999678e-03 -3.399991739120000189e-01 4.640857876969999712e-02
4.389598085399999960e-01 3.305088418250000104e-01 3.330162753970000167e-01 2.588009982059999992e-01 4.010033384260000000e-01 -5.607579760599999963e-01 3.171900311210000267e-01 4.691030836099999678e-03 -3.399991739120000189e-01 4.573572998670000223e-02
4.060097431069999985e-01 1.382314024490000027e-03 2.335773225389999874e-01 3.238305916909999804e-01 6.472683982579999773e-01 -5.613463668200000534e-01 3.186860459959999781e-01 4.691030836099999678e-03 -3.399991739120000189e-01 4.573572998670000223e-02
4.142472137400000087e-01 -2.559345696940000248e-01 2.200441521700000069e-01 2.913160476259999965e-01 6.533240895930000347e-01 -5.607579760599999963e-01 3.171900311210000267e-01 4.691030836099999678e-03 -3.399991739120000189e-01 4.573572998670000223e-02
4.201311213350000240e-01 -2.903433768600000020e-01 2.171021983720000104e-01 2.701810886279999990e-01 6.533240895930000347e-01 -5.607579760599999963e-01 3.186860459959999781e-01 4.102640076600000060e-03 -3.399991739120000189e-01 4.640857876969999712e-02
4.124820414620000153e-01 -3.187678920070000088e-01 1.653233542850000015e-01 3.303335005040000105e-01 4.682889487610000234e-01 -5.607579760599999963e-01 3.171900311210000267e-01 4.691030836099999678e-03 -3.399991739120000189e-01 4.573572998670000223e-02
3.371672926429999939e-01 -3.187678920070000088e-01 4.234840524519999788e-02 3.433398234860000064e-01 9.401581976349999981e-03 -5.613463668200000534e-01 3.186860459959999781e-01 4.102640076600000060e-03 -3.399991739120000189e-01 4.573572998670000223e-02
2.542033725010000023e-01 -3.172718771320000020e-01 1.749077038590000042e-03 3.417140962820000016e-01 -2.895121695990000160e-02 -5.607579760599999963e-01 3.171900311210000267e-01 4.102640076600000060e-03 -3.399991739120000189e-01 4.573572998670000223e-02
8.298001538190000193e-02 -3.082957878800000051e-01 -7.076875804190000015e-03 3.400883690789999747e-01 -2.962406574289999997e-02 -5.607579760599999963e-01 3.171900311210000267e-01 4.691030836099999678e-03 -3.399991739120000189e-01 4.640857876969999712e-02
-1.053068566639999981e-01 -3.097918027559999898e-01 -7.076875804190000015e-03 3.400883690789999747e-01 -2.962406574289999997e-02 -5.613463668200000534e-01 3.171900311210000267e-01 4.102640076600000060e-03 -3.399991739120000189e-01 4.640857876969999712e-02
