-5.607257398549999605e-01 -3.023114958620000126e-01 -3.546439796939999858e-03 3.465912778920000048e-01 -3.433400722350000295e-02 -5.601695853010000281e-01 3.201820608720000183e-01 4.102640076600000060e-03 -3.383734467089999920e-01 4.640857876969999712e-02
-5.601373490959999923e-01 -4.444345366329999769e-01 -3.546439796939999858e-03 5.010368782680000299e-01 2.078938553330000050e-01 -5.601695853010000281e-01 3.171900311210000267e-01 4.102640076600000060e-03 -3.416249011160000237e-01 4.640857876969999712e-02
-4.707010848739999753e-01 -4.773468638899999728e-01 -2.958049037439999807e-03 7.367693441620000172e-01 4.238804062009999818e-01 -5.601695853010000281e-01 3.156940162460000199e-01 4.102640076600000060e-03 -3.448763555220000221e-01 4.573572998670000223e-02
-3.088920713569999754e-01 -5.072676264290000292e-01 -4.134830556449999722e-03 7.595300303619999527e-01 4.319546961729999746e-01 -5.607579760599999963e-01 3.156940162460000199e-01 4.102640076600000060e-03 -3.416249011160000237e-01 4.573572998670000223e-02
-1.294311521540000010e-01 -5.057716115539999668e-01 -3.546439796939999858e-03 7.595300303619999527e-01 4.333003937389999782e-01 -5.601695853010000281e-01 3.156940162460000199e-01 4.102640076600000060e-03 -3.416249011160000237e-01 4.573572998670000223e-02
6.238615589890000174e-02 -4.938034925520000118e-01 -4.134830556449999722e-03 7.546528487529999829e-01 4.333003937389999782e-01 -5.607579760599999963e-01 3.156940162460000199e-01 4.102640076600000060e-03 -3.416249011160000237e-01 4.640857876969999712e-02
2.183111703710000073e-01 -4.459305515090000172e-01 -4.134830556449999722e-03 7.497751617879999664e-01 4.353189400879999837e-01 -5.601695853010000281e-01 3.156940162460000199e-01 4.102640076600000060e-03 -3.416249011160000237e-01 4.640857876969999712e-02
3.183386054389999997e-01 -4.459305515090000172e-01 9.986639121859999801e-03 7.514013943459999512e-01 4.353189400879999837e-01 -5.607579760599999963e-01 3.156940162460000199e-01 4.102640076600000060e-03 -3.416249011160000237e-01 4.640857876969999712e-02
3.495236814930000047e-01 -4.593946853859999790e-01 1.822420120509999839e-02 7.562785759560000098e-01 3.835091654930000149e-01 -5.607579760599999963e-01 3.156940162460000199e-01 4.102640076600000060e-03 -3.416249011160000237e-01 4.640857876969999712e-02
3.507004630119999744e-01 -1.916054650229999934e-01 2.646176328840000105e-02 7.644072119720000114e-01 3.639963416329999868e-01 -5.601695853010000281e-01 3.156940162460000199e-01 4.102640076600000060e-03 -3.416249011160000237e-01 4.640857876969999712e-02
3.512888537719999760e-01 -1.048356721890000010e-01 2.705015404789999980e-02 7.692843935819999590e-01 3.639963416329999868e-01 -5.601695853010000281e-01 3.156940162460000199e-01 4.102640076600000060e-03 -3.416249011160000237e-01 4.573572998670000223e-02
3.512888537719999760e-01 -1.048356721890000010e-01 2.705015404789999980e-02 7.709101207849999859e-01 3.639963416329999868e-01 -5.601695853010000281e-01 3.156940162460000199e-01 4.102640076600000060e-03 -3.416249011160000237e-01 4.640857876969999712e-02
3.512888537719999760e-01 -1.048356721890000010e-01 2.705015404789999980e-02 7.709101207849999859e-01 3.646691904159999886e-01 -5.601695853010000281e-01 3.156940162460000199e-01 4.102640076600000060e-03 -3.416249011160000237e-01 4.640857876969999712e-02
3.512888537719999760e-01 -1.048356721890000010e-01 2.705015404789999980e-02 7.709101207849999859e-01 3.646691904159999886e-01 -5.601695853010000281e-01 3.156940162460000199e-01 4.102640076600000060e-03 -3.416249011160000237e-01 4.640857876969999712e-02
3.512888537719999760e-01 -1.048356721890000010e-01 2.705015404789999980e-02 7.709101207849999859e-01 3.646691904159999886e-01 -5.601695853010000281e-01 3.156940162460000199e-01 4.102640076600000060e-03 -3.416249011160000237e-01 4.640857876969999712e-02
3.259877767630000034e-01 6.870368096329999841e-02 1.410546588860000020e-02 6.603596602529999693e-01 3.639963416329999868e-01 -5.601695853010000281e-01 3.156940162460000199e-01 4.102640076600000060e-03 -3.416249011160000237e-01 4.640857876969999712e-02
2.889187931130000053e-01 1.315370032759999863e-01 1.763581044559999964e-02 3.043218652520000012e-01 3.592862955750000253e-01 -5.601695853010000281e-01 3.171900311210000267e-01 4.102640076600000060e-03 -3.416249011160000237e-01 4.640857876969999712e-02
2.836231848269999967e-01 1.270489586499999879e-01 1.881259196460000060e-02 2.734325430349999753e-01 3.586134467920000235e-01 -5.601695853010000281e-01 3.156940162460000199e-01 4.102640076600000060e-03 -3.416249011160000237e-01 4.640857876969999712e-02
2.836231848269999967e-01 1.270489586499999879e-01 1.881259196460000060e-02 2.701810886279999990e-01 3.586134467920000235e-01 -5.601695853010000281e-01 3.156940162460000199e-01 3.514249317100000009e-03 -3.416249011160000237e-01 4.640857876969999712e-02
2.836231848269999967e-01 1.270489586499999879e-01 1.881259196460000060e-02 2.701810886279999990e-01 3.586134467920000235e-01 -5.601695853010000281e-01 3.156940162460000199e-01 4.102640076600000060e-03 -3.416249011160000237e-01 4.640857876969999712e-02
2.953910914680000221e-01 4.027916581589999906e-02 3.881806068819999844e-02 3.758543675509999904e-01 4.279176034759999969e-01 -5.601695853010000281e-01 3.156940162460000199e-01 4.102640076600000060e-03 -3.416249011160000237e-01 4.640857876969999712e-02
3.465815447960000073e-01 -3.172718771320000020e-01 3.116888936440000146e-02 7.351436169580000124e-01 4.333003937389999782e-01 -5.601695853010000281e-01 3.156940162460000199e-01 4.102640076600000060e-03 -3.399991739120000189e-01 4.640857876969999712e-02
3.554075890889999978e-01 -4.354579823479999834e-01 2.116615500259999907e-02 7.627814847689999844e-01 3.835091654930000149e-01 -5.607579760599999963e-01 3.156940162460000199e-01 4.102640076600000060e-03 -3.399991739120000189e-01 4.640857876969999712e-02
3.148081694320000179e-01 -3.038075107379999973e-01 1.998937348360000157e-02 4.246266890040000241e-01 4.018687135709999615e-03 -5.601695853010000281e-01 3.141980013699999796e-01 4.102640076600000060e-03 -3.399991739120000189e-01 4.708142755260000256e-02
2.177227796110000058e-01 -3.008154809870000057e-01 -1.781267518430000108e-03 3.563456411120000111e-01 -2.962406574289999997e-02 -5.601695853010000281e-01 3.156940162460000199e-01 4.102640076600000060e-03 -3.399991739120000189e-01 4.775427633559999746e-02
5.061815780830000028e-02 -3.023114958620000126e-01 -5.900094285180000099e-03 3.465912778920000048e-01 -3.029691452579999847e-02 -5.601695853010000281e-01 3.171900311210000267e-01 3.514249317100000009e-03 -3.399991739120000189e-01 4.708142755260000256e-02
