-5.571953495729999872e-01 -3.217599217580000004e-01 -2.369658277940000189e-03 3.449655506889999779e-01 -3.433400722350000295e-02 -5.601695853010000281e-01 3.201820608720000183e-01 4.102640076600000060e-03 -3.399991739120000189e-01 4.573572998670000223e-02
-5.571953495729999872e-01 -3.217599217580000004e-01 -2.369658277940000189e-03 3.449655506889999779e-01 -3.433400722350000295e-02 -5.125093850799999906e-01 1.197142074469999956e-01 7.294509054030000328e-02 -8.638345610479999936e-02 -3.512489213039999836e-01
-5.571953495729999872e-01 -3.217599217580000004e-01 -2.369658277940000189e-03 3.465912778920000048e-01 -3.433400722350000295e-02 -3.336369480859999737e-01 -2.677575980399999889e-01 2.429916661410000123e-01 2.485196325759999880e-01 -6.049153177480000032e-01
-5.571953495729999872e-01 -3.217599217580000004e-01 -2.369658277940000189e-03 3.465912778920000048e-01 -3.433400722350000295e-02 -1.677091078019999904e-01 -4.472810106940000030e-01 3.947979452959999858e-01 2.680286116930000184e-01 -6.102981080110000400e-01
-5.571953495729999872e-01 -3.217599217580000004e-01 -2.369658277940000189e-03 3.449655506889999779e-01 -3.433400722350000295e-02 -7.356567177959999482e-02 -4.622413919630000145e-01 4.536375699479999746e-01 2.761572477090000199e-01 -6.102981080110000400e-01
-5.577837403330000443e-01 -3.217599217580000004e-01 -2.369658277940000189e-03 3.449655506889999779e-01 -3.433400722350000295e-02 -6.709328197489999868e-02 -4.727134960900000182e-01 4.542259607069999983e-01 2.794089547929999862e-01 -6.102981080110000400e-01
-5.571953495729999872e-01 -3.217599217580000004e-01 -2.369658277940000189e-03 3.465912778920000048e-01 -3.433400722350000295e-02 -6.768167273439999743e-02 -4.727134960900000182e-01 4.542259607069999983e-01 2.794089547929999862e-01 -6.102981080110000400e-01
-5.571953495729999872e-01 -3.217599217580000004e-01 -2.369658277940000189e-03 3.449655506889999779e-01 -3.433400722350000295e-02 -6.709328197489999868e-02 -4.727134960900000182e-01 4.536375699479999746e-01 2.794089547929999862e-01 -6.102981080110000400e-01
-5.571953495729999872e-01 -3.217599217580000004e-01 -2.369658277940000189e-03 3.465912778920000048e-01 -3.433400722350000295e-02 -8.121484310340000567e-02 -4.727134960900000182e-01 4.542259607069999983e-01 2.387652693569999873e-01 -6.506694532969999889e-01
-5.571953495729999872e-01 -3.217599217580000004e-01 -2.369658277940000189e-03 3.465912778920000048e-01 -3.433400722350000295e-02 -8.474518766039999818e-02 -4.727134960900000182e-01 4.542259607069999983e-01 -1.107693641540000024e-01 -6.533608484280000184e-01
-5.577837403330000443e-01 -3.217599217580000004e-01 -2.369658277940000189e-03 3.449655506889999779e-01 -3.433400722350000295e-02 -8.415679690089999943e-02 -4.727134960900000182e-01 4.542259607069999983e-01 -5.383399141310000191e-01 -6.540336972110000202e-01
-5.577837403330000443e-01 -3.217599217580000004e-01 -2.369658277940000189e-03 3.465912778920000048e-01 -3.433400722350000295e-02 -9.945513954849999338e-02 -4.772015407160000167e-01 4.554027879520000099e-01 -7.269260384529999675e-01 -6.567250923430000276e-01
-5.571953495729999872e-01 -3.202639068829999935e-01 -2.369658277940000189e-03 3.449655506889999779e-01 -3.433400722350000295e-02 -9.945513954849999338e-02 -4.772015407160000167e-01 4.554027879520000099e-01 -7.366805280110000353e-01 -6.567250923430000276e-01
-5.571953495729999872e-01 -3.217599217580000004e-01 -2.369658277940000189e-03 3.449655506889999779e-01 -3.433400722350000295e-02 -9.945513954849999338e-02 -4.772015407160000167e-01 4.554027879520000099e-01 -7.366805280110000353e-01 -6.567250923430000276e-01
-5.571953495729999872e-01 -3.217599217580000004e-01 -2.369658277940000189e-03 3.465912778920000048e-01 -3.433400722350000295e-02 -9.945513954849999338e-02 -4.772015407160000167e-01 4.554027879520000099e-01 -7.366805280110000353e-01 -6.567250923430000276e-01
-5.571953495729999872e-01 -3.217599217580000004e-01 -2.369658277940000189e-03 3.465912778920000048e-01 -3.433400722350000295e-02 -9.945513954849999338e-02 -4.786975555920000014e-01 4.554027879520000099e-01 -5.253339701660000305e-01 -6.567250923430000276e-01
-5.571953495729999872e-01 -3.217599217580000004e-01 -2.369658277940000189e-03 3.465912778920000048e-01 -3.433400722350000295e-02 -9.945513954849999338e-02 -4.772015407160000167e-01 4.554027879520000099e-01 -3.578824258259999946e-01 -6.567250923430000276e-01
-5.571953495729999872e-01 -3.217599217580000004e-01 -2.369658277940000189e-03 3.449655506889999779e-01 -3.433400722350000295e-02 -9.945513954849999338e-02 -4.772015407160000167e-01 4.554027879520000099e-01 -3.530052442159999915e-01 -6.567250923430000276e-01
-5.571953495729999872e-01 -3.217599217580000004e-01 -2.369658277940000189e-03 3.449655506889999779e-01 -3.433400722350000295e-02 -9.945513954849999338e-02 -4.786975555920000014e-01 4.559911787109999781e-01 -3.530052442159999915e-01 -6.567250923430000276e-01
-5.577837403330000443e-01 -3.217599217580000004e-01 -2.369658277940000189e-03 3.465912778920000048e-01 -3.433400722350000295e-02 -9.945513954849999338e-02 -4.772015407160000167e-01 4.559911787109999781e-01 -3.530052442159999915e-01 -6.560522435600000257e-01
-5.571953495729999872e-01 -3.202639068829999935e-01 -2.369658277940000189e-03 3.465912778920000048e-01 -3.433400722350000295e-02 -7.121210874159999982e-02 -4.786975555920000014e-01 4.559911787109999781e-01 -1.026407281369999952e-01 -6.190453513439999611e-01
-5.577837403330000443e-01 -3.202639068829999935e-01 -2.369658277940000189e-03 3.449655506889999779e-01 -3.433400722350000295e-02 -7.003523577240000630e-02 -4.786975555920000014e-01 4.559911787109999781e-01 2.355138149500000111e-01 -6.190453513439999611e-01
-5.571953495729999872e-01 -3.202639068829999935e-01 -2.369658277940000189e-03 3.465912778920000048e-01 -3.433400722350000295e-02 -7.297728102009999607e-02 -4.353128916910000146e-01 4.318669289459999838e-01 1.704839687870000065e-01 -4.104601370889999767e-01
-5.571953495729999872e-01 -3.232559366330000072e-01 -2.369658277940000189e-03 3.449655506889999779e-01 -3.433400722350000295e-02 -2.088968267690000102e-01 -8.972996774550000276e-02 3.012429000330000273e-01 -1.855535735369999994e-01 1.327292003910000026e-03
-5.571953495729999872e-01 -3.202639068829999935e-01 -2.369658277940000189e-03 3.449655506889999779e-01 -3.433400722350000295e-02 -4.136588229809999850e-01 2.782931793299999734e-01 1.064836381829999956e-01 -2.977300139499999831e-01 4.035293972319999728e-02
-5.577837403330000443e-01 -3.157758622569999951e-01 -2.369658277940000189e-03 3.482170050949999762e-01 -3.433400722350000295e-02 -5.395757258179999516e-01 2.887655159740000199e-01 1.234020215989999926e-02 -3.416249011160000237e-01 4.439003242080000189e-02
