-5.595489583360000463e-01 -3.217599217580000004e-01 -2.369658277940000189e-03 3.465912778920000048e-01 -3.500685600649999785e-02 -5.584044130219999458e-01 3.171900311210000267e-01 4.102640076600000060e-03 -3.416249011160000237e-01 4.439003242080000189e-02
-5.595489583360000463e-01 -3.202639068829999935e-01 -1.781267518430000108e-03 3.465912778920000048e-01 -3.500685600649999785e-02 -5.525203225270000074e-01 3.171900311210000267e-01 -1.218141713099999968e-01 -2.473319652930000001e-01 -3.539403164359999909e-01
-5.595489583360000463e-01 -3.217599217580000004e-01 -1.781267518430000108e-03 3.465912778920000048e-01 -3.500685600649999785e-02 -4.401365900590000213e-01 3.186860459959999781e-01 -1.859494042469999886e-01 -2.310744405830000014e-01 -6.432681166839999687e-01
-5.595489583360000463e-01 -3.217599217580000004e-01 -1.781267518430000108e-03 3.465912778920000048e-01 -3.500685600649999785e-02 -2.842115755869999982e-01 3.171900311210000267e-01 -1.865377950069999902e-01 -2.261972589729999983e-01 -6.553793947770000239e-01
-5.595489583360000463e-01 -3.202639068829999935e-01 -1.781267518430000108e-03 3.465912778920000048e-01 -3.500685600649999785e-02 -8.180323386290000443e-02 3.156940162460000199e-01 -1.859494042469999886e-01 -2.245715317699999991e-01 -6.560522435600000257e-01
-5.595489583360000463e-01 -3.202639068829999935e-01 -2.369658277940000189e-03 3.465912778920000048e-01 -3.500685600649999785e-02 1.094256834300000036e-01 2.857734862229999728e-01 -1.859494042469999886e-01 -2.083140070600000004e-01 -6.560522435600000257e-01
-5.595489583360000463e-01 -3.202639068829999935e-01 -2.369658277940000189e-03 3.465912778920000048e-01 -3.500685600649999785e-02 2.741766507449999724e-01 2.573487385589999787e-01 -1.859494042469999886e-01 -2.115654614670000044e-01 -6.560522435600000257e-01
-5.595489583360000463e-01 -3.202639068829999935e-01 -2.369658277940000189e-03 3.465912778920000048e-01 -3.500685600649999785e-02 3.706736498059999829e-01 2.603410008259999797e-01 -1.977173108879999863e-01 -2.196943501599999959e-01 -6.560522435600000257e-01
-5.595489583360000463e-01 -3.202639068829999935e-01 -1.781267518430000108e-03 3.465912778920000048e-01 -3.500685600649999785e-02 4.259829299010000070e-01 2.738051347039999750e-01 -2.571453262989999988e-01 -2.343258949900000054e-01 -4.790913404120000219e-01
-5.595489583360000463e-01 -3.202639068829999935e-01 -1.781267518430000108e-03 3.465912778920000048e-01 -3.433400722350000295e-02 4.395160545449999789e-01 -7.028154184979999719e-02 -3.818853561669999785e-01 -2.327001677870000063e-01 -1.924550398719999944e-01
-5.595489583360000463e-01 -3.202639068829999935e-01 -1.781267518430000108e-03 3.465912778920000048e-01 -3.500685600649999785e-02 4.395160545449999789e-01 -4.038961142759999734e-01 -3.907114004600000245e-01 -2.424547836840000026e-01 -1.884179471749999890e-01
-5.595489583360000463e-01 -3.202639068829999935e-01 -2.369658277940000189e-03 3.465912778920000048e-01 -3.500685600649999785e-02 4.406928817890000127e-01 -4.712174812150000114e-01 -3.907114004600000245e-01 -2.440805108870000018e-01 -1.877449938150000108e-01
-5.595489583360000463e-01 -3.202639068829999935e-01 -1.781267518430000108e-03 3.465912778920000048e-01 -3.500685600649999785e-02 4.406928817890000127e-01 -4.697214663400000045e-01 -3.907114004600000245e-01 -2.440805108870000018e-01 -1.877449938150000108e-01
-5.595489583360000463e-01 -3.202639068829999935e-01 -2.369658277940000189e-03 3.465912778920000048e-01 -3.500685600649999785e-02 4.406928817890000127e-01 -4.712174812150000114e-01 -3.907114004600000245e-01 -2.440805108870000018e-01 -1.890907959579999909e-01
-5.595489583360000463e-01 -3.202639068829999935e-01 -1.781267518430000108e-03 3.465912778920000048e-01 -3.500685600649999785e-02 4.406928817890000127e-01 -4.712174812150000114e-01 -3.907114004600000245e-01 -2.440805108870000018e-01 -1.897636447399999871e-01
-5.595489583360000463e-01 -3.202639068829999935e-01 -2.369658277940000189e-03 3.465912778920000048e-01 -3.500685600649999785e-02 4.406928817890000127e-01 -4.068881440270000205e-01 -3.901230097000000230e-01 -2.522091469030000033e-01 -1.877449938150000108e-01
-5.595489583360000463e-01 -3.202639068829999935e-01 -2.369658277940000189e-03 3.465912778920000048e-01 -3.500685600649999785e-02 4.406928817890000127e-01 -4.068881440270000205e-01 -3.901230097000000230e-01 -2.522091469030000033e-01 -1.877449938150000108e-01
-5.595489583360000463e-01 -3.202639068829999935e-01 -2.369658277940000189e-03 3.465912778920000048e-01 -3.500685600649999785e-02 4.406928817890000127e-01 -4.068881440270000205e-01 -3.907114004600000245e-01 -2.522091469030000033e-01 -1.877449938150000108e-01
-5.595489583360000463e-01 -3.202639068829999935e-01 -1.781267518430000108e-03 3.465912778920000048e-01 -3.500685600649999785e-02 4.406928817890000127e-01 -4.068881440270000205e-01 -3.907114004600000245e-01 -2.522091469030000033e-01 -1.897636447399999871e-01
-5.595489583360000463e-01 -3.202639068829999935e-01 -1.781267518430000108e-03 3.465912778920000048e-01 -3.500685600649999785e-02 4.406928817890000127e-01 -4.068881440270000205e-01 -3.907114004600000245e-01 -2.522091469030000033e-01 -1.890907959579999909e-01
-5.595489583360000463e-01 -3.202639068829999935e-01 -2.369658277940000189e-03 3.465912778920000048e-01 -3.500685600649999785e-02 4.253945391410000054e-01 -2.513012018949999926e-01 -2.953910914680000221e-01 -2.928525796620000121e-01 -5.356112656420000118e-01
-5.595489583360000463e-01 -3.202639068829999935e-01 -1.781267518430000108e-03 3.465912778920000048e-01 -3.500685600649999785e-02 4.124498509819999881e-01 1.316823264499999979e-01 -2.277255139730000044e-01 -3.204901947959999942e-01 -6.520151508629999926e-01
-5.595489583360000463e-01 -3.202639068829999935e-01 -1.781267518430000108e-03 3.465912778920000048e-01 -3.500685600649999785e-02 4.112730694630000183e-01 2.902615308490000268e-01 -1.712394523590000106e-01 -3.465023354030000169e-01 -4.972584667059999908e-01
-5.595489583360000463e-01 -3.202639068829999935e-01 -1.781267518430000108e-03 3.465912778920000048e-01 -3.500685600649999785e-02 3.330162753970000167e-01 3.186860459959999781e-01 -4.473425021329999890e-02 -3.497537898090000152e-01 -9.438393100320000353e-03
-5.595489583360000463e-01 -3.202639068829999935e-01 -2.369658277940000189e-03 3.465912778920000048e-01 -3.500685600649999785e-02 2.382844486150000052e-01 3.112059716200000214e-01 -4.723221315950000207e-03 -3.399991739120000189e-01 3.766154459139999661e-02
-5.595489583360000463e-01 -3.202639068829999935e-01 -2.369658277940000189e-03 3.465912778920000048e-01 -3.500685600649999785e-02 7.117991826179999315e-02 3.007336349759999750e-01 7.044685324340000353e-03 -3.399991739120000189e-01 3.833439337430000204e-02
