-5.601373490959999923e-01 -3.202639068829999935e-01 -2.958049037439999807e-03 3.465912778920000048e-01 -3.164261209170000227e-02 -5.584044130219999458e-01 3.171900311210000267e-01 5.279513045829999952e-03 -3.399991739120000189e-01 4.573572998670000223e-02
-5.101236315620000239e-01 -1.212920683339999972e-01 -7.709601633670000453e-02 7.184060108709999781e-02 3.754348755199999887e-01 -5.584044130219999458e-01 3.171900311210000267e-01 5.279513045829999952e-03 -3.399991739120000189e-01 4.573572998670000223e-02
-3.306627123590000217e-01 2.661795046370000195e-01 -2.483193734559999977e-01 -2.386763268669999938e-01 6.048785066240000008e-01 -5.584044130219999458e-01 3.171900311210000267e-01 5.279513045829999952e-03 -3.399991739120000189e-01 4.573572998670000223e-02
-1.688536988419999940e-01 4.516872093079999928e-01 -3.971836988140000080e-01 -2.581853059840000242e-01 6.075699540440000490e-01 -5.584044130219999458e-01 3.171900311210000267e-01 5.279513045829999952e-03 -3.399991739120000189e-01 4.573572998670000223e-02
-6.882626377349999880e-02 4.726316500789999875e-01 -4.560233234659999968e-01 -2.598110331869999956e-01 6.075699540440000490e-01 -5.584044130219999458e-01 3.171900311210000267e-01 5.279513045829999952e-03 -3.399991739120000189e-01 4.573572998670000223e-02
-6.823787301400000005e-02 4.726316500789999875e-01 -4.566117142250000205e-01 -2.598110331869999956e-01 6.082428028270000508e-01 -5.584044130219999458e-01 3.171900311210000267e-01 5.279513045829999952e-03 -3.399991739120000189e-01 4.640857876969999712e-02
-6.823787301400000005e-02 4.726316500789999875e-01 -4.572001049850000221e-01 -2.598110331869999956e-01 6.075699540440000490e-01 -5.584044130219999458e-01 3.171900311210000267e-01 5.279513045829999952e-03 -3.399991739120000189e-01 4.573572998670000223e-02
-6.823787301400000005e-02 4.726316500789999875e-01 -4.572001049850000221e-01 -2.598110331869999956e-01 6.075699540440000490e-01 -5.584044130219999458e-01 3.171900311210000267e-01 5.279513045829999952e-03 -3.399991739120000189e-01 4.573572998670000223e-02
-6.823787301400000005e-02 4.726316500789999875e-01 -4.572001049850000221e-01 -2.598110331869999956e-01 6.075699540440000490e-01 -5.584044130219999458e-01 3.171900311210000267e-01 5.279513045829999952e-03 -3.399991739120000189e-01 4.573572998670000223e-02
-6.823787301400000005e-02 4.726316500789999875e-01 -4.572001049850000221e-01 -2.598110331869999956e-01 6.075699540440000490e-01 -5.584044130219999458e-01 3.171900311210000267e-01 5.279513045829999952e-03 -3.399991739120000189e-01 4.573572998670000223e-02
-6.823787301400000005e-02 4.726316500789999875e-01 -4.572001049850000221e-01 -2.598110331869999956e-01 6.075699540440000490e-01 -5.584044130219999458e-01 3.171900311210000267e-01 5.279513045829999952e-03 -3.399991739120000189e-01 4.573572998670000223e-02
-6.823787301400000005e-02 4.726316500789999875e-01 -4.572001049850000221e-01 -2.598110331869999956e-01 6.082428028270000508e-01 -5.584044130219999458e-01 3.171900311210000267e-01 5.279513045829999952e-03 -3.399991739120000189e-01 4.573572998670000223e-02
-6.882626377349999880e-02 4.726316500789999875e-01 -4.572001049850000221e-01 -2.598110331869999956e-01 6.412127069230000309e-01 -5.584044130219999458e-01 3.171900311210000267e-01 5.279513045829999952e-03 -3.399991739120000189e-01 4.573572998670000223e-02
-8.588977869960000289e-02 4.726316500789999875e-01 -4.572001049850000221e-01 -1.757515312519999928e-02 6.513055432440000292e-01 -5.584044130219999458e-01 3.171900311210000267e-01 5.279513045829999952e-03 -3.399991739120000189e-01 4.573572998670000223e-02
-8.647816945910000164e-02 4.741276649550000277e-01 -4.572001049850000221e-01 4.067436897680000163e-01 6.513055432440000292e-01 -5.584044130219999458e-01 3.156940162460000199e-01 5.279513045829999952e-03 -3.399991739120000189e-01 4.573572998670000223e-02
-9.412734078289999862e-02 4.741276649550000277e-01 -4.577884957439999902e-01 7.042548000960000554e-01 6.513055432440000292e-01 -5.584044130219999458e-01 3.171900311210000267e-01 5.279513045829999952e-03 -3.399991739120000189e-01 4.573572998670000223e-02
-9.412734078289999862e-02 4.741276649550000277e-01 -4.577884957439999902e-01 7.383950713650000441e-01 6.519783920270000310e-01 -5.584044130219999458e-01 3.171900311210000267e-01 5.279513045829999952e-03 -3.399991739120000189e-01 4.640857876969999712e-02
-9.412734078289999862e-02 4.741276649550000277e-01 -4.583768865039999918e-01 7.383950713650000441e-01 6.519783920270000310e-01 -5.584044130219999458e-01 3.171900311210000267e-01 5.279513045829999952e-03 -3.399991739120000189e-01 4.573572998670000223e-02
-9.412734078289999862e-02 4.741276649550000277e-01 -4.577884957439999902e-01 7.400207985679999600e-01 6.513055432440000292e-01 -5.584044130219999458e-01 3.171900311210000267e-01 5.279513045829999952e-03 -3.399991739120000189e-01 4.573572998670000223e-02
-9.412734078289999862e-02 4.741276649550000277e-01 -4.577884957439999902e-01 7.383950713650000441e-01 6.513055432440000292e-01 -5.578160222629999776e-01 3.156940162460000199e-01 5.279513045829999952e-03 -3.399991739120000189e-01 4.573572998670000223e-02
-9.412734078289999862e-02 4.741276649550000277e-01 -4.577884957439999902e-01 7.383950713650000441e-01 6.513055432440000292e-01 -5.578160222629999776e-01 3.171900311210000267e-01 5.279513045829999952e-03 -3.399991739120000189e-01 4.573572998670000223e-02
-9.412734078289999862e-02 4.741276649550000277e-01 -4.577884957439999902e-01 7.383950713650000441e-01 6.519783920270000310e-01 -5.584044130219999458e-01 3.156940162460000199e-01 5.279513045829999952e-03 -3.399991739120000189e-01 4.573572998670000223e-02
-9.412734078289999862e-02 4.741276649550000277e-01 -4.577884957439999902e-01 7.383950713650000441e-01 6.513055432440000292e-01 -5.584044130219999458e-01 3.171900311210000267e-01 5.279513045829999952e-03 -3.399991739120000189e-01 4.640857876969999712e-02
-9.412734078289999862e-02 4.741276649550000277e-01 -4.577884957439999902e-01 4.067436897680000163e-01 6.519783920270000310e-01 -5.584044130219999458e-01 3.171900311210000267e-01 5.279513045829999952e-03 -3.399991739120000189e-01 4.573572998670000223e-02
-9.412734078289999862e-02 4.741276649550000277e-01 -4.577884957439999902e-01 3.661000043309999841e-01 6.519783920270000310e-01 -5.584044130219999458e-01 3.171900311210000267e-01 5.279513045829999952e-03 -3.399991739120000189e-01 4.573572998670000223e-02
-9.412734078289999862e-02 4.741276649550000277e-01 -4.583768865039999918e-01 3.612228227209999809e-01 6.513055432440000292e-01 -5.584044130219999458e-01 3.156940162460000199e-01 5.279513045829999952e-03 -3.399991739120000189e-01 4.573572998670000223e-02
-9.412734078289999862e-02 4.741276649550000277e-01 -4.583768865039999918e-01 3.612228227209999809e-01 6.513055432440000292e-01 -5.584044130219999458e-01 3.171900311210000267e-01 5.279513045829999952e-03 -3.399991739120000189e-01 4.573572998670000223e-02
-9.412734078289999862e-02 4.741276649550000277e-01 -4.577884957439999902e-01 3.612228227209999809e-01 6.519783920270000310e-01 -5.584044130219999458e-01 3.171900311210000267e-01 5.279513045829999952e-03 -3.399991739120000189e-01 4.640857876969999712e-02
-9.412734078289999862e-02 4.741276649550000277e-01 -4.577884957439999902e-01 3.612228227209999809e-01 6.519783920270000310e-01 -5.584044130219999458e-01 3.171900311210000267e-01 5.279513045829999952e-03 -3.399991739120000189e-01 4.573572998670000223e-02
-6.764948225450000130e-02 4.741276649550000277e-01 -4.583768865039999918e-01 2.474209077829999937e-01 6.250641792669999752e-01 -5.584044130219999458e-01 3.171900311210000267e-01 5.279513045829999952e-03 -3.399991739120000189e-01 4.573572998670000223e-02
-6.764948225450000130e-02 4.741276649550000277e-01 -4.577884957439999902e-01 -1.427574111640000087e-01 6.243913304839999734e-01 -5.578160222629999776e-01 3.171900311210000267e-01 5.279513045829999952e-03 -3.399991739120000189e-01 4.573572998670000223e-02
-6.764948225450000130e-02 4.741276649550000277e-01 -4.577884957439999902e-01 -2.581853059840000242e-01 6.243913304839999734e-01 -5.584044130219999458e-01 3.171900311210000267e-01 5.279513045829999952e-03 -3.399991739120000189e-01 4.573572998670000223e-02
-6.764948225450000130e-02 4.741276649550000277e-01 -4.583768865039999918e-01 -2.581853059840000242e-01 6.250641792669999752e-01 -5.584044130219999458e-01 3.171900311210000267e-01 5.279513045829999952e-03 -3.399991739120000189e-01 4.573572998670000223e-02
-7.117991826179999315e-02 4.561752539339999912e-01 -4.324875101849999792e-01 -1.996586213110000119e-01 4.265719059099999932e-01 -5.584044130219999458e-01 3.156940162460000199e-01 5.279513045829999952e-03 -3.416249011160000237e-01 4.640857876969999712e-02
-2.053342917319999905e-01 9.264015148489999907e-02 -2.930375284300000271e-01 1.937714047200000123e-01 6.037338061609999820e-03 -5.584044130219999458e-01 3.201820608720000183e-01 5.279513045829999952e-03 -3.383734467089999920e-01 4.640857876969999712e-02
-3.895023370110000105e-01 -2.738869807150000057e-01 -1.082810923910000056e-01 3.335849549109999868e-01 -3.029691452579999847e-02 -5.584044130219999458e-01 3.171900311210000267e-01 5.279513045829999952e-03 -3.383734467089999920e-01 4.573572998670000223e-02
-5.354247085709999965e-01 -3.038075107379999973e-01 -8.842048082699999548e-03 3.368369146719999985e-01 -3.298830965760000261e-02 -5.584044130219999458e-01 3.097099567450000146e-01 5.279513045829999952e-03 -3.416249011160000237e-01 4.708142755260000256e-02
-5.595489583360000463e-01 -2.993194661119999989e-01 -3.546439796939999858e-03 3.400883690789999747e-01 -3.298830965760000261e-02 -5.584044130219999458e-01 3.141980013699999796e-01 5.279513045829999952e-03 -3.399991739120000189e-01 4.640857876969999712e-02
