-5.595489583360000463e-01 -3.217599217580000004e-01 -2.958049037439999807e-03 3.465912778920000048e-01 -3.164261209170000227e-02 -5.578160222629999776e-01 3.171900311210000267e-01 4.691030836099999678e-03 -3.416249011160000237e-01 4.506288120379999679e-02
-5.136540218439999972e-01 -1.272761278350000025e-01 -7.415406253919999691e-02 7.834376257769999630e-02 3.626506440669999831e-01 -5.578160222629999776e-01 3.171900311210000267e-01 4.691030836099999678e-03 -3.399991739120000189e-01 4.506288120379999679e-02
-3.359583206449999748e-01 2.572034153850000227e-01 -2.436122473800000077e-01 -2.370505996639999946e-01 6.042056578409999990e-01 -5.572276315030000315e-01 3.171900311210000267e-01 4.691030836099999678e-03 -3.416249011160000237e-01 4.506288120379999679e-02
-1.629696997960000115e-01 4.516872093079999928e-01 -3.989488710929999793e-01 -2.581853059840000242e-01 6.068971052610000472e-01 -5.578160222629999776e-01 3.171900311210000267e-01 4.691030836099999678e-03 -3.399991739120000189e-01 4.573572998670000223e-02
-6.882626377349999880e-02 4.726316500789999875e-01 -4.560233234659999968e-01 -2.598110331869999956e-01 6.068971052610000472e-01 -5.578160222629999776e-01 3.171900311210000267e-01 4.691030836099999678e-03 -3.399991739120000189e-01 4.506288120379999679e-02
-6.764948225450000130e-02 4.726316500789999875e-01 -4.572001049850000221e-01 -2.598110331869999956e-01 6.068971052610000472e-01 -5.578160222629999776e-01 3.171900311210000267e-01 4.691030836099999678e-03 -3.416249011160000237e-01 4.506288120379999679e-02
-6.764948225450000130e-02 4.726316500789999875e-01 -4.572001049850000221e-01 -2.598110331869999956e-01 6.075699540440000490e-01 -5.578160222629999776e-01 3.171900311210000267e-01 4.691030836099999678e-03 -3.399991739120000189e-01 4.573572998670000223e-02
-6.823787301400000005e-02 4.726316500789999875e-01 -4.572001049850000221e-01 -2.598110331869999956e-01 6.068971052610000472e-01 -5.578160222629999776e-01 3.171900311210000267e-01 4.691030836099999678e-03 -3.416249011160000237e-01 4.573572998670000223e-02
-7.471026281879999953e-02 4.741276649550000277e-01 -4.572001049850000221e-01 -2.484306900870000001e-01 6.486140958239999810e-01 -5.578160222629999776e-01 3.171900311210000267e-01 4.691030836099999678e-03 -3.399991739120000189e-01 4.573572998670000223e-02
-8.824334173759999789e-02 4.741276649550000277e-01 -4.577884957439999902e-01 1.092325794400000050e-01 6.499598456780000255e-01 -5.572276315030000315e-01 3.171900311210000267e-01 4.691030836099999678e-03 -3.416249011160000237e-01 4.573572998670000223e-02
-8.824334173759999789e-02 4.741276649550000277e-01 -4.577884957439999902e-01 5.335514223330000139e-01 6.499598456780000255e-01 -5.572276315030000315e-01 3.171900311210000267e-01 4.691030836099999678e-03 -3.399991739120000189e-01 4.573572998670000223e-02
-9.412734078289999862e-02 4.741276649550000277e-01 -4.583768865039999918e-01 7.286407081450000378e-01 6.499598456780000255e-01 -5.578160222629999776e-01 3.171900311210000267e-01 4.691030836099999678e-03 -3.399991739120000189e-01 4.573572998670000223e-02
-9.353895002339999987e-02 4.741276649550000277e-01 -4.583768865039999918e-01 7.367693441620000172e-01 6.499598456780000255e-01 -5.572276315030000315e-01 3.171900311210000267e-01 4.691030836099999678e-03 -3.399991739120000189e-01 4.573572998670000223e-02
-9.412734078289999862e-02 4.741276649550000277e-01 -4.583768865039999918e-01 7.367693441620000172e-01 6.499598456780000255e-01 -5.578160222629999776e-01 3.171900311210000267e-01 4.691030836099999678e-03 -3.399991739120000189e-01 4.573572998670000223e-02
-9.412734078289999862e-02 4.741276649550000277e-01 -4.583768865039999918e-01 7.367693441620000172e-01 6.499598456780000255e-01 -5.572276315030000315e-01 3.171900311210000267e-01 4.691030836099999678e-03 -3.399991739120000189e-01 4.573572998670000223e-02
-9.412734078289999862e-02 4.741276649550000277e-01 -4.583768865039999918e-01 5.075397870810000045e-01 6.506326944610000274e-01 -5.572276315030000315e-01 3.171900311210000267e-01 4.691030836099999678e-03 -3.399991739120000189e-01 4.573572998670000223e-02
-9.353895002339999987e-02 4.741276649550000277e-01 -4.583768865039999918e-01 3.661000043309999841e-01 6.499598456780000255e-01 -5.578160222629999776e-01 3.171900311210000267e-01 4.691030836099999678e-03 -3.399991739120000189e-01 4.573572998670000223e-02
-9.412734078289999862e-02 4.741276649550000277e-01 -4.583768865039999918e-01 3.612228227209999809e-01 6.499598456780000255e-01 -5.578160222629999776e-01 3.171900311210000267e-01 4.691030836099999678e-03 -3.399991739120000189e-01 4.573572998670000223e-02
-9.412734078289999862e-02 4.741276649550000277e-01 -4.583768865039999918e-01 3.612228227209999809e-01 6.499598456780000255e-01 -5.578160222629999776e-01 3.171900311210000267e-01 4.691030836099999678e-03 -3.399991739120000189e-01 4.573572998670000223e-02
-9.412734078289999862e-02 4.741276649550000277e-01 -4.583768865039999918e-01 3.612228227209999809e-01 6.499598456780000255e-01 -5.578160222629999776e-01 3.171900311210000267e-01 4.691030836099999678e-03 -3.416249011160000237e-01 4.573572998670000223e-02
-6.764948225450000130e-02 4.741276649550000277e-01 -4.583768865039999918e-01 1.108583066430000041e-01 6.237184817009999716e-01 -5.578160222629999776e-01 3.171900311210000267e-01 4.691030836099999678e-03 -3.399991739120000189e-01 4.640857876969999712e-02
-6.764948225450000130e-02 4.741276649550000277e-01 -4.583768865039999918e-01 -2.305476908509999923e-01 6.230456329179999697e-01 -5.572276315030000315e-01 3.171900311210000267e-01 4.691030836099999678e-03 -3.399991739120000189e-01 4.640857876969999712e-02
-7.117991826179999315e-02 4.576712688089999981e-01 -4.336642917040000045e-01 -2.029100757179999881e-01 4.312818473899999727e-01 -5.578160222629999776e-01 3.171900311210000267e-01 4.691030836099999678e-03 -3.416249011160000237e-01 4.640857876969999712e-02
-2.100414178080000083e-01 9.114413660959999608e-02 -2.889187931130000053e-01 2.035257679390000130e-01 5.364384701609999952e-03 -5.578160222629999776e-01 3.186860459959999781e-01 4.691030836099999678e-03 -3.399991739120000189e-01 4.775427633559999746e-02
-4.018587258610000212e-01 -2.723909658399999989e-01 -1.071042194220000049e-01 3.384626418760000033e-01 -3.164261209170000227e-02 -5.578160222629999776e-01 3.171900311210000267e-01 4.691030836099999678e-03 -3.399991739120000189e-01 4.708142755260000256e-02
-5.413086618910000203e-01 -3.053035256130000041e-01 -7.076875804190000015e-03 3.368369146719999985e-01 -3.298830965760000261e-02 -5.578160222629999776e-01 3.112059716200000214e-01 4.691030836099999678e-03 -3.416249011160000237e-01 4.842712511850000290e-02
