-5.601373490959999923e-01 -3.217599217580000004e-01 -2.958049037439999807e-03 3.465912778920000048e-01 -3.231546087469999717e-02 -5.584044130219999458e-01 2.932535605989999850e-01 4.691030836099999678e-03 -3.399991739120000189e-01 4.640857876969999712e-02
-5.601373490959999923e-01 -3.202639068829999935e-01 -2.958049037439999807e-03 3.465912778920000048e-01 -3.231546087469999717e-02 -5.584044130219999458e-01 4.413604283550000007e-01 4.102640076600000060e-03 -4.115319288889999760e-01 -1.244966853320000066e-01
-5.601373490959999923e-01 -3.157758622569999951e-01 -2.958049037439999807e-03 3.482170050949999762e-01 -3.231546087469999717e-02 -4.919155255959999917e-01 4.787612652709999916e-01 4.102640076600000060e-03 -7.139200944879999788e-01 -4.165157761350000154e-01
-5.601373490959999923e-01 -3.187678920070000088e-01 -2.958049037439999807e-03 3.465912778920000048e-01 -3.231546087469999717e-02 -3.395208556809999889e-01 4.787612652709999916e-01 4.691030836099999678e-03 -7.643181431440000395e-01 -4.279544145999999993e-01
-5.601373490959999923e-01 -3.187678920070000088e-01 -2.958049037439999807e-03 3.482170050949999762e-01 -3.231546087469999717e-02 -1.529991559140000124e-01 4.802572801459999985e-01 4.691030836099999678e-03 -7.626924159410000126e-01 -4.279544145999999993e-01
-5.601373490959999923e-01 -3.187678920070000088e-01 -2.958049037439999807e-03 3.482170050949999762e-01 -3.231546087469999717e-02 3.764127916920000094e-02 4.757690030030000128e-01 4.691030836099999678e-03 -7.626924159410000126e-01 -4.279544145999999993e-01
-5.601373490959999923e-01 -3.187678920070000088e-01 -2.958049037439999807e-03 3.482170050949999762e-01 -3.231546087469999717e-02 1.994502926860000080e-01 4.413604283550000007e-01 4.691030836099999678e-03 -7.578152343309999539e-01 -4.279544145999999993e-01
-5.601373490959999923e-01 -3.172718771320000020e-01 -2.958049037439999807e-03 3.482170050949999762e-01 -3.164261209170000227e-02 3.077152898380000057e-01 4.413604283550000007e-01 -4.134830556449999722e-03 -7.448092903659999653e-01 -4.279544145999999993e-01
-5.601373490959999923e-01 -3.187678920070000088e-01 -2.958049037439999807e-03 3.482170050949999762e-01 -3.231546087469999717e-02 3.536102263299999993e-01 4.533287798739999985e-01 -1.472604712800000028e-02 -7.594409615349999587e-01 -4.286272633820000233e-01
-5.601373490959999923e-01 -3.187678920070000088e-01 -2.958049037439999807e-03 3.482170050949999762e-01 -3.231546087469999717e-02 3.559637893679999943e-01 4.518327649989999917e-01 -1.472604712800000028e-02 -7.594409615349999587e-01 -4.279544145999999993e-01
-5.607257398549999605e-01 -3.187678920070000088e-01 -2.958049037439999807e-03 3.482170050949999762e-01 -3.231546087469999717e-02 3.565521801279999958e-01 4.518327649989999917e-01 -1.472604712800000028e-02 -7.594409615349999587e-01 -4.286272633820000233e-01
-5.601373490959999923e-01 -3.187678920070000088e-01 -2.958049037439999807e-03 3.465912778920000048e-01 -3.231546087469999717e-02 3.559637893679999943e-01 4.518327649989999917e-01 -1.472604712800000028e-02 -7.578152343309999539e-01 -4.286272633820000233e-01
-5.607257398549999605e-01 -3.187678920070000088e-01 -2.958049037439999807e-03 3.482170050949999762e-01 -3.231546087469999717e-02 3.559637893679999943e-01 4.518327649989999917e-01 -1.472604712800000028e-02 -7.594409615349999587e-01 -4.279544145999999993e-01
-5.601373490959999923e-01 -3.187678920070000088e-01 -2.958049037439999807e-03 3.482170050949999762e-01 -3.231546087469999717e-02 3.559637893679999943e-01 3.426225165180000198e-01 -2.237512700149999964e-02 -7.594409615349999587e-01 -3.694159430210000039e-01
-5.601373490959999923e-01 -3.217599217580000004e-01 -2.958049037439999807e-03 3.465912778920000048e-01 -3.231546087469999717e-02 3.541986170900000008e-01 1.361703710749999907e-01 -2.531717224919999981e-02 -7.659438703480000443e-01 -3.680702454550000002e-01
-5.607257398549999605e-01 -3.187678920070000088e-01 -2.958049037439999807e-03 3.465912778920000048e-01 -3.231546087469999717e-02 3.541986170900000008e-01 1.197142074469999956e-01 -2.531717224919999981e-02 -7.675695975509999602e-01 -3.680702454550000002e-01
-5.601373490959999923e-01 -3.187678920070000088e-01 -2.958049037439999807e-03 3.465912778920000048e-01 -3.164261209170000227e-02 3.541986170900000008e-01 1.002657815519999995e-01 -2.531717224919999981e-02 -7.691954510930000266e-01 -3.673973966719999984e-01
-5.601373490959999923e-01 -3.187678920070000088e-01 -2.958049037439999807e-03 3.465912778920000048e-01 -3.231546087469999717e-02 3.541986170900000008e-01 9.876976667640000040e-02 -2.531717224919999981e-02 -7.691954510930000266e-01 -3.680702454550000002e-01
-5.601373490959999923e-01 -3.187678920070000088e-01 -2.958049037439999807e-03 3.465912778920000048e-01 -3.231546087469999717e-02 3.541986170900000008e-01 1.002657815519999995e-01 -2.531717224919999981e-02 -7.691954510930000266e-01 -3.680702454550000002e-01
-5.601373490959999923e-01 -3.187678920070000088e-01 -2.958049037439999807e-03 3.465912778920000048e-01 -3.231546087469999717e-02 3.541986170900000008e-01 1.002657815519999995e-01 -2.531717224919999981e-02 -7.691954510930000266e-01 -3.680702454550000002e-01
-5.601373490959999923e-01 -3.187678920070000088e-01 -2.958049037439999807e-03 3.465912778920000048e-01 -3.231546087469999717e-02 3.541986170900000008e-01 1.002657815519999995e-01 -2.531717224919999981e-02 -7.691954510930000266e-01 -3.680702454550000002e-01
-5.601373490959999923e-01 -3.187678920070000088e-01 -2.958049037439999807e-03 3.465912778920000048e-01 -3.231546087469999717e-02 3.541986170900000008e-01 1.002657815519999995e-01 -2.531717224919999981e-02 -7.675695975509999602e-01 -3.680702454550000002e-01
-5.607257398549999605e-01 -3.187678920070000088e-01 -2.958049037439999807e-03 3.465912778920000048e-01 -3.231546087469999717e-02 3.541986170900000008e-01 1.002657815519999995e-01 -2.531717224919999981e-02 -7.691954510930000266e-01 -3.680702454550000002e-01
-5.601373490959999923e-01 -3.187678920070000088e-01 -2.958049037439999807e-03 3.465912778920000048e-01 -3.164261209170000227e-02 3.153644611620000093e-01 -6.280146747339999946e-02 -1.119561112069999975e-02 -6.456389202569999819e-01 -3.667245478889999966e-01
-5.601373490959999923e-01 -3.142798473819999883e-01 -2.958049037439999807e-03 3.482170050949999762e-01 -3.164261209170000227e-02 2.865329481450000215e-01 -1.046903490150000032e-01 -1.590282864699999951e-02 -3.009814683559999815e-01 -3.653788503229999929e-01
-5.601373490959999923e-01 -3.187678920070000088e-01 -2.369658277940000189e-03 3.465912778920000048e-01 -3.231546087469999717e-02 2.865329481450000215e-01 -1.346108790380000086e-01 -1.590282864699999951e-02 -2.700923988169999790e-01 -3.647060015399999910e-01
-5.601373490959999923e-01 -3.172718771320000020e-01 -2.958049037439999807e-03 3.465912778920000048e-01 -3.231546087469999717e-02 2.859445573850000200e-01 -1.346108790380000086e-01 -1.590282864699999951e-02 -2.700923988169999790e-01 -3.647060015399999910e-01
-5.601373490959999923e-01 -3.187678920070000088e-01 -2.958049037439999807e-03 3.465912778920000048e-01 -3.231546087469999717e-02 2.865329481450000215e-01 -1.346108790380000086e-01 -1.531443788750000076e-02 -2.700923988169999790e-01 -3.653788503229999929e-01
-5.601373490959999923e-01 -3.172718771320000020e-01 -2.958049037439999807e-03 3.482170050949999762e-01 -3.231546087469999717e-02 2.865329481450000215e-01 -1.346108790380000086e-01 -1.590282864699999951e-02 -2.700923988169999790e-01 -3.653788503229999929e-01
-5.601373490959999923e-01 -3.187678920070000088e-01 -2.958049037439999807e-03 3.482170050949999762e-01 -3.231546087469999717e-02 2.865329481450000215e-01 -1.331148641630000018e-01 -1.531443788750000076e-02 -2.700923988169999790e-01 -3.667245478889999966e-01
-5.601373490959999923e-01 -3.172718771320000020e-01 -2.958049037439999807e-03 3.482170050949999762e-01 -3.164261209170000227e-02 3.194831964779999978e-01 1.286902966990000063e-01 -3.826186040849999942e-02 -5.659775292640000233e-01 -4.293001121650000251e-01
-5.607257398549999605e-01 -3.187678920070000088e-01 -2.958049037439999807e-03 3.465912778920000048e-01 -3.231546087469999717e-02 3.571405708870000195e-01 4.234080173340000197e-01 -2.414039073019999884e-02 -7.626924159410000126e-01 -4.293001121650000251e-01
-5.601373490959999923e-01 -3.187678920070000088e-01 -2.958049037439999807e-03 3.465912778920000048e-01 -3.231546087469999717e-02 3.577289616470000211e-01 4.563208096240000122e-01 -2.296351776099999839e-02 -7.659438703480000443e-01 -4.293001121650000251e-01
-5.601373490959999923e-01 -3.187678920070000088e-01 -2.958049037439999807e-03 3.465912778920000048e-01 -3.231546087469999717e-02 3.577289616470000211e-01 4.563208096240000122e-01 -2.296351776099999839e-02 -7.659438703480000443e-01 -4.293001121650000251e-01
-5.601373490959999923e-01 -3.202639068829999935e-01 -2.958049037439999807e-03 3.465912778920000048e-01 -3.231546087469999717e-02 3.230135410350000180e-01 3.366384570170000146e-01 -2.296351776099999839e-02 -4.781873759160000237e-01 -3.231546087469999717e-02
-5.601373490959999923e-01 -3.187678920070000088e-01 -2.958049037439999807e-03 3.465912778920000048e-01 -3.231546087469999717e-02 2.341657132980000111e-01 2.932535605989999850e-01 -3.546439796939999858e-03 -3.318705378960000174e-01 3.766154459139999661e-02
-5.601373490959999923e-01 -3.172718771320000020e-01 -2.958049037439999807e-03 3.465912778920000048e-01 -3.231546087469999717e-02 7.412187205930000078e-02 2.947495754750000252e-01 5.867903805340000251e-03 -3.334962650989999888e-01 3.833439337430000204e-02
-5.601373490959999923e-01 -3.187678920070000088e-01 -2.958049037439999807e-03 3.465912778920000048e-01 -3.231546087469999717e-02 -1.076926101820000065e-01 2.962455903499999765e-01 5.867903805340000251e-03 -3.334962650989999888e-01 3.833439337430000204e-02
-5.601373490959999923e-01 -3.172718771320000020e-01 -2.958049037439999807e-03 3.465912778920000048e-01 -3.231546087469999717e-02 -2.995099182340000277e-01 3.067176944769999802e-01 5.867903805340000251e-03 -3.351219923020000158e-01 3.900724215729999694e-02
