-5.595489583360000463e-01 -3.038075107379999973e-01 -2.369658277940000189e-03 3.400883690789999747e-01 -3.366115844059999751e-02 -5.607579760599999963e-01 3.186860459959999781e-01 4.102640076600000060e-03 -3.399991739120000189e-01 4.640857876969999712e-02
-5.466042244519999649e-01 -4.489225812589999753e-01 -2.369658277940000189e-03 6.018329755800000402e-01 3.539035053119999885e-01 -5.607579760599999963e-01 3.186860459959999781e-01 4.102640076600000060e-03 -3.383734467089999920e-01 4.573572998670000223e-02
-4.224525853439999867e-01 -4.848269382659999849e-01 -2.958049037439999807e-03 7.546528487529999829e-01 4.265719059099999932e-01 -5.607579760599999963e-01 3.127019864949999728e-01 4.102640076600000060e-03 -3.399991739120000189e-01 4.640857876969999712e-02
-2.794722590309999810e-01 -5.087636413049999584e-01 -3.546439796939999858e-03 7.530271215489999781e-01 4.359917888709999856e-01 -5.607579760599999963e-01 3.127019864949999728e-01 4.102640076600000060e-03 -3.399991739120000189e-01 4.640857876969999712e-02
-6.000031093080000072e-02 -5.057716115539999668e-01 -3.546439796939999858e-03 7.530271215489999781e-01 4.359917888709999856e-01 -5.607579760599999963e-01 3.127019864949999728e-01 4.102640076600000060e-03 -3.399991739120000189e-01 4.640857876969999712e-02
1.265212973859999868e-01 -4.444345366329999769e-01 -3.546439796939999858e-03 7.286407081450000378e-01 4.359917888709999856e-01 -5.607579760599999963e-01 3.141980013699999796e-01 4.691030836099999678e-03 -3.399991739120000189e-01 4.640857876969999712e-02
2.559685447799999736e-01 -4.459305515090000172e-01 1.160686279079999961e-03 7.383950713650000441e-01 4.359917888709999856e-01 -5.607579760599999963e-01 3.141980013699999796e-01 4.102640076600000060e-03 -3.399991739120000189e-01 4.640857876969999712e-02
3.348137296049999989e-01 -4.534106258849999738e-01 1.351698367890000023e-02 7.514013943459999512e-01 4.359917888709999856e-01 -5.607579760599999963e-01 3.141980013699999796e-01 4.102640076600000060e-03 -3.399991739120000189e-01 4.640857876969999712e-02
3.501120722530000062e-01 -3.980576104660000225e-01 2.293132728119999866e-02 7.562785759560000098e-01 3.673605855479999960e-01 -5.607579760599999963e-01 3.127019864949999728e-01 4.102640076600000060e-03 -3.399991739120000189e-01 4.640857876969999712e-02
3.507004630119999744e-01 -1.512125983569999887e-01 2.705015404789999980e-02 7.627814847689999844e-01 3.633234928499999850e-01 -5.607579760599999963e-01 3.141980013699999796e-01 4.102640076600000060e-03 -3.399991739120000189e-01 4.640857876969999712e-02
3.507004630119999744e-01 -1.063316870639999939e-01 2.705015404789999980e-02 7.660329391760000162e-01 3.633234928499999850e-01 -5.607579760599999963e-01 3.141980013699999796e-01 4.102640076600000060e-03 -3.416249011160000237e-01 4.640857876969999712e-02
3.507004630119999744e-01 -1.048356721890000010e-01 2.705015404789999980e-02 7.709101207849999859e-01 3.633234928499999850e-01 -5.607579760599999963e-01 3.141980013699999796e-01 4.102640076600000060e-03 -3.399991739120000189e-01 4.640857876969999712e-02
3.507004630119999744e-01 -1.063316870639999939e-01 2.705015404789999980e-02 7.709101207849999859e-01 3.633234928499999850e-01 -5.607579760599999963e-01 3.127019864949999728e-01 4.102640076600000060e-03 -3.399991739120000189e-01 4.640857876969999712e-02
3.507004630119999744e-01 -1.063316870639999939e-01 2.705015404789999980e-02 7.709101207849999859e-01 3.633234928499999850e-01 -5.607579760599999963e-01 3.141980013699999796e-01 4.691030836099999678e-03 -3.399991739120000189e-01 4.640857876969999712e-02
3.507004630119999744e-01 -1.063316870639999939e-01 2.705015404789999980e-02 7.709101207849999859e-01 3.633234928499999850e-01 -5.607579760599999963e-01 3.127019864949999728e-01 4.102640076600000060e-03 -3.416249011160000237e-01 4.640857876969999712e-02
3.118662156340000213e-01 4.925525506759999977e-02 1.116342064090000002e-02 5.254227863170000123e-01 3.592862955750000253e-01 -5.607579760599999963e-01 3.156940162460000199e-01 4.102640076600000060e-03 -3.399991739120000189e-01 4.573572998670000223e-02
2.847999663460000219e-01 1.180726368819999955e-01 1.940098272409999935e-02 2.896903204230000251e-01 3.579405980099999995e-01 -5.607579760599999963e-01 3.127019864949999728e-01 4.102640076600000060e-03 -3.399991739120000189e-01 4.708142755260000256e-02
2.842115755869999982e-01 1.315370032759999863e-01 1.881259196460000060e-02 2.734325430349999753e-01 3.579405980099999995e-01 -5.607579760599999963e-01 3.141980013699999796e-01 4.102640076600000060e-03 -3.399991739120000189e-01 4.640857876969999712e-02
2.842115755869999982e-01 1.300409884010000072e-01 1.881259196460000060e-02 2.718068158320000038e-01 3.579405980099999995e-01 -5.607579760599999963e-01 3.141980013699999796e-01 4.102640076600000060e-03 -3.399991739120000189e-01 4.708142755260000256e-02
2.847999663460000219e-01 1.300409884010000072e-01 1.881259196460000060e-02 2.718068158320000038e-01 3.579405980099999995e-01 -5.607579760599999963e-01 3.141980013699999796e-01 4.102640076600000060e-03 -3.399991739120000189e-01 4.640857876969999712e-02
3.124546063940000229e-01 -7.042709754020000379e-02 3.940645144769999719e-02 5.254227863170000123e-01 4.326275449559999764e-01 -5.607579760599999963e-01 3.141980013699999796e-01 4.102640076600000060e-03 -3.399991739120000189e-01 4.640857876969999712e-02
3.548191983289999962e-01 -4.055376848419999791e-01 2.587337252889999883e-02 7.595300303619999527e-01 4.339732425219999801e-01 -5.607579760599999963e-01 3.141980013699999796e-01 4.102640076600000060e-03 -3.399991739120000189e-01 4.640857876969999712e-02
3.471699355549999755e-01 -3.875850413040000109e-01 2.469659100990000133e-02 6.441018828650000305e-01 2.213510401459999888e-01 -5.607579760599999963e-01 3.141980013699999796e-01 4.102640076600000060e-03 -3.399991739120000189e-01 4.640857876969999712e-02
2.918607469110000019e-01 -3.053035256130000041e-01 9.398248362359999317e-03 3.530941867049999794e-01 -1.549403214690000044e-02 -5.607579760599999963e-01 3.156940162460000199e-01 4.102640076600000060e-03 -3.383734467089999920e-01 4.708142755260000256e-02
1.718278431190000122e-01 -3.053035256130000041e-01 -7.076875804190000015e-03 3.530941867049999794e-01 -2.962406574289999997e-02 -5.607579760599999963e-01 3.141980013699999796e-01 4.102640076600000060e-03 -3.399991739120000189e-01 4.708142755260000256e-02
-9.986639121859999801e-03 -3.038075107379999973e-01 -5.311703525679999614e-03 3.482170050949999762e-01 -3.366115844059999751e-02 -5.607579760599999963e-01 3.127019864949999728e-01 4.102640076600000060e-03 -3.399991739120000189e-01 4.775427633559999746e-02
