-5.595489583360000463e-01 -3.217599217580000004e-01 -2.958049037439999807e-03 3.465912778920000048e-01 -3.366115844059999751e-02 -5.607579760599999963e-01 3.171900311210000267e-01 4.691030836099999678e-03 -3.399991739120000189e-01 4.573572998670000223e-02
-5.595489583360000463e-01 -3.217599217580000004e-01 -2.958049037439999807e-03 3.449655506889999779e-01 -3.298830965760000261e-02 -5.154513388770000093e-01 1.242022520729999940e-01 7.059152750229999440e-02 -9.288636491790000504e-02 -3.445203288970000166e-01
-5.595489583360000463e-01 -3.217599217580000004e-01 -2.958049037439999807e-03 3.449655506889999779e-01 -3.366115844059999751e-02 -3.365789018840000257e-01 -2.617733060219999963e-01 2.400497123429999879e-01 2.452681781699999897e-01 -6.035696201819999995e-01
-5.595489583360000463e-01 -3.202639068829999935e-01 -2.958049037439999807e-03 3.449655506889999779e-01 -3.366115844059999751e-02 -1.653555447639999954e-01 -4.487770255690000099e-01 3.953863360559999873e-01 2.729057933030000216e-01 -6.102981080110000400e-01
-5.595489583360000463e-01 -3.217599217580000004e-01 -2.958049037439999807e-03 3.465912778920000048e-01 -3.298830965760000261e-02 -7.356567177959999482e-02 -4.637374068389999993e-01 4.536375699479999746e-01 2.761572477090000199e-01 -6.102981080110000400e-01
-5.595489583360000463e-01 -3.202639068829999935e-01 -2.958049037439999807e-03 3.449655506889999779e-01 -3.366115844059999751e-02 -6.709328197489999868e-02 -4.652334217140000061e-01 4.536375699479999746e-01 2.794089547929999862e-01 -6.102981080110000400e-01
-5.595489583360000463e-01 -3.217599217580000004e-01 -2.958049037439999807e-03 3.465912778920000048e-01 -3.298830965760000261e-02 -6.768167273439999743e-02 -4.652334217140000061e-01 4.542259607069999983e-01 2.794089547929999862e-01 -6.096252592290000161e-01
-5.595489583360000463e-01 -3.217599217580000004e-01 -2.369658277940000189e-03 3.465912778920000048e-01 -3.366115844059999751e-02 -6.768167273439999743e-02 -4.652334217140000061e-01 4.542259607069999983e-01 2.794089547929999862e-01 -6.102981080110000400e-01
-5.595489583360000463e-01 -3.217599217580000004e-01 -2.958049037439999807e-03 3.449655506889999779e-01 -3.298830965760000261e-02 -8.180323386290000443e-02 -4.652334217140000061e-01 4.542259607069999983e-01 2.355138149500000111e-01 -6.506694532969999889e-01
-5.595489583360000463e-01 -3.202639068829999935e-01 -2.958049037439999807e-03 3.465912778920000048e-01 -3.366115844059999751e-02 -8.474518766039999818e-02 -4.652334217140000061e-01 4.542259607069999983e-01 -1.188982528479999995e-01 -6.540336972110000202e-01
-5.595489583360000463e-01 -3.217599217580000004e-01 -2.958049037439999807e-03 3.449655506889999779e-01 -3.298830965760000261e-02 -8.533357841989999693e-02 -4.667294365890000130e-01 4.542259607069999983e-01 -5.318368789790000051e-01 -6.540336972110000202e-01
-5.595489583360000463e-01 -3.217599217580000004e-01 -2.958049037439999807e-03 3.449655506889999779e-01 -3.366115844059999751e-02 -8.474518766039999818e-02 -4.697214663400000045e-01 4.559911787109999781e-01 -7.253003112500000515e-01 -6.547065459940000220e-01
-5.595489583360000463e-01 -3.217599217580000004e-01 -2.958049037439999807e-03 3.449655506889999779e-01 -3.366115844059999751e-02 -8.474518766039999818e-02 -4.697214663400000045e-01 4.559911787109999781e-01 -7.366805280110000353e-01 -6.547065459940000220e-01
-5.595489583360000463e-01 -3.217599217580000004e-01 -2.958049037439999807e-03 3.465912778920000048e-01 -3.366115844059999751e-02 -8.474518766039999818e-02 -4.697214663400000045e-01 4.559911787109999781e-01 -7.366805280110000353e-01 -6.547065459940000220e-01
-5.595489583360000463e-01 -3.217599217580000004e-01 -2.958049037439999807e-03 3.465912778920000048e-01 -3.366115844059999751e-02 -8.474518766039999818e-02 -4.697214663400000045e-01 4.559911787109999781e-01 -7.366805280110000353e-01 -6.547065459940000220e-01
-5.595489583360000463e-01 -3.217599217580000004e-01 -2.958049037439999807e-03 3.465912778920000048e-01 -3.298830965760000261e-02 -8.533357841989999693e-02 -4.742095109660000030e-01 4.565795694709999797e-01 -5.269596973700000353e-01 -6.553793947770000239e-01
-5.595489583360000463e-01 -3.217599217580000004e-01 -2.958049037439999807e-03 3.465912778920000048e-01 -3.366115844059999751e-02 -8.474518766039999818e-02 -4.757055258410000098e-01 4.559911787109999781e-01 -3.578824258259999946e-01 -6.553793947770000239e-01
-5.595489583360000463e-01 -3.217599217580000004e-01 -2.958049037439999807e-03 3.465912778920000048e-01 -3.298830965760000261e-02 -8.474518766039999818e-02 -4.757055258410000098e-01 4.559911787109999781e-01 -3.530052442159999915e-01 -6.553793947770000239e-01
-5.595489583360000463e-01 -3.217599217580000004e-01 -2.958049037439999807e-03 3.465912778920000048e-01 -3.366115844059999751e-02 -8.474518766039999818e-02 -4.757055258410000098e-01 4.559911787109999781e-01 -3.530052442159999915e-01 -6.553793947770000239e-01
-5.595489583360000463e-01 -3.217599217580000004e-01 -2.958049037439999807e-03 3.465912778920000048e-01 -3.298830965760000261e-02 -8.474518766039999818e-02 -4.757055258410000098e-01 4.559911787109999781e-01 -3.546309714190000184e-01 -6.553793947770000239e-01
-5.595489583360000463e-01 -3.217599217580000004e-01 -2.369658277940000189e-03 3.465912778920000048e-01 -3.366115844059999751e-02 -7.003523577240000630e-02 -4.757055258410000098e-01 4.559911787109999781e-01 -1.351555248799999887e-01 -6.197182001269999629e-01
-5.595489583360000463e-01 -3.202639068829999935e-01 -2.958049037439999807e-03 3.465912778920000048e-01 -3.298830965760000261e-02 -6.827006349389999618e-02 -4.757055258410000098e-01 4.565795694709999797e-01 2.371395421530000103e-01 -6.183725025609999593e-01
-5.595489583360000463e-01 -3.202639068829999935e-01 -2.958049037439999807e-03 3.449655506889999779e-01 -3.366115844059999751e-02 -7.003523577240000630e-02 -4.577531148210000067e-01 4.395160545449999789e-01 1.932444023100000074e-01 -4.515043311570000051e-01
-5.595489583360000463e-01 -3.247519515089999920e-01 -2.369658277940000189e-03 3.449655506889999779e-01 -3.366115844059999751e-02 -2.077200452500000127e-01 -9.421801237139999785e-02 3.018312907929999733e-01 -1.823021191299999955e-01 6.544432209649999818e-04
-5.595489583360000463e-01 -3.217599217580000004e-01 -2.958049037439999807e-03 3.449655506889999779e-01 -3.366115844059999751e-02 -4.030676064090000232e-01 2.782931793299999734e-01 1.170747633040000041e-01 -3.156130131859999910e-01 4.035293972319999728e-02
-5.595489583360000463e-01 -3.157758622569999951e-01 -2.958049037439999807e-03 3.498427322989999810e-01 -3.366115844059999751e-02 -5.389873350580000055e-01 2.947495754750000252e-01 1.292859291939999974e-02 -3.399991739120000189e-01 4.506288120379999679e-02
