-5.601373490959999923e-01 -3.217599217580000004e-01 -2.958049037439999807e-03 3.449655506889999779e-01 -3.096976330880000031e-02 -5.589928037820000029e-01 3.171900311210000267e-01 4.691030836099999678e-03 -3.399991739120000189e-01 4.573572998670000223e-02
-5.601373490959999923e-01 -3.202639068829999935e-01 -2.958049037439999807e-03 3.449655506889999779e-01 -3.096976330880000031e-02 -5.572276315030000315e-01 3.156940162460000199e-01 -1.065158286629999951e-01 -2.489576924970000049e-01 -3.068403787439999975e-01
-5.601373490959999923e-01 -3.202639068829999935e-01 -2.958049037439999807e-03 3.449655506889999779e-01 -3.096976330880000031e-02 -4.477858528329999865e-01 3.171900311210000267e-01 -1.853610134879999927e-01 -2.327001677870000063e-01 -6.412495703349999632e-01
-5.601373490959999923e-01 -3.202639068829999935e-01 -2.958049037439999807e-03 3.433398234860000064e-01 -3.096976330880000031e-02 -2.936259191889999953e-01 3.171900311210000267e-01 -1.865377950069999902e-01 -2.278229861770000031e-01 -6.526879996450000165e-01
-5.601373490959999923e-01 -3.202639068829999935e-01 -2.369658277940000189e-03 3.449655506889999779e-01 -3.096976330880000031e-02 -1.071042194220000049e-01 3.156940162460000199e-01 -1.859494042469999886e-01 -2.245715317699999991e-01 -6.560522435600000257e-01
-5.601373490959999923e-01 -3.202639068829999935e-01 -2.958049037439999807e-03 3.449655506889999779e-01 -3.096976330880000031e-02 1.005997305879999942e-01 2.842772388309999787e-01 -1.859494042469999886e-01 -2.066882798570000013e-01 -6.567250923430000276e-01
-5.601373490959999923e-01 -3.202639068829999935e-01 -2.958049037439999807e-03 3.449655506889999779e-01 -3.096976330880000031e-02 2.641739163829999737e-01 2.618370157009999866e-01 -1.865377950069999902e-01 -2.115654614670000044e-01 -6.567250923430000276e-01
-5.601373490959999923e-01 -3.202639068829999935e-01 -2.958049037439999807e-03 3.449655506889999779e-01 -3.096976330880000031e-02 3.671433052490000182e-01 2.618370157009999866e-01 -1.959521386089999873e-01 -2.180686229569999968e-01 -6.567250923430000276e-01
-5.601373490959999923e-01 -3.202639068829999935e-01 -2.369658277940000189e-03 3.449655506889999779e-01 -3.096976330880000031e-02 4.112730694630000183e-01 2.962455903499999765e-01 -2.106619990470000037e-01 -2.359516221930000046e-01 -6.567250923430000276e-01
-5.601373490959999923e-01 -3.202639068829999935e-01 -2.369658277940000189e-03 3.449655506889999779e-01 -3.096976330880000031e-02 4.177453678170000018e-01 3.037256647259999887e-01 -2.112503898070000052e-01 -2.359516221930000046e-01 -6.560522435600000257e-01
-5.601373490959999923e-01 -3.202639068829999935e-01 -2.958049037439999807e-03 3.449655506889999779e-01 -3.096976330880000031e-02 4.177453678170000018e-01 3.037256647259999887e-01 -2.112503898070000052e-01 -2.359516221930000046e-01 -6.560522435600000257e-01
-5.601373490959999923e-01 -3.202639068829999935e-01 -2.958049037439999807e-03 3.449655506889999779e-01 -3.096976330880000031e-02 4.177453678170000018e-01 3.037256647259999887e-01 -2.112503898070000052e-01 -2.359516221930000046e-01 -6.567250923430000276e-01
-5.601373490959999923e-01 -3.202639068829999935e-01 -2.958049037439999807e-03 3.449655506889999779e-01 -3.096976330880000031e-02 4.195106315459999902e-01 3.037256647259999887e-01 -2.206647334090000023e-01 -2.359516221930000046e-01 -6.129895031430000474e-01
-5.601373490959999923e-01 -3.202639068829999935e-01 -2.958049037439999807e-03 3.449655506889999779e-01 -3.096976330880000031e-02 4.418696633079999825e-01 5.688088513439999716e-02 -3.583495428860000165e-01 -2.359516221930000046e-01 -2.126407125149999966e-01
-5.601373490959999923e-01 -3.202639068829999935e-01 -2.958049037439999807e-03 3.449655506889999779e-01 -3.096976330880000031e-02 4.418696633079999825e-01 -3.141342916909999894e-01 -3.907114004600000245e-01 -2.375773493960000038e-01 -1.877449938150000108e-01
-5.601373490959999923e-01 -3.202639068829999935e-01 -2.958049037439999807e-03 3.449655506889999779e-01 -3.096976330880000031e-02 4.424580540670000062e-01 -4.517690553190000236e-01 -3.907114004600000245e-01 -2.440805108870000018e-01 -1.870721450320000090e-01
-5.601373490959999923e-01 -3.202639068829999935e-01 -2.369658277940000189e-03 3.449655506889999779e-01 -3.096976330880000031e-02 4.424580540670000062e-01 -4.727134960900000182e-01 -3.907114004600000245e-01 -2.440805108870000018e-01 -1.870721450320000090e-01
-5.601373490959999923e-01 -3.202639068829999935e-01 -2.958049037439999807e-03 3.449655506889999779e-01 -3.096976330880000031e-02 4.424580540670000062e-01 -4.727134960900000182e-01 -3.901230097000000230e-01 -2.440805108870000018e-01 -1.863992962490000072e-01
-5.601373490959999923e-01 -3.202639068829999935e-01 -2.369658277940000189e-03 3.449655506889999779e-01 -3.096976330880000031e-02 4.418696633079999825e-01 -4.727134960900000182e-01 -3.907114004600000245e-01 -2.440805108870000018e-01 -1.890907959579999909e-01
-5.601373490959999923e-01 -3.202639068829999935e-01 -2.369658277940000189e-03 3.449655506889999779e-01 -3.096976330880000031e-02 4.424580540670000062e-01 -4.727134960900000182e-01 -3.907114004600000245e-01 -2.440805108870000018e-01 -1.884179471749999890e-01
-5.601373490959999923e-01 -3.202639068829999935e-01 -2.369658277940000189e-03 3.449655506889999779e-01 -3.096976330880000031e-02 4.424580540670000062e-01 -4.727134960900000182e-01 -3.901230097000000230e-01 -2.440805108870000018e-01 -1.890907959579999909e-01
-5.601373490959999923e-01 -3.202639068829999935e-01 -2.958049037439999807e-03 3.449655506889999779e-01 -3.096976330880000031e-02 4.424580540670000062e-01 -4.727134960900000182e-01 -3.907114004600000245e-01 -2.440805108870000018e-01 -1.890907959579999909e-01
-5.601373490959999923e-01 -3.202639068829999935e-01 -2.369658277940000189e-03 3.449655506889999779e-01 -3.096976330880000031e-02 4.418696633079999825e-01 -4.712174812150000114e-01 -3.907114004600000245e-01 -2.440805108870000018e-01 -1.870721450320000090e-01
-5.601373490959999923e-01 -3.202639068829999935e-01 -2.958049037439999807e-03 3.449655506889999779e-01 -3.029691452579999847e-02 4.424580540670000062e-01 -4.083841589020000273e-01 -3.901230097000000230e-01 -2.522091469030000033e-01 -1.870721450320000090e-01
-5.601373490959999923e-01 -3.202639068829999935e-01 -2.958049037439999807e-03 3.449655506889999779e-01 -3.096976330880000031e-02 4.424580540670000062e-01 -4.083841589020000273e-01 -3.907114004600000245e-01 -2.522091469030000033e-01 -1.870721450320000090e-01
-5.601373490959999923e-01 -3.202639068829999935e-01 -2.369658277940000189e-03 3.449655506889999779e-01 -3.096976330880000031e-02 4.424580540670000062e-01 -4.083841589020000273e-01 -3.901230097000000230e-01 -2.522091469030000033e-01 -1.884179471749999890e-01
-5.601373490959999923e-01 -3.202639068829999935e-01 -2.369658277940000189e-03 3.449655506889999779e-01 -3.096976330880000031e-02 4.424580540670000062e-01 -4.083841589020000273e-01 -3.907114004600000245e-01 -2.522091469030000033e-01 -1.884179471749999890e-01
-5.601373490959999923e-01 -3.202639068829999935e-01 -2.958049037439999807e-03 3.449655506889999779e-01 -3.096976330880000031e-02 4.424580540670000062e-01 -4.083841589020000273e-01 -3.901230097000000230e-01 -2.522091469030000033e-01 -1.884179471749999890e-01
-5.601373490959999923e-01 -3.202639068829999935e-01 -2.958049037439999807e-03 3.449655506889999779e-01 -3.096976330880000031e-02 4.424580540670000062e-01 -4.083841589020000273e-01 -3.901230097000000230e-01 -2.522091469030000033e-01 -1.884179471749999890e-01
-5.601373490959999923e-01 -3.202639068829999935e-01 -2.369658277940000189e-03 3.449655506889999779e-01 -3.096976330880000031e-02 4.406928817890000127e-01 -3.335827175869999772e-01 -3.418744187189999839e-01 -2.652149645290000080e-01 -3.640331527569999892e-01
-5.601373490959999923e-01 -3.202639068829999935e-01 -2.958049037439999807e-03 3.449655506889999779e-01 -3.096976330880000031e-02 4.118614602219999865e-01 1.527869714870000060e-03 -2.336095130180000090e-01 -3.221161746760000111e-01 -6.459595118159999760e-01
-5.601373490959999923e-01 -3.202639068829999935e-01 -2.369658277940000189e-03 3.449655506889999779e-01 -3.096976330880000031e-02 4.153918047790000068e-01 2.678210752030000252e-01 -2.212532156189999932e-01 -2.765953076300000091e-01 -6.540336972110000202e-01
-5.601373490959999923e-01 -3.202639068829999935e-01 -2.958049037439999807e-03 3.449655506889999779e-01 -3.096976330880000031e-02 4.200990223059999917e-01 2.992376201010000236e-01 -2.177227796110000058e-01 -2.473319652930000001e-01 -6.540336972110000202e-01
-5.601373490959999923e-01 -3.202639068829999935e-01 -2.958049037439999807e-03 3.449655506889999779e-01 -3.096976330880000031e-02 4.130382417410000118e-01 3.141980013699999796e-01 -1.735930153970000056e-01 -3.269933562860000142e-01 -5.066785588209999913e-01
-5.601373490959999923e-01 -3.202639068829999935e-01 -2.369658277940000189e-03 3.449655506889999779e-01 -3.096976330880000031e-02 3.318394938779999914e-01 3.186860459959999781e-01 -4.355746869430000140e-02 -3.432506283189999952e-01 -6.074149185580000193e-03
-5.601373490959999923e-01 -3.202639068829999935e-01 -2.369658277940000189e-03 3.449655506889999779e-01 -3.096976330880000031e-02 2.382844486150000052e-01 3.112059716200000214e-01 -4.723221315950000207e-03 -3.416249011160000237e-01 3.698859123139999761e-02
-5.601373490959999923e-01 -3.217599217580000004e-01 -2.369658277940000189e-03 3.449655506889999779e-01 -3.096976330880000031e-02 6.941465453310000089e-02 3.007336349759999750e-01 7.044685324340000353e-03 -3.416249011160000237e-01 3.766154459139999661e-02
-5.601373490959999923e-01 -3.202639068829999935e-01 -2.369658277940000189e-03 3.449655506889999779e-01 -3.096976330880000031e-02 -1.135766092269999972e-01 3.022296498509999818e-01 7.044685324340000353e-03 -3.416249011160000237e-01 3.833439337430000204e-02
