-5.595489583360000463e-01 -3.217599217580000004e-01 -2.369658277940000189e-03 3.465912778920000048e-01 -3.029691452579999847e-02 -5.584044130219999458e-01 3.171900311210000267e-01 5.279513045829999952e-03 -3.399991739120000189e-01 4.640857876969999712e-02
-5.536650050160000225e-01 -3.217599217580000004e-01 1.100140741900000052e-01 2.376665445629999873e-01 3.303535887549999828e-01 -5.584044130219999458e-01 3.171900311210000267e-01 5.279513045829999952e-03 -3.399991739120000189e-01 4.640857876969999712e-02
-4.477536166280000063e-01 -3.217599217580000004e-01 1.870939952869999923e-01 2.327893629530000119e-01 6.418855557060000327e-01 -5.584044130219999458e-01 3.171900311210000267e-01 5.279513045829999952e-03 -3.399991739120000189e-01 4.640857876969999712e-02
-2.924169471899999984e-01 -3.187678920070000088e-01 1.876823860459999882e-01 2.262859487849999962e-01 6.513055432440000292e-01 -5.584044130219999458e-01 3.171900311210000267e-01 5.279513045829999952e-03 -3.399991739120000189e-01 4.640857876969999712e-02
-9.118538698540000487e-02 -3.127838325060000035e-01 1.876823860459999882e-01 2.197830399719999939e-01 6.546698394469999682e-01 -5.584044130219999458e-01 3.171900311210000267e-01 5.279513045829999952e-03 -3.399991739120000189e-01 4.640857876969999712e-02
1.006319210670000019e-01 -2.918393917350000089e-01 1.876823860459999882e-01 2.149058583619999907e-01 6.553426882299999701e-01 -5.584044130219999458e-01 3.171900311210000267e-01 5.279513045829999952e-03 -3.399991739120000189e-01 4.640857876969999712e-02
2.742088412249999996e-01 -2.559345696940000248e-01 1.876823860459999882e-01 2.116544039559999923e-01 6.553426882299999701e-01 -5.584044130219999458e-01 3.171900311210000267e-01 5.279513045829999952e-03 -3.399991739120000189e-01 4.640857876969999712e-02
3.659986227600000031e-01 -2.559345696940000248e-01 2.000386834460000096e-01 2.149058583619999907e-01 6.553426882299999701e-01 -5.584044130219999458e-01 3.171900311210000267e-01 5.279513045829999952e-03 -3.399991739120000189e-01 4.640857876969999712e-02
4.130704322209999835e-01 -2.873513471090000104e-01 2.123950722959999926e-01 2.327893629530000119e-01 6.553426882299999701e-01 -5.584044130219999458e-01 3.156940162460000199e-01 5.279513045829999952e-03 -3.399991739120000189e-01 4.640857876969999712e-02
4.195427305760000003e-01 -2.948314214860000004e-01 2.135718538149999901e-01 2.327893629530000119e-01 6.560155370129999719e-01 -5.584044130219999458e-01 3.171900311210000267e-01 5.279513045829999952e-03 -3.399991739120000189e-01 4.640857876969999712e-02
4.201311213350000240e-01 -2.948314214860000004e-01 2.135718538149999901e-01 2.327893629530000119e-01 6.553426882299999701e-01 -5.584044130219999458e-01 3.171900311210000267e-01 5.279513045829999952e-03 -3.399991739120000189e-01 4.640857876969999712e-02
4.195427305760000003e-01 -2.948314214860000004e-01 2.135718538149999901e-01 2.327893629530000119e-01 6.553426882299999701e-01 -5.584044130219999458e-01 3.171900311210000267e-01 5.279513045829999952e-03 -3.399991739120000189e-01 4.640857876969999712e-02
4.201311213350000240e-01 -2.948314214860000004e-01 2.247513696959999863e-01 2.344150901569999890e-01 6.062242564780000453e-01 -5.584044130219999458e-01 3.171900311210000267e-01 5.279513045829999952e-03 -3.399991739120000189e-01 4.573572998670000223e-02
4.419017623370000147e-01 -6.294679064670000157e-02 3.642013514510000216e-01 2.311636357500000127e-01 2.105853550419999887e-01 -5.578160222629999776e-01 3.171900311210000267e-01 5.279513045829999952e-03 -3.399991739120000189e-01 4.640857876969999712e-02
4.424903359969999950e-01 3.335008715760000020e-01 3.942095545370000176e-01 2.360408173599999881e-01 1.890539848339999884e-01 -5.584044130219999458e-01 3.171900311210000267e-01 5.279513045829999952e-03 -3.399991739120000189e-01 4.573572998670000223e-02
4.424903359969999950e-01 4.816079718480000271e-01 3.912676007390000210e-01 2.425437261729999905e-01 1.890539848339999884e-01 -5.584044130219999458e-01 3.171900311210000267e-01 5.279513045829999952e-03 -3.399991739120000189e-01 4.640857876969999712e-02
4.424903359969999950e-01 4.801117244559999775e-01 3.912676007390000210e-01 2.425437261729999905e-01 1.890539848339999884e-01 -5.584044130219999458e-01 3.171900311210000267e-01 5.279513045829999952e-03 -3.399991739120000189e-01 4.640857876969999712e-02
4.424903359969999950e-01 4.801117244559999775e-01 3.906792099799999973e-01 2.425437261729999905e-01 1.890539848339999884e-01 -5.584044130219999458e-01 3.171900311210000267e-01 5.279513045829999952e-03 -3.399991739120000189e-01 4.573572998670000223e-02
4.430787267569999965e-01 4.801117244559999775e-01 3.906792099799999973e-01 2.425437261729999905e-01 1.890539848339999884e-01 -5.584044130219999458e-01 3.171900311210000267e-01 5.279513045829999952e-03 -3.399991739120000189e-01 4.573572998670000223e-02
4.430787267569999965e-01 4.801117244559999775e-01 3.906792099799999973e-01 2.425437261729999905e-01 1.890539848339999884e-01 -5.584044130219999458e-01 3.171900311210000267e-01 5.867903805340000251e-03 -3.399991739120000189e-01 4.573572998670000223e-02
4.424903359969999950e-01 4.801117244559999775e-01 3.912676007390000210e-01 2.425437261729999905e-01 1.890539848339999884e-01 -5.584044130219999458e-01 3.171900311210000267e-01 5.279513045829999952e-03 -3.399991739120000189e-01 4.640857876969999712e-02
4.424903359969999950e-01 4.801117244559999775e-01 3.906792099799999973e-01 2.425437261729999905e-01 1.890539848339999884e-01 -5.584044130219999458e-01 3.171900311210000267e-01 5.279513045829999952e-03 -3.399991739120000189e-01 4.640857876969999712e-02
4.430787267569999965e-01 4.561752539339999912e-01 3.906792099799999973e-01 2.457951805789999888e-01 1.883811360509999866e-01 -5.584044130219999458e-01 3.171900311210000267e-01 5.279513045829999952e-03 -3.399991739120000189e-01 4.573572998670000223e-02
4.424903359969999950e-01 4.127905900339999823e-01 3.906792099799999973e-01 2.457951805789999888e-01 1.883811360509999866e-01 -5.584044130219999458e-01 3.171900311210000267e-01 5.279513045829999952e-03 -3.399991739120000189e-01 4.640857876969999712e-02
4.424903359969999950e-01 4.112945751589999754e-01 3.906792099799999973e-01 2.457951805789999888e-01 1.883811360509999866e-01 -5.584044130219999458e-01 3.171900311210000267e-01 5.279513045829999952e-03 -3.399991739120000189e-01 4.573572998670000223e-02
4.424903359969999950e-01 4.112945751589999754e-01 3.906792099799999973e-01 2.457951805789999888e-01 1.883811360509999866e-01 -5.584044130219999458e-01 3.171900311210000267e-01 5.279513045829999952e-03 -3.399991739120000189e-01 4.573572998670000223e-02
4.424903359969999950e-01 4.112945751589999754e-01 3.906792099799999973e-01 2.457951805789999888e-01 1.883811360509999866e-01 -5.584044130219999458e-01 3.171900311210000267e-01 5.279513045829999952e-03 -3.399991739120000189e-01 4.640857876969999712e-02
4.424903359969999950e-01 4.112945751589999754e-01 3.906792099799999973e-01 2.457951805789999888e-01 1.883811360509999866e-01 -5.584044130219999458e-01 3.171900311210000267e-01 5.279513045829999952e-03 -3.399991739120000189e-01 4.573572998670000223e-02
4.424903359969999950e-01 4.112945751589999754e-01 3.906792099799999973e-01 2.457951805789999888e-01 1.883811360509999866e-01 -5.584044130219999458e-01 3.171900311210000267e-01 5.279513045829999952e-03 -3.399991739120000189e-01 4.640857876969999712e-02
4.401365900590000213e-01 3.349968864510000088e-01 3.394886652019999951e-01 2.588009982059999992e-01 3.976390945120000242e-01 -5.584044130219999458e-01 3.171900311210000267e-01 5.279513045829999952e-03 -3.399991739120000189e-01 4.640857876969999712e-02
4.065981338670000000e-01 1.382314024490000027e-03 2.341657132980000111e-01 3.238305916909999804e-01 6.465955494749999755e-01 -5.584044130219999458e-01 3.171900311210000267e-01 5.279513045829999952e-03 -3.399991739120000189e-01 4.573572998670000223e-02
4.136588229809999850e-01 -2.589265994450000163e-01 2.194557614100000054e-01 2.896903204230000251e-01 6.539969906639999664e-01 -5.584044130219999458e-01 3.171900311210000267e-01 5.867903805340000251e-03 -3.399991739120000189e-01 4.640857876969999712e-02
4.201311213350000240e-01 -2.903433768600000020e-01 2.171021983720000104e-01 2.718068158320000038e-01 6.539969906639999664e-01 -5.584044130219999458e-01 3.171900311210000267e-01 5.279513045829999952e-03 -3.399991739120000189e-01 4.640857876969999712e-02
4.130704322209999835e-01 -3.202639068829999935e-01 1.670885265629999950e-01 3.287077733009999836e-01 4.723260414580000011e-01 -5.584044130219999458e-01 3.171900311210000267e-01 5.279513045829999952e-03 -3.399991739120000189e-01 4.640857876969999712e-02
3.383440741620000192e-01 -3.187678920070000088e-01 4.117162372620000038e-02 3.433398234860000064e-01 8.055884410460000325e-03 -5.584044130219999458e-01 3.171900311210000267e-01 5.279513045829999952e-03 -3.399991739120000189e-01 4.640857876969999712e-02
2.512614187039999836e-01 -3.172718771320000020e-01 1.160686279079999961e-03 3.417140962820000016e-01 -3.096976330880000031e-02 -5.584044130219999458e-01 3.171900311210000267e-01 5.279513045829999952e-03 -3.399991739120000189e-01 4.640857876969999712e-02
8.415679690089999943e-02 -3.082957878800000051e-01 -7.076875804190000015e-03 3.384626418760000033e-01 -3.164261209170000227e-02 -5.584044130219999458e-01 3.171900311210000267e-01 5.279513045829999952e-03 -3.399991739120000189e-01 4.640857876969999712e-02
-1.053068566639999981e-01 -3.097918027559999898e-01 -5.900094285180000099e-03 3.417140962820000016e-01 -3.164261209170000227e-02 -5.584044130219999458e-01 3.171900311210000267e-01 5.279513045829999952e-03 -3.399991739120000189e-01 4.640857876969999712e-02
