-5.607257398549999605e-01 -3.157758622569999951e-01 -2.369658277940000189e-03 3.433398234860000064e-01 -3.029691452579999847e-02 -5.601695853010000281e-01 3.141980013699999796e-01 2.337467798090000094e-03 -3.399991739120000189e-01 4.573572998670000223e-02
-5.083584592830000526e-01 -1.183000385830000056e-01 -7.886118861520000078e-02 6.696341947730000133e-02 3.787991194349999979e-01 -5.601695853010000281e-01 3.141980013699999796e-01 2.337467798090000094e-03 -3.399991739120000189e-01 4.573572998670000223e-02
-3.365467114039999985e-01 2.572034153850000227e-01 -2.430238566210000117e-01 -2.370505996639999946e-01 6.035328090579999971e-01 -5.601695853010000281e-01 3.141980013699999796e-01 2.925858557590000145e-03 -3.399991739120000189e-01 4.573572998670000223e-02
-1.594393552389999913e-01 4.531832241839999775e-01 -4.060097431069999985e-01 -2.549338515780000258e-01 6.075699540440000490e-01 -5.601695853010000281e-01 3.141980013699999796e-01 2.337467798090000094e-03 -3.399991739120000189e-01 4.573572998670000223e-02
-7.059152750229999440e-02 4.741276649550000277e-01 -4.560233234659999968e-01 -2.598110331869999956e-01 6.068971052610000472e-01 -5.601695853010000281e-01 3.141980013699999796e-01 2.925858557590000145e-03 -3.399991739120000189e-01 4.573572998670000223e-02
-7.059152750229999440e-02 4.741276649550000277e-01 -4.572001049850000221e-01 -2.598110331869999956e-01 6.075699540440000490e-01 -5.601695853010000281e-01 3.141980013699999796e-01 2.337467798090000094e-03 -3.399991739120000189e-01 4.573572998670000223e-02
-7.059152750229999440e-02 4.741276649550000277e-01 -4.572001049850000221e-01 -2.598110331869999956e-01 6.075699540440000490e-01 -5.601695853010000281e-01 3.141980013699999796e-01 2.925858557590000145e-03 -3.399991739120000189e-01 4.573572998670000223e-02
-7.059152750229999440e-02 4.726316500789999875e-01 -4.572001049850000221e-01 -2.598110331869999956e-01 6.075699540440000490e-01 -5.601695853010000281e-01 3.141980013699999796e-01 2.337467798090000094e-03 -3.399991739120000189e-01 4.573572998670000223e-02
-7.059152750229999440e-02 4.741276649550000277e-01 -4.572001049850000221e-01 -2.598110331869999956e-01 6.068971052610000472e-01 -5.601695853010000281e-01 3.141980013699999796e-01 2.337467798090000094e-03 -3.399991739120000189e-01 4.573572998670000223e-02
-7.059152750229999440e-02 4.741276649550000277e-01 -4.572001049850000221e-01 -2.598110331869999956e-01 6.068971052610000472e-01 -5.601695853010000281e-01 3.141980013699999796e-01 2.337467798090000094e-03 -3.399991739120000189e-01 4.573572998670000223e-02
-7.059152750229999440e-02 4.741276649550000277e-01 -4.572001049850000221e-01 -2.598110331869999956e-01 6.068971052610000472e-01 -5.601695853010000281e-01 3.141980013699999796e-01 2.925858557590000145e-03 -3.399991739120000189e-01 4.573572998670000223e-02
-7.059152750229999440e-02 4.741276649550000277e-01 -4.572001049850000221e-01 -2.598110331869999956e-01 6.068971052610000472e-01 -5.601695853010000281e-01 3.141980013699999796e-01 2.337467798090000094e-03 -3.399991739120000189e-01 4.573572998670000223e-02
-7.059152750229999440e-02 4.741276649550000277e-01 -4.572001049850000221e-01 -2.598110331869999956e-01 6.439041543429999681e-01 -5.601695853010000281e-01 3.141980013699999796e-01 2.337467798090000094e-03 -3.399991739120000189e-01 4.573572998670000223e-02
-8.824334173759999789e-02 4.741276649550000277e-01 -4.572001049850000221e-01 6.810754923780000004e-03 6.499598456780000255e-01 -5.601695853010000281e-01 3.141980013699999796e-01 2.337467798090000094e-03 -3.399991739120000189e-01 4.573572998670000223e-02
-8.824334173759999789e-02 4.741276649550000277e-01 -4.572001049850000221e-01 4.360067794270000019e-01 6.499598456780000255e-01 -5.601695853010000281e-01 3.141980013699999796e-01 2.337467798090000094e-03 -3.399991739120000189e-01 4.573572998670000223e-02
-9.295055926390000112e-02 4.741276649550000277e-01 -4.577884957439999902e-01 7.058805272999999492e-01 6.499598456780000255e-01 -5.601695853010000281e-01 3.141980013699999796e-01 2.337467798090000094e-03 -3.399991739120000189e-01 4.573572998670000223e-02
-9.236216850440000237e-02 4.741276649550000277e-01 -4.577884957439999902e-01 7.383950713650000441e-01 6.499598456780000255e-01 -5.601695853010000281e-01 3.141980013699999796e-01 2.925858557590000145e-03 -3.399991739120000189e-01 4.573572998670000223e-02
-9.295055926390000112e-02 4.741276649550000277e-01 -4.577884957439999902e-01 7.383950713650000441e-01 6.499598456780000255e-01 -5.601695853010000281e-01 3.141980013699999796e-01 2.337467798090000094e-03 -3.399991739120000189e-01 4.573572998670000223e-02
-9.236216850440000237e-02 4.756236798299999791e-01 -4.577884957439999902e-01 7.383950713650000441e-01 6.499598456780000255e-01 -5.601695853010000281e-01 3.141980013699999796e-01 2.337467798090000094e-03 -3.399991739120000189e-01 4.573572998670000223e-02
-9.236216850440000237e-02 4.741276649550000277e-01 -4.577884957439999902e-01 7.383950713650000441e-01 6.499598456780000255e-01 -5.601695853010000281e-01 3.141980013699999796e-01 2.337467798090000094e-03 -3.399991739120000189e-01 4.573572998670000223e-02
-9.295055926390000112e-02 4.756236798299999791e-01 -4.577884957439999902e-01 7.383950713650000441e-01 6.499598456780000255e-01 -5.601695853010000281e-01 3.141980013699999796e-01 2.337467798090000094e-03 -3.399991739120000189e-01 4.573572998670000223e-02
-9.295055926390000112e-02 4.756236798299999791e-01 -4.577884957439999902e-01 7.383950713650000441e-01 6.492869968950000237e-01 -5.601695853010000281e-01 3.141980013699999796e-01 2.337467798090000094e-03 -3.399991739120000189e-01 4.573572998670000223e-02
-9.295055926390000112e-02 4.756236798299999791e-01 -4.577884957439999902e-01 7.383950713650000441e-01 6.499598456780000255e-01 -5.601695853010000281e-01 3.141980013699999796e-01 2.337467798090000094e-03 -3.399991739120000189e-01 4.573572998670000223e-02
-9.236216850440000237e-02 4.756236798299999791e-01 -4.577884957439999902e-01 4.051179625649999894e-01 6.506326944610000274e-01 -5.595811945409999710e-01 3.141980013699999796e-01 2.337467798090000094e-03 -3.399991739120000189e-01 4.573572998670000223e-02
-9.295055926390000112e-02 4.756236798299999791e-01 -4.577884957439999902e-01 3.661000043309999841e-01 6.506326944610000274e-01 -5.601695853010000281e-01 3.141980013699999796e-01 2.337467798090000094e-03 -3.399991739120000189e-01 4.573572998670000223e-02
-9.236216850440000237e-02 4.756236798299999791e-01 -4.583768865039999918e-01 3.612228227209999809e-01 6.506326944610000274e-01 -5.601695853010000281e-01 3.141980013699999796e-01 2.337467798090000094e-03 -3.399991739120000189e-01 4.573572998670000223e-02
-9.295055926390000112e-02 4.756236798299999791e-01 -4.583768865039999918e-01 3.612228227209999809e-01 6.506326944610000274e-01 -5.601695853010000281e-01 3.141980013699999796e-01 2.337467798090000094e-03 -3.399991739120000189e-01 4.573572998670000223e-02
-9.295055926390000112e-02 4.756236798299999791e-01 -4.577884957439999902e-01 3.612228227209999809e-01 6.506326944610000274e-01 -5.601695853010000281e-01 3.141980013699999796e-01 2.337467798090000094e-03 -3.399991739120000189e-01 4.573572998670000223e-02
-9.295055926390000112e-02 4.741276649550000277e-01 -4.577884957439999902e-01 3.595970955180000095e-01 6.506326944610000274e-01 -5.601695853010000281e-01 3.141980013699999796e-01 2.337467798090000094e-03 -3.399991739120000189e-01 4.573572998670000223e-02
-7.294509054030000328e-02 4.756236798299999791e-01 -4.577884957439999902e-01 2.929417748290000234e-01 6.291013242530000271e-01 -5.601695853010000281e-01 3.141980013699999796e-01 2.337467798090000094e-03 -3.399991739120000189e-01 4.573572998670000223e-02
-6.882626377349999880e-02 4.756236798299999791e-01 -4.577884957439999902e-01 -1.232486847250000017e-01 6.210270342799999455e-01 -5.601695853010000281e-01 3.141980013699999796e-01 2.337467798090000094e-03 -3.399991739120000189e-01 4.573572998670000223e-02
-6.882626377349999880e-02 4.741276649550000277e-01 -4.577884957439999902e-01 -2.598110331869999956e-01 6.210270342799999455e-01 -5.601695853010000281e-01 3.141980013699999796e-01 2.337467798090000094e-03 -3.399991739120000189e-01 4.573572998670000223e-02
-6.882626377349999880e-02 4.756236798299999791e-01 -4.577884957439999902e-01 -2.598110331869999956e-01 6.210270342799999455e-01 -5.601695853010000281e-01 3.141980013699999796e-01 2.337467798090000094e-03 -3.399991739120000189e-01 4.573572998670000223e-02
-6.882626377349999880e-02 4.726316500789999875e-01 -4.460206805540000152e-01 -2.500564172899999993e-01 4.891473656090000177e-01 -5.601695853010000281e-01 3.141980013699999796e-01 2.337467798090000094e-03 -3.399991739120000189e-01 4.573572998670000223e-02
-1.829751685200000089e-01 1.629535481740000125e-01 -3.130429971529999911e-01 1.547534464860000070e-01 2.689575491009999972e-02 -5.601695853010000281e-01 3.112059716200000214e-01 2.337467798090000094e-03 -3.399991739120000189e-01 4.640857876969999712e-02
-3.677316960079999864e-01 -2.125499057939999881e-01 -1.324052964309999914e-01 3.368369146719999985e-01 -2.827836817699999963e-02 -5.601695853010000281e-01 3.127019864949999728e-01 2.925858557590000145e-03 -3.399991739120000189e-01 4.640857876969999712e-02
-5.289523187660000181e-01 -3.038075107379999973e-01 -1.178400188020000024e-02 3.368369146719999985e-01 -2.962406574289999997e-02 -5.601695853010000281e-01 3.067176944769999802e-01 2.337467798090000094e-03 -3.448763555220000221e-01 4.640857876969999712e-02
-5.601373490959999923e-01 -2.993194661119999989e-01 -4.134830556449999722e-03 3.400883690789999747e-01 -2.962406574289999997e-02 -5.601695853010000281e-01 3.127019864949999728e-01 2.337467798090000094e-03 -3.399991739120000189e-01 4.573572998670000223e-02
