-5.595489583360000463e-01 -3.187678920070000088e-01 -6.044859994279999779e-04 3.124505012680000027e-01 -3.298830965760000261e-02 -5.589928037820000029e-01 3.171900311210000267e-01 5.279513045829999952e-03 -3.383734467089999920e-01 4.640857876969999712e-02
-5.424854434100000455e-01 -3.232559366330000072e-01 1.429642310729999921e-01 2.360408173599999881e-01 4.494489736839999972e-01 -5.589928037820000029e-01 3.171900311210000267e-01 5.279513045829999952e-03 -3.383734467089999920e-01 4.640857876969999712e-02
-4.365740550219999738e-01 -3.217599217580000004e-01 1.870939952869999923e-01 2.311636357500000127e-01 6.445770031259999699e-01 -5.584044130219999458e-01 3.171900311210000267e-01 5.279513045829999952e-03 -3.383734467089999920e-01 4.640857876969999712e-02
-2.788838682709999794e-01 -3.187678920070000088e-01 1.876823860459999882e-01 2.246602215819999970e-01 6.519783920270000310e-01 -5.589928037820000029e-01 3.171900311210000267e-01 5.279513045829999952e-03 -3.383734467089999920e-01 4.640857876969999712e-02
-7.706382585679999453e-02 -3.112878176309999967e-01 1.876823860459999882e-01 2.197830399719999939e-01 6.553426882299999701e-01 -5.589928037820000029e-01 3.171900311210000267e-01 5.279513045829999952e-03 -3.399991739120000189e-01 4.640857876969999712e-02
1.100462646700000047e-01 -2.828630699670000026e-01 1.876823860459999882e-01 2.019000407360000138e-01 6.553426882299999701e-01 -5.584044130219999458e-01 3.171900311210000267e-01 5.279513045829999952e-03 -3.383734467089999920e-01 4.640857876969999712e-02
2.736204504659999759e-01 -2.559345696940000248e-01 1.870939952869999923e-01 2.116544039559999923e-01 6.553426882299999701e-01 -5.589928037820000029e-01 3.171900311210000267e-01 5.279513045829999952e-03 -3.399991739120000189e-01 4.640857876969999712e-02
3.707059317360000272e-01 -2.559345696940000248e-01 2.012154649650000071e-01 2.165315855659999955e-01 6.560155370129999719e-01 -5.584044130219999458e-01 3.171900311210000267e-01 5.279513045829999952e-03 -3.383734467089999920e-01 4.573572998670000223e-02
4.136588229809999850e-01 -2.903433768600000020e-01 2.123950722959999926e-01 2.360408173599999881e-01 6.553426882299999701e-01 -5.589928037820000029e-01 3.171900311210000267e-01 5.279513045829999952e-03 -3.383734467089999920e-01 4.573572998670000223e-02
4.195427305760000003e-01 -2.903433768600000020e-01 2.129834630549999885e-01 2.360408173599999881e-01 6.553426882299999701e-01 -5.584044130219999458e-01 3.171900311210000267e-01 5.279513045829999952e-03 -3.383734467089999920e-01 4.573572998670000223e-02
4.195427305760000003e-01 -2.903433768600000020e-01 2.135718538149999901e-01 2.360408173599999881e-01 6.553426882299999701e-01 -5.589928037820000029e-01 3.171900311210000267e-01 5.279513045829999952e-03 -3.383734467089999920e-01 4.573572998670000223e-02
4.195427305760000003e-01 -2.903433768600000020e-01 2.135718538149999901e-01 2.360408173599999881e-01 6.553426882299999701e-01 -5.589928037820000029e-01 3.171900311210000267e-01 5.279513045829999952e-03 -3.383734467089999920e-01 4.573572998670000223e-02
4.195427305760000003e-01 -2.903433768600000020e-01 2.247513696959999863e-01 2.360408173599999881e-01 6.062242564780000453e-01 -5.584044130219999458e-01 3.171900311210000267e-01 5.279513045829999952e-03 -3.383734467089999920e-01 4.573572998670000223e-02
4.413133715779999910e-01 -6.145077577139999858e-02 3.642013514510000216e-01 2.360408173599999881e-01 2.119310526079999923e-01 -5.589928037820000029e-01 3.171900311210000267e-01 5.279513045829999952e-03 -3.383734467089999920e-01 4.573572998670000223e-02
4.419017623370000147e-01 3.275168120749999967e-01 3.947979452959999858e-01 2.360408173599999881e-01 1.890539848339999884e-01 -5.589928037820000029e-01 3.171900311210000267e-01 5.279513045829999952e-03 -3.383734467089999920e-01 4.573572998670000223e-02
4.419017623370000147e-01 4.636555608280000240e-01 3.906792099799999973e-01 2.425437261729999905e-01 1.890539848339999884e-01 -5.589928037820000029e-01 3.171900311210000267e-01 4.691030836099999678e-03 -3.383734467089999920e-01 4.573572998670000223e-02
4.419017623370000147e-01 4.621595459519999838e-01 3.906792099799999973e-01 2.425437261729999905e-01 1.883811360509999866e-01 -5.589928037820000029e-01 3.171900311210000267e-01 5.279513045829999952e-03 -3.383734467089999920e-01 4.573572998670000223e-02
4.419017623370000147e-01 4.621595459519999838e-01 3.906792099799999973e-01 2.425437261729999905e-01 1.883811360509999866e-01 -5.589928037820000029e-01 3.171900311210000267e-01 5.279513045829999952e-03 -3.383734467089999920e-01 4.573572998670000223e-02
4.419017623370000147e-01 4.621595459519999838e-01 3.906792099799999973e-01 2.425437261729999905e-01 1.890539848339999884e-01 -5.589928037820000029e-01 3.171900311210000267e-01 5.279513045829999952e-03 -3.383734467089999920e-01 4.573572998670000223e-02
4.419017623370000147e-01 4.621595459519999838e-01 3.906792099799999973e-01 2.425437261729999905e-01 1.890539848339999884e-01 -5.589928037820000029e-01 3.171900311210000267e-01 5.279513045829999952e-03 -3.383734467089999920e-01 4.573572998670000223e-02
4.419017623370000147e-01 4.621595459519999838e-01 3.912676007390000210e-01 2.425437261729999905e-01 1.883811360509999866e-01 -5.589928037820000029e-01 3.171900311210000267e-01 5.279513045829999952e-03 -3.383734467089999920e-01 4.573572998670000223e-02
4.419017623370000147e-01 4.621595459519999838e-01 3.906792099799999973e-01 2.425437261729999905e-01 1.883811360509999866e-01 -5.589928037820000029e-01 3.171900311210000267e-01 5.279513045829999952e-03 -3.383734467089999920e-01 4.640857876969999712e-02
4.419017623370000147e-01 4.621595459519999838e-01 3.906792099799999973e-01 2.425437261729999905e-01 1.890539848339999884e-01 -5.589928037820000029e-01 3.171900311210000267e-01 5.279513045829999952e-03 -3.383734467089999920e-01 4.573572998670000223e-02
4.419017623370000147e-01 4.097983277660000034e-01 3.853836016939999887e-01 2.474209077829999937e-01 1.877081826910000084e-01 -5.589928037820000029e-01 3.171900311210000267e-01 5.279513045829999952e-03 -3.383734467089999920e-01 4.573572998670000223e-02
4.419017623370000147e-01 4.097983277660000034e-01 3.859719924539999902e-01 2.474209077829999937e-01 1.883811360509999866e-01 -5.589928037820000029e-01 3.171900311210000267e-01 5.279513045829999952e-03 -3.383734467089999920e-01 4.573572998670000223e-02
4.419017623370000147e-01 4.083023128909999966e-01 3.859719924539999902e-01 2.474209077829999937e-01 1.883811360509999866e-01 -5.589928037820000029e-01 3.171900311210000267e-01 5.279513045829999952e-03 -3.383734467089999920e-01 4.573572998670000223e-02
4.419017623370000147e-01 4.083023128909999966e-01 3.859719924539999902e-01 2.474209077829999937e-01 1.877081826910000084e-01 -5.589928037820000029e-01 3.171900311210000267e-01 5.279513045829999952e-03 -3.383734467089999920e-01 4.640857876969999712e-02
4.424903359969999950e-01 4.097983277660000034e-01 3.859719924539999902e-01 2.474209077829999937e-01 1.877081826910000084e-01 -5.584044130219999458e-01 3.171900311210000267e-01 5.279513045829999952e-03 -3.383734467089999920e-01 4.573572998670000223e-02
4.419017623370000147e-01 4.083023128909999966e-01 3.859719924539999902e-01 2.474209077829999937e-01 1.883811360509999866e-01 -5.589928037820000029e-01 3.171900311210000267e-01 5.279513045829999952e-03 -3.383734467089999920e-01 4.573572998670000223e-02
4.389598085399999960e-01 3.320048567000000173e-01 3.377234929230000238e-01 2.588009982059999992e-01 3.956205481630000187e-01 -5.589928037820000029e-01 3.171900311210000267e-01 5.279513045829999952e-03 -3.383734467089999920e-01 4.640857876969999712e-02
4.065981338670000000e-01 -9.089790102469999869e-03 2.329889317790000136e-01 3.238305916909999804e-01 6.459227006919999736e-01 -5.589928037820000029e-01 3.171900311210000267e-01 5.279513045829999952e-03 -3.383734467089999920e-01 4.640857876969999712e-02
4.130704322209999835e-01 -2.574305845700000095e-01 2.206325429290000029e-01 2.929417748290000234e-01 6.539969906639999664e-01 -5.589928037820000029e-01 3.171900311210000267e-01 5.279513045829999952e-03 -3.383734467089999920e-01 4.640857876969999712e-02
4.207195120950000256e-01 -2.918393917350000089e-01 2.176905891320000119e-01 2.701810886279999990e-01 6.533240895930000347e-01 -5.589928037820000029e-01 3.171900311210000267e-01 5.279513045829999952e-03 -3.383734467089999920e-01 4.640857876969999712e-02
4.136588229809999850e-01 -3.172718771320000020e-01 1.676769173229999965e-01 3.335849549109999868e-01 4.756902853730000102e-01 -5.589928037820000029e-01 3.171900311210000267e-01 5.279513045829999952e-03 -3.383734467089999920e-01 4.573572998670000223e-02
3.377556834029999955e-01 -3.187678920070000088e-01 4.234840524519999788e-02 3.400883690789999747e-01 1.142012832520000049e-02 -5.584044130219999458e-01 3.171900311210000267e-01 4.691030836099999678e-03 -3.383734467089999920e-01 4.640857876969999712e-02
2.518498094630000073e-01 -3.172718771320000020e-01 1.160686279079999961e-03 3.400883690789999747e-01 -2.760551939400000127e-02 -5.589928037820000029e-01 3.171900311210000267e-01 5.279513045829999952e-03 -3.399991739120000189e-01 4.573572998670000223e-02
8.415679690089999943e-02 -3.082957878800000051e-01 -7.076875804190000015e-03 3.400883690789999747e-01 -3.029691452579999847e-02 -5.589928037820000029e-01 3.171900311210000267e-01 5.279513045829999952e-03 -3.399991739120000189e-01 4.640857876969999712e-02
-1.029532936260000031e-01 -3.082957878800000051e-01 -6.488485044690000397e-03 3.400883690789999747e-01 -3.164261209170000227e-02 -5.589928037820000029e-01 3.171900311210000267e-01 5.279513045829999952e-03 -3.383734467089999920e-01 4.640857876969999712e-02
