-5.595489583360000463e-01 -3.247519515089999920e-01 -2.369658277940000189e-03 3.433398234860000064e-01 -3.366115844059999751e-02 -5.607579760599999963e-01 3.216780757470000252e-01 4.102640076600000060e-03 -3.399991739120000189e-01 4.640857876969999712e-02
-5.513113962529999634e-01 -3.232559366330000072e-01 1.247239346279999939e-01 2.360408173599999881e-01 3.767805730859999924e-01 -5.607579760599999963e-01 3.216780757470000252e-01 4.102640076600000060e-03 -3.399991739120000189e-01 4.640857876969999712e-02
-4.348088827430000025e-01 -3.217599217580000004e-01 1.876823860459999882e-01 2.327893629530000119e-01 6.452498519089999718e-01 -5.607579760599999963e-01 3.216780757470000252e-01 4.691030836099999678e-03 -3.399991739120000189e-01 4.640857876969999712e-02
-2.941821194690000252e-01 -3.187678920070000088e-01 1.882707768059999898e-01 2.279116759879999954e-01 6.539969906639999664e-01 -5.601695853010000281e-01 3.216780757470000252e-01 4.102640076600000060e-03 -3.399991739120000189e-01 4.640857876969999712e-02
-8.059426186410000026e-02 -3.127838325060000035e-01 1.876823860459999882e-01 2.116544039559999923e-01 6.546698394469999682e-01 -5.607579760599999963e-01 3.216780757470000252e-01 4.691030836099999678e-03 -3.399991739120000189e-01 4.640857876969999712e-02
1.118114369479999981e-01 -2.918393917350000089e-01 1.876823860459999882e-01 2.116544039559999923e-01 6.560155370129999719e-01 -5.607579760599999963e-01 3.201820608720000183e-01 4.102640076600000060e-03 -3.399991739120000189e-01 4.640857876969999712e-02
2.759740135040000264e-01 -2.529425399440000111e-01 1.876823860459999882e-01 2.116544039559999923e-01 6.560155370129999719e-01 -5.607579760599999963e-01 3.216780757470000252e-01 4.102640076600000060e-03 -3.399991739120000189e-01 4.573572998670000223e-02
3.701175409770000035e-01 -2.529425399440000111e-01 2.006270742050000055e-01 2.165315855659999955e-01 6.560155370129999719e-01 -5.607579760599999963e-01 3.201820608720000183e-01 4.102640076600000060e-03 -3.399991739120000189e-01 4.573572998670000223e-02
4.248384303120000260e-01 -2.693989360890000073e-01 2.735882599860000042e-01 2.246602215819999970e-01 4.137875698799999835e-01 -5.607579760599999963e-01 3.201820608720000183e-01 4.102640076600000060e-03 -3.399991739120000189e-01 4.573572998670000223e-02
4.395481992990000197e-01 1.105925625050000055e-01 3.877371647319999837e-01 2.230344943789999979e-01 1.917453799649999902e-01 -5.601695853010000281e-01 3.201820608720000183e-01 4.102640076600000060e-03 -3.399991739120000189e-01 4.573572998670000223e-02
4.401365900590000213e-01 3.933421641379999945e-01 3.947979452959999858e-01 2.409179989699999913e-01 1.897268336169999903e-01 -5.607579760599999963e-01 3.201820608720000183e-01 4.691030836099999678e-03 -3.399991739120000189e-01 4.573572998670000223e-02
4.407249808179999895e-01 4.831039867229999785e-01 3.883255554919999852e-01 2.425437261729999905e-01 1.890539848339999884e-01 -5.601695853010000281e-01 3.201820608720000183e-01 4.102640076600000060e-03 -3.399991739120000189e-01 4.573572998670000223e-02
4.407249808179999895e-01 4.831039867229999785e-01 3.883255554919999852e-01 2.425437261729999905e-01 1.890539848339999884e-01 -5.607579760599999963e-01 3.201820608720000183e-01 4.102640076600000060e-03 -3.399991739120000189e-01 4.640857876969999712e-02
4.407249808179999895e-01 4.846000015990000187e-01 3.883255554919999852e-01 2.425437261729999905e-01 1.890539848339999884e-01 -5.607579760599999963e-01 3.201820608720000183e-01 4.102640076600000060e-03 -3.399991739120000189e-01 4.573572998670000223e-02
4.407249808179999895e-01 4.831039867229999785e-01 3.883255554919999852e-01 2.425437261729999905e-01 1.890539848339999884e-01 -5.607579760599999963e-01 3.201820608720000183e-01 4.102640076600000060e-03 -3.399991739120000189e-01 4.573572998670000223e-02
4.407249808179999895e-01 4.142866049089999891e-01 3.883255554919999852e-01 2.457951805789999888e-01 1.890539848339999884e-01 -5.607579760599999963e-01 3.201820608720000183e-01 4.691030836099999678e-03 -3.399991739120000189e-01 4.573572998670000223e-02
4.407249808179999895e-01 4.097983277660000034e-01 3.883255554919999852e-01 2.474209077829999937e-01 1.890539848339999884e-01 -5.607579760599999963e-01 3.201820608720000183e-01 4.102640076600000060e-03 -3.399991739120000189e-01 4.573572998670000223e-02
4.407249808179999895e-01 4.083023128909999966e-01 3.883255554919999852e-01 2.474209077829999937e-01 1.890539848339999884e-01 -5.607579760599999963e-01 3.201820608720000183e-01 4.102640076600000060e-03 -3.399991739120000189e-01 4.573572998670000223e-02
4.407249808179999895e-01 4.083023128909999966e-01 3.883255554919999852e-01 2.474209077829999937e-01 1.890539848339999884e-01 -5.607579760599999963e-01 3.201820608720000183e-01 4.102640076600000060e-03 -3.399991739120000189e-01 4.573572998670000223e-02
4.407249808179999895e-01 4.083023128909999966e-01 3.883255554919999852e-01 2.474209077829999937e-01 1.890539848339999884e-01 -5.607579760599999963e-01 3.201820608720000183e-01 4.102640076600000060e-03 -3.399991739120000189e-01 4.573572998670000223e-02
4.260152118309999958e-01 2.512193558840000174e-01 2.935937287090000236e-01 2.929417748290000234e-01 5.497043835370000187e-01 -5.607579760599999963e-01 3.216780757470000252e-01 4.102640076600000060e-03 -3.399991739120000189e-01 4.573572998670000223e-02
4.071865246260000237e-01 -1.287721427100000093e-01 2.271049327340000090e-01 3.222048644880000090e-01 6.513055432440000292e-01 -5.607579760599999963e-01 3.201820608720000183e-01 4.102640076600000060e-03 -3.399991739120000189e-01 4.573572998670000223e-02
4.113052599429999900e-01 -2.873513471090000104e-01 1.712072618799999890e-01 3.368369146719999985e-01 4.777088317220000158e-01 -5.601695853010000281e-01 3.201820608720000183e-01 4.102640076600000060e-03 -3.399991739120000189e-01 4.573572998670000223e-02
3.336369480859999737e-01 -3.187678920070000088e-01 4.234840524519999788e-02 3.465912778920000048e-01 8.728733193399999812e-03 -5.601695853010000281e-01 3.201820608720000183e-01 4.102640076600000060e-03 -3.399991739120000189e-01 4.506288120379999679e-02
2.500846371850000138e-01 -3.142798473819999883e-01 2.337467798090000094e-03 3.465912778920000048e-01 -2.895121695990000160e-02 -5.607579760599999963e-01 3.216780757470000252e-01 4.102640076600000060e-03 -3.383734467089999920e-01 4.573572998670000223e-02
7.768440709620000328e-02 -3.082957878800000051e-01 -7.665266563689999632e-03 3.449655506889999779e-01 -3.096976330880000031e-02 -5.607579760599999963e-01 3.201820608720000183e-01 4.691030836099999678e-03 -3.399991739120000189e-01 4.573572998670000223e-02
