-5.601373490959999923e-01 -3.202639068829999935e-01 -2.369658277940000189e-03 3.449655506889999779e-01 -3.366115844059999751e-02 -5.607579760599999963e-01 3.201820608720000183e-01 4.102640076600000060e-03 -3.416249011160000237e-01 4.573572998670000223e-02
-5.601373490959999923e-01 -3.217599217580000004e-01 -2.958049037439999807e-03 3.465912778920000048e-01 -3.366115844059999751e-02 -5.554624592250000381e-01 2.259321936610000081e-01 3.058049860489999924e-02 -2.164426430760000020e-01 -1.628493796909999958e-01
-5.601373490959999923e-01 -3.202639068829999935e-01 -2.369658277940000189e-03 3.449655506889999779e-01 -3.433400722350000295e-02 -4.013024341309999743e-01 -1.376029087890000002e-01 1.782680424439999911e-01 1.656067871770000033e-01 -5.800197036249999938e-01
-5.601373490959999923e-01 -3.217599217580000004e-01 -2.369658277940000189e-03 3.465912778920000048e-01 -3.366115844059999751e-02 -2.236067786569999882e-01 -4.293285996730000220e-01 3.441958827280000022e-01 2.680286116930000184e-01 -6.096252592290000161e-01
-5.601373490959999923e-01 -3.202639068829999935e-01 -2.369658277940000189e-03 3.465912778920000048e-01 -3.366115844059999751e-02 -8.356840614140000068e-02 -4.622413919630000145e-01 4.495188346310000083e-01 2.745315205059999930e-01 -6.102981080110000400e-01
-5.601373490959999923e-01 -3.217599217580000004e-01 -2.958049037439999807e-03 3.449655506889999779e-01 -3.366115844059999751e-02 -6.768167273439999743e-02 -4.637374068389999993e-01 4.542259607069999983e-01 2.777829749130000248e-01 -6.102981080110000400e-01
-5.601373490959999923e-01 -3.217599217580000004e-01 -2.958049037439999807e-03 3.449655506889999779e-01 -3.366115844059999751e-02 -6.709328197489999868e-02 -4.637374068389999993e-01 4.542259607069999983e-01 2.794089547929999862e-01 -6.102981080110000400e-01
-5.601373490959999923e-01 -3.202639068829999935e-01 -2.369658277940000189e-03 3.465912778920000048e-01 -3.366115844059999751e-02 -6.709328197489999868e-02 -4.652334217140000061e-01 4.542259607069999983e-01 2.794089547929999862e-01 -6.102981080110000400e-01
-5.601373490959999923e-01 -3.202639068829999935e-01 -2.369658277940000189e-03 3.449655506889999779e-01 -3.366115844059999751e-02 -6.827006349389999618e-02 -4.637374068389999993e-01 4.542259607069999983e-01 2.777829749130000248e-01 -6.432681166839999687e-01
-5.601373490959999923e-01 -3.202639068829999935e-01 -2.369658277940000189e-03 3.449655506889999779e-01 -3.366115844059999751e-02 -8.474518766039999818e-02 -4.682254514649999977e-01 4.542259607069999983e-01 3.392162032459999921e-02 -6.533608484280000184e-01
-5.601373490959999923e-01 -3.217599217580000004e-01 -2.369658277940000189e-03 3.449655506889999779e-01 -3.366115844059999751e-02 -8.474518766039999818e-02 -4.682254514649999977e-01 4.554027879520000099e-01 -4.326666352090000056e-01 -6.540336972110000202e-01
-5.601373490959999923e-01 -3.202639068829999935e-01 -2.369658277940000189e-03 3.465912778920000048e-01 -3.366115844059999751e-02 -9.945513954849999338e-02 -4.727134960900000182e-01 4.565795694709999797e-01 -7.383062552150000402e-01 -6.553793947770000239e-01
-5.601373490959999923e-01 -3.217599217580000004e-01 -2.369658277940000189e-03 3.465912778920000048e-01 -3.366115844059999751e-02 -9.886665733869999528e-02 -4.727134960900000182e-01 4.565795694709999797e-01 -7.366805280110000353e-01 -6.560522435600000257e-01
-5.601373490959999923e-01 -3.202639068829999935e-01 -2.958049037439999807e-03 3.449655506889999779e-01 -3.433400722350000295e-02 -9.945513954849999338e-02 -4.727134960900000182e-01 4.565795694709999797e-01 -7.366805280110000353e-01 -6.560522435600000257e-01
-5.601373490959999923e-01 -3.202639068829999935e-01 -2.958049037439999807e-03 3.465912778920000048e-01 -3.366115844059999751e-02 -9.886665733869999528e-02 -4.727134960900000182e-01 4.565795694709999797e-01 -7.350548008080000084e-01 -6.560522435600000257e-01
-5.601373490959999923e-01 -3.202639068829999935e-01 -2.958049037439999807e-03 3.465912778920000048e-01 -3.433400722350000295e-02 -9.886665733869999528e-02 -4.742095109660000030e-01 4.559911787109999781e-01 -6.521418290699999565e-01 -6.560522435600000257e-01
-5.601373490959999923e-01 -3.202639068829999935e-01 -2.369658277940000189e-03 3.449655506889999779e-01 -3.366115844059999751e-02 -9.945513954849999338e-02 -4.757055258410000098e-01 4.565795694709999797e-01 -3.692625162489999724e-01 -6.560522435600000257e-01
-5.601373490959999923e-01 -3.202639068829999935e-01 -2.958049037439999807e-03 3.449655506889999779e-01 -3.366115844059999751e-02 -9.886665733869999528e-02 -4.757055258410000098e-01 4.559911787109999781e-01 -3.546309714190000184e-01 -6.553793947770000239e-01
-5.601373490959999923e-01 -3.202639068829999935e-01 -2.369658277940000189e-03 3.449655506889999779e-01 -3.366115844059999751e-02 -9.886665733869999528e-02 -4.757055258410000098e-01 4.565795694709999797e-01 -3.546309714190000184e-01 -6.560522435600000257e-01
-5.601373490959999923e-01 -3.202639068829999935e-01 -2.369658277940000189e-03 3.465912778920000048e-01 -3.366115844059999751e-02 -9.945513954849999338e-02 -4.742095109660000030e-01 4.565795694709999797e-01 -3.546309714190000184e-01 -6.553793947770000239e-01
-5.601373490959999923e-01 -3.202639068829999935e-01 -2.369658277940000189e-03 3.449655506889999779e-01 -3.433400722350000295e-02 -7.003523577240000630e-02 -4.772015407160000167e-01 4.565795694709999797e-01 -2.505834196999999763e-01 -6.224095952589999703e-01
-5.601373490959999923e-01 -3.202639068829999935e-01 -2.369658277940000189e-03 3.465912778920000048e-01 -3.366115844059999751e-02 -7.003523577240000630e-02 -4.757055258410000098e-01 4.565795694709999797e-01 1.444720808570000015e-01 -6.190453513439999611e-01
-5.601373490959999923e-01 -3.202639068829999935e-01 -2.369658277940000189e-03 3.465912778920000048e-01 -3.366115844059999751e-02 -7.003523577240000630e-02 -4.772015407160000167e-01 4.565795694709999797e-01 2.680286116930000184e-01 -5.786740060589999901e-01
-5.601373490959999923e-01 -3.202639068829999935e-01 -2.369658277940000189e-03 3.449655506889999779e-01 -3.366115844059999751e-02 -1.618251087570000135e-01 -2.079163054779999964e-01 3.524333533610000124e-01 -6.362302258150000223e-02 -8.076109613229999484e-02
-5.601373490959999923e-01 -3.202639068829999935e-01 -2.958049037439999807e-03 3.465912778920000048e-01 -3.366115844059999751e-02 -3.348137296049999989e-01 1.286902966990000063e-01 1.776796516839999895e-01 -3.399991739120000189e-01 3.900724215729999694e-02
-5.601373490959999923e-01 -3.247519515089999920e-01 -2.958049037439999807e-03 3.270820460980000122e-01 -3.366115844059999751e-02 -5.119209943200000446e-01 2.753011495789999818e-01 2.763854480739999855e-02 -3.448763555220000221e-01 4.506288120379999679e-02
