-5.589605675769999671e-01 -3.202639068829999935e-01 -2.958049037439999807e-03 3.465912778920000048e-01 -3.567970478940000328e-02 -5.578160222629999776e-01 3.112059716200000214e-01 4.102640076600000060e-03 -3.432506283189999952e-01 4.371718363790000339e-02
-5.407202711320000521e-01 -1.871171878800000077e-01 -4.944137628930000278e-02 1.563791736900000118e-01 2.583580369399999799e-01 -5.578160222629999776e-01 3.112059716200000214e-01 4.691030836099999678e-03 -3.432506283189999952e-01 4.304433485499999795e-02
-3.747924765730000218e-01 1.898820484460000124e-01 -2.094852175280000062e-01 -2.094129845309999904e-01 5.968042689400000489e-01 -5.578160222629999776e-01 3.097099567450000146e-01 4.102640076600000060e-03 -3.432506283189999952e-01 4.371718363790000339e-02
-1.806216054820000139e-01 4.471991646819999944e-01 -3.842389192049999735e-01 -2.581853059840000242e-01 6.075699540440000490e-01 -5.578160222629999776e-01 3.112059716200000214e-01 4.691030836099999678e-03 -3.432506283189999952e-01 4.371718363790000339e-02
-8.059426186410000026e-02 4.711356352039999806e-01 -4.536697604280000018e-01 -2.598110331869999956e-01 6.075699540440000490e-01 -5.578160222629999776e-01 3.112059716200000214e-01 4.691030836099999678e-03 -3.432506283189999952e-01 4.371718363790000339e-02
-6.764948225450000130e-02 4.726316500789999875e-01 -4.572001049850000221e-01 -2.598110331869999956e-01 6.075699540440000490e-01 -5.578160222629999776e-01 3.112059716200000214e-01 4.102640076600000060e-03 -3.432506283189999952e-01 4.371718363790000339e-02
-6.764948225450000130e-02 4.726316500789999875e-01 -4.572001049850000221e-01 -2.598110331869999956e-01 6.075699540440000490e-01 -5.578160222629999776e-01 3.112059716200000214e-01 4.102640076600000060e-03 -3.432506283189999952e-01 4.371718363790000339e-02
-6.764948225450000130e-02 4.726316500789999875e-01 -4.572001049850000221e-01 -2.598110331869999956e-01 6.075699540440000490e-01 -5.578160222629999776e-01 3.112059716200000214e-01 4.102640076600000060e-03 -3.432506283189999952e-01 4.371718363790000339e-02
-6.823787301400000005e-02 4.711356352039999806e-01 -4.572001049850000221e-01 -2.598110331869999956e-01 6.439041543429999681e-01 -5.578160222629999776e-01 3.112059716200000214e-01 4.102640076600000060e-03 -3.416249011160000237e-01 4.371718363790000339e-02
-8.706656021860000039e-02 4.726316500789999875e-01 -4.577884957439999902e-01 1.933573313980000048e-03 6.506326944610000274e-01 -5.578160222629999776e-01 3.112059716200000214e-01 4.102640076600000060e-03 -3.432506283189999952e-01 4.439003242080000189e-02
-8.706656021860000039e-02 4.726316500789999875e-01 -4.577884957439999902e-01 4.343810522239999750e-01 6.506326944610000274e-01 -5.578160222629999776e-01 3.112059716200000214e-01 4.691030836099999678e-03 -3.416249011160000237e-01 4.439003242080000189e-02
-9.118538698540000487e-02 4.726316500789999875e-01 -4.589652772630000155e-01 7.075062545029999761e-01 6.506326944610000274e-01 -5.578160222629999776e-01 3.097099567450000146e-01 4.102640076600000060e-03 -3.432506283189999952e-01 4.439003242080000189e-02
-9.295055926390000112e-02 4.726316500789999875e-01 -4.589652772630000155e-01 7.383950713650000441e-01 6.513055432440000292e-01 -5.578160222629999776e-01 3.112059716200000214e-01 4.102640076600000060e-03 -3.432506283189999952e-01 4.371718363790000339e-02
-9.295055926390000112e-02 4.726316500789999875e-01 -4.589652772630000155e-01 7.448979801780000187e-01 6.513055432440000292e-01 -5.578160222629999776e-01 3.112059716200000214e-01 4.102640076600000060e-03 -3.432506283189999952e-01 4.439003242080000189e-02
-9.295055926390000112e-02 4.726316500789999875e-01 -4.589652772630000155e-01 7.448979801780000187e-01 6.506326944610000274e-01 -5.578160222629999776e-01 3.112059716200000214e-01 4.102640076600000060e-03 -3.416249011160000237e-01 4.439003242080000189e-02
-9.295055926390000112e-02 4.726316500789999875e-01 -4.589652772630000155e-01 6.457276100690000353e-01 6.513055432440000292e-01 -5.578160222629999776e-01 3.112059716200000214e-01 4.102640076600000060e-03 -3.416249011160000237e-01 4.439003242080000189e-02
-9.295055926390000112e-02 4.741276649550000277e-01 -4.589652772630000155e-01 3.677257315349999889e-01 6.513055432440000292e-01 -5.578160222629999776e-01 3.112059716200000214e-01 4.102640076600000060e-03 -3.416249011160000237e-01 4.439003242080000189e-02
-9.295055926390000112e-02 4.741276649550000277e-01 -4.589652772630000155e-01 3.661000043309999841e-01 6.513055432440000292e-01 -5.578160222629999776e-01 3.112059716200000214e-01 4.691030836099999678e-03 -3.432506283189999952e-01 4.371718363790000339e-02
-9.295055926390000112e-02 4.741276649550000277e-01 -4.589652772630000155e-01 3.661000043309999841e-01 6.506326944610000274e-01 -5.578160222629999776e-01 3.112059716200000214e-01 4.691030836099999678e-03 -3.432506283189999952e-01 4.371718363790000339e-02
-9.295055926390000112e-02 4.741276649550000277e-01 -4.589652772630000155e-01 3.661000043309999841e-01 6.506326944610000274e-01 -5.578160222629999776e-01 3.112059716200000214e-01 4.691030836099999678e-03 -3.416249011160000237e-01 4.371718363790000339e-02
-6.588430997600000505e-02 4.741276649550000277e-01 -4.589652772630000155e-01 2.571752710019999943e-01 6.250641792669999752e-01 -5.578160222629999776e-01 3.112059716200000214e-01 4.691030836099999678e-03 -3.432506283189999952e-01 4.439003242080000189e-02
-6.588430997600000505e-02 4.741276649550000277e-01 -4.589652772630000155e-01 -1.443831383680000136e-01 6.250641792669999752e-01 -5.578160222629999776e-01 3.112059716200000214e-01 4.691030836099999678e-03 -3.432506283189999952e-01 4.439003242080000189e-02
-6.588430997600000505e-02 4.741276649550000277e-01 -4.583768865039999918e-01 -2.549338515780000258e-01 5.678715098309999876e-01 -5.578160222629999776e-01 3.097099567450000146e-01 4.102640076600000060e-03 -3.416249011160000237e-01 4.439003242080000189e-02
-1.435526218319999880e-01 2.003543850900000034e-01 -3.477583263149999770e-01 7.834376257769999630e-02 7.534139016770000086e-02 -5.578160222629999776e-01 3.112059716200000214e-01 4.102640076600000060e-03 -3.416249011160000237e-01 4.506288120379999679e-02
-3.306627123590000217e-01 -1.437325239799999987e-01 -1.647671540049999994e-01 3.417140962820000016e-01 -3.231546087469999717e-02 -5.578160222629999776e-01 3.112059716200000214e-01 4.102640076600000060e-03 -3.416249011160000237e-01 4.506288120379999679e-02
-5.048280690009999683e-01 -2.843590848420000095e-01 -2.708234452779999940e-02 3.547199139080000063e-01 -3.366115844059999751e-02 -5.578160222629999776e-01 3.171900311210000267e-01 4.691030836099999678e-03 -3.399991739120000189e-01 4.506288120379999679e-02
