-5.601373490959999923e-01 -3.217599217580000004e-01 -3.546439796939999858e-03 3.449655506889999779e-01 -2.895121695990000160e-02 -5.601695853010000281e-01 3.171900311210000267e-01 2.337467798090000094e-03 -3.383734467089999920e-01 4.640857876969999712e-02
-5.601373490959999923e-01 -3.217599217580000004e-01 -3.546439796939999858e-03 3.449655506889999779e-01 -2.895121695990000160e-02 -5.154513388770000093e-01 1.242022520729999940e-01 7.059152750229999440e-02 -9.288636491790000504e-02 -3.445203288970000166e-01
-5.601373490959999923e-01 -3.217599217580000004e-01 -2.958049037439999807e-03 3.449655506889999779e-01 -2.895121695990000160e-02 -3.389324649220000207e-01 -2.587812762719999826e-01 2.388728393740000011e-01 2.452681781699999897e-01 -6.028967713989999977e-01
-5.601373490959999923e-01 -3.217599217580000004e-01 -2.958049037439999807e-03 3.449655506889999779e-01 -2.895121695990000160e-02 -1.553527189520000074e-01 -4.517690553190000236e-01 4.030355073799999910e-01 2.712800660990000168e-01 -6.102981080110000400e-01
-5.601373490959999923e-01 -3.217599217580000004e-01 -3.546439796939999858e-03 3.449655506889999779e-01 -2.895121695990000160e-02 -7.415406253919999691e-02 -4.607453770880000077e-01 4.530491791879999730e-01 2.794089547929999862e-01 -6.102981080110000400e-01
-5.601373490959999923e-01 -3.217599217580000004e-01 -3.546439796939999858e-03 3.449655506889999779e-01 -2.895121695990000160e-02 -6.827006349389999618e-02 -4.607453770880000077e-01 4.536375699479999746e-01 2.794089547929999862e-01 -6.102981080110000400e-01
-5.601373490959999923e-01 -3.202639068829999935e-01 -2.958049037439999807e-03 3.449655506889999779e-01 -2.895121695990000160e-02 -6.827006349389999618e-02 -4.622413919630000145e-01 4.536375699479999746e-01 2.810346819969999910e-01 -6.102981080110000400e-01
-5.601373490959999923e-01 -3.202639068829999935e-01 -2.958049037439999807e-03 3.449655506889999779e-01 -2.895121695990000160e-02 -6.827006349389999618e-02 -4.607453770880000077e-01 4.536375699479999746e-01 2.794089547929999862e-01 -6.102981080110000400e-01
-5.601373490959999923e-01 -3.202639068829999935e-01 -2.958049037439999807e-03 3.449655506889999779e-01 -2.895121695990000160e-02 -6.827006349389999618e-02 -4.607453770880000077e-01 4.536375699479999746e-01 2.794089547929999862e-01 -6.096252592290000161e-01
-5.601373490959999923e-01 -3.202639068829999935e-01 -3.546439796939999858e-03 3.449655506889999779e-01 -2.895121695990000160e-02 -6.827006349389999618e-02 -4.607453770880000077e-01 4.542259607069999983e-01 2.794089547929999862e-01 -6.102981080110000400e-01
-5.601373490959999923e-01 -3.202639068829999935e-01 -2.958049037439999807e-03 3.449655506889999779e-01 -2.895121695990000160e-02 -6.827006349389999618e-02 -4.622413919630000145e-01 4.536375699479999746e-01 2.810346819969999910e-01 -6.102981080110000400e-01
-5.601373490959999923e-01 -3.202639068829999935e-01 -2.958049037439999807e-03 3.449655506889999779e-01 -2.895121695990000160e-02 -6.827006349389999618e-02 -4.622413919630000145e-01 4.536375699479999746e-01 2.810346819969999910e-01 -6.102981080110000400e-01
-5.601373490959999923e-01 -3.217599217580000004e-01 -2.958049037439999807e-03 3.449655506889999779e-01 -2.895121695990000160e-02 -7.003523577240000630e-02 -4.607453770880000077e-01 4.536375699479999746e-01 2.777829749130000248e-01 -6.432681166839999687e-01
-5.601373490959999923e-01 -3.202639068829999935e-01 -2.958049037439999807e-03 3.449655506889999779e-01 -2.895121695990000160e-02 -8.651035993889999443e-02 -4.622413919630000145e-01 4.536375699479999746e-01 7.909732394829999472e-03 -6.533608484280000184e-01
-5.601373490959999923e-01 -3.202639068829999935e-01 -2.958049037439999807e-03 3.449655506889999779e-01 -2.895121695990000160e-02 -8.592196917939999568e-02 -4.622413919630000145e-01 4.542259607069999983e-01 -4.359180896150000040e-01 -6.540336972110000202e-01
-5.601373490959999923e-01 -3.202639068829999935e-01 -3.546439796939999858e-03 3.449655506889999779e-01 -2.895121695990000160e-02 -8.709875069849999651e-02 -4.622413919630000145e-01 4.548143971920000084e-01 -7.106686400809999471e-01 -6.540336972110000202e-01
-5.601373490959999923e-01 -3.202639068829999935e-01 -2.958049037439999807e-03 3.449655506889999779e-01 -2.895121695990000160e-02 -8.709875069849999651e-02 -4.622413919630000145e-01 4.548143971920000084e-01 -7.399319824179999561e-01 -6.547065459940000220e-01
-5.595489583360000463e-01 -3.202639068829999935e-01 -3.546439796939999858e-03 3.449655506889999779e-01 -2.895121695990000160e-02 -8.709875069849999651e-02 -4.622413919630000145e-01 4.548143971920000084e-01 -7.399319824179999561e-01 -6.540336972110000202e-01
-5.601373490959999923e-01 -3.202639068829999935e-01 -2.958049037439999807e-03 3.449655506889999779e-01 -2.895121695990000160e-02 -8.709875069849999651e-02 -4.622413919630000145e-01 4.548143971920000084e-01 -7.399319824179999561e-01 -6.547065459940000220e-01
-5.595489583360000463e-01 -3.202639068829999935e-01 -2.958049037439999807e-03 3.449655506889999779e-01 -2.895121695990000160e-02 -8.709875069849999651e-02 -4.622413919630000145e-01 4.548143971920000084e-01 -7.399319824179999561e-01 -6.547065459940000220e-01
-5.601373490959999923e-01 -3.202639068829999935e-01 -2.958049037439999807e-03 3.449655506889999779e-01 -2.895121695990000160e-02 -8.709875069849999651e-02 -4.622413919630000145e-01 4.548143971920000084e-01 -7.415577096209999830e-01 -6.540336972110000202e-01
-5.601373490959999923e-01 -3.202639068829999935e-01 -2.958049037439999807e-03 3.449655506889999779e-01 -2.895121695990000160e-02 -8.651035993889999443e-02 -4.622413919630000145e-01 4.548143971920000084e-01 -7.399319824179999561e-01 -6.540336972110000202e-01
-5.601373490959999923e-01 -3.202639068829999935e-01 -3.546439796939999858e-03 3.449655506889999779e-01 -2.895121695990000160e-02 -8.709875069849999651e-02 -4.622413919630000145e-01 4.548143971920000084e-01 -7.350548008080000084e-01 -6.547065459940000220e-01
-5.601373490959999923e-01 -3.202639068829999935e-01 -2.958049037439999807e-03 3.449655506889999779e-01 -2.895121695990000160e-02 -8.709875069849999651e-02 -4.831858327340000092e-01 4.548143971920000084e-01 -3.952745305170000112e-01 -6.553793947770000239e-01
-5.601373490959999923e-01 -3.202639068829999935e-01 -3.546439796939999858e-03 3.449655506889999779e-01 -2.895121695990000160e-02 -8.709875069849999651e-02 -4.831858327340000092e-01 4.548143971920000084e-01 -3.530052442159999915e-01 -6.553793947770000239e-01
-5.601373490959999923e-01 -3.202639068829999935e-01 -2.958049037439999807e-03 3.449655506889999779e-01 -2.895121695990000160e-02 -8.709875069849999651e-02 -4.831858327340000092e-01 4.548143971920000084e-01 -3.530052442159999915e-01 -6.553793947770000239e-01
-5.601373490959999923e-01 -3.202639068829999935e-01 -3.546439796939999858e-03 3.449655506889999779e-01 -2.895121695990000160e-02 -8.709875069849999651e-02 -4.831858327340000092e-01 4.554027879520000099e-01 -3.530052442159999915e-01 -6.553793947770000239e-01
-5.601373490959999923e-01 -3.202639068829999935e-01 -2.958049037439999807e-03 3.449655506889999779e-01 -2.962406574289999997e-02 -8.709875069849999651e-02 -4.831858327340000092e-01 4.548143971920000084e-01 -3.530052442159999915e-01 -6.553793947770000239e-01
-5.601373490959999923e-01 -3.202639068829999935e-01 -2.958049037439999807e-03 3.449655506889999779e-01 -2.895121695990000160e-02 -8.709875069849999651e-02 -4.831858327340000092e-01 4.548143971920000084e-01 -3.530052442159999915e-01 -6.553793947770000239e-01
-5.601373490959999923e-01 -3.202639068829999935e-01 -2.958049037439999807e-03 3.449655506889999779e-01 -2.895121695990000160e-02 -7.121210874159999982e-02 -4.831858327340000092e-01 4.548143971920000084e-01 -2.294487133800000023e-01 -6.210638976929999666e-01
-5.601373490959999923e-01 -3.202639068829999935e-01 -2.958049037439999807e-03 3.449655506889999779e-01 -2.895121695990000160e-02 -7.003523577240000630e-02 -4.831858327340000092e-01 4.548143971920000084e-01 1.623553327699999993e-01 -6.183725025609999593e-01
-5.601373490959999923e-01 -3.202639068829999935e-01 -3.546439796939999858e-03 3.449655506889999779e-01 -2.895121695990000160e-02 -6.885845425339999493e-02 -4.831858327340000092e-01 4.554027879520000099e-01 2.761572477090000199e-01 -6.190453513439999611e-01
-5.601373490959999923e-01 -3.202639068829999935e-01 -2.958049037439999807e-03 3.449655506889999779e-01 -2.895121695990000160e-02 -6.885845425339999493e-02 -4.831858327340000092e-01 4.554027879520000099e-01 2.794089547929999862e-01 -6.183725025609999593e-01
-5.601373490959999923e-01 -3.202639068829999935e-01 -3.546439796939999858e-03 3.449655506889999779e-01 -2.895121695990000160e-02 -7.003523577240000630e-02 -4.517690553190000236e-01 4.377508365409999991e-01 1.932444023100000074e-01 -4.467943896759999922e-01
-5.601373490959999923e-01 -3.217599217580000004e-01 -3.546439796939999858e-03 3.449655506889999779e-01 -2.895121695990000160e-02 -2.177227796110000058e-01 -6.728951209920000509e-02 2.947705102279999934e-01 -1.936824622309999966e-01 6.710186844559999989e-03
-5.601373490959999923e-01 -3.172718771320000020e-01 -2.958049037439999807e-03 3.449655506889999779e-01 -2.895121695990000160e-02 -4.001256526120000045e-01 2.603410008259999797e-01 1.188400270330000064e-01 -2.977300139499999831e-01 4.035293972319999728e-02
-5.601373490959999923e-01 -3.157758622569999951e-01 -2.958049037439999807e-03 3.482170050949999762e-01 -2.895121695990000160e-02 -5.383989442990000374e-01 2.872695010979999797e-01 1.351698367890000023e-02 -3.383734467089999920e-01 4.506288120379999679e-02
-5.601373490959999923e-01 -3.172718771320000020e-01 -2.958049037439999807e-03 3.465912778920000048e-01 -2.895121695990000160e-02 -5.589928037820000029e-01 2.857734862229999728e-01 5.279513045829999952e-03 -3.399991739120000189e-01 4.506288120379999679e-02
