-5.601373490959999923e-01 -3.202639068829999935e-01 -2.958049037439999807e-03 3.449655506889999779e-01 -2.895121695990000160e-02 -5.589928037820000029e-01 2.857734862229999728e-01 5.279513045829999952e-03 -3.399991739120000189e-01 4.573572998670000223e-02
-5.601373490959999923e-01 -3.217599217580000004e-01 -2.958049037439999807e-03 3.449655506889999779e-01 -2.962406574289999997e-02 -5.507551502480000361e-01 4.578168244999999970e-01 4.691030836099999678e-03 -6.375101579020000520e-01 -3.451931776800000184e-01
-5.601373490959999923e-01 -3.187678920070000088e-01 -2.958049037439999807e-03 3.465912778920000048e-01 -2.962406574289999997e-02 -4.295455563880000160e-01 4.787612652709999916e-01 4.691030836099999678e-03 -7.578152343309999539e-01 -4.218987755529999828e-01
-5.601373490959999923e-01 -3.187678920070000088e-01 -3.546439796939999858e-03 3.449655506889999779e-01 -2.895121695990000160e-02 -2.718552781870000046e-01 4.817532950210000053e-01 4.691030836099999678e-03 -7.594409615349999587e-01 -4.293001121650000251e-01
-5.601373490959999923e-01 -3.187678920070000088e-01 -2.958049037439999807e-03 3.465912778920000048e-01 -2.895121695990000160e-02 -6.650489121539999993e-02 4.787612652709999916e-01 4.691030836099999678e-03 -7.578152343309999539e-01 -4.293001121650000251e-01
-5.601373490959999923e-01 -3.172718771320000020e-01 -3.546439796939999858e-03 3.449655506889999779e-01 -2.895121695990000160e-02 1.194284177920000023e-01 4.368723837290000023e-01 5.279513045829999952e-03 -7.545636535859999716e-01 -4.293001121650000251e-01
-5.601373490959999923e-01 -3.187678920070000088e-01 -3.546439796939999858e-03 3.449655506889999779e-01 -2.962406574289999997e-02 2.500524467049999866e-01 4.398644134790000160e-01 2.925858557590000145e-03 -7.464350175699999701e-01 -4.293001121650000251e-01
-5.595489583360000463e-01 -3.187678920070000088e-01 -3.546439796939999858e-03 3.449655506889999779e-01 -2.962406574289999997e-02 3.336046661559999849e-01 4.503365176060000197e-01 -1.060722036119999927e-02 -7.529379263829999447e-01 -4.299729609480000270e-01
-5.601373490959999923e-01 -3.187678920070000088e-01 -2.958049037439999807e-03 3.449655506889999779e-01 -2.962406574289999997e-02 3.541986170900000008e-01 4.518327649989999917e-01 -1.472604712800000028e-02 -7.578152343309999539e-01 -4.293001121650000251e-01
-5.601373490959999923e-01 -3.187678920070000088e-01 -2.958049037439999807e-03 3.465912778920000048e-01 -2.962406574289999997e-02 3.541986170900000008e-01 4.533287798739999985e-01 -1.472604712800000028e-02 -7.578152343309999539e-01 -4.293001121650000251e-01
-5.601373490959999923e-01 -3.187678920070000088e-01 -2.958049037439999807e-03 3.449655506889999779e-01 -2.962406574289999997e-02 3.541986170900000008e-01 4.533287798739999985e-01 -1.472604712800000028e-02 -7.594409615349999587e-01 -4.293001121650000251e-01
-5.601373490959999923e-01 -3.187678920070000088e-01 -2.958049037439999807e-03 3.449655506889999779e-01 -2.895121695990000160e-02 3.541986170900000008e-01 4.533287798739999985e-01 -1.472604712800000028e-02 -7.578152343309999539e-01 -4.293001121650000251e-01
-5.601373490959999923e-01 -3.187678920070000088e-01 -3.546439796939999858e-03 3.465912778920000048e-01 -2.962406574289999997e-02 3.541986170900000008e-01 4.533287798739999985e-01 -1.472604712800000028e-02 -7.594409615349999587e-01 -3.875830693139999950e-01
-5.601373490959999923e-01 -3.187678920070000088e-01 -2.958049037439999807e-03 3.449655506889999779e-01 -2.962406574289999997e-02 3.536102263299999993e-01 1.990036933880000025e-01 -2.531717224919999981e-02 -7.643181431440000395e-01 -3.680702454550000002e-01
-5.601373490959999923e-01 -3.187678920070000088e-01 -3.546439796939999858e-03 3.449655506889999779e-01 -2.962406574289999997e-02 3.536102263299999993e-01 1.182181925720000026e-01 -2.531717224919999981e-02 -7.691954510930000266e-01 -3.673973966719999984e-01
-5.601373490959999923e-01 -3.187678920070000088e-01 -3.546439796939999858e-03 3.449655506889999779e-01 -2.962406574289999997e-02 3.536102263299999993e-01 1.182181925720000026e-01 -2.531717224919999981e-02 -7.691954510930000266e-01 -3.673973966719999984e-01
-5.601373490959999923e-01 -3.187678920070000088e-01 -2.958049037439999807e-03 3.449655506889999779e-01 -2.962406574289999997e-02 3.536102263299999993e-01 1.182181925720000026e-01 -2.531717224919999981e-02 -7.691954510930000266e-01 -3.680702454550000002e-01
-5.601373490959999923e-01 -3.187678920070000088e-01 -3.546439796939999858e-03 3.449655506889999779e-01 -2.895121695990000160e-02 3.536102263299999993e-01 1.182181925720000026e-01 -2.531717224919999981e-02 -7.691954510930000266e-01 -3.673973966719999984e-01
-5.601373490959999923e-01 -3.187678920070000088e-01 -3.546439796939999858e-03 3.449655506889999779e-01 -2.895121695990000160e-02 3.530218355709999756e-01 1.182181925720000026e-01 -2.531717224919999981e-02 -7.691954510930000266e-01 -3.673973966719999984e-01
-5.601373490959999923e-01 -3.187678920070000088e-01 -3.546439796939999858e-03 3.449655506889999779e-01 -2.962406574289999997e-02 3.530218355709999756e-01 1.182181925720000026e-01 -2.531717224919999981e-02 -7.691954510930000266e-01 -3.673973966719999984e-01
-5.601373490959999923e-01 -3.187678920070000088e-01 -2.958049037439999807e-03 3.449655506889999779e-01 -2.962406574289999997e-02 3.530218355709999756e-01 1.182181925720000026e-01 -2.531717224919999981e-02 -7.691954510930000266e-01 -3.673973966719999984e-01
-5.601373490959999923e-01 -3.187678920070000088e-01 -3.546439796939999858e-03 3.449655506889999779e-01 -2.895121695990000160e-02 3.530218355709999756e-01 1.182181925720000026e-01 -2.531717224919999981e-02 -7.691954510930000266e-01 -3.673973966719999984e-01
-5.601373490959999923e-01 -3.187678920070000088e-01 -2.958049037439999807e-03 3.449655506889999779e-01 -2.895121695990000160e-02 3.383118836830000253e-01 4.192050386449999722e-02 -2.119834548249999867e-02 -7.334290736049999815e-01 -3.673973966719999984e-01
-5.595489583360000463e-01 -3.217599217580000004e-01 -3.546439796939999858e-03 3.465912778920000048e-01 -2.962406574289999997e-02 2.959472917470000186e-01 -1.405949385389999862e-01 -1.237239263970000072e-02 -3.790171321460000242e-01 -3.633603039739999874e-01
-5.601373490959999923e-01 -3.157758622569999951e-01 -3.546439796939999858e-03 3.465912778920000048e-01 -2.895121695990000160e-02 2.865329481450000215e-01 -1.301228344120000102e-01 -1.649121940650000173e-02 -2.619635101230000096e-01 -3.633603039739999874e-01
-5.601373490959999923e-01 -3.172718771320000020e-01 -3.546439796939999858e-03 3.465912778920000048e-01 -2.962406574289999997e-02 2.865329481450000215e-01 -1.301228344120000102e-01 -1.649121940650000173e-02 -2.619635101230000096e-01 -3.633603039739999874e-01
-5.601373490959999923e-01 -3.172718771320000020e-01 -2.958049037439999807e-03 3.465912778920000048e-01 -2.895121695990000160e-02 2.865329481450000215e-01 -1.301228344120000102e-01 -1.649121940650000173e-02 -2.619635101230000096e-01 -3.633603039739999874e-01
-5.601373490959999923e-01 -3.172718771320000020e-01 -2.958049037439999807e-03 3.465912778920000048e-01 -2.895121695990000160e-02 2.865329481450000215e-01 -1.316188492879999949e-01 -1.649121940650000173e-02 -2.619635101230000096e-01 -3.640331527569999892e-01
-5.601373490959999923e-01 -3.172718771320000020e-01 -2.958049037439999807e-03 3.465912778920000048e-01 -2.962406574289999997e-02 2.865329481450000215e-01 -1.301228344120000102e-01 -1.649121940650000173e-02 -2.619635101230000096e-01 -3.640331527569999892e-01
-5.601373490959999923e-01 -3.172718771320000020e-01 -3.546439796939999858e-03 3.465912778920000048e-01 -2.962406574289999997e-02 2.918285564309999747e-01 -4.036101182710000179e-02 -3.767346964900000067e-02 -3.757655514000000085e-01 -4.178614737010000191e-01
-5.595489583360000463e-01 -3.187678920070000088e-01 -2.958049037439999807e-03 3.465912778920000048e-01 -2.962406574289999997e-02 3.459610550059999956e-01 3.201820608720000183e-01 -3.120107984430000106e-02 -7.334290736049999815e-01 -4.266087170339999957e-01
-5.601373490959999923e-01 -3.172718771320000020e-01 -3.546439796939999858e-03 3.465912778920000048e-01 -2.895121695990000160e-02 3.571405708870000195e-01 4.353763688530000175e-01 -2.355190852050000061e-02 -7.643181431440000395e-01 -4.266087170339999957e-01
-5.601373490959999923e-01 -3.172718771320000020e-01 -2.958049037439999807e-03 3.465912778920000048e-01 -2.962406574289999997e-02 3.577289616470000211e-01 4.623048691259999954e-01 -2.296351776099999839e-02 -7.659438703480000443e-01 -4.272815658169999975e-01
-5.595489583360000463e-01 -3.202639068829999935e-01 -3.546439796939999858e-03 3.465912778920000048e-01 -2.962406574289999997e-02 3.465494457659999972e-01 3.949835021870000129e-01 -2.296351776099999839e-02 -6.505161018670000406e-01 -2.536849065830000249e-01
-5.601373490959999923e-01 -3.187678920070000088e-01 -3.546439796939999858e-03 3.465912778920000048e-01 -2.895121695990000160e-02 2.871213389039999897e-01 2.902615308490000268e-01 -9.430438842200000032e-03 -3.660110618419999962e-01 3.026010340189999939e-02
-5.595489583360000463e-01 -3.172718771320000020e-01 -3.546439796939999858e-03 3.465912778920000048e-01 -2.962406574289999997e-02 1.623813090369999879e-01 2.932535605989999850e-01 6.456294564839999868e-03 -3.334962650989999888e-01 3.766154459139999661e-02
-5.601373490959999923e-01 -3.172718771320000020e-01 -2.958049037439999807e-03 3.449655506889999779e-01 -2.895121695990000160e-02 -2.355190852050000061e-02 2.962455903499999765e-01 6.456294564839999868e-03 -3.351219923020000158e-01 3.833439337430000204e-02
-5.595489583360000463e-01 -3.172718771320000020e-01 -3.546439796939999858e-03 3.465912778920000048e-01 -2.962406574289999997e-02 -2.159576073330000123e-01 3.037256647259999887e-01 6.456294564839999868e-03 -3.351219923020000158e-01 3.900724215729999694e-02
