-5.595489583360000463e-01 -3.038075107379999973e-01 -2.369658277940000189e-03 3.465912778920000048e-01 -3.164261209170000227e-02 -5.619347575790000215e-01 3.186860459959999781e-01 4.102640076600000060e-03 -3.399991739120000189e-01 4.640857876969999712e-02
-5.477810059709999901e-01 -4.534106258849999738e-01 -2.369658277940000189e-03 6.050844299869999610e-01 3.532306565289999867e-01 -5.613463668200000534e-01 3.201820608720000183e-01 4.102640076600000060e-03 -3.383734467089999920e-01 4.573572998670000223e-02
-4.253945391410000054e-01 -4.833309233909999780e-01 -2.369658277940000189e-03 7.611557575659999575e-01 4.265719059099999932e-01 -5.619347575790000215e-01 3.156940162460000199e-01 4.102640076600000060e-03 -3.416249011160000237e-01 4.506288120379999679e-02
-2.759418230239999992e-01 -4.952995074270000186e-01 -2.958049037439999807e-03 7.611557575659999575e-01 4.346460913049999819e-01 -5.613463668200000534e-01 3.141980013699999796e-01 4.102640076600000060e-03 -3.416249011160000237e-01 4.573572998670000223e-02
-5.941192017130000197e-02 -4.923074776770000049e-01 -3.546439796939999858e-03 7.595300303619999527e-01 4.346460913049999819e-01 -5.613463668200000534e-01 3.141980013699999796e-01 4.102640076600000060e-03 -3.416249011160000237e-01 4.573572998670000223e-02
1.271097795960000054e-01 -4.414425068830000187e-01 -4.134830556449999722e-03 7.253892537389999839e-01 4.353189400879999837e-01 -5.613463668200000534e-01 3.141980013699999796e-01 4.102640076600000060e-03 -3.416249011160000237e-01 4.573572998670000223e-02
2.565569355389999973e-01 -4.429385217580000256e-01 1.160686279079999961e-03 7.400207985679999600e-01 4.359917888709999856e-01 -5.613463668200000534e-01 3.156940162460000199e-01 4.102640076600000060e-03 -3.416249011160000237e-01 4.640857876969999712e-02
3.354021203650000005e-01 -4.489225812589999753e-01 1.351698367890000023e-02 7.530271215489999781e-01 4.353189400879999837e-01 -5.613463668200000534e-01 3.141980013699999796e-01 4.102640076600000060e-03 -3.416249011160000237e-01 4.573572998670000223e-02
3.501120722530000062e-01 -3.905770710550000024e-01 2.351971804070000088e-02 7.562785759560000098e-01 3.660148879819999923e-01 -5.613463668200000534e-01 3.156940162460000199e-01 4.102640076600000060e-03 -3.416249011160000237e-01 4.640857876969999712e-02
3.501120722530000062e-01 -1.557006429820000093e-01 2.763854480739999855e-02 7.644072119720000114e-01 3.633234928499999850e-01 -5.613463668200000534e-01 3.156940162460000199e-01 4.102640076600000060e-03 -3.416249011160000237e-01 4.573572998670000223e-02
3.512888537719999760e-01 -1.048356721890000010e-01 2.705015404789999980e-02 7.676586663790000431e-01 3.633234928499999850e-01 -5.613463668200000534e-01 3.156940162460000199e-01 4.102640076600000060e-03 -3.416249011160000237e-01 4.640857876969999712e-02
3.512888537719999760e-01 -1.048356721890000010e-01 2.705015404789999980e-02 7.709101207849999859e-01 3.633234928499999850e-01 -5.613463668200000534e-01 3.156940162460000199e-01 4.102640076600000060e-03 -3.416249011160000237e-01 4.640857876969999712e-02
3.512888537719999760e-01 -1.033396573130000023e-01 2.705015404789999980e-02 7.709101207849999859e-01 3.633234928499999850e-01 -5.613463668200000534e-01 3.156940162460000199e-01 4.102640076600000060e-03 -3.416249011160000237e-01 4.640857876969999712e-02
3.512888537719999760e-01 -1.048356721890000010e-01 2.705015404789999980e-02 7.709101207849999859e-01 3.633234928499999850e-01 -5.619347575790000215e-01 3.156940162460000199e-01 4.102640076600000060e-03 -3.416249011160000237e-01 4.640857876969999712e-02
3.507004630119999744e-01 -1.048356721890000010e-01 2.705015404789999980e-02 7.709101207849999859e-01 3.633234928499999850e-01 -5.613463668200000534e-01 3.141980013699999796e-01 4.102640076600000060e-03 -3.416249011160000237e-01 4.640857876969999712e-02
3.083358710770000011e-01 5.374353221050000295e-02 1.116342064090000002e-02 5.205456047069999537e-01 3.599591443580000272e-01 -5.613463668200000534e-01 3.171900311210000267e-01 4.102640076600000060e-03 -3.416249011160000237e-01 4.573572998670000223e-02
2.853883571060000235e-01 1.165766220059999969e-01 1.881259196460000060e-02 2.961932292359999996e-01 3.586134467920000235e-01 -5.613463668200000534e-01 3.141980013699999796e-01 4.102640076600000060e-03 -3.416249011160000237e-01 4.708142755260000256e-02
2.847999663460000219e-01 1.330330181519999988e-01 1.881259196460000060e-02 2.718068158320000038e-01 3.579405980099999995e-01 -5.613463668200000534e-01 3.156940162460000199e-01 4.102640076600000060e-03 -3.416249011160000237e-01 4.708142755260000256e-02
2.842115755869999982e-01 1.330330181519999988e-01 1.881259196460000060e-02 2.718068158320000038e-01 3.579405980099999995e-01 -5.613463668200000534e-01 3.156940162460000199e-01 4.102640076600000060e-03 -3.399991739120000189e-01 4.708142755260000256e-02
2.847999663460000219e-01 1.330330181519999988e-01 1.881259196460000060e-02 2.718068158320000038e-01 3.586134467920000235e-01 -5.613463668200000534e-01 3.156940162460000199e-01 4.102640076600000060e-03 -3.399991739120000189e-01 4.708142755260000256e-02
3.136313879129999926e-01 -7.641115704129999853e-02 3.940645144769999719e-02 5.270485135200000393e-01 4.326275449559999764e-01 -5.613463668200000534e-01 3.156940162460000199e-01 4.102640076600000060e-03 -3.416249011160000237e-01 4.640857876969999712e-02
3.542308075699999725e-01 -4.010496402159999807e-01 2.587337252889999883e-02 7.595300303619999527e-01 4.326275449559999764e-01 -5.613463668200000534e-01 3.156940162460000199e-01 4.102640076600000060e-03 -3.416249011160000237e-01 4.640857876969999712e-02
3.471699355549999755e-01 -3.860890264290000040e-01 2.410820025039999911e-02 6.554824786430000216e-01 2.247152840609999980e-01 -5.613463668200000534e-01 3.156940162460000199e-01 4.102640076600000060e-03 -3.399991739120000189e-01 4.708142755260000256e-02
2.936259191889999953e-01 -2.978234512360000141e-01 9.986639121859999801e-03 3.628485499249999857e-01 -1.549403214690000044e-02 -5.613463668200000534e-01 3.156940162460000199e-01 4.102640076600000060e-03 -3.399991739120000189e-01 4.708142755260000256e-02
1.730046246380000097e-01 -3.008154809870000057e-01 -7.076875804190000015e-03 3.335849549109999868e-01 -3.231546087469999717e-02 -5.613463668200000534e-01 3.156940162460000199e-01 4.102640076600000060e-03 -3.399991739120000189e-01 4.775427633559999746e-02
-8.221466843349999401e-03 -3.023114958620000126e-01 -6.488485044690000397e-03 3.335849549109999868e-01 -3.366115844059999751e-02 -5.613463668200000534e-01 3.156940162460000199e-01 4.102640076600000060e-03 -3.416249011160000237e-01 4.775427633559999746e-02
