-5.607257398549999605e-01 -3.023114958620000126e-01 -3.546439796939999858e-03 3.400883690789999747e-01 -2.962406574289999997e-02 -5.584044130219999458e-01 3.171900311210000267e-01 5.279513045829999952e-03 -3.399991739120000189e-01 4.640857876969999712e-02
-5.507230054930000174e-01 -4.489225812589999753e-01 -3.546439796939999858e-03 5.823237437860000476e-01 3.316992863200000086e-01 -5.584044130219999458e-01 3.141980013699999796e-01 5.279513045829999952e-03 -3.399991739120000189e-01 4.640857876969999712e-02
-4.336321012239999773e-01 -4.818349085149999933e-01 -3.546439796939999858e-03 7.676586663790000431e-01 4.258990571269999914e-01 -5.584044130219999458e-01 3.156940162460000199e-01 5.279513045829999952e-03 -3.383734467089999920e-01 4.573572998670000223e-02
-2.777070867520000097e-01 -4.863229531409999917e-01 -4.134830556449999722e-03 7.660329391760000162e-01 4.326275449559999764e-01 -5.584044130219999458e-01 3.141980013699999796e-01 5.279513045829999952e-03 -3.399991739120000189e-01 4.573572998670000223e-02
-7.176830902130000578e-02 -4.848269382659999849e-01 -4.134830556449999722e-03 7.644072119720000114e-01 4.333003937389999782e-01 -5.584044130219999458e-01 3.141980013699999796e-01 5.279513045829999952e-03 -3.399991739120000189e-01 4.573572998670000223e-02
1.088694831509999933e-01 -4.564026556360000209e-01 -4.134830556449999722e-03 7.579043031590000368e-01 4.339732425219999801e-01 -5.584044130219999458e-01 3.141980013699999796e-01 5.279513045829999952e-03 -3.399991739120000189e-01 4.573572998670000223e-02
2.494961549749999952e-01 -4.459305515090000172e-01 -1.192876758930000057e-03 7.302664353490000426e-01 4.339732425219999801e-01 -5.584044130219999458e-01 3.141980013699999796e-01 5.279513045829999952e-03 -3.399991739120000189e-01 4.573572998670000223e-02
3.324601665670000039e-01 -4.534106258849999738e-01 1.292859291939999974e-02 7.514013943459999512e-01 4.353189400879999837e-01 -5.584044130219999458e-01 3.141980013699999796e-01 5.279513045829999952e-03 -3.399991739120000189e-01 4.573572998670000223e-02
3.548191983289999962e-01 -4.593946853859999790e-01 1.704741968610000089e-02 7.546528487529999829e-01 4.353189400879999837e-01 -5.584044130219999458e-01 3.141980013699999796e-01 5.279513045829999952e-03 -3.399991739120000189e-01 4.573572998670000223e-02
3.548191983289999962e-01 -4.593946853859999790e-01 1.704741968610000089e-02 7.546528487529999829e-01 4.353189400879999837e-01 -5.584044130219999458e-01 3.141980013699999796e-01 5.279513045829999952e-03 -3.399991739120000189e-01 4.640857876969999712e-02
3.542308075699999725e-01 -4.608907002620000193e-01 1.704741968610000089e-02 7.546528487529999829e-01 4.353189400879999837e-01 -5.584044130219999458e-01 3.141980013699999796e-01 5.279513045829999952e-03 -3.399991739120000189e-01 4.573572998670000223e-02
3.548191983289999962e-01 -4.623867151370000261e-01 1.645902892659999867e-02 7.546528487529999829e-01 4.353189400879999837e-01 -5.584044130219999458e-01 3.141980013699999796e-01 5.279513045829999952e-03 -3.399991739120000189e-01 4.573572998670000223e-02
3.548191983289999962e-01 -4.623867151370000261e-01 1.645902892659999867e-02 7.546528487529999829e-01 3.848548630590000186e-01 -5.589928037820000029e-01 3.141980013699999796e-01 5.279513045829999952e-03 -3.399991739120000189e-01 4.573572998670000223e-02
3.542308075699999725e-01 -1.856211730050000008e-01 2.528498176940000008e-02 7.644072119720000114e-01 3.639963416329999868e-01 -5.584044130219999458e-01 3.141980013699999796e-01 5.279513045829999952e-03 -3.399991739120000189e-01 4.573572998670000223e-02
3.542308075699999725e-01 -1.168040237079999988e-01 2.528498176940000008e-02 7.660329391760000162e-01 3.639963416329999868e-01 -5.584044130219999458e-01 3.141980013699999796e-01 5.279513045829999952e-03 -3.399991739120000189e-01 4.573572998670000223e-02
3.548191983289999962e-01 -1.168040237079999988e-01 2.587337252889999883e-02 7.709101207849999859e-01 3.639963416329999868e-01 -5.584044130219999458e-01 3.141980013699999796e-01 5.279513045829999952e-03 -3.399991739120000189e-01 4.573572998670000223e-02
3.548191983289999962e-01 -1.138117614400000061e-01 2.587337252889999883e-02 7.709101207849999859e-01 3.639963416329999868e-01 -5.584044130219999458e-01 3.141980013699999796e-01 5.279513045829999952e-03 -3.399991739120000189e-01 4.573572998670000223e-02
3.542308075699999725e-01 -1.138117614400000061e-01 2.587337252889999883e-02 7.709101207849999859e-01 3.639963416329999868e-01 -5.584044130219999458e-01 3.141980013699999796e-01 5.279513045829999952e-03 -3.399991739120000189e-01 4.573572998670000223e-02
3.542308075699999725e-01 -1.123157465649999992e-01 2.528498176940000008e-02 7.709101207849999859e-01 3.639963416329999868e-01 -5.584044130219999458e-01 3.141980013699999796e-01 5.279513045829999952e-03 -3.399991739120000189e-01 4.573572998670000223e-02
3.542308075699999725e-01 -1.138117614400000061e-01 2.587337252889999883e-02 7.709101207849999859e-01 3.639963416329999868e-01 -5.584044130219999458e-01 3.141980013699999796e-01 5.279513045829999952e-03 -3.399991739120000189e-01 4.573572998670000223e-02
3.542308075699999725e-01 -1.138117614400000061e-01 2.528498176940000008e-02 7.709101207849999859e-01 3.639963416329999868e-01 -5.584044130219999458e-01 3.141980013699999796e-01 5.279513045829999952e-03 -3.399991739120000189e-01 4.573572998670000223e-02
3.548191983289999962e-01 -1.123157465649999992e-01 2.587337252889999883e-02 7.709101207849999859e-01 3.639963416329999868e-01 -5.584044130219999458e-01 3.141980013699999796e-01 5.279513045829999952e-03 -3.399991739120000189e-01 4.573572998670000223e-02
3.524656352910000012e-01 -1.063316870639999939e-01 2.528498176940000008e-02 7.692843935819999590e-01 3.639963416329999868e-01 -5.584044130219999458e-01 3.141980013699999796e-01 5.279513045829999952e-03 -3.399991739120000189e-01 4.573572998670000223e-02
3.042170443100000177e-01 1.494894142969999951e-01 1.175181140040000051e-02 4.490131024080000199e-01 3.586134467920000235e-01 -5.584044130219999458e-01 3.141980013699999796e-01 5.279513045829999952e-03 -3.399991739120000189e-01 4.708142755260000256e-02
2.842115755869999982e-01 1.180726368819999955e-01 1.940098272409999935e-02 2.750582702380000022e-01 3.572677492269999977e-01 -5.584044130219999458e-01 3.141980013699999796e-01 5.279513045829999952e-03 -3.399991739120000189e-01 4.640857876969999712e-02
2.847999663460000219e-01 1.180726368819999955e-01 1.940098272409999935e-02 2.734325430349999753e-01 3.572677492269999977e-01 -5.584044130219999458e-01 3.141980013699999796e-01 5.279513045829999952e-03 -3.399991739120000189e-01 4.640857876969999712e-02
2.842115755869999982e-01 1.180726368819999955e-01 1.940098272409999935e-02 2.701810886279999990e-01 3.579405980099999995e-01 -5.584044130219999458e-01 3.141980013699999796e-01 5.279513045829999952e-03 -3.399991739120000189e-01 4.640857876969999712e-02
2.842115755869999982e-01 1.180726368819999955e-01 1.940098272409999935e-02 2.701810886279999990e-01 3.572677492269999977e-01 -5.584044130219999458e-01 3.141980013699999796e-01 5.279513045829999952e-03 -3.399991739120000189e-01 4.640857876969999712e-02
2.847999663460000219e-01 1.180726368819999955e-01 1.940098272409999935e-02 2.701810886279999990e-01 3.572677492269999977e-01 -5.584044130219999458e-01 3.141980013699999796e-01 5.279513045829999952e-03 -3.399991739120000189e-01 4.640857876969999712e-02
2.906839653919999766e-01 5.224751733519999997e-02 3.822966992869999969e-02 3.612228227209999809e-01 4.258990571269999914e-01 -5.584044130219999458e-01 3.141980013699999796e-01 5.279513045829999952e-03 -3.399991739120000189e-01 4.640857876969999712e-02
3.448163725169999805e-01 -3.023114958620000126e-01 3.234567088339999896e-02 7.253892537389999839e-01 4.333003937389999782e-01 -5.584044130219999458e-01 3.141980013699999796e-01 5.279513045829999952e-03 -3.399991739120000189e-01 4.640857876969999712e-02
3.565843706080000231e-01 -4.504185961350000156e-01 2.057776424310000032e-02 7.644072119720000114e-01 4.339732425219999801e-01 -5.584044130219999458e-01 3.141980013699999796e-01 5.279513045829999952e-03 -3.399991739120000189e-01 4.640857876969999712e-02
3.571727613669999912e-01 -4.578986705110000277e-01 1.998937348360000157e-02 7.644072119720000114e-01 4.339732425219999801e-01 -5.584044130219999458e-01 3.141980013699999796e-01 5.279513045829999952e-03 -3.399991739120000189e-01 4.640857876969999712e-02
3.536424168100000265e-01 -4.085297145930000262e-01 2.293132728119999866e-02 6.766169322859999502e-01 2.617222808540000112e-01 -5.584044130219999458e-01 3.156940162460000199e-01 5.279513045829999952e-03 -3.399991739120000189e-01 4.640857876969999712e-02
3.018634812720000227e-01 -2.978234512360000141e-01 1.057502988139999954e-02 3.921121449389999847e-01 -1.616698550689999944e-02 -5.584044130219999458e-01 3.141980013699999796e-01 5.279513045829999952e-03 -3.399991739120000189e-01 4.640857876969999712e-02
1.806537959620000133e-01 -3.008154809870000057e-01 -6.488485044690000397e-03 3.335849549109999868e-01 -2.962406574289999997e-02 -5.584044130219999458e-01 3.141980013699999796e-01 5.279513045829999952e-03 -3.399991739120000189e-01 4.708142755260000256e-02
-1.160686279079999961e-03 -3.023114958620000126e-01 -7.076875804190000015e-03 3.335849549109999868e-01 -3.029691452579999847e-02 -5.584044130219999458e-01 3.141980013699999796e-01 5.279513045829999952e-03 -3.399991739120000189e-01 4.708142755260000256e-02
-1.865056045269999907e-01 -3.127838325060000035e-01 -5.900094285180000099e-03 3.384626418760000033e-01 -3.029691452579999847e-02 -5.584044130219999458e-01 3.141980013699999796e-01 5.279513045829999952e-03 -3.399991739120000189e-01 4.708142755260000256e-02
