-5.601373490959999923e-01 -3.217599217580000004e-01 -2.369658277940000189e-03 3.498427322989999810e-01 -3.433400722350000295e-02 -5.613463668200000534e-01 3.201820608720000183e-01 4.102640076600000060e-03 -3.399991739120000189e-01 4.640857876969999712e-02
-5.601373490959999923e-01 -3.202639068829999935e-01 7.471026281879999953e-02 2.425437261729999905e-01 2.072210065500000031e-01 -5.613463668200000534e-01 3.201820608720000183e-01 4.102640076600000060e-03 -3.399991739120000189e-01 4.640857876969999712e-02
-4.730546479120000258e-01 -3.217599217580000004e-01 1.853288230079999932e-01 2.327893629530000119e-01 6.311198706020000326e-01 -5.613463668200000534e-01 3.201820608720000183e-01 4.102640076600000060e-03 -3.399991739120000189e-01 4.573572998670000223e-02
-3.212483687570000246e-01 -3.187678920070000088e-01 1.876823860459999882e-01 2.262859487849999962e-01 6.553426882299999701e-01 -5.613463668200000534e-01 3.201820608720000183e-01 4.102640076600000060e-03 -3.399991739120000189e-01 4.573572998670000223e-02
-1.335498874699999894e-01 -3.127838325060000035e-01 1.876823860459999882e-01 2.116544039559999923e-01 6.560155370129999719e-01 -5.613463668200000534e-01 3.201820608720000183e-01 4.102640076600000060e-03 -3.399991739120000189e-01 4.573572998670000223e-02
6.473971893690000368e-02 -3.038075107379999973e-01 1.876823860459999882e-01 2.116544039559999923e-01 6.560155370129999719e-01 -5.613463668200000534e-01 3.201820608720000183e-01 4.102640076600000060e-03 -3.399991739120000189e-01 4.640857876969999712e-02
2.347862945370000065e-01 -2.544385548190000179e-01 1.870939952869999923e-01 2.116544039559999923e-01 6.560155370129999719e-01 -5.613463668200000534e-01 3.186860459959999781e-01 4.102640076600000060e-03 -3.399991739120000189e-01 4.640857876969999712e-02
3.507004630119999744e-01 -2.529425399440000111e-01 1.959199481289999878e-01 2.132801311589999915e-01 6.560155370129999719e-01 -5.613463668200000534e-01 3.186860459959999781e-01 4.102640076600000060e-03 -3.399991739120000189e-01 4.640857876969999712e-02
4.113052599429999900e-01 -2.828630699670000026e-01 2.259281512150000115e-01 2.246602215819999970e-01 6.028599602749999953e-01 -5.613463668200000534e-01 3.186860459959999781e-01 4.102640076600000060e-03 -3.399991739120000189e-01 4.573572998670000223e-02
4.401365900590000213e-01 -4.948265676920000217e-02 3.636129606919999979e-01 2.246602215819999970e-01 2.105853550419999887e-01 -5.613463668200000534e-01 3.201820608720000183e-01 4.102640076600000060e-03 -3.399991739120000189e-01 4.573572998670000223e-02
4.407249808179999895e-01 3.230287674489999983e-01 3.947979452959999858e-01 2.360408173599999881e-01 1.890539848339999884e-01 -5.613463668200000534e-01 3.186860459959999781e-01 4.102640076600000060e-03 -3.399991739120000189e-01 4.573572998670000223e-02
4.413133715779999910e-01 4.846000015990000187e-01 3.889139462510000089e-01 2.425437261729999905e-01 1.883811360509999866e-01 -5.613463668200000534e-01 3.186860459959999781e-01 4.102640076600000060e-03 -3.399991739120000189e-01 4.640857876969999712e-02
4.413133715779999910e-01 4.771196947049999859e-01 3.889139462510000089e-01 2.425437261729999905e-01 1.883811360509999866e-01 -5.613463668200000534e-01 3.186860459959999781e-01 4.102640076600000060e-03 -3.399991739120000189e-01 4.640857876969999712e-02
4.413133715779999910e-01 4.771196947049999859e-01 3.889139462510000089e-01 2.425437261729999905e-01 1.883811360509999866e-01 -5.613463668200000534e-01 3.186860459959999781e-01 4.102640076600000060e-03 -3.399991739120000189e-01 4.573572998670000223e-02
4.413133715779999910e-01 4.771196947049999859e-01 3.889139462510000089e-01 2.425437261729999905e-01 1.883811360509999866e-01 -5.613463668200000534e-01 3.186860459959999781e-01 4.102640076600000060e-03 -3.399991739120000189e-01 4.573572998670000223e-02
4.413133715779999910e-01 4.157826197839999960e-01 3.889139462510000089e-01 2.457951805789999888e-01 1.883811360509999866e-01 -5.613463668200000534e-01 3.186860459959999781e-01 4.102640076600000060e-03 -3.399991739120000189e-01 4.573572998670000223e-02
4.413133715779999910e-01 4.142866049089999891e-01 3.883255554919999852e-01 2.474209077829999937e-01 1.883811360509999866e-01 -5.613463668200000534e-01 3.186860459959999781e-01 4.102640076600000060e-03 -3.399991739120000189e-01 4.573572998670000223e-02
4.413133715779999910e-01 4.083023128909999966e-01 3.883255554919999852e-01 2.457951805789999888e-01 1.883811360509999866e-01 -5.613463668200000534e-01 3.186860459959999781e-01 4.102640076600000060e-03 -3.399991739120000189e-01 4.640857876969999712e-02
4.413133715779999910e-01 4.083023128909999966e-01 3.883255554919999852e-01 2.457951805789999888e-01 1.883811360509999866e-01 -5.613463668200000534e-01 3.186860459959999781e-01 4.102640076600000060e-03 -3.399991739120000189e-01 4.640857876969999712e-02
4.413133715779999910e-01 4.083023128909999966e-01 3.883255554919999852e-01 2.457951805789999888e-01 1.883811360509999866e-01 -5.613463668200000534e-01 3.186860459959999781e-01 4.102640076600000060e-03 -3.399991739120000189e-01 4.573572998670000223e-02
4.401365900590000213e-01 3.454692230949999998e-01 3.441958827280000022e-01 2.571752710019999943e-01 3.653420391989999905e-01 -5.613463668200000534e-01 3.186860459959999781e-01 4.102640076600000060e-03 -3.399991739120000189e-01 4.640857876969999712e-02
4.095400876640000187e-01 2.980706168899999869e-02 2.347541040580000127e-01 3.222048644880000090e-01 6.439041543429999681e-01 -5.619347575790000215e-01 3.186860459959999781e-01 4.102640076600000060e-03 -3.399991739120000189e-01 4.573572998670000223e-02
4.136588229809999850e-01 -2.619188617129999952e-01 2.100414178080000083e-01 3.091990468620000043e-01 6.371755619369999790e-01 -5.613463668200000534e-01 3.186860459959999781e-01 4.102640076600000060e-03 -3.399991739120000189e-01 4.573572998670000223e-02
3.624682782029999828e-01 -3.202639068829999935e-01 8.412460642110000664e-02 3.482170050949999762e-01 1.466640932000000119e-01 -5.613463668200000534e-01 3.186860459959999781e-01 4.691030836099999678e-03 -3.399991739120000189e-01 4.640857876969999712e-02
2.936259191889999953e-01 -3.202639068829999935e-01 1.175181140040000051e-02 3.465912778920000048e-01 -1.616698550689999944e-02 -5.613463668200000534e-01 3.186860459959999781e-01 4.102640076600000060e-03 -3.399991739120000189e-01 4.573572998670000223e-02
1.477036390789999987e-01 -3.067995404880000110e-01 -7.665266563689999632e-03 3.465912778920000048e-01 -3.231546087469999717e-02 -5.613463668200000534e-01 3.186860459959999781e-01 4.102640076600000060e-03 -3.399991739120000189e-01 4.640857876969999712e-02
