-5.595489583360000463e-01 -3.217599217580000004e-01 -2.369658277940000189e-03 3.465912778920000048e-01 -3.298830965760000261e-02 -5.601695853010000281e-01 3.186860459959999781e-01 4.102640076600000060e-03 -3.399991739120000189e-01 4.640857876969999712e-02
-5.601373490959999923e-01 -3.202639068829999935e-01 3.293415309319999706e-02 2.571752710019999943e-01 6.188430993159999699e-02 -5.607579760599999963e-01 3.171900311210000267e-01 4.102640076600000060e-03 -3.399991739120000189e-01 4.640857876969999712e-02
-4.960021161579999949e-01 -3.217599217580000004e-01 1.794448239629999886e-01 2.344150901569999890e-01 6.042056578409999990e-01 -5.601695853010000281e-01 3.171900311210000267e-01 4.102640076600000060e-03 -3.399991739120000189e-01 4.640857876969999712e-02
-3.547870078490000245e-01 -3.202639068829999935e-01 1.876823860459999882e-01 2.295374031920000002e-01 6.526512408100000329e-01 -5.607579760599999963e-01 3.171900311210000267e-01 4.102640076600000060e-03 -3.399991739120000189e-01 4.640857876969999712e-02
-1.670885265629999950e-01 -3.157758622569999951e-01 1.882707768059999898e-01 2.149058583619999907e-01 6.553426882299999701e-01 -5.607579760599999963e-01 3.171900311210000267e-01 4.102640076600000060e-03 -3.399991739120000189e-01 4.640857876969999712e-02
2.825912604680000037e-02 -3.067995404880000110e-01 1.876823860459999882e-01 2.132801311589999915e-01 6.553426882299999701e-01 -5.601695853010000281e-01 3.171900311210000267e-01 4.102640076600000060e-03 -3.399991739120000189e-01 4.640857876969999712e-02
2.024245284139999934e-01 -2.544385548190000179e-01 1.876823860459999882e-01 2.116544039559999923e-01 6.560155370129999719e-01 -5.601695853010000281e-01 3.171900311210000267e-01 4.102640076600000060e-03 -3.399991739120000189e-01 4.640857876969999712e-02
3.312833850479999787e-01 -2.544385548190000179e-01 1.935663850909999928e-01 2.132801311589999915e-01 6.560155370129999719e-01 -5.607579760599999963e-01 3.171900311210000267e-01 4.102640076600000060e-03 -3.399991739120000189e-01 4.640857876969999712e-02
4.018908248899999980e-01 -2.813670550910000179e-01 2.159254168530000129e-01 2.246602215819999970e-01 6.445770031259999699e-01 -5.607579760599999963e-01 3.171900311210000267e-01 4.102640076600000060e-03 -3.399991739120000189e-01 4.640857876969999712e-02
4.389598085399999960e-01 -7.042709754020000379e-02 3.541986170900000008e-01 2.246602215819999970e-01 2.206780867860000106e-01 -5.607579760599999963e-01 3.171900311210000267e-01 4.102640076600000060e-03 -3.399991739120000189e-01 4.640857876969999712e-02
4.401365900590000213e-01 3.050763564280000173e-01 3.942095545370000176e-01 2.360408173599999881e-01 1.890539848339999884e-01 -5.601695853010000281e-01 3.171900311210000267e-01 4.102640076600000060e-03 -3.399991739120000189e-01 4.640857876969999712e-02
4.407249808179999895e-01 4.905840611000000240e-01 3.889139462510000089e-01 2.425437261729999905e-01 1.883811360509999866e-01 -5.607579760599999963e-01 3.171900311210000267e-01 4.102640076600000060e-03 -3.399991739120000189e-01 4.640857876969999712e-02
4.407249808179999895e-01 4.816079718480000271e-01 3.889139462510000089e-01 2.425437261729999905e-01 1.883811360509999866e-01 -5.601695853010000281e-01 3.171900311210000267e-01 3.514249317100000009e-03 -3.399991739120000189e-01 4.640857876969999712e-02
4.407249808179999895e-01 4.816079718480000271e-01 3.889139462510000089e-01 2.441694533759999897e-01 1.883811360509999866e-01 -5.601695853010000281e-01 3.171900311210000267e-01 4.102640076600000060e-03 -3.399991739120000189e-01 4.640857876969999712e-02
4.413133715779999910e-01 4.816079718480000271e-01 3.889139462510000089e-01 2.425437261729999905e-01 1.890539848339999884e-01 -5.601695853010000281e-01 3.171900311210000267e-01 4.102640076600000060e-03 -3.399991739120000189e-01 4.640857876969999712e-02
4.407249808179999895e-01 4.262547239109999997e-01 3.889139462510000089e-01 2.457951805789999888e-01 1.883811360509999866e-01 -5.601695853010000281e-01 3.171900311210000267e-01 4.102640076600000060e-03 -3.399991739120000189e-01 4.640857876969999712e-02
4.407249808179999895e-01 4.142866049089999891e-01 3.889139462510000089e-01 2.457951805789999888e-01 1.883811360509999866e-01 -5.607579760599999963e-01 3.171900311210000267e-01 4.102640076600000060e-03 -3.399991739120000189e-01 4.640857876969999712e-02
4.407249808179999895e-01 4.068062980159999897e-01 3.889139462510000089e-01 2.457951805789999888e-01 1.883811360509999866e-01 -5.607579760599999963e-01 3.171900311210000267e-01 4.102640076600000060e-03 -3.399991739120000189e-01 4.640857876969999712e-02
4.407249808179999895e-01 4.068062980159999897e-01 3.889139462510000089e-01 2.457951805789999888e-01 1.883811360509999866e-01 -5.607579760599999963e-01 3.171900311210000267e-01 4.102640076600000060e-03 -3.399991739120000189e-01 4.640857876969999712e-02
4.407249808179999895e-01 4.083023128909999966e-01 3.889139462510000089e-01 2.457951805789999888e-01 1.883811360509999866e-01 -5.607579760599999963e-01 3.171900311210000267e-01 4.102640076600000060e-03 -3.399991739120000189e-01 4.640857876969999712e-02
4.407249808179999895e-01 3.604293718480000019e-01 3.530218355709999756e-01 2.506723621890000198e-01 3.263163914800000232e-01 -5.601695853010000281e-01 3.171900311210000267e-01 4.102640076600000060e-03 -3.399991739120000189e-01 4.640857876969999712e-02
4.113052599429999900e-01 4.626322531700000074e-02 2.365192763360000061e-01 3.238305916909999804e-01 6.412127069230000309e-01 -5.601695853010000281e-01 3.171900311210000267e-01 4.102640076600000060e-03 -3.383734467089999920e-01 4.640857876969999712e-02
4.130704322209999835e-01 -2.574305845700000095e-01 2.159254168530000129e-01 3.075733196589999774e-01 6.479412470409999791e-01 -5.601695853010000281e-01 3.171900311210000267e-01 4.102640076600000060e-03 -3.399991739120000189e-01 4.640857876969999712e-02
3.677639779390000085e-01 -3.187678920070000088e-01 8.883173249709999664e-02 3.498427322989999810e-01 1.722325561059999954e-01 -5.601695853010000281e-01 3.171900311210000267e-01 4.102640076600000060e-03 -3.399991739120000189e-01 4.640857876969999712e-02
3.012750905129999990e-01 -3.172718771320000020e-01 1.351698367890000023e-02 3.449655506889999779e-01 -2.087692698749999895e-02 -5.601695853010000281e-01 3.171900311210000267e-01 4.102640076600000060e-03 -3.399991739120000189e-01 4.640857876969999712e-02
1.653555447639999954e-01 -3.082957878800000051e-01 -6.488485044690000397e-03 3.417140962820000016e-01 -3.164261209170000227e-02 -5.607579760599999963e-01 3.171900311210000267e-01 4.102640076600000060e-03 -3.399991739120000189e-01 4.708142755260000256e-02
