-5.607257398549999605e-01 -3.008154809870000057e-01 -3.546439796939999858e-03 3.400883690789999747e-01 -2.895121695990000160e-02 -5.578160222629999776e-01 3.171900311210000267e-01 5.279513045829999952e-03 -3.416249011160000237e-01 4.640857876969999712e-02
-5.442506614140000254e-01 -4.534106258849999738e-01 -3.546439796939999858e-03 6.099616115970000196e-01 3.552492028779999922e-01 -5.578160222629999776e-01 3.201820608720000183e-01 5.279513045829999952e-03 -3.383734467089999920e-01 4.573572998670000223e-02
-4.212758038250000170e-01 -4.743548341389999812e-01 -3.546439796939999858e-03 7.595300303619999527e-01 4.326275449559999764e-01 -5.578160222629999776e-01 3.141980013699999796e-01 5.279513045829999952e-03 -3.399991739120000189e-01 4.573572998670000223e-02
-2.518176189840000134e-01 -4.758508490139999880e-01 -3.546439796939999858e-03 7.595300303619999527e-01 4.326275449559999764e-01 -5.578160222629999776e-01 3.141980013699999796e-01 5.279513045829999952e-03 -3.399991739120000189e-01 4.573572998670000223e-02
-5.882352941180000322e-02 -4.713628043879999896e-01 -3.546439796939999858e-03 7.579043031590000368e-01 4.333003937389999782e-01 -5.578160222629999776e-01 3.141980013699999796e-01 5.279513045829999952e-03 -3.399991739120000189e-01 4.640857876969999712e-02
1.206373897909999993e-01 -4.429385217580000256e-01 -4.134830556449999722e-03 7.514013943459999512e-01 4.339732425219999801e-01 -5.578160222629999776e-01 3.141980013699999796e-01 4.691030836099999678e-03 -3.399991739120000189e-01 4.573572998670000223e-02
2.571453262989999988e-01 -4.444345366329999769e-01 1.160686279079999961e-03 7.448979801780000187e-01 4.333003937389999782e-01 -5.578160222629999776e-01 3.141980013699999796e-01 5.279513045829999952e-03 -3.399991739120000189e-01 4.573572998670000223e-02
3.359905111240000242e-01 -4.578986705110000277e-01 1.351698367890000023e-02 7.514013943459999512e-01 4.353189400879999837e-01 -5.578160222629999776e-01 3.141980013699999796e-01 5.279513045829999952e-03 -3.399991739120000189e-01 4.640857876969999712e-02
3.542308075699999725e-01 -4.593946853859999790e-01 1.704741968610000089e-02 7.546528487529999829e-01 4.353189400879999837e-01 -5.578160222629999776e-01 3.141980013699999796e-01 5.279513045829999952e-03 -3.399991739120000189e-01 4.640857876969999712e-02
3.542308075699999725e-01 -4.593946853859999790e-01 1.704741968610000089e-02 7.546528487529999829e-01 4.353189400879999837e-01 -5.578160222629999776e-01 3.141980013699999796e-01 5.279513045829999952e-03 -3.399991739120000189e-01 4.573572998670000223e-02
3.542308075699999725e-01 -4.578986705110000277e-01 1.704741968610000089e-02 7.562785759560000098e-01 4.353189400879999837e-01 -5.578160222629999776e-01 3.141980013699999796e-01 4.691030836099999678e-03 -3.399991739120000189e-01 4.573572998670000223e-02
3.542308075699999725e-01 -4.593946853859999790e-01 1.704741968610000089e-02 7.546528487529999829e-01 4.353189400879999837e-01 -5.578160222629999776e-01 3.141980013699999796e-01 4.691030836099999678e-03 -3.399991739120000189e-01 4.573572998670000223e-02
3.542308075699999725e-01 -4.593946853859999790e-01 1.704741968610000089e-02 7.546528487529999829e-01 3.787991194349999979e-01 -5.578160222629999776e-01 3.141980013699999796e-01 4.691030836099999678e-03 -3.399991739120000189e-01 4.640857876969999712e-02
3.542308075699999725e-01 -1.706610242519999987e-01 2.587337252889999883e-02 7.644072119720000114e-01 3.639963416329999868e-01 -5.578160222629999776e-01 3.141980013699999796e-01 4.691030836099999678e-03 -3.399991739120000189e-01 4.573572998670000223e-02
3.542308075699999725e-01 -1.093237168149999994e-01 2.587337252889999883e-02 7.676586663790000431e-01 3.639963416329999868e-01 -5.578160222629999776e-01 3.141980013699999796e-01 5.279513045829999952e-03 -3.399991739120000189e-01 4.640857876969999712e-02
3.542308075699999725e-01 -1.093237168149999994e-01 2.587337252889999883e-02 7.692843935819999590e-01 3.633234928499999850e-01 -5.578160222629999776e-01 3.141980013699999796e-01 5.279513045829999952e-03 -3.399991739120000189e-01 4.573572998670000223e-02
3.542308075699999725e-01 -1.078277019390000008e-01 2.528498176940000008e-02 7.692843935819999590e-01 3.639963416329999868e-01 -5.578160222629999776e-01 3.141980013699999796e-01 5.279513045829999952e-03 -3.399991739120000189e-01 4.640857876969999712e-02
3.542308075699999725e-01 -1.093237168149999994e-01 2.587337252889999883e-02 7.692843935819999590e-01 3.639963416329999868e-01 -5.578160222629999776e-01 3.141980013699999796e-01 4.691030836099999678e-03 -3.399991739120000189e-01 4.640857876969999712e-02
3.542308075699999725e-01 -1.093237168149999994e-01 2.587337252889999883e-02 7.692843935819999590e-01 3.639963416329999868e-01 -5.578160222629999776e-01 3.141980013699999796e-01 4.691030836099999678e-03 -3.399991739120000189e-01 4.640857876969999712e-02
3.542308075699999725e-01 -1.078277019390000008e-01 2.587337252889999883e-02 7.692843935819999590e-01 3.639963416329999868e-01 -5.578160222629999776e-01 3.141980013699999796e-01 5.279513045829999952e-03 -3.399991739120000189e-01 4.640857876969999712e-02
3.542308075699999725e-01 -1.093237168149999994e-01 2.587337252889999883e-02 7.692843935819999590e-01 3.639963416329999868e-01 -5.578160222629999776e-01 3.141980013699999796e-01 5.279513045829999952e-03 -3.399991739120000189e-01 4.573572998670000223e-02
3.542308075699999725e-01 -1.093237168149999994e-01 2.587337252889999883e-02 7.692843935819999590e-01 3.639963416329999868e-01 -5.578160222629999776e-01 3.141980013699999796e-01 4.691030836099999678e-03 -3.399991739120000189e-01 4.640857876969999712e-02
3.430512002389999870e-01 -7.042709754020000379e-02 2.057776424310000032e-02 7.318921625519999585e-01 3.639963416329999868e-01 -5.578160222629999776e-01 3.141980013699999796e-01 5.279513045829999952e-03 -3.399991739120000189e-01 4.640857876969999712e-02
2.959794822269999903e-01 1.524814440470000088e-01 1.469385664810000068e-02 4.408844663920000184e-01 3.565949004439999959e-01 -5.578160222629999776e-01 3.141980013699999796e-01 4.691030836099999678e-03 -3.399991739120000189e-01 4.640857876969999712e-02
2.847999663460000219e-01 1.345290330270000057e-01 1.763581044559999964e-02 2.750582702380000022e-01 3.565949004439999959e-01 -5.578160222629999776e-01 3.141980013699999796e-01 4.691030836099999678e-03 -3.399991739120000189e-01 4.708142755260000256e-02
2.847999663460000219e-01 1.330330181519999988e-01 1.763581044559999964e-02 2.734325430349999753e-01 3.565949004439999959e-01 -5.572276315030000315e-01 3.141980013699999796e-01 5.279513045829999952e-03 -3.399991739120000189e-01 4.640857876969999712e-02
2.842115755869999982e-01 1.315370032759999863e-01 1.763581044559999964e-02 2.701810886279999990e-01 3.565949004439999959e-01 -5.578160222629999776e-01 3.141980013699999796e-01 5.279513045829999952e-03 -3.399991739120000189e-01 4.640857876969999712e-02
2.842115755869999982e-01 1.315370032759999863e-01 1.822420120509999839e-02 2.701810886279999990e-01 3.572677492269999977e-01 -5.578160222629999776e-01 3.141980013699999796e-01 4.691030836099999678e-03 -3.399991739120000189e-01 4.640857876969999712e-02
2.842115755869999982e-01 1.315370032759999863e-01 1.763581044559999964e-02 2.701810886279999990e-01 3.572677492269999977e-01 -5.578160222629999776e-01 3.141980013699999796e-01 4.691030836099999678e-03 -3.399991739120000189e-01 4.640857876969999712e-02
3.006866997529999974e-01 1.783871016960000139e-02 3.881806068819999844e-02 4.116208713780000195e-01 4.299361498240000246e-01 -5.578160222629999776e-01 3.141980013699999796e-01 5.279513045829999952e-03 -3.399991739120000189e-01 4.640857876969999712e-02
3.489352907339999810e-01 -3.397123327780000035e-01 2.999210784540000049e-02 7.497751617879999664e-01 4.333003937389999782e-01 -5.578160222629999776e-01 3.141980013699999796e-01 4.691030836099999678e-03 -3.399991739120000189e-01 4.640857876969999712e-02
3.571727613669999912e-01 -4.534106258849999738e-01 1.998937348360000157e-02 7.627814847689999844e-01 4.333003937389999782e-01 -5.578160222629999776e-01 3.141980013699999796e-01 5.279513045829999952e-03 -3.399991739120000189e-01 4.640857876969999712e-02
3.577611521269999928e-01 -4.623867151370000261e-01 1.998937348360000157e-02 7.627814847689999844e-01 4.333003937389999782e-01 -5.578160222629999776e-01 3.141980013699999796e-01 4.691030836099999678e-03 -3.399991739120000189e-01 4.640857876969999712e-02
3.483467170740000007e-01 -3.860890264290000040e-01 2.293132728119999866e-02 6.668625690660000549e-01 2.260609816270000016e-01 -5.578160222629999776e-01 3.141980013699999796e-01 5.279513045829999952e-03 -3.399991739120000189e-01 4.640857876969999712e-02
2.942143099489999969e-01 -3.023114958620000126e-01 8.221466843349999401e-03 3.693514587380000158e-01 -1.683983428980000141e-02 -5.578160222629999776e-01 3.141980013699999796e-01 4.691030836099999678e-03 -3.399991739120000189e-01 4.708142755260000256e-02
1.771234514049999931e-01 -3.023114958620000126e-01 -7.076875804190000015e-03 3.319592277080000153e-01 -2.760551939400000127e-02 -5.578160222629999776e-01 3.141980013699999796e-01 5.279513045829999952e-03 -3.399991739120000189e-01 4.708142755260000256e-02
-1.057502988139999954e-02 -3.053035256130000041e-01 -6.488485044690000397e-03 3.335849549109999868e-01 -2.760551939400000127e-02 -5.578160222629999776e-01 3.141980013699999796e-01 5.279513045829999952e-03 -3.399991739120000189e-01 4.708142755260000256e-02
-2.006270742050000055e-01 -3.097918027559999898e-01 -6.488485044690000397e-03 3.335849549109999868e-01 -2.827836817699999963e-02 -5.578160222629999776e-01 3.141980013699999796e-01 4.691030836099999678e-03 -3.399991739120000189e-01 4.640857876969999712e-02
