-5.583721768170000210e-01 -3.202639068829999935e-01 -1.781267518430000108e-03 3.465912778920000048e-01 -3.500685600649999785e-02 -5.613463668200000534e-01 3.201820608720000183e-01 4.102640076600000060e-03 -3.399991739120000189e-01 4.573572998670000223e-02
-5.583721768170000210e-01 -3.202639068829999935e-01 -2.369658277940000189e-03 3.449655506889999779e-01 -3.500685600649999785e-02 -5.336916353220000353e-01 1.660911336149999973e-01 5.293962181669999850e-02 -1.497873223869999881e-01 -2.644505916870000251e-01
-5.583721768170000210e-01 -3.217599217580000004e-01 -2.369658277940000189e-03 3.449655506889999779e-01 -3.500685600649999785e-02 -3.618798874429999812e-01 -2.183884096050000001e-01 2.165138076120000088e-01 2.273851789340000096e-01 -5.988596787009999867e-01
-5.583721768170000210e-01 -3.202639068829999935e-01 -1.781267518430000108e-03 3.465912778920000048e-01 -3.500685600649999785e-02 -1.765350606449999915e-01 -4.487770255690000099e-01 3.871487739730000155e-01 2.680286116930000184e-01 -6.102981080110000400e-01
-5.583721768170000210e-01 -3.202639068829999935e-01 -2.369658277940000189e-03 3.465912778920000048e-01 -3.500685600649999785e-02 -7.415406253919999691e-02 -4.622413919630000145e-01 4.524607884290000048e-01 2.745315205059999930e-01 -6.102981080110000400e-01
-5.589605675769999671e-01 -3.202639068829999935e-01 -1.781267518430000108e-03 3.465912778920000048e-01 -3.433400722350000295e-02 -6.709328197489999868e-02 -4.637374068389999993e-01 4.542259607069999983e-01 2.794089547929999862e-01 -6.102981080110000400e-01
-5.583721768170000210e-01 -3.202639068829999935e-01 -1.781267518430000108e-03 3.465912778920000048e-01 -3.500685600649999785e-02 -6.709328197489999868e-02 -4.652334217140000061e-01 4.542259607069999983e-01 2.810346819969999910e-01 -6.102981080110000400e-01
-5.589605675769999671e-01 -3.217599217580000004e-01 -1.781267518430000108e-03 3.465912778920000048e-01 -3.500685600649999785e-02 -6.709328197489999868e-02 -4.637374068389999993e-01 4.542259607069999983e-01 2.794089547929999862e-01 -6.102981080110000400e-01
-5.583721768170000210e-01 -3.202639068829999935e-01 -2.369658277940000189e-03 3.465912778920000048e-01 -3.500685600649999785e-02 -7.886118861520000078e-02 -4.652334217140000061e-01 4.542259607069999983e-01 2.485196325759999880e-01 -6.493237557309999852e-01
-5.583721768170000210e-01 -3.217599217580000004e-01 -1.781267518430000108e-03 3.465912778920000048e-01 -3.500685600649999785e-02 -8.415679690089999943e-02 -4.652334217140000061e-01 4.542259607069999983e-01 -7.500311300440000439e-02 -6.540336972110000202e-01
-5.589605675769999671e-01 -3.202639068829999935e-01 -1.781267518430000108e-03 3.465912778920000048e-01 -3.500685600649999785e-02 -8.415679690089999943e-02 -4.652334217140000061e-01 4.559911787109999781e-01 -5.090765717949999880e-01 -6.540336972110000202e-01
-5.589605675769999671e-01 -3.202639068829999935e-01 -1.781267518430000108e-03 3.465912778920000048e-01 -3.500685600649999785e-02 -9.415953126270000528e-02 -4.697214663400000045e-01 4.559911787109999781e-01 -7.513121991790000509e-01 -6.560522435600000257e-01
-5.583721768170000210e-01 -3.202639068829999935e-01 -1.781267518430000108e-03 3.465912778920000048e-01 -3.500685600649999785e-02 -9.592470354120000153e-02 -4.727134960900000182e-01 4.565795694709999797e-01 -7.561893807889999986e-01 -6.560522435600000257e-01
-5.583721768170000210e-01 -3.202639068829999935e-01 -2.369658277940000189e-03 3.465912778920000048e-01 -3.500685600649999785e-02 -9.533631278170000278e-02 -4.727134960900000182e-01 4.559911787109999781e-01 -7.561893807889999986e-01 -6.560522435600000257e-01
-5.583721768170000210e-01 -3.202639068829999935e-01 -2.369658277940000189e-03 3.465912778920000048e-01 -3.500685600649999785e-02 -9.592470354120000153e-02 -4.727134960900000182e-01 4.565795694709999797e-01 -7.545636535859999716e-01 -6.560522435600000257e-01
-5.583721768170000210e-01 -3.202639068829999935e-01 -2.369658277940000189e-03 3.465912778920000048e-01 -3.500685600649999785e-02 -9.592470354120000153e-02 -4.742095109660000030e-01 4.565795694709999797e-01 -5.562230397059999554e-01 -6.560522435600000257e-01
-5.583721768170000210e-01 -3.202639068829999935e-01 -1.781267518430000108e-03 3.465912778920000048e-01 -3.500685600649999785e-02 -9.533631278170000278e-02 -4.757055258410000098e-01 4.565795694709999797e-01 -3.611338802319999930e-01 -6.560522435600000257e-01
-5.583721768170000210e-01 -3.202639068829999935e-01 -1.781267518430000108e-03 3.465912778920000048e-01 -3.500685600649999785e-02 -9.533631278170000278e-02 -4.757055258410000098e-01 4.565795694709999797e-01 -3.546309714190000184e-01 -6.560522435600000257e-01
-5.589605675769999671e-01 -3.202639068829999935e-01 -2.369658277940000189e-03 3.465912778920000048e-01 -3.500685600649999785e-02 -9.533631278170000278e-02 -4.772015407160000167e-01 4.565795694709999797e-01 -3.546309714190000184e-01 -6.560522435600000257e-01
-5.589605675769999671e-01 -3.202639068829999935e-01 -2.369658277940000189e-03 3.465912778920000048e-01 -3.500685600649999785e-02 -9.533631278170000278e-02 -4.772015407160000167e-01 4.559911787109999781e-01 -3.546309714190000184e-01 -6.560522435600000257e-01
-5.583721768170000210e-01 -3.202639068829999935e-01 -1.781267518430000108e-03 3.465912778920000048e-01 -3.500685600649999785e-02 -7.003523577240000630e-02 -4.772015407160000167e-01 4.565795694709999797e-01 -2.554606013099999795e-01 -6.230824440419999721e-01
-5.583721768170000210e-01 -3.202639068829999935e-01 -2.369658277940000189e-03 3.465912778920000048e-01 -3.433400722350000295e-02 -7.003523577240000630e-02 -4.772015407160000167e-01 4.565795694709999797e-01 1.444720808570000015e-01 -6.190453513439999611e-01
-5.589605675769999671e-01 -3.202639068829999935e-01 -1.781267518430000108e-03 3.465912778920000048e-01 -3.500685600649999785e-02 -7.003523577240000630e-02 -4.772015407160000167e-01 4.565795694709999797e-01 2.680286116930000184e-01 -5.820382499739999993e-01
-5.583721768170000210e-01 -3.202639068829999935e-01 -1.781267518430000108e-03 3.465912778920000048e-01 -3.500685600649999785e-02 -1.624134995169999873e-01 -2.079163054779999964e-01 3.524333533610000124e-01 -6.362302258150000223e-02 -8.076109613229999484e-02
-5.583721768170000210e-01 -3.202639068829999935e-01 -2.369658277940000189e-03 3.449655506889999779e-01 -3.433400722350000295e-02 -3.354021203650000005e-01 1.301863115740000132e-01 1.770912609249999936e-01 -3.399991739120000189e-01 3.968009094020000238e-02
-5.589605675769999671e-01 -3.247519515089999920e-01 -2.369658277940000189e-03 3.287077733009999836e-01 -3.500685600649999785e-02 -5.113326035609999654e-01 2.767971644539999887e-01 2.763854480739999855e-02 -3.448763555220000221e-01 4.573572998670000223e-02
