-5.583721768170000210e-01 -3.217599217580000004e-01 -2.369658277940000189e-03 3.465912778920000048e-01 -3.433400722350000295e-02 -5.601695853010000281e-01 2.887655159740000199e-01 4.102640076600000060e-03 -3.399991739120000189e-01 4.573572998670000223e-02
-5.583721768170000210e-01 -3.232559366330000072e-01 -2.369658277940000189e-03 3.449655506889999779e-01 -3.433400722350000295e-02 -5.513435410079999821e-01 4.563208096240000122e-01 4.102640076600000060e-03 -6.131241235140000301e-01 -3.391375386339999798e-01
-5.583721768170000210e-01 -3.172718771320000020e-01 -2.369658277940000189e-03 3.482170050949999762e-01 -3.433400722350000295e-02 -4.271919933500000210e-01 4.772652503950000069e-01 3.514249317100000009e-03 -7.610666887379999856e-01 -4.279544145999999993e-01
-5.583721768170000210e-01 -3.172718771320000020e-01 -2.369658277940000189e-03 3.482170050949999762e-01 -3.433400722350000295e-02 -2.671480606609999975e-01 4.802572801459999985e-01 4.691030836099999678e-03 -7.594409615349999587e-01 -4.286272633820000233e-01
-5.583721768170000210e-01 -3.172718771320000020e-01 -2.369658277940000189e-03 3.482170050949999762e-01 -3.433400722350000295e-02 -7.356567177959999482e-02 4.787612652709999916e-01 4.691030836099999678e-03 -7.594409615349999587e-01 -4.286272633820000233e-01
-5.583721768170000210e-01 -3.172718771320000020e-01 -2.369658277940000189e-03 3.465912778920000048e-01 -3.433400722350000295e-02 1.217819808299999973e-01 4.578168244999999970e-01 4.691030836099999678e-03 -7.545636535859999716e-01 -4.286272633820000233e-01
-5.589605675769999671e-01 -3.172718771320000020e-01 -2.369658277940000189e-03 3.482170050949999762e-01 -3.433400722350000295e-02 2.541711820220000084e-01 4.398644134790000160e-01 2.925858557590000145e-03 -7.366805280110000353e-01 -4.286272633820000233e-01
-5.583721768170000210e-01 -3.172718771320000020e-01 -2.369658277940000189e-03 3.482170050949999762e-01 -3.433400722350000295e-02 3.336046661559999849e-01 4.503365176060000197e-01 -1.060722036119999927e-02 -7.496864719760000240e-01 -4.286272633820000233e-01
-5.589605675769999671e-01 -3.172718771320000020e-01 -2.369658277940000189e-03 3.482170050949999762e-01 -3.433400722350000295e-02 3.541986170900000008e-01 4.398644134790000160e-01 -2.060995472299999992e-02 -7.578152343309999539e-01 -3.721074427300000154e-01
-5.583721768170000210e-01 -3.172718771320000020e-01 -2.369658277940000189e-03 3.449655506889999779e-01 -3.433400722350000295e-02 3.524333533610000124e-01 1.092418708030000046e-01 -2.649395376830000065e-02 -7.903300310740000167e-01 -3.687430942380000021e-01
-5.583721768170000210e-01 -3.172718771320000020e-01 -2.369658277940000189e-03 3.449655506889999779e-01 -3.433400722350000295e-02 3.524333533610000124e-01 1.197142074469999956e-01 -2.649395376830000065e-02 -7.675695975509999602e-01 -3.687430942380000021e-01
-5.583721768170000210e-01 -3.172718771320000020e-01 -2.369658277940000189e-03 3.465912778920000048e-01 -3.433400722350000295e-02 3.524333533610000124e-01 1.197142074469999956e-01 -2.649395376830000065e-02 -7.675695975509999602e-01 -3.680702454550000002e-01
-5.583721768170000210e-01 -3.187678920070000088e-01 -2.369658277940000189e-03 3.465912778920000048e-01 -3.433400722350000295e-02 3.524333533610000124e-01 1.197142074469999956e-01 -2.649395376830000065e-02 -7.675695975509999602e-01 -3.687430942380000021e-01
-5.583721768170000210e-01 -3.172718771320000020e-01 -2.369658277940000189e-03 3.465912778920000048e-01 -3.433400722350000295e-02 3.524333533610000124e-01 1.197142074469999956e-01 -2.649395376830000065e-02 -7.675695975509999602e-01 -3.687430942380000021e-01
-5.583721768170000210e-01 -3.172718771320000020e-01 -2.369658277940000189e-03 3.449655506889999779e-01 -3.433400722350000295e-02 3.524333533610000124e-01 1.197142074469999956e-01 -2.649395376830000065e-02 -7.675695975509999602e-01 -3.687430942380000021e-01
-5.583721768170000210e-01 -3.142798473819999883e-01 -2.369658277940000189e-03 3.498427322989999810e-01 -3.433400722350000295e-02 3.077152898380000057e-01 -7.028154184979999719e-02 -1.237239263970000072e-02 -5.383399141310000191e-01 -3.680702454550000002e-01
-5.583721768170000210e-01 -3.187678920070000088e-01 -2.369658277940000189e-03 3.465912778920000048e-01 -3.433400722350000295e-02 2.888866026329999781e-01 -1.465792305570000065e-01 -1.531443788750000076e-02 -2.765953076300000091e-01 -3.667245478889999966e-01
-5.583721768170000210e-01 -3.172718771320000020e-01 -2.369658277940000189e-03 3.465912778920000048e-01 -3.433400722350000295e-02 2.877098211140000084e-01 -1.361068939129999877e-01 -1.531443788750000076e-02 -2.717181260200000059e-01 -3.667245478889999966e-01
-5.583721768170000210e-01 -3.172718771320000020e-01 -2.369658277940000189e-03 3.465912778920000048e-01 -3.433400722350000295e-02 2.877098211140000084e-01 -1.346108790380000086e-01 -1.531443788750000076e-02 -2.424547836840000026e-01 -3.667245478889999966e-01
-5.583721768170000210e-01 -3.172718771320000020e-01 -2.369658277940000189e-03 3.465912778920000048e-01 -3.433400722350000295e-02 2.877098211140000084e-01 -1.331148641630000018e-01 -1.531443788750000076e-02 -2.408288038030000078e-01 -3.673973966719999984e-01
-5.583721768170000210e-01 -3.172718771320000020e-01 -2.369658277940000189e-03 3.465912778920000048e-01 -3.433400722350000295e-02 3.130108066730000194e-01 7.184126640429999711e-02 -3.767346964900000067e-02 -5.090765717949999880e-01 -4.293001121650000251e-01
-5.583721768170000210e-01 -3.172718771320000020e-01 -2.369658277940000189e-03 3.465912778920000048e-01 -3.433400722350000295e-02 3.547870078490000245e-01 4.039598239559999970e-01 -2.531717224919999981e-02 -7.594409615349999587e-01 -4.299729609480000270e-01
-5.583721768170000210e-01 -3.187678920070000088e-01 -2.369658277940000189e-03 3.465912778920000048e-01 -3.433400722350000295e-02 3.471378365250000209e-01 3.815193683090000176e-01 -2.296351776099999839e-02 -6.326329762919999933e-01 -2.543577553660000268e-01
-5.583721768170000210e-01 -3.172718771320000020e-01 -2.369658277940000189e-03 3.449655506889999779e-01 -3.433400722350000295e-02 2.877098211140000084e-01 2.917575457239999781e-01 -8.842048082699999548e-03 -3.351219923020000158e-01 2.891440583599999906e-02
-5.583721768170000210e-01 -3.172718771320000020e-01 -2.369658277940000189e-03 3.465912778920000048e-01 -3.433400722350000295e-02 1.617929182769999863e-01 2.902615308490000268e-01 5.867903805340000251e-03 -3.432506283189999952e-01 3.766154459139999661e-02
-5.583721768170000210e-01 -3.172718771320000020e-01 -2.369658277940000189e-03 3.465912778920000048e-01 -3.433400722350000295e-02 -2.414039073019999884e-02 2.932535605989999850e-01 5.867903805340000251e-03 -3.416249011160000237e-01 3.833439337430000204e-02
