-5.601373490959999923e-01 -3.217599217580000004e-01 -2.958049037439999807e-03 3.465912778920000048e-01 -3.298830965760000261e-02 -5.589928037820000029e-01 2.992376201010000236e-01 4.691030836099999678e-03 -3.383734467089999920e-01 4.573572998670000223e-02
-5.601373490959999923e-01 -3.217599217580000004e-01 -3.546439796939999858e-03 3.465912778920000048e-01 -3.298830965760000261e-02 -5.507551502480000361e-01 4.563208096240000122e-01 4.691030836099999678e-03 -6.131241235140000301e-01 -3.445203288970000166e-01
-5.607257398549999605e-01 -3.202639068829999935e-01 -3.546439796939999858e-03 3.482170050949999762e-01 -3.298830965760000261e-02 -4.248384303120000260e-01 4.772652503950000069e-01 4.691030836099999678e-03 -7.643181431440000395e-01 -4.279544145999999993e-01
-5.607257398549999605e-01 -3.187678920070000088e-01 -3.546439796939999858e-03 3.482170050949999762e-01 -3.298830965760000261e-02 -2.583221078180000241e-01 4.772652503950000069e-01 4.691030836099999678e-03 -7.643181431440000395e-01 -4.286272633820000233e-01
-5.601373490959999923e-01 -3.187678920070000088e-01 -3.546439796939999858e-03 3.482170050949999762e-01 -3.298830965760000261e-02 -6.650489121539999993e-02 4.757690030030000128e-01 4.691030836099999678e-03 -7.626924159410000126e-01 -4.286272633820000233e-01
-5.601373490959999923e-01 -3.187678920070000088e-01 -3.546439796939999858e-03 3.465912778920000048e-01 -3.298830965760000261e-02 1.176631540630000000e-01 4.398644134790000160e-01 4.691030836099999678e-03 -7.626924159410000126e-01 -4.279544145999999993e-01
-5.601373490959999923e-01 -3.187678920070000088e-01 -3.546439796939999858e-03 3.482170050949999762e-01 -3.298830965760000261e-02 2.565247450600000034e-01 4.413604283550000007e-01 1.749077038590000042e-03 -7.561893807889999986e-01 -4.286272633820000233e-01
-5.601373490959999923e-01 -3.187678920070000088e-01 -3.546439796939999858e-03 3.482170050949999762e-01 -3.298830965760000261e-02 3.336046661559999849e-01 4.503365176060000197e-01 -1.060722036119999927e-02 -7.496864719760000240e-01 -4.286272633820000233e-01
-5.601373490959999923e-01 -3.187678920070000088e-01 -3.546439796939999858e-03 3.465912778920000048e-01 -3.298830965760000261e-02 3.559637893679999943e-01 4.518327649989999917e-01 -1.472604712800000028e-02 -7.578152343309999539e-01 -4.286272633820000233e-01
-5.601373490959999923e-01 -3.187678920070000088e-01 -2.958049037439999807e-03 3.482170050949999762e-01 -3.298830965760000261e-02 3.559637893679999943e-01 4.533287798739999985e-01 -1.472604712800000028e-02 -7.594409615349999587e-01 -4.286272633820000233e-01
-5.601373490959999923e-01 -3.187678920070000088e-01 -3.546439796939999858e-03 3.465912778920000048e-01 -3.298830965760000261e-02 3.559637893679999943e-01 4.533287798739999985e-01 -1.472604712800000028e-02 -7.594409615349999587e-01 -4.286272633820000233e-01
-5.607257398549999605e-01 -3.187678920070000088e-01 -2.958049037439999807e-03 3.482170050949999762e-01 -3.366115844059999751e-02 3.559637893679999943e-01 4.533287798739999985e-01 -1.472604712800000028e-02 -7.594409615349999587e-01 -4.286272633820000233e-01
-5.607257398549999605e-01 -3.187678920070000088e-01 -3.546439796939999858e-03 3.482170050949999762e-01 -3.298830965760000261e-02 3.559637893679999943e-01 4.518327649989999917e-01 -1.472604712800000028e-02 -7.594409615349999587e-01 -3.909473132290000041e-01
-5.601373490959999923e-01 -3.202639068829999935e-01 -2.958049037439999807e-03 3.465912778920000048e-01 -3.366115844059999751e-02 3.541986170900000008e-01 2.244361787849999956e-01 -2.531717224919999981e-02 -7.626924159410000126e-01 -3.673973966719999984e-01
-5.607257398549999605e-01 -3.187678920070000088e-01 -2.958049037439999807e-03 3.465912778920000048e-01 -3.298830965760000261e-02 3.530218355709999756e-01 1.167221776969999958e-01 -2.531717224919999981e-02 -7.691954510930000266e-01 -3.667245478889999966e-01
-5.607257398549999605e-01 -3.187678920070000088e-01 -2.958049037439999807e-03 3.465912778920000048e-01 -3.298830965760000261e-02 3.530218355709999756e-01 1.167221776969999958e-01 -2.531717224919999981e-02 -7.675695975509999602e-01 -3.667245478889999966e-01
-5.601373490959999923e-01 -3.187678920070000088e-01 -3.546439796939999858e-03 3.465912778920000048e-01 -3.298830965760000261e-02 3.530218355709999756e-01 1.167221776969999958e-01 -2.531717224919999981e-02 -7.691954510930000266e-01 -3.667245478889999966e-01
-5.601373490959999923e-01 -3.187678920070000088e-01 -3.546439796939999858e-03 3.465912778920000048e-01 -3.366115844059999751e-02 3.530218355709999756e-01 1.167221776969999958e-01 -2.531717224919999981e-02 -7.675695975509999602e-01 -3.673973966719999984e-01
-5.601373490959999923e-01 -3.187678920070000088e-01 -2.958049037439999807e-03 3.465912778920000048e-01 -3.298830965760000261e-02 3.530218355709999756e-01 1.167221776969999958e-01 -2.531717224919999981e-02 -7.691954510930000266e-01 -3.673973966719999984e-01
-5.601373490959999923e-01 -3.187678920070000088e-01 -3.546439796939999858e-03 3.465912778920000048e-01 -3.298830965760000261e-02 3.530218355709999756e-01 1.167221776969999958e-01 -2.531717224919999981e-02 -7.691954510930000266e-01 -3.673973966719999984e-01
-5.601373490959999923e-01 -3.187678920070000088e-01 -3.546439796939999858e-03 3.465912778920000048e-01 -3.298830965760000261e-02 3.530218355709999756e-01 1.167221776969999958e-01 -2.531717224919999981e-02 -7.675695975509999602e-01 -3.673973966719999984e-01
-5.601373490959999923e-01 -3.187678920070000088e-01 -3.546439796939999858e-03 3.465912778920000048e-01 -3.366115844059999751e-02 3.530218355709999756e-01 1.167221776969999958e-01 -2.531717224919999981e-02 -7.675695975509999602e-01 -3.673973966719999984e-01
-5.607257398549999605e-01 -3.187678920070000088e-01 -3.546439796939999858e-03 3.449655506889999779e-01 -3.298830965760000261e-02 3.471378365250000209e-01 8.680141515710000644e-02 -2.355190852050000061e-02 -7.578152343309999539e-01 -3.667245478889999966e-01
-5.601373490959999923e-01 -3.187678920070000088e-01 -3.546439796939999858e-03 3.482170050949999762e-01 -3.298830965760000261e-02 2.971241647160000054e-01 -1.465792305570000065e-01 -1.178400188020000024e-02 -4.554269423930000227e-01 -3.647060015399999910e-01
-5.601373490959999923e-01 -3.172718771320000020e-01 -3.546439796939999858e-03 3.465912778920000048e-01 -3.298830965760000261e-02 2.865329481450000215e-01 -1.316188492879999949e-01 -1.649121940650000173e-02 -2.717181260200000059e-01 -3.640331527569999892e-01
-5.601373490959999923e-01 -3.187678920070000088e-01 -2.958049037439999807e-03 3.465912778920000048e-01 -3.298830965760000261e-02 2.865329481450000215e-01 -1.331148641630000018e-01 -1.590282864699999951e-02 -2.717181260200000059e-01 -3.640331527569999892e-01
-5.601373490959999923e-01 -3.187678920070000088e-01 -2.958049037439999807e-03 3.482170050949999762e-01 -3.298830965760000261e-02 2.865329481450000215e-01 -1.316188492879999949e-01 -1.649121940650000173e-02 -2.717181260200000059e-01 -3.647060015399999910e-01
-5.601373490959999923e-01 -3.172718771320000020e-01 -3.546439796939999858e-03 3.482170050949999762e-01 -3.298830965760000261e-02 2.871213389039999897e-01 -1.316188492879999949e-01 -1.649121940650000173e-02 -2.717181260200000059e-01 -3.653788503229999929e-01
-5.601373490959999923e-01 -3.187678920070000088e-01 -3.546439796939999858e-03 3.482170050949999762e-01 -3.298830965760000261e-02 2.865329481450000215e-01 -1.331148641630000018e-01 -1.649121940650000173e-02 -2.717181260200000059e-01 -3.647060015399999910e-01
-5.601373490959999923e-01 -3.172718771320000020e-01 -3.546439796939999858e-03 3.465912778920000048e-01 -3.298830965760000261e-02 2.935937287090000236e-01 -3.587296720130000310e-02 -3.767346964900000067e-02 -3.838943137560000274e-01 -4.192071712670000228e-01
-5.607257398549999605e-01 -3.187678920070000088e-01 -2.958049037439999807e-03 3.482170050949999762e-01 -3.298830965760000261e-02 3.465494457659999972e-01 3.186860459959999781e-01 -3.120107984430000106e-02 -7.301774928590000213e-01 -4.266087170339999957e-01
-5.601373490959999923e-01 -3.187678920070000088e-01 -3.546439796939999858e-03 3.482170050949999762e-01 -3.298830965760000261e-02 3.577289616470000211e-01 4.398644134790000160e-01 -2.355190852050000061e-02 -7.659438703480000443e-01 -4.266087170339999957e-01
-5.601373490959999923e-01 -3.187678920070000088e-01 -2.958049037439999807e-03 3.465912778920000048e-01 -3.366115844059999751e-02 3.577289616470000211e-01 4.578168244999999970e-01 -2.296351776099999839e-02 -7.643181431440000395e-01 -4.266087170339999957e-01
-5.601373490959999923e-01 -3.202639068829999935e-01 -2.958049037439999807e-03 3.465912778920000048e-01 -3.298830965760000261e-02 3.453726642470000274e-01 3.860074129350000161e-01 -2.296351776099999839e-02 -6.456389202569999819e-01 -2.409005705529999875e-01
-5.607257398549999605e-01 -3.172718771320000020e-01 -3.546439796939999858e-03 3.465912778920000048e-01 -3.298830965760000261e-02 2.877098211140000084e-01 2.902615308490000268e-01 -9.430438842200000032e-03 -3.692625162489999724e-01 2.958725461890000102e-02
-5.601373490959999923e-01 -3.187678920070000088e-01 -2.958049037439999807e-03 3.465912778920000048e-01 -3.298830965760000261e-02 1.635580905560000131e-01 2.932535605989999850e-01 5.867903805340000251e-03 -3.383734467089999920e-01 3.766154459139999661e-02
-5.601373490959999923e-01 -3.172718771320000020e-01 -2.958049037439999807e-03 3.465912778920000048e-01 -3.298830965760000261e-02 -2.178673624200000089e-02 2.947495754750000252e-01 6.456294564839999868e-03 -3.383734467089999920e-01 3.833439337430000204e-02
-5.601373490959999923e-01 -3.187678920070000088e-01 -3.546439796939999858e-03 3.465912778920000048e-01 -3.298830965760000261e-02 -2.006592646850000050e-01 3.022296498509999818e-01 6.456294564839999868e-03 -3.399991739120000189e-01 3.900724215729999694e-02
