-5.589605675769999671e-01 -3.217599217580000004e-01 -2.369658277940000189e-03 3.465912778920000048e-01 -3.433400722350000295e-02 -5.584044130219999458e-01 3.171900311210000267e-01 4.691030836099999678e-03 -3.416249011160000237e-01 4.439003242080000189e-02
-5.524881777719999887e-01 -2.260140396720000111e-01 -3.473151585149999998e-02 2.100286767519999875e-01 1.755968000199999990e-01 -5.578160222629999776e-01 3.171900311210000267e-01 4.691030836099999678e-03 -3.416249011160000237e-01 4.439003242080000189e-02
-3.977398990939999823e-01 1.420091074029999900e-01 -1.871261857669999917e-01 -1.801496421949999871e-01 5.873842814020000525e-01 -5.584044130219999458e-01 3.171900311210000267e-01 4.102640076600000060e-03 -3.416249011160000237e-01 4.439003242080000189e-02
-2.118065900860000017e-01 4.322387834129999828e-01 -3.583495428860000165e-01 -2.581853059840000242e-01 6.068971052610000472e-01 -5.584044130219999458e-01 3.171900311210000267e-01 4.691030836099999678e-03 -3.416249011160000237e-01 4.439003242080000189e-02
-8.294782490209999526e-02 4.726316500789999875e-01 -4.524929789089999765e-01 -2.581853059840000242e-01 6.068971052610000472e-01 -5.578160222629999776e-01 3.171900311210000267e-01 4.691030836099999678e-03 -3.416249011160000237e-01 4.439003242080000189e-02
-6.764948225450000130e-02 4.726316500789999875e-01 -4.572001049850000221e-01 -2.598110331869999956e-01 6.068971052610000472e-01 -5.584044130219999458e-01 3.171900311210000267e-01 4.691030836099999678e-03 -3.416249011160000237e-01 4.439003242080000189e-02
-6.764948225450000130e-02 4.726316500789999875e-01 -4.572001049850000221e-01 -2.598110331869999956e-01 6.068971052610000472e-01 -5.578160222629999776e-01 3.171900311210000267e-01 4.691030836099999678e-03 -3.416249011160000237e-01 4.439003242080000189e-02
-6.764948225450000130e-02 4.726316500789999875e-01 -4.572001049850000221e-01 -2.598110331869999956e-01 6.068971052610000472e-01 -5.584044130219999458e-01 3.171900311210000267e-01 4.102640076600000060e-03 -3.416249011160000237e-01 4.439003242080000189e-02
-6.764948225450000130e-02 4.726316500789999875e-01 -4.572001049850000221e-01 -2.598110331869999956e-01 6.439041543429999681e-01 -5.578160222629999776e-01 3.171900311210000267e-01 4.102640076600000060e-03 -3.416249011160000237e-01 4.439003242080000189e-02
-8.765495097809999914e-02 4.741276649550000277e-01 -4.577884957439999902e-01 3.078461107110000124e-04 6.499598456780000255e-01 -5.578160222629999776e-01 3.156940162460000199e-01 4.102640076600000060e-03 -3.416249011160000237e-01 4.506288120379999679e-02
-8.706656021860000039e-02 4.726316500789999875e-01 -4.577884957439999902e-01 4.311295978169999987e-01 6.506326944610000274e-01 -5.584044130219999458e-01 3.171900311210000267e-01 4.691030836099999678e-03 -3.416249011160000237e-01 4.506288120379999679e-02
-9.295055926390000112e-02 4.741276649550000277e-01 -4.583768865039999918e-01 7.205120721290000363e-01 6.506326944610000274e-01 -5.584044130219999458e-01 3.171900311210000267e-01 4.102640076600000060e-03 -3.416249011160000237e-01 4.506288120379999679e-02
-9.295055926390000112e-02 4.741276649550000277e-01 -4.589652772630000155e-01 7.383950713650000441e-01 6.506326944610000274e-01 -5.584044130219999458e-01 3.171900311210000267e-01 4.102640076600000060e-03 -3.416249011160000237e-01 4.506288120379999679e-02
-9.295055926390000112e-02 4.741276649550000277e-01 -4.589652772630000155e-01 7.465237073810000457e-01 6.506326944610000274e-01 -5.578160222629999776e-01 3.171900311210000267e-01 4.102640076600000060e-03 -3.416249011160000237e-01 4.506288120379999679e-02
-9.295055926390000112e-02 4.741276649550000277e-01 -4.589652772630000155e-01 7.448979801780000187e-01 6.506326944610000274e-01 -5.578160222629999776e-01 3.171900311210000267e-01 4.102640076600000060e-03 -3.416249011160000237e-01 4.506288120379999679e-02
-9.295055926390000112e-02 4.741276649550000277e-01 -4.583768865039999918e-01 6.245931564259999957e-01 6.513055432440000292e-01 -5.578160222629999776e-01 3.171900311210000267e-01 4.102640076600000060e-03 -3.416249011160000237e-01 4.506288120379999679e-02
-9.295055926390000112e-02 4.741276649550000277e-01 -4.589652772630000155e-01 3.677257315349999889e-01 6.513055432440000292e-01 -5.584044130219999458e-01 3.171900311210000267e-01 4.102640076600000060e-03 -3.416249011160000237e-01 4.506288120379999679e-02
-9.295055926390000112e-02 4.741276649550000277e-01 -4.589652772630000155e-01 3.661000043309999841e-01 6.513055432440000292e-01 -5.578160222629999776e-01 3.171900311210000267e-01 4.691030836099999678e-03 -3.416249011160000237e-01 4.506288120379999679e-02
-9.295055926390000112e-02 4.741276649550000277e-01 -4.589652772630000155e-01 3.612228227209999809e-01 6.506326944610000274e-01 -5.578160222629999776e-01 3.171900311210000267e-01 4.102640076600000060e-03 -3.416249011160000237e-01 4.506288120379999679e-02
-9.295055926390000112e-02 4.741276649550000277e-01 -4.583768865039999918e-01 3.612228227209999809e-01 6.506326944610000274e-01 -5.584044130219999458e-01 3.171900311210000267e-01 4.102640076600000060e-03 -3.416249011160000237e-01 4.506288120379999679e-02
-6.706109149500000255e-02 4.741276649550000277e-01 -4.583768865039999918e-01 2.571752710019999943e-01 6.250641792669999752e-01 -5.578160222629999776e-01 3.171900311210000267e-01 4.102640076600000060e-03 -3.416249011160000237e-01 4.506288120379999679e-02
-6.706109149500000255e-02 4.726316500789999875e-01 -4.589652772630000155e-01 -1.427574111640000087e-01 6.250641792669999752e-01 -5.584044130219999458e-01 3.171900311210000267e-01 4.102640076600000060e-03 -3.416249011160000237e-01 4.506288120379999679e-02
-6.706109149500000255e-02 4.741276649550000277e-01 -4.577884957439999902e-01 -2.549338515780000258e-01 5.678715098309999876e-01 -5.584044130219999458e-01 3.171900311210000267e-01 4.102640076600000060e-03 -3.399991739120000189e-01 4.506288120379999679e-02
-1.476714485989999992e-01 1.943703255889999981e-01 -3.477583263149999770e-01 7.834376257769999630e-02 7.601423895059999936e-02 -5.584044130219999458e-01 3.171900311210000267e-01 4.102640076600000060e-03 -3.416249011160000237e-01 4.573572998670000223e-02
-3.336046661559999849e-01 -1.437325239799999987e-01 -1.653555447639999954e-01 3.449655506889999779e-01 -3.164261209170000227e-02 -5.584044130219999458e-01 3.156940162460000199e-01 4.102640076600000060e-03 -3.399991739120000189e-01 4.640857876969999712e-02
-5.018861152039999496e-01 -2.858553322340000036e-01 -2.767073528730000162e-02 3.514684595020000080e-01 -3.298830965760000261e-02 -5.584044130219999458e-01 3.201820608720000183e-01 4.102640076600000060e-03 -3.367477195060000206e-01 4.640857876969999712e-02
