-5.601373490959999923e-01 -3.217599217580000004e-01 -3.546439796939999858e-03 3.433398234860000064e-01 -2.962406574289999997e-02 -5.572276315030000315e-01 3.156940162460000199e-01 5.279513045829999952e-03 -3.416249011160000237e-01 4.573572998670000223e-02
-5.601373490959999923e-01 -3.202639068829999935e-01 -2.958049037439999807e-03 3.433398234860000064e-01 -2.962406574289999997e-02 -5.542854948050000008e-01 3.171900311210000267e-01 -1.171069537840000035e-01 -2.473319652930000001e-01 -3.445203288970000166e-01
-5.601373490959999923e-01 -3.202639068829999935e-01 -2.958049037439999807e-03 3.433398234860000064e-01 -2.962406574289999997e-02 -4.395481992990000197e-01 3.186860459959999781e-01 -1.853610134879999927e-01 -2.310744405830000014e-01 -6.439409654669999705e-01
-5.601373490959999923e-01 -3.217599217580000004e-01 -3.546439796939999858e-03 3.433398234860000064e-01 -2.895121695990000160e-02 -2.712668874279999809e-01 3.171900311210000267e-01 -1.859494042469999886e-01 -2.278229861770000031e-01 -6.540336972110000202e-01
-5.595489583360000463e-01 -3.202639068829999935e-01 -2.958049037439999807e-03 3.433398234860000064e-01 -2.895121695990000160e-02 -8.298001538190000193e-02 3.141980013699999796e-01 -1.859494042469999886e-01 -2.196943501599999959e-01 -6.560522435600000257e-01
-5.601373490959999923e-01 -3.202639068829999935e-01 -3.546439796939999858e-03 3.433398234860000064e-01 -2.895121695990000160e-02 1.106024649490000011e-01 2.782931793299999734e-01 -1.859494042469999886e-01 -2.083140070600000004e-01 -6.560522435600000257e-01
-5.601373490959999923e-01 -3.202639068829999935e-01 -2.958049037439999807e-03 3.433398234860000064e-01 -2.962406574289999997e-02 2.712346969480000092e-01 2.573487385589999787e-01 -1.853610134879999927e-01 -2.115654614670000044e-01 -6.560522435600000257e-01
-5.595489583360000463e-01 -3.202639068829999935e-01 -3.546439796939999858e-03 3.433398234860000064e-01 -2.962406574289999997e-02 3.694968682870000132e-01 2.618370157009999866e-01 -1.983057016470000100e-01 -2.196943501599999959e-01 -6.560522435600000257e-01
-5.601373490959999923e-01 -3.202639068829999935e-01 -3.546439796939999858e-03 3.433398234860000064e-01 -2.962406574289999997e-02 4.112730694630000183e-01 3.007336349759999750e-01 -2.106619990470000037e-01 -2.359516221930000046e-01 -6.560522435600000257e-01
-5.601373490959999923e-01 -3.202639068829999935e-01 -3.546439796939999858e-03 3.433398234860000064e-01 -2.962406574289999997e-02 4.142150232599999815e-01 3.007336349759999750e-01 -2.112503898070000052e-01 -2.359516221930000046e-01 -6.560522435600000257e-01
-5.601373490959999923e-01 -3.202639068829999935e-01 -3.546439796939999858e-03 3.433398234860000064e-01 -2.895121695990000160e-02 4.142150232599999815e-01 3.067176944769999802e-01 -2.112503898070000052e-01 -2.359516221930000046e-01 -6.560522435600000257e-01
-5.601373490959999923e-01 -3.202639068829999935e-01 -2.958049037439999807e-03 3.433398234860000064e-01 -2.895121695990000160e-02 4.142150232599999815e-01 3.067176944769999802e-01 -2.112503898070000052e-01 -2.359516221930000046e-01 -6.560522435600000257e-01
-5.601373490959999923e-01 -3.202639068829999935e-01 -2.958049037439999807e-03 3.433398234860000064e-01 -2.962406574289999997e-02 4.265713206599999752e-01 3.067176944769999802e-01 -2.253719509350000094e-01 -2.375773493960000038e-01 -5.968411323529999590e-01
-5.601373490959999923e-01 -3.202639068829999935e-01 -3.546439796939999858e-03 3.433398234860000064e-01 -2.962406574289999997e-02 4.412812725479999809e-01 4.042448898920000117e-02 -3.642334504809999762e-01 -2.359516221930000046e-01 -2.065849688910000037e-01
-5.595489583360000463e-01 -3.202639068829999935e-01 -3.546439796939999858e-03 3.433398234860000064e-01 -2.895121695990000160e-02 4.412812725479999809e-01 -3.290946729609999788e-01 -3.907114004600000245e-01 -2.408288038030000078e-01 -1.863992962490000072e-01
-5.601373490959999923e-01 -3.202639068829999935e-01 -3.546439796939999858e-03 3.433398234860000064e-01 -2.895121695990000160e-02 4.418696633079999825e-01 -4.502730404440000167e-01 -3.907114004600000245e-01 -2.440805108870000018e-01 -1.863992962490000072e-01
-5.601373490959999923e-01 -3.202639068829999935e-01 -2.958049037439999807e-03 3.433398234860000064e-01 -2.962406574289999997e-02 4.418696633079999825e-01 -4.697214663400000045e-01 -3.907114004600000245e-01 -2.440805108870000018e-01 -1.863992962490000072e-01
-5.601373490959999923e-01 -3.202639068829999935e-01 -2.958049037439999807e-03 3.433398234860000064e-01 -2.895121695990000160e-02 4.418696633079999825e-01 -4.697214663400000045e-01 -3.907114004600000245e-01 -2.440805108870000018e-01 -1.863992962490000072e-01
-5.601373490959999923e-01 -3.202639068829999935e-01 -3.546439796939999858e-03 3.433398234860000064e-01 -2.962406574289999997e-02 4.412812725479999809e-01 -4.682254514649999977e-01 -3.907114004600000245e-01 -2.440805108870000018e-01 -1.877449938150000108e-01
-5.595489583360000463e-01 -3.202639068829999935e-01 -3.546439796939999858e-03 3.433398234860000064e-01 -2.962406574289999997e-02 4.412812725479999809e-01 -4.697214663400000045e-01 -3.907114004600000245e-01 -2.440805108870000018e-01 -1.877449938150000108e-01
-5.601373490959999923e-01 -3.202639068829999935e-01 -2.958049037439999807e-03 3.433398234860000064e-01 -2.895121695990000160e-02 4.418696633079999825e-01 -4.697214663400000045e-01 -3.907114004600000245e-01 -2.440805108870000018e-01 -1.877449938150000108e-01
-5.601373490959999923e-01 -3.202639068829999935e-01 -2.958049037439999807e-03 3.433398234860000064e-01 -2.962406574289999997e-02 4.418696633079999825e-01 -4.682254514649999977e-01 -3.907114004600000245e-01 -2.440805108870000018e-01 -1.877449938150000108e-01
-5.601373490959999923e-01 -3.202639068829999935e-01 -3.546439796939999858e-03 3.433398234860000064e-01 -2.895121695990000160e-02 4.418696633079999825e-01 -4.607453770880000077e-01 -3.907114004600000245e-01 -2.457062380900000009e-01 -1.863992962490000072e-01
-5.601373490959999923e-01 -3.202639068829999935e-01 -3.546439796939999858e-03 3.433398234860000064e-01 -2.962406574289999997e-02 4.418696633079999825e-01 -4.068881440270000205e-01 -3.907114004600000245e-01 -2.522091469030000033e-01 -1.863992962490000072e-01
-5.601373490959999923e-01 -3.202639068829999935e-01 -3.546439796939999858e-03 3.433398234860000064e-01 -2.962406574289999997e-02 4.418696633079999825e-01 -4.068881440270000205e-01 -3.907114004600000245e-01 -2.538348741070000081e-01 -1.863992962490000072e-01
-5.601373490959999923e-01 -3.202639068829999935e-01 -2.958049037439999807e-03 3.433398234860000064e-01 -2.962406574289999997e-02 4.412812725479999809e-01 -4.068881440270000205e-01 -3.907114004600000245e-01 -2.522091469030000033e-01 -1.877449938150000108e-01
-5.601373490959999923e-01 -3.202639068829999935e-01 -3.546439796939999858e-03 3.433398234860000064e-01 -2.962406574289999997e-02 4.418696633079999825e-01 -4.068881440270000205e-01 -3.907114004600000245e-01 -2.522091469030000033e-01 -1.877449938150000108e-01
-5.601373490959999923e-01 -3.202639068829999935e-01 -2.958049037439999807e-03 3.433398234860000064e-01 -2.962406574289999997e-02 4.418696633079999825e-01 -4.068881440270000205e-01 -3.907114004600000245e-01 -2.522091469030000033e-01 -1.877449938150000108e-01
-5.601373490959999923e-01 -3.202639068829999935e-01 -3.546439796939999858e-03 3.433398234860000064e-01 -2.962406574289999997e-02 4.418696633079999825e-01 -4.053921291520000136e-01 -3.907114004600000245e-01 -2.522091469030000033e-01 -1.877449938150000108e-01
-5.601373490959999923e-01 -3.202639068829999935e-01 -3.546439796939999858e-03 3.433398234860000064e-01 -2.962406574289999997e-02 4.401044910290000112e-01 -3.335827175869999772e-01 -3.418744187189999839e-01 -2.652149645290000080e-01 -3.633603039739999874e-01
-5.601373490959999923e-01 -3.202639068829999935e-01 -3.546439796939999858e-03 3.433398234860000064e-01 -2.962406574289999997e-02 4.112730694630000183e-01 3.023884590150000169e-03 -2.336095130180000090e-01 -3.221161746760000111e-01 -6.466323605989999779e-01
-5.601373490959999923e-01 -3.202639068829999935e-01 -2.958049037439999807e-03 3.433398234860000064e-01 -2.962406574289999997e-02 4.148034140199999831e-01 2.678210752030000252e-01 -2.212532156189999932e-01 -2.798467620360000074e-01 -6.540336972110000202e-01
-5.601373490959999923e-01 -3.202639068829999935e-01 -2.958049037439999807e-03 3.433398234860000064e-01 -2.895121695990000160e-02 4.206874130650000154e-01 3.007336349759999750e-01 -2.177227796110000058e-01 -2.652149645290000080e-01 -6.553793947770000239e-01
-5.595489583360000463e-01 -3.202639068829999935e-01 -3.546439796939999858e-03 3.433398234860000064e-01 -2.962406574289999997e-02 4.130382417410000118e-01 3.186860459959999781e-01 -1.730046246380000097e-01 -3.269933562860000142e-01 -5.073514076039999932e-01
-5.595489583360000463e-01 -3.202639068829999935e-01 -2.958049037439999807e-03 3.433398234860000064e-01 -2.895121695990000160e-02 3.312511031179999899e-01 3.186860459959999781e-01 -4.296907793480000265e-02 -3.432506283189999952e-01 -6.074149185580000193e-03
-5.601373490959999923e-01 -3.202639068829999935e-01 -3.546439796939999858e-03 3.433398234860000064e-01 -2.895121695990000160e-02 2.365192763360000061e-01 3.097099567450000146e-01 -5.311703525679999614e-03 -3.399991739120000189e-01 3.698859123139999761e-02
-5.601373490959999923e-01 -3.202639068829999935e-01 -2.958049037439999807e-03 3.433398234860000064e-01 -2.962406574289999997e-02 6.823787301400000005e-02 3.022296498509999818e-01 6.456294564839999868e-03 -3.399991739120000189e-01 3.833439337430000204e-02
-5.601373490959999923e-01 -3.202639068829999935e-01 -3.546439796939999858e-03 3.433398234860000064e-01 -2.962406574289999997e-02 -1.135766092269999972e-01 3.052216796019999734e-01 6.456294564839999868e-03 -3.416249011160000237e-01 3.833439337430000204e-02
