-5.595489583360000463e-01 -3.202639068829999935e-01 -2.958049037439999807e-03 3.465912778920000048e-01 -3.164261209170000227e-02 -5.584044130219999458e-01 3.156940162460000199e-01 4.691030836099999678e-03 -3.432506283189999952e-01 4.573572998670000223e-02
-5.595489583360000463e-01 -3.202639068829999935e-01 -2.958049037439999807e-03 3.465912778920000048e-01 -3.164261209170000227e-02 -5.536971040460000326e-01 3.141980013699999796e-01 -1.200489990320000033e-01 -2.489576924970000049e-01 -3.525946188699999873e-01
-5.595489583360000463e-01 -3.202639068829999935e-01 -2.958049037439999807e-03 3.465912778920000048e-01 -3.164261209170000227e-02 -4.371946362610000247e-01 3.171900311210000267e-01 -1.859494042469999886e-01 -2.310744405830000014e-01 -6.452866630329999742e-01
-5.595489583360000463e-01 -3.202639068829999935e-01 -2.958049037439999807e-03 3.465912778920000048e-01 -3.164261209170000227e-02 -2.959794822269999903e-01 3.156940162460000199e-01 -1.859494042469999886e-01 -2.278229861770000031e-01 -6.526879996450000165e-01
-5.595489583360000463e-01 -3.202639068829999935e-01 -2.958049037439999807e-03 3.465912778920000048e-01 -3.164261209170000227e-02 -8.474518766039999818e-02 3.127019864949999728e-01 -1.859494042469999886e-01 -2.196943501599999959e-01 -6.560522435600000257e-01
-5.595489583360000463e-01 -3.202639068829999935e-01 -2.958049037439999807e-03 3.465912778920000048e-01 -3.164261209170000227e-02 1.076604197019999931e-01 2.827812239549999940e-01 -1.859494042469999886e-01 -2.066882798570000013e-01 -6.560522435600000257e-01
-5.595489583360000463e-01 -3.202639068829999935e-01 -2.958049037439999807e-03 3.465912778920000048e-01 -3.164261209170000227e-02 2.729998692260000026e-01 2.573487385589999787e-01 -1.859494042469999886e-01 -2.115654614670000044e-01 -6.560522435600000257e-01
-5.595489583360000463e-01 -3.202639068829999935e-01 -2.958049037439999807e-03 3.465912778920000048e-01 -3.164261209170000227e-02 3.694968682870000132e-01 2.618370157009999866e-01 -1.983057016470000100e-01 -2.196943501599999959e-01 -6.560522435600000257e-01
-5.595489583360000463e-01 -3.202639068829999935e-01 -2.958049037439999807e-03 3.465912778920000048e-01 -3.164261209170000227e-02 4.130382417410000118e-01 2.992376201010000236e-01 -2.106619990470000037e-01 -2.359516221930000046e-01 -6.560522435600000257e-01
-5.595489583360000463e-01 -3.202639068829999935e-01 -2.958049037439999807e-03 3.465912778920000048e-01 -3.164261209170000227e-02 4.189221493360000270e-01 3.067176944769999802e-01 -2.106619990470000037e-01 -2.375773493960000038e-01 -6.560522435600000257e-01
-5.595489583360000463e-01 -3.202639068829999935e-01 -2.958049037439999807e-03 3.465912778920000048e-01 -3.164261209170000227e-02 4.195106315459999902e-01 3.067176944769999802e-01 -2.106619990470000037e-01 -2.375773493960000038e-01 -6.560522435600000257e-01
-5.601373490959999923e-01 -3.202639068829999935e-01 -2.958049037439999807e-03 3.465912778920000048e-01 -3.164261209170000227e-02 4.195106315459999902e-01 3.067176944769999802e-01 -2.106619990470000037e-01 -2.359516221930000046e-01 -6.560522435600000257e-01
-5.595489583360000463e-01 -3.202639068829999935e-01 -2.958049037439999807e-03 3.465912778920000048e-01 -3.164261209170000227e-02 4.195106315459999902e-01 3.067176944769999802e-01 -2.218416063779999892e-01 -2.375773493960000038e-01 -6.089524104460000142e-01
-5.595489583360000463e-01 -3.202639068829999935e-01 -2.958049037439999807e-03 3.465912778920000048e-01 -3.164261209170000227e-02 4.412812725479999809e-01 5.388885538379999812e-02 -3.607031059240000115e-01 -2.359516221930000046e-01 -2.092763640230000111e-01
-5.595489583360000463e-01 -3.202639068829999935e-01 -2.958049037439999807e-03 3.465912778920000048e-01 -3.164261209170000227e-02 4.418696633079999825e-01 -3.111422619409999757e-01 -3.907114004600000245e-01 -2.375773493960000038e-01 -1.870721450320000090e-01
-5.595489583360000463e-01 -3.202639068829999935e-01 -2.958049037439999807e-03 3.465912778920000048e-01 -3.164261209170000227e-02 4.418696633079999825e-01 -4.442889809430000114e-01 -3.907114004600000245e-01 -2.440805108870000018e-01 -1.870721450320000090e-01
-5.595489583360000463e-01 -3.202639068829999935e-01 -2.958049037439999807e-03 3.465912778920000048e-01 -3.164261209170000227e-02 4.418696633079999825e-01 -4.667294365890000130e-01 -3.907114004600000245e-01 -2.440805108870000018e-01 -1.863992962490000072e-01
-5.595489583360000463e-01 -3.202639068829999935e-01 -2.958049037439999807e-03 3.465912778920000048e-01 -3.164261209170000227e-02 4.418696633079999825e-01 -4.667294365890000130e-01 -3.907114004600000245e-01 -2.440805108870000018e-01 -1.863992962490000072e-01
-5.595489583360000463e-01 -3.202639068829999935e-01 -2.958049037439999807e-03 3.465912778920000048e-01 -3.164261209170000227e-02 4.418696633079999825e-01 -4.667294365890000130e-01 -3.907114004600000245e-01 -2.440805108870000018e-01 -1.890907959579999909e-01
-5.595489583360000463e-01 -3.202639068829999935e-01 -2.958049037439999807e-03 3.465912778920000048e-01 -3.164261209170000227e-02 4.418696633079999825e-01 -4.667294365890000130e-01 -3.912997912189999927e-01 -2.440805108870000018e-01 -1.890907959579999909e-01
-5.595489583360000463e-01 -3.202639068829999935e-01 -2.958049037439999807e-03 3.465912778920000048e-01 -3.164261209170000227e-02 4.418696633079999825e-01 -4.652334217140000061e-01 -3.907114004600000245e-01 -2.440805108870000018e-01 -1.890907959579999909e-01
-5.595489583360000463e-01 -3.202639068829999935e-01 -2.958049037439999807e-03 3.465912778920000048e-01 -3.164261209170000227e-02 4.418696633079999825e-01 -4.667294365890000130e-01 -3.912997912189999927e-01 -2.440805108870000018e-01 -1.890907959579999909e-01
-5.595489583360000463e-01 -3.202639068829999935e-01 -2.958049037439999807e-03 3.465912778920000048e-01 -3.164261209170000227e-02 4.418696633079999825e-01 -4.667294365890000130e-01 -3.907114004600000245e-01 -2.440805108870000018e-01 -1.870721450320000090e-01
-5.595489583360000463e-01 -3.202639068829999935e-01 -2.958049037439999807e-03 3.465912778920000048e-01 -3.164261209170000227e-02 4.418696633079999825e-01 -4.068881440270000205e-01 -3.907114004600000245e-01 -2.522091469030000033e-01 -1.870721450320000090e-01
-5.595489583360000463e-01 -3.187678920070000088e-01 -2.958049037439999807e-03 3.465912778920000048e-01 -3.164261209170000227e-02 4.418696633079999825e-01 -4.053921291520000136e-01 -3.907114004600000245e-01 -2.522091469030000033e-01 -1.870721450320000090e-01
-5.595489583360000463e-01 -3.202639068829999935e-01 -2.958049037439999807e-03 3.465912778920000048e-01 -3.164261209170000227e-02 4.418696633079999825e-01 -4.053921291520000136e-01 -3.907114004600000245e-01 -2.522091469030000033e-01 -1.884179471749999890e-01
-5.595489583360000463e-01 -3.202639068829999935e-01 -2.958049037439999807e-03 3.465912778920000048e-01 -3.164261209170000227e-02 4.418696633079999825e-01 -4.053921291520000136e-01 -3.907114004600000245e-01 -2.522091469030000033e-01 -1.884179471749999890e-01
-5.595489583360000463e-01 -3.202639068829999935e-01 -2.958049037439999807e-03 3.465912778920000048e-01 -3.164261209170000227e-02 4.418696633079999825e-01 -4.053921291520000136e-01 -3.907114004600000245e-01 -2.522091469030000033e-01 -1.884179471749999890e-01
-5.595489583360000463e-01 -3.202639068829999935e-01 -2.958049037439999807e-03 3.465912778920000048e-01 -3.164261209170000227e-02 4.418696633079999825e-01 -4.053921291520000136e-01 -3.907114004600000245e-01 -2.522091469030000033e-01 -1.884179471749999890e-01
-5.595489583360000463e-01 -3.202639068829999935e-01 -2.958049037439999807e-03 3.465912778920000048e-01 -3.164261209170000227e-02 4.401044910290000112e-01 -3.365747473369999909e-01 -3.430512002389999870e-01 -2.635892373259999810e-01 -3.586502579160000259e-01
-5.595489583360000463e-01 -3.202639068829999935e-01 -2.958049037439999807e-03 3.465912778920000048e-01 -3.164261209170000227e-02 4.118614602219999865e-01 3.185483958869999942e-05 -2.336095130180000090e-01 -3.204901947959999942e-01 -6.466323605989999779e-01
-5.595489583360000463e-01 -3.202639068829999935e-01 -2.958049037439999807e-03 3.465912778920000048e-01 -3.164261209170000227e-02 4.148034140199999831e-01 2.678210752030000252e-01 -2.212532156189999932e-01 -2.814724892400000122e-01 -6.540336972110000202e-01
-5.601373490959999923e-01 -3.187678920070000088e-01 -2.958049037439999807e-03 3.465912778920000048e-01 -3.164261209170000227e-02 4.212758038250000170e-01 3.007336349759999750e-01 -2.177227796110000058e-01 -2.408288038030000078e-01 -6.567250923430000276e-01
-5.595489583360000463e-01 -3.202639068829999935e-01 -2.958049037439999807e-03 3.465912778920000048e-01 -3.164261209170000227e-02 4.159801955390000083e-01 3.141980013699999796e-01 -1.783002329239999906e-01 -3.253676290829999873e-01 -5.275368710919999815e-01
-5.595489583360000463e-01 -3.202639068829999935e-01 -2.958049037439999807e-03 3.465912778920000048e-01 -3.164261209170000227e-02 3.365467114039999985e-01 3.186860459959999781e-01 -4.944137628930000278e-02 -3.432506283189999952e-01 -2.424117090220000159e-02
-5.601373490959999923e-01 -3.202639068829999935e-01 -2.958049037439999807e-03 3.465912778920000048e-01 -3.164261209170000227e-02 2.471104014570000007e-01 3.097099567450000146e-01 -5.900094285180000099e-03 -3.383734467089999920e-01 3.698859123139999761e-02
-5.595489583360000463e-01 -3.202639068829999935e-01 -2.958049037439999807e-03 3.465912778920000048e-01 -3.164261209170000227e-02 8.353621566159999401e-02 2.992376201010000236e-01 7.044685324340000353e-03 -3.383734467089999920e-01 3.766154459139999661e-02
-5.595489583360000463e-01 -3.202639068829999935e-01 -2.958049037439999807e-03 3.465912778920000048e-01 -3.164261209170000227e-02 -1.065158286629999951e-01 3.007336349759999750e-01 6.456294564839999868e-03 -3.383734467089999920e-01 3.833439337430000204e-02
