-5.601373490959999923e-01 -3.217599217580000004e-01 -2.958049037439999807e-03 3.449655506889999779e-01 -3.029691452579999847e-02 -5.607579760599999963e-01 3.186860459959999781e-01 4.691030836099999678e-03 -3.399991739120000189e-01 4.640857876969999712e-02
-5.601373490959999923e-01 -3.217599217580000004e-01 -2.958049037439999807e-03 3.465912778920000048e-01 -3.029691452579999847e-02 -5.160397296369999554e-01 1.256982669479999870e-01 7.000304529259999964e-02 -9.451209212109999702e-02 -3.438474801149999927e-01
-5.601373490959999923e-01 -3.202639068829999935e-01 -2.958049037439999807e-03 3.449655506889999779e-01 -3.029691452579999847e-02 -3.383440741620000192e-01 -2.587812762719999826e-01 2.388728393740000011e-01 2.468939053729999888e-01 -6.042424689650000014e-01
-5.601373490959999923e-01 -3.202639068829999935e-01 -2.958049037439999807e-03 3.449655506889999779e-01 -3.096976330880000031e-02 -1.659439355239999969e-01 -4.457849958180000183e-01 3.953863360559999873e-01 2.712800660990000168e-01 -6.102981080110000400e-01
-5.601373490959999923e-01 -3.202639068829999935e-01 -2.369658277940000189e-03 3.449655506889999779e-01 -3.029691452579999847e-02 -7.474245329869999566e-02 -4.652334217140000061e-01 4.536375699479999746e-01 2.777829749130000248e-01 -6.102981080110000400e-01
-5.601373490959999923e-01 -3.202639068829999935e-01 -2.369658277940000189e-03 3.465912778920000048e-01 -3.029691452579999847e-02 -6.827006349389999618e-02 -4.652334217140000061e-01 4.536375699479999746e-01 2.794089547929999862e-01 -6.102981080110000400e-01
-5.601373490959999923e-01 -3.217599217580000004e-01 -2.369658277940000189e-03 3.449655506889999779e-01 -3.029691452579999847e-02 -6.827006349389999618e-02 -4.652334217140000061e-01 4.536375699479999746e-01 2.794089547929999862e-01 -6.102981080110000400e-01
-5.601373490959999923e-01 -3.217599217580000004e-01 -2.958049037439999807e-03 3.465912778920000048e-01 -3.029691452579999847e-02 -6.827006349389999618e-02 -4.652334217140000061e-01 4.536375699479999746e-01 2.794089547929999862e-01 -6.096252592290000161e-01
-5.601373490959999923e-01 -3.217599217580000004e-01 -2.958049037439999807e-03 3.449655506889999779e-01 -3.029691452579999847e-02 -6.827006349389999618e-02 -4.652334217140000061e-01 4.536375699479999746e-01 2.794089547929999862e-01 -6.102981080110000400e-01
-5.601373490959999923e-01 -3.217599217580000004e-01 -2.369658277940000189e-03 3.449655506889999779e-01 -3.029691452579999847e-02 -6.768167273439999743e-02 -4.652334217140000061e-01 4.536375699479999746e-01 2.794089547929999862e-01 -6.102981080110000400e-01
-5.601373490959999923e-01 -3.202639068829999935e-01 -2.958049037439999807e-03 3.449655506889999779e-01 -3.096976330880000031e-02 -6.768167273439999743e-02 -4.652334217140000061e-01 4.536375699479999746e-01 2.794089547929999862e-01 -6.096252592290000161e-01
-5.601373490959999923e-01 -3.217599217580000004e-01 -2.369658277940000189e-03 3.449655506889999779e-01 -3.029691452579999847e-02 -6.827006349389999618e-02 -4.652334217140000061e-01 4.536375699479999746e-01 2.794089547929999862e-01 -6.096252592290000161e-01
-5.601373490959999923e-01 -3.217599217580000004e-01 -2.958049037439999807e-03 3.449655506889999779e-01 -3.029691452579999847e-02 -6.885845425339999493e-02 -4.637374068389999993e-01 4.536375699479999746e-01 2.777829749130000248e-01 -6.432681166839999687e-01
-5.601373490959999923e-01 -3.217599217580000004e-01 -2.369658277940000189e-03 3.449655506889999779e-01 -3.029691452579999847e-02 -8.533357841989999693e-02 -4.682254514649999977e-01 4.536375699479999746e-01 7.909732394829999472e-03 -6.540336972110000202e-01
-5.601373490959999923e-01 -3.217599217580000004e-01 -2.369658277940000189e-03 3.449655506889999779e-01 -3.029691452579999847e-02 -8.533357841989999693e-02 -4.697214663400000045e-01 4.536375699479999746e-01 -4.375438168179999754e-01 -6.540336972110000202e-01
-5.601373490959999923e-01 -3.202639068829999935e-01 -2.369658277940000189e-03 3.449655506889999779e-01 -3.029691452579999847e-02 -1.000435303080000060e-01 -4.742095109660000030e-01 4.559911787109999781e-01 -7.285517656559999944e-01 -6.553793947770000239e-01
-5.601373490959999923e-01 -3.217599217580000004e-01 -2.958049037439999807e-03 3.449655506889999779e-01 -3.029691452579999847e-02 -1.000435303080000060e-01 -4.772015407160000167e-01 4.559911787109999781e-01 -7.350548008080000084e-01 -6.560522435600000257e-01
-5.601373490959999923e-01 -3.202639068829999935e-01 -2.958049037439999807e-03 3.449655506889999779e-01 -3.029691452579999847e-02 -1.000435303080000060e-01 -4.772015407160000167e-01 4.559911787109999781e-01 -7.350548008080000084e-01 -6.560522435600000257e-01
-5.601373490959999923e-01 -3.217599217580000004e-01 -2.958049037439999807e-03 3.449655506889999779e-01 -3.029691452579999847e-02 -1.000435303080000060e-01 -4.757055258410000098e-01 4.559911787109999781e-01 -7.350548008080000084e-01 -6.560522435600000257e-01
-5.601373490959999923e-01 -3.202639068829999935e-01 -2.958049037439999807e-03 3.449655506889999779e-01 -3.029691452579999847e-02 -9.945513954849999338e-02 -4.757055258410000098e-01 4.559911787109999781e-01 -7.334290736049999815e-01 -6.560522435600000257e-01
-5.601373490959999923e-01 -3.202639068829999935e-01 -2.958049037439999807e-03 3.465912778920000048e-01 -3.029691452579999847e-02 -9.945513954849999338e-02 -4.757055258410000098e-01 4.559911787109999781e-01 -7.350548008080000084e-01 -6.560522435600000257e-01
-5.601373490959999923e-01 -3.217599217580000004e-01 -2.958049037439999807e-03 3.449655506889999779e-01 -3.029691452579999847e-02 -1.000435303080000060e-01 -4.772015407160000167e-01 4.554027879520000099e-01 -7.350548008080000084e-01 -6.560522435600000257e-01
-5.601373490959999923e-01 -3.217599217580000004e-01 -2.958049037439999807e-03 3.449655506889999779e-01 -3.029691452579999847e-02 -1.000435303080000060e-01 -4.772015407160000167e-01 4.559911787109999781e-01 -7.350548008080000084e-01 -6.560522435600000257e-01
-5.601373490959999923e-01 -3.202639068829999935e-01 -2.369658277940000189e-03 3.449655506889999779e-01 -3.029691452579999847e-02 -9.945513954849999338e-02 -4.772015407160000167e-01 4.559911787109999781e-01 -4.066547472789999729e-01 -6.560522435600000257e-01
-5.601373490959999923e-01 -3.217599217580000004e-01 -2.369658277940000189e-03 3.449655506889999779e-01 -3.029691452579999847e-02 -9.945513954849999338e-02 -4.772015407160000167e-01 4.559911787109999781e-01 -3.530052442159999915e-01 -6.560522435600000257e-01
-5.601373490959999923e-01 -3.202639068829999935e-01 -2.958049037439999807e-03 3.449655506889999779e-01 -3.029691452579999847e-02 -9.945513954849999338e-02 -4.772015407160000167e-01 4.559911787109999781e-01 -3.530052442159999915e-01 -6.560522435600000257e-01
-5.601373490959999923e-01 -3.217599217580000004e-01 -2.369658277940000189e-03 3.449655506889999779e-01 -3.029691452579999847e-02 -9.945513954849999338e-02 -4.772015407160000167e-01 4.559911787109999781e-01 -3.530052442159999915e-01 -6.560522435600000257e-01
-5.601373490959999923e-01 -3.202639068829999935e-01 -2.958049037439999807e-03 3.449655506889999779e-01 -3.029691452579999847e-02 -9.945513954849999338e-02 -4.772015407160000167e-01 4.559911787109999781e-01 -3.530052442159999915e-01 -6.553793947770000239e-01
-5.601373490959999923e-01 -3.217599217580000004e-01 -2.958049037439999807e-03 3.449655506889999779e-01 -3.029691452579999847e-02 -1.000435303080000060e-01 -4.772015407160000167e-01 4.559911787109999781e-01 -3.530052442159999915e-01 -6.560522435600000257e-01
-5.601373490959999923e-01 -3.202639068829999935e-01 -2.958049037439999807e-03 3.449655506889999779e-01 -3.029691452579999847e-02 -7.180049950109999857e-02 -4.772015407160000167e-01 4.559911787109999781e-01 -2.440805108870000018e-01 -6.224095952589999703e-01
-5.601373490959999923e-01 -3.202639068829999935e-01 -2.958049037439999807e-03 3.449655506889999779e-01 -3.029691452579999847e-02 -6.827006349389999618e-02 -4.772015407160000167e-01 4.559911787109999781e-01 1.477237879409999954e-01 -6.190453513439999611e-01
-5.601373490959999923e-01 -3.202639068829999935e-01 -2.958049037439999807e-03 3.449655506889999779e-01 -3.029691452579999847e-02 -6.827006349389999618e-02 -4.772015407160000167e-01 4.559911787109999781e-01 2.729057933030000216e-01 -6.183725025609999593e-01
-5.601373490959999923e-01 -3.202639068829999935e-01 -2.958049037439999807e-03 3.449655506889999779e-01 -3.029691452579999847e-02 -6.827006349389999618e-02 -4.772015407160000167e-01 4.559911787109999781e-01 2.777829749130000248e-01 -6.183725025609999593e-01
-5.601373490959999923e-01 -3.202639068829999935e-01 -2.958049037439999807e-03 3.465912778920000048e-01 -3.029691452579999847e-02 -7.003523577240000630e-02 -4.577531148210000067e-01 4.383392730260000092e-01 1.916186751070000083e-01 -4.521771799400000069e-01
-5.601373490959999923e-01 -3.247519515089999920e-01 -2.958049037439999807e-03 3.449655506889999779e-01 -3.029691452579999847e-02 -2.159576073330000123e-01 -6.878552697449999420e-02 2.965357739569999818e-01 -1.904310078239999926e-01 5.364384701609999952e-03
-5.601373490959999923e-01 -3.172718771320000020e-01 -2.958049037439999807e-03 3.465912778920000048e-01 -3.029691452579999847e-02 -4.060097431069999985e-01 2.648290454519999781e-01 1.141328095059999936e-01 -2.896011252560000138e-01 4.035293972319999728e-02
-5.601373490959999923e-01 -3.172718771320000020e-01 -2.958049037439999807e-03 3.498427322989999810e-01 -3.096976330880000031e-02 -5.395757258179999516e-01 2.962455903499999765e-01 1.292859291939999974e-02 -3.383734467089999920e-01 4.439003242080000189e-02
-5.601373490959999923e-01 -3.187678920070000088e-01 -2.958049037439999807e-03 3.482170050949999762e-01 -3.029691452579999847e-02 -5.584044130219999458e-01 2.947495754750000252e-01 4.691030836099999678e-03 -3.399991739120000189e-01 4.439003242080000189e-02
