-5.583721768170000210e-01 -3.202639068829999935e-01 -2.369658277940000189e-03 3.465912778920000048e-01 -3.567970478940000328e-02 -5.607579760599999963e-01 3.171900311210000267e-01 4.102640076600000060e-03 -3.399991739120000189e-01 4.640857876969999712e-02
-5.583721768170000210e-01 -3.217599217580000004e-01 -2.369658277940000189e-03 3.465912778920000048e-01 -3.567970478940000328e-02 -5.136861665990000159e-01 1.227062371980000011e-01 7.176830902130000578e-02 -8.963491051130000054e-02 -3.445203288970000166e-01
-5.583721768170000210e-01 -3.202639068829999935e-01 -2.369658277940000189e-03 3.465912778920000048e-01 -3.567970478940000328e-02 -3.377556834029999955e-01 -2.587812762719999826e-01 2.388728393740000011e-01 2.468939053729999888e-01 -6.035696201819999995e-01
-5.583721768170000210e-01 -3.217599217580000004e-01 -2.369658277940000189e-03 3.465912778920000048e-01 -3.567970478940000328e-02 -1.771234514049999931e-01 -4.457849958180000183e-01 3.859719924539999902e-01 2.696543388959999898e-01 -6.096252592290000161e-01
-5.583721768170000210e-01 -3.202639068829999935e-01 -2.369658277940000189e-03 3.465912778920000048e-01 -3.567970478940000328e-02 -7.356567177959999482e-02 -4.637374068389999993e-01 4.542259607069999983e-01 2.761572477090000199e-01 -6.102981080110000400e-01
-5.583721768170000210e-01 -3.202639068829999935e-01 -2.369658277940000189e-03 3.465912778920000048e-01 -3.567970478940000328e-02 -6.709328197489999868e-02 -4.697214663400000045e-01 4.542259607069999983e-01 2.794089547929999862e-01 -6.102981080110000400e-01
-5.583721768170000210e-01 -3.202639068829999935e-01 -2.369658277940000189e-03 3.465912778920000048e-01 -3.567970478940000328e-02 -6.709328197489999868e-02 -4.697214663400000045e-01 4.542259607069999983e-01 2.794089547929999862e-01 -6.096252592290000161e-01
-5.583721768170000210e-01 -3.202639068829999935e-01 -2.369658277940000189e-03 3.465912778920000048e-01 -3.567970478940000328e-02 -6.709328197489999868e-02 -4.682254514649999977e-01 4.542259607069999983e-01 2.794089547929999862e-01 -6.096252592290000161e-01
-5.583721768170000210e-01 -3.202639068829999935e-01 -2.369658277940000189e-03 3.449655506889999779e-01 -3.567970478940000328e-02 -8.180323386290000443e-02 -4.682254514649999977e-01 4.542259607069999983e-01 2.355138149500000111e-01 -6.506694532969999889e-01
-5.583721768170000210e-01 -3.202639068829999935e-01 -2.369658277940000189e-03 3.465912778920000048e-01 -3.567970478940000328e-02 -8.474518766039999818e-02 -4.697214663400000045e-01 4.542259607069999983e-01 -1.205239800509999987e-01 -6.540336972110000202e-01
-5.583721768170000210e-01 -3.202639068829999935e-01 -2.369658277940000189e-03 3.449655506889999779e-01 -3.567970478940000328e-02 -8.415679690089999943e-02 -4.697214663400000045e-01 4.554027879520000099e-01 -5.350884597249999652e-01 -6.540336972110000202e-01
-5.583721768170000210e-01 -3.202639068829999935e-01 -2.369658277940000189e-03 3.465912778920000048e-01 -3.567970478940000328e-02 -9.710148506019999903e-02 -4.712174812150000114e-01 4.559911787109999781e-01 -7.253003112500000515e-01 -6.547065459940000220e-01
-5.583721768170000210e-01 -3.202639068829999935e-01 -2.958049037439999807e-03 3.465912778920000048e-01 -3.567970478940000328e-02 -9.710148506019999903e-02 -4.712174812150000114e-01 4.559911787109999781e-01 -7.383062552150000402e-01 -6.553793947770000239e-01
-5.583721768170000210e-01 -3.202639068829999935e-01 -2.369658277940000189e-03 3.465912778920000048e-01 -3.567970478940000328e-02 -9.710148506019999903e-02 -4.712174812150000114e-01 4.559911787109999781e-01 -7.383062552150000402e-01 -6.547065459940000220e-01
-5.583721768170000210e-01 -3.202639068829999935e-01 -2.369658277940000189e-03 3.465912778920000048e-01 -3.567970478940000328e-02 -9.710148506019999903e-02 -4.712174812150000114e-01 4.559911787109999781e-01 -7.383062552150000402e-01 -6.553793947770000239e-01
-5.583721768170000210e-01 -3.202639068829999935e-01 -2.369658277940000189e-03 3.465912778920000048e-01 -3.567970478940000328e-02 -9.710148506019999903e-02 -4.727134960900000182e-01 4.559911787109999781e-01 -5.285854245729999512e-01 -6.553793947770000239e-01
-5.583721768170000210e-01 -3.202639068829999935e-01 -2.369658277940000189e-03 3.465912778920000048e-01 -3.567970478940000328e-02 -9.710148506019999903e-02 -4.727134960900000182e-01 4.559911787109999781e-01 -3.595081530290000216e-01 -6.553793947770000239e-01
-5.583721768170000210e-01 -3.217599217580000004e-01 -2.369658277940000189e-03 3.465912778920000048e-01 -3.567970478940000328e-02 -9.710148506019999903e-02 -4.727134960900000182e-01 4.559911787109999781e-01 -3.546309714190000184e-01 -6.553793947770000239e-01
-5.583721768170000210e-01 -3.202639068829999935e-01 -2.369658277940000189e-03 3.449655506889999779e-01 -3.567970478940000328e-02 -9.710148506019999903e-02 -4.727134960900000182e-01 4.565795694709999797e-01 -3.546309714190000184e-01 -6.553793947770000239e-01
-5.583721768170000210e-01 -3.202639068829999935e-01 -2.369658277940000189e-03 3.465912778920000048e-01 -3.567970478940000328e-02 -9.710148506019999903e-02 -4.727134960900000182e-01 4.559911787109999781e-01 -3.546309714190000184e-01 -6.553793947770000239e-01
-5.577837403330000443e-01 -3.217599217580000004e-01 -2.369658277940000189e-03 3.465912778920000048e-01 -3.567970478940000328e-02 -7.121210874159999982e-02 -4.742095109660000030e-01 4.559911787109999781e-01 -1.367812520839999935e-01 -6.197182001269999629e-01
-5.583721768170000210e-01 -3.202639068829999935e-01 -2.369658277940000189e-03 3.465912778920000048e-01 -3.567970478940000328e-02 -6.827006349389999618e-02 -4.727134960900000182e-01 4.559911787109999781e-01 2.338880877470000119e-01 -6.190453513439999611e-01
-5.583721768170000210e-01 -3.202639068829999935e-01 -2.369658277940000189e-03 3.449655506889999779e-01 -3.567970478940000328e-02 -6.885845425339999493e-02 -4.592493622130000008e-01 4.406928817890000127e-01 1.948701295130000066e-01 -4.582328189859999901e-01
-5.583721768170000210e-01 -3.247519515089999920e-01 -2.369658277940000189e-03 3.449655506889999779e-01 -3.567970478940000328e-02 -2.141924350540000133e-01 -7.626583386799999642e-02 2.965357739569999818e-01 -1.920567350269999918e-01 4.691535918659999783e-03
-5.583721768170000210e-01 -3.217599217580000004e-01 -2.369658277940000189e-03 3.449655506889999779e-01 -3.567970478940000328e-02 -4.101284784240000203e-01 2.827812239549999940e-01 1.123676372280000002e-01 -3.091101043730000164e-01 4.035293972319999728e-02
-5.583721768170000210e-01 -3.127838325060000035e-01 -2.369658277940000189e-03 3.514684595020000080e-01 -3.567970478940000328e-02 -5.395757258179999516e-01 2.962455903499999765e-01 1.234020215989999926e-02 -3.399991739120000189e-01 4.506288120379999679e-02
