-5.601373490959999923e-01 -3.217599217580000004e-01 -2.958049037439999807e-03 3.465912778920000048e-01 -3.231546087469999717e-02 -5.607579760599999963e-01 3.156940162460000199e-01 4.691030836099999678e-03 -3.432506283189999952e-01 4.439003242080000189e-02
-5.118888495650000259e-01 -1.257801129599999956e-01 -7.650762557720000578e-02 7.184060108709999781e-02 3.740891779539999851e-01 -5.613463668200000534e-01 3.156940162460000199e-01 4.691030836099999678e-03 -3.432506283189999952e-01 4.506288120379999679e-02
-3.336046661559999849e-01 2.616914600110000211e-01 -2.459658104180000027e-01 -2.386763268669999938e-01 6.042056578409999990e-01 -5.613463668200000534e-01 3.156940162460000199e-01 4.691030836099999678e-03 -3.432506283189999952e-01 4.506288120379999679e-02
-1.629696997960000115e-01 4.501911944329999860e-01 -4.001256526120000045e-01 -2.565595787809999972e-01 6.075699540440000490e-01 -5.607579760599999963e-01 3.156940162460000199e-01 4.691030836099999678e-03 -3.432506283189999952e-01 4.506288120379999679e-02
-6.882626377349999880e-02 4.726316500789999875e-01 -4.560233234659999968e-01 -2.598110331869999956e-01 6.075699540440000490e-01 -5.607579760599999963e-01 3.156940162460000199e-01 4.691030836099999678e-03 -3.432506283189999952e-01 4.506288120379999679e-02
-6.823787301400000005e-02 4.726316500789999875e-01 -4.572001049850000221e-01 -2.598110331869999956e-01 6.075699540440000490e-01 -5.607579760599999963e-01 3.156940162460000199e-01 4.691030836099999678e-03 -3.432506283189999952e-01 4.573572998670000223e-02
-6.823787301400000005e-02 4.726316500789999875e-01 -4.566117142250000205e-01 -2.598110331869999956e-01 6.075699540440000490e-01 -5.607579760599999963e-01 3.156940162460000199e-01 4.691030836099999678e-03 -3.432506283189999952e-01 4.573572998670000223e-02
-6.764948225450000130e-02 4.726316500789999875e-01 -4.572001049850000221e-01 -2.598110331869999956e-01 6.075699540440000490e-01 -5.607579760599999963e-01 3.156940162460000199e-01 4.691030836099999678e-03 -3.416249011160000237e-01 4.506288120379999679e-02
-6.823787301400000005e-02 4.726316500789999875e-01 -4.572001049850000221e-01 -2.598110331869999956e-01 6.075699540440000490e-01 -5.607579760599999963e-01 3.156940162460000199e-01 4.691030836099999678e-03 -3.432506283189999952e-01 4.573572998670000223e-02
-6.764948225450000130e-02 4.726316500789999875e-01 -4.572001049850000221e-01 -2.598110331869999956e-01 6.075699540440000490e-01 -5.607579760599999963e-01 3.156940162460000199e-01 4.691030836099999678e-03 -3.432506283189999952e-01 4.573572998670000223e-02
-6.823787301400000005e-02 4.726316500789999875e-01 -4.572001049850000221e-01 -2.598110331869999956e-01 6.075699540440000490e-01 -5.607579760599999963e-01 3.156940162460000199e-01 4.691030836099999678e-03 -3.432506283189999952e-01 4.573572998670000223e-02
-6.764948225450000130e-02 4.726316500789999875e-01 -4.572001049850000221e-01 -2.598110331869999956e-01 6.075699540440000490e-01 -5.607579760599999963e-01 3.156940162460000199e-01 4.691030836099999678e-03 -3.432506283189999952e-01 4.573572998670000223e-02
-6.823787301400000005e-02 4.726316500789999875e-01 -4.572001049850000221e-01 -2.598110331869999956e-01 6.445770031259999699e-01 -5.607579760599999963e-01 3.156940162460000199e-01 4.102640076600000060e-03 -3.432506283189999952e-01 4.506288120379999679e-02
-8.765495097809999914e-02 4.726316500789999875e-01 -4.572001049850000221e-01 1.006246200779999968e-02 6.499598456780000255e-01 -5.607579760599999963e-01 3.156940162460000199e-01 4.691030836099999678e-03 -3.432506283189999952e-01 4.573572998670000223e-02
-8.765495097809999914e-02 4.741276649550000277e-01 -4.572001049850000221e-01 4.376325066299999733e-01 6.506326944610000274e-01 -5.607579760599999963e-01 3.156940162460000199e-01 4.691030836099999678e-03 -3.432506283189999952e-01 4.573572998670000223e-02
-9.412734078289999862e-02 4.741276649550000277e-01 -4.577884957439999902e-01 7.075062545029999761e-01 6.506326944610000274e-01 -5.607579760599999963e-01 3.156940162460000199e-01 4.691030836099999678e-03 -3.432506283189999952e-01 4.573572998670000223e-02
-9.412734078289999862e-02 4.741276649550000277e-01 -4.577884957439999902e-01 7.335178897549999855e-01 6.506326944610000274e-01 -5.607579760599999963e-01 3.156940162460000199e-01 4.691030836099999678e-03 -3.432506283189999952e-01 4.573572998670000223e-02
-9.412734078289999862e-02 4.741276649550000277e-01 -4.577884957439999902e-01 7.335178897549999855e-01 6.506326944610000274e-01 -5.607579760599999963e-01 3.156940162460000199e-01 4.102640076600000060e-03 -3.432506283189999952e-01 4.573572998670000223e-02
-9.353895002339999987e-02 4.741276649550000277e-01 -4.577884957439999902e-01 7.335178897549999855e-01 6.506326944610000274e-01 -5.607579760599999963e-01 3.156940162460000199e-01 4.691030836099999678e-03 -3.432506283189999952e-01 4.573572998670000223e-02
-9.353895002339999987e-02 4.741276649550000277e-01 -4.577884957439999902e-01 7.351436169580000124e-01 6.499598456780000255e-01 -5.613463668200000534e-01 3.156940162460000199e-01 4.691030836099999678e-03 -3.432506283189999952e-01 4.573572998670000223e-02
-9.412734078289999862e-02 4.726316500789999875e-01 -4.577884957439999902e-01 7.335178897549999855e-01 6.506326944610000274e-01 -5.607579760599999963e-01 3.156940162460000199e-01 4.102640076600000060e-03 -3.432506283189999952e-01 4.573572998670000223e-02
-9.412734078289999862e-02 4.741276649550000277e-01 -4.577884957439999902e-01 7.335178897549999855e-01 6.506326944610000274e-01 -5.607579760599999963e-01 3.156940162460000199e-01 4.102640076600000060e-03 -3.432506283189999952e-01 4.573572998670000223e-02
-9.412734078289999862e-02 4.741276649550000277e-01 -4.577884957439999902e-01 7.335178897549999855e-01 6.506326944610000274e-01 -5.607579760599999963e-01 3.156940162460000199e-01 4.102640076600000060e-03 -3.432506283189999952e-01 4.573572998670000223e-02
-9.412734078289999862e-02 4.741276649550000277e-01 -4.577884957439999902e-01 4.067436897680000163e-01 6.513055432440000292e-01 -5.607579760599999963e-01 3.156940162460000199e-01 4.691030836099999678e-03 -3.432506283189999952e-01 4.573572998670000223e-02
-9.412734078289999862e-02 4.741276649550000277e-01 -4.577884957439999902e-01 3.661000043309999841e-01 6.513055432440000292e-01 -5.607579760599999963e-01 3.156940162460000199e-01 4.102640076600000060e-03 -3.432506283189999952e-01 4.573572998670000223e-02
-9.412734078289999862e-02 4.741276649550000277e-01 -4.577884957439999902e-01 3.612228227209999809e-01 6.506326944610000274e-01 -5.613463668200000534e-01 3.156940162460000199e-01 4.691030836099999678e-03 -3.416249011160000237e-01 4.573572998670000223e-02
-9.353895002339999987e-02 4.741276649550000277e-01 -4.577884957439999902e-01 3.612228227209999809e-01 6.506326944610000274e-01 -5.607579760599999963e-01 3.156940162460000199e-01 4.102640076600000060e-03 -3.432506283189999952e-01 4.573572998670000223e-02
-9.412734078289999862e-02 4.741276649550000277e-01 -4.577884957439999902e-01 3.612228227209999809e-01 6.506326944610000274e-01 -5.607579760599999963e-01 3.156940162460000199e-01 4.102640076600000060e-03 -3.432506283189999952e-01 4.573572998670000223e-02
-9.412734078289999862e-02 4.741276649550000277e-01 -4.577884957439999902e-01 3.612228227209999809e-01 6.506326944610000274e-01 -5.607579760599999963e-01 3.156940162460000199e-01 4.691030836099999678e-03 -3.432506283189999952e-01 4.573572998670000223e-02
-6.764948225450000130e-02 4.741276649550000277e-01 -4.583768865039999918e-01 2.474209077829999937e-01 6.243913304839999734e-01 -5.607579760599999963e-01 3.156940162460000199e-01 4.691030836099999678e-03 -3.432506283189999952e-01 4.573572998670000223e-02
-6.764948225450000130e-02 4.741276649550000277e-01 -4.583768865039999918e-01 -1.427574111640000087e-01 6.243913304839999734e-01 -5.607579760599999963e-01 3.156940162460000199e-01 4.691030836099999678e-03 -3.432506283189999952e-01 4.573572998670000223e-02
-6.764948225450000130e-02 4.741276649550000277e-01 -4.583768865039999918e-01 -2.598110331869999956e-01 6.243913304839999734e-01 -5.607579760599999963e-01 3.156940162460000199e-01 4.102640076600000060e-03 -3.432506283189999952e-01 4.640857876969999712e-02
-6.764948225450000130e-02 4.741276649550000277e-01 -4.583768865039999918e-01 -2.598110331869999956e-01 6.243913304839999734e-01 -5.607579760599999963e-01 3.156940162460000199e-01 4.102640076600000060e-03 -3.432506283189999952e-01 4.573572998670000223e-02
-7.059152750229999440e-02 4.576712688089999981e-01 -4.336642917040000045e-01 -2.029100757179999881e-01 4.279176034759999969e-01 -5.607579760599999963e-01 3.141980013699999796e-01 4.691030836099999678e-03 -3.432506283189999952e-01 4.640857876969999712e-02
-2.082762455290000092e-01 7.468774046439999315e-02 -2.883304023539999816e-01 1.986485863299999877e-01 2.672989569810000146e-03 -5.607579760599999963e-01 3.201820608720000183e-01 4.691030836099999678e-03 -3.399991739120000189e-01 4.708142755260000256e-02
-4.000934621319999773e-01 -2.888473619849999952e-01 -1.053390471439999976e-01 3.173276828780000058e-01 -3.029691452579999847e-02 -5.607579760599999963e-01 3.156940162460000199e-01 4.102640076600000060e-03 -3.399991739120000189e-01 4.640857876969999712e-02
-5.418970526509999663e-01 -3.038075107379999973e-01 -8.253657323200000798e-03 3.319592277080000153e-01 -3.164261209170000227e-02 -5.607579760599999963e-01 3.112059716200000214e-01 4.102640076600000060e-03 -3.416249011160000237e-01 4.842712511850000290e-02
-5.595489583360000463e-01 -2.978234512360000141e-01 -3.546439796939999858e-03 3.449655506889999779e-01 -3.164261209170000227e-02 -5.607579760599999963e-01 3.141980013699999796e-01 4.691030836099999678e-03 -3.416249011160000237e-01 4.775427633559999746e-02
