-5.607257398549999605e-01 -3.217599217580000004e-01 -3.546439796939999858e-03 3.465912778920000048e-01 -2.827836817699999963e-02 -5.578160222629999776e-01 3.141980013699999796e-01 5.279513045829999952e-03 -3.399991739120000189e-01 4.640857876969999712e-02
-5.513113962529999634e-01 -3.217599217580000004e-01 1.241355438680000062e-01 2.392922717659999865e-01 3.680334343309999978e-01 -5.578160222629999776e-01 3.141980013699999796e-01 4.691030836099999678e-03 -3.399991739120000189e-01 4.640857876969999712e-02
-4.377508365409999991e-01 -3.202639068829999935e-01 1.870939952869999923e-01 2.311636357500000127e-01 6.452498519089999718e-01 -5.578160222629999776e-01 3.141980013699999796e-01 4.691030836099999678e-03 -3.399991739120000189e-01 4.640857876969999712e-02
-2.688811339100000142e-01 -3.172718771320000020e-01 1.876823860459999882e-01 2.230344943789999979e-01 6.519783920270000310e-01 -5.584044130219999458e-01 3.156940162460000199e-01 5.279513045829999952e-03 -3.399991739120000189e-01 4.640857876969999712e-02
-7.941738889480000341e-02 -3.097918027559999898e-01 1.870939952869999923e-01 2.214087671749999930e-01 6.553426882299999701e-01 -5.578160222629999776e-01 3.141980013699999796e-01 5.279513045829999952e-03 -3.399991739120000189e-01 4.640857876969999712e-02
1.076926101820000065e-01 -2.903433768600000020e-01 1.870939952869999923e-01 2.149058583619999907e-01 6.553426882299999701e-01 -5.578160222629999776e-01 3.141980013699999796e-01 5.279513045829999952e-03 -3.399991739120000189e-01 4.640857876969999712e-02
2.712668874279999809e-01 -2.544385548190000179e-01 1.876823860459999882e-01 2.116544039559999923e-01 6.553426882299999701e-01 -5.578160222629999776e-01 3.141980013699999796e-01 5.279513045829999952e-03 -3.399991739120000189e-01 4.640857876969999712e-02
3.695291502170000020e-01 -2.574305845700000095e-01 2.012154649650000071e-01 2.165315855659999955e-01 6.553426882299999701e-01 -5.578160222629999776e-01 3.141980013699999796e-01 5.279513045829999952e-03 -3.399991739120000189e-01 4.640857876969999712e-02
4.142472137400000087e-01 -2.888473619849999952e-01 2.123950722959999926e-01 2.360408173599999881e-01 6.553426882299999701e-01 -5.578160222629999776e-01 3.141980013699999796e-01 5.279513045829999952e-03 -3.399991739120000189e-01 4.640857876969999712e-02
4.207195120950000256e-01 -2.948314214860000004e-01 2.135718538149999901e-01 2.360408173599999881e-01 6.560155370129999719e-01 -5.578160222629999776e-01 3.141980013699999796e-01 4.691030836099999678e-03 -3.399991739120000189e-01 4.640857876969999712e-02
4.207195120950000256e-01 -2.948314214860000004e-01 2.135718538149999901e-01 2.360408173599999881e-01 6.553426882299999701e-01 -5.578160222629999776e-01 3.141980013699999796e-01 4.691030836099999678e-03 -3.399991739120000189e-01 4.640857876969999712e-02
4.207195120950000256e-01 -2.948314214860000004e-01 2.135718538149999901e-01 2.360408173599999881e-01 6.560155370129999719e-01 -5.578160222629999776e-01 3.141980013699999796e-01 4.691030836099999678e-03 -3.399991739120000189e-01 4.640857876969999712e-02
4.218962936139999953e-01 -2.948314214860000004e-01 2.247513696959999863e-01 2.376665445629999873e-01 6.048785066240000008e-01 -5.578160222629999776e-01 3.141980013699999796e-01 5.279513045829999952e-03 -3.399991739120000189e-01 4.640857876969999712e-02
4.419017623370000147e-01 -6.444280552200000456e-02 3.636129606919999979e-01 2.360408173599999881e-01 2.105853550419999887e-01 -5.578160222629999776e-01 3.141980013699999796e-01 5.279513045829999952e-03 -3.399991739120000189e-01 4.573572998670000223e-02
4.419017623370000147e-01 3.275168120749999967e-01 3.942095545370000176e-01 2.360408173599999881e-01 1.883811360509999866e-01 -5.578160222629999776e-01 3.141980013699999796e-01 4.691030836099999678e-03 -3.399991739120000189e-01 4.640857876969999712e-02
4.413133715779999910e-01 4.681436054529999891e-01 3.942095545370000176e-01 2.392922717659999865e-01 1.883811360509999866e-01 -5.578160222629999776e-01 3.141980013699999796e-01 4.691030836099999678e-03 -3.399991739120000189e-01 4.640857876969999712e-02
4.419017623370000147e-01 4.681436054529999891e-01 3.924443822579999908e-01 2.376665445629999873e-01 1.883811360509999866e-01 -5.578160222629999776e-01 3.141980013699999796e-01 4.691030836099999678e-03 -3.399991739120000189e-01 4.640857876969999712e-02
4.419017623370000147e-01 4.696396203289999738e-01 3.918559914990000226e-01 2.392922717659999865e-01 1.883811360509999866e-01 -5.584044130219999458e-01 3.141980013699999796e-01 5.279513045829999952e-03 -3.399991739120000189e-01 4.640857876969999712e-02
4.419017623370000147e-01 4.696396203289999738e-01 3.918559914990000226e-01 2.392922717659999865e-01 1.883811360509999866e-01 -5.578160222629999776e-01 3.141980013699999796e-01 5.279513045829999952e-03 -3.399991739120000189e-01 4.573572998670000223e-02
4.419017623370000147e-01 4.681436054529999891e-01 3.918559914990000226e-01 2.392922717659999865e-01 1.883811360509999866e-01 -5.578160222629999776e-01 3.141980013699999796e-01 5.279513045829999952e-03 -3.399991739120000189e-01 4.640857876969999712e-02
4.419017623370000147e-01 4.681436054529999891e-01 3.918559914990000226e-01 2.392922717659999865e-01 1.883811360509999866e-01 -5.578160222629999776e-01 3.141980013699999796e-01 4.691030836099999678e-03 -3.399991739120000189e-01 4.640857876969999712e-02
4.419017623370000147e-01 4.681436054529999891e-01 3.918559914990000226e-01 2.392922717659999865e-01 1.883811360509999866e-01 -5.578160222629999776e-01 3.141980013699999796e-01 5.279513045829999952e-03 -3.399991739120000189e-01 4.640857876969999712e-02
4.419017623370000147e-01 4.696396203289999738e-01 3.918559914990000226e-01 2.441694533759999897e-01 1.883811360509999866e-01 -5.578160222629999776e-01 3.141980013699999796e-01 5.279513045829999952e-03 -3.399991739120000189e-01 4.640857876969999712e-02
4.419017623370000147e-01 4.112945751589999754e-01 3.859719924539999902e-01 2.474209077829999937e-01 1.870353339080000066e-01 -5.578160222629999776e-01 3.141980013699999796e-01 5.279513045829999952e-03 -3.399991739120000189e-01 4.640857876969999712e-02
4.419017623370000147e-01 4.097983277660000034e-01 3.859719924539999902e-01 2.474209077829999937e-01 1.870353339080000066e-01 -5.584044130219999458e-01 3.156940162460000199e-01 4.691030836099999678e-03 -3.399991739120000189e-01 4.640857876969999712e-02
4.419017623370000147e-01 4.097983277660000034e-01 3.859719924539999902e-01 2.474209077829999937e-01 1.870353339080000066e-01 -5.578160222629999776e-01 3.141980013699999796e-01 4.691030836099999678e-03 -3.399991739120000189e-01 4.640857876969999712e-02
4.419017623370000147e-01 4.083023128909999966e-01 3.859719924539999902e-01 2.474209077829999937e-01 1.870353339080000066e-01 -5.578160222629999776e-01 3.141980013699999796e-01 5.279513045829999952e-03 -3.399991739120000189e-01 4.640857876969999712e-02
4.419017623370000147e-01 4.097983277660000034e-01 3.859719924539999902e-01 2.474209077829999937e-01 1.870353339080000066e-01 -5.578160222629999776e-01 3.141980013699999796e-01 4.691030836099999678e-03 -3.399991739120000189e-01 4.640857876969999712e-02
4.419017623370000147e-01 4.097983277660000034e-01 3.859719924539999902e-01 2.474209077829999937e-01 1.870353339080000066e-01 -5.578160222629999776e-01 3.141980013699999796e-01 5.279513045829999952e-03 -3.399991739120000189e-01 4.640857876969999712e-02
4.389598085399999960e-01 3.335008715760000020e-01 3.365467114039999985e-01 2.588009982059999992e-01 3.895648045389999981e-01 -5.578160222629999776e-01 3.156940162460000199e-01 4.691030836099999678e-03 -3.399991739120000189e-01 4.640857876969999712e-02
4.054213523479999748e-01 -6.097760351910000085e-03 2.341657132980000111e-01 3.238305916909999804e-01 6.465955494749999755e-01 -5.584044130219999458e-01 3.141980013699999796e-01 5.279513045829999952e-03 -3.399991739120000189e-01 4.640857876969999712e-02
4.136588229809999850e-01 -2.604228468370000105e-01 2.212210251389999938e-01 2.913160476259999965e-01 6.533240895930000347e-01 -5.578160222629999776e-01 3.141980013699999796e-01 4.691030836099999678e-03 -3.399991739120000189e-01 4.640857876969999712e-02
4.207195120950000256e-01 -2.918393917350000089e-01 2.171021983720000104e-01 2.701810886279999990e-01 6.533240895930000347e-01 -5.584044130219999458e-01 3.141980013699999796e-01 4.691030836099999678e-03 -3.399991739120000189e-01 4.640857876969999712e-02
4.148356045000000103e-01 -3.172718771320000020e-01 1.694420896009999900e-01 3.319592277080000153e-01 4.804003314310000272e-01 -5.584044130219999458e-01 3.156940162460000199e-01 5.279513045829999952e-03 -3.399991739120000189e-01 4.640857876969999712e-02
3.383440741620000192e-01 -3.247519515089999920e-01 4.293688745489999958e-02 3.433398234860000064e-01 1.074727954230000025e-02 -5.578160222629999776e-01 3.141980013699999796e-01 4.691030836099999678e-03 -3.399991739120000189e-01 4.640857876969999712e-02
2.471425919370000002e-01 -3.247519515089999920e-01 1.749077038590000042e-03 3.417140962820000016e-01 -2.693256603399999879e-02 -5.578160222629999776e-01 3.141980013699999796e-01 5.279513045829999952e-03 -3.399991739120000189e-01 4.640857876969999712e-02
7.356567177959999482e-02 -3.067995404880000110e-01 -7.665266563689999632e-03 3.400883690789999747e-01 -2.895121695990000160e-02 -5.578160222629999776e-01 3.141980013699999796e-01 4.691030836099999678e-03 -3.399991739120000189e-01 4.640857876969999712e-02
-9.706929458040000624e-02 -3.053035256130000041e-01 -5.900094285180000099e-03 3.433398234860000064e-01 -3.164261209170000227e-02 -5.578160222629999776e-01 3.156940162460000199e-01 5.279513045829999952e-03 -3.383734467089999920e-01 4.640857876969999712e-02
