-5.601373490959999923e-01 -3.217599217580000004e-01 -2.369658277940000189e-03 3.465912778920000048e-01 -3.366115844059999751e-02 -5.607579760599999963e-01 3.171900311210000267e-01 4.691030836099999678e-03 -3.399991739120000189e-01 4.640857876969999712e-02
-5.601373490959999923e-01 -3.217599217580000004e-01 6.411913769749999492e-02 2.392922717659999865e-01 1.628125685669999934e-01 -5.607579760599999963e-01 3.171900311210000267e-01 4.691030836099999678e-03 -3.399991739120000189e-01 4.640857876969999712e-02
-4.812922099949999977e-01 -3.232559366330000072e-01 1.835636507299999998e-01 2.327893629530000119e-01 6.237184817009999716e-01 -5.607579760599999963e-01 3.171900311210000267e-01 4.691030836099999678e-03 -3.399991739120000189e-01 4.640857876969999712e-02
-3.436074005179999835e-01 -3.202639068829999935e-01 1.876823860459999882e-01 2.295374031920000002e-01 6.499598456780000255e-01 -5.607579760599999963e-01 3.171900311210000267e-01 4.691030836099999678e-03 -3.399991739120000189e-01 4.640857876969999712e-02
-1.606161367579999888e-01 -3.157758622569999951e-01 1.876823860459999882e-01 2.197830399719999939e-01 6.546698394469999682e-01 -5.607579760599999963e-01 3.171900311210000267e-01 4.691030836099999678e-03 -3.383734467089999920e-01 4.640857876969999712e-02
3.355473433250000248e-02 -3.053035256130000041e-01 1.876823860459999882e-01 2.165315855659999955e-01 6.546698394469999682e-01 -5.607579760599999963e-01 3.171900311210000267e-01 4.691030836099999678e-03 -3.383734467089999920e-01 4.640857876969999712e-02
2.130156535349999880e-01 -2.559345696940000248e-01 1.870939952869999923e-01 2.100286767519999875e-01 6.553426882299999701e-01 -5.607579760599999963e-01 3.171900311210000267e-01 4.691030836099999678e-03 -3.399991739120000189e-01 4.640857876969999712e-02
3.454047632769999820e-01 -2.559345696940000248e-01 1.953315573699999919e-01 2.132801311589999915e-01 6.553426882299999701e-01 -5.607579760599999963e-01 3.186860459959999781e-01 4.691030836099999678e-03 -3.399991739120000189e-01 4.640857876969999712e-02
4.065981338670000000e-01 -2.858553322340000036e-01 2.100414178080000083e-01 2.246602215819999970e-01 6.553426882299999701e-01 -5.607579760599999963e-01 3.171900311210000267e-01 4.691030836099999678e-03 -3.399991739120000189e-01 4.640857876969999712e-02
4.189543398159999987e-01 -2.933354066109999936e-01 2.129834630549999885e-01 2.360408173599999881e-01 6.553426882299999701e-01 -5.607579760599999963e-01 3.171900311210000267e-01 4.691030836099999678e-03 -3.399991739120000189e-01 4.640857876969999712e-02
4.195427305760000003e-01 -2.933354066109999936e-01 2.129834630549999885e-01 2.360408173599999881e-01 6.553426882299999701e-01 -5.607579760599999963e-01 3.171900311210000267e-01 4.691030836099999678e-03 -3.399991739120000189e-01 4.640857876969999712e-02
4.195427305760000003e-01 -2.933354066109999936e-01 2.129834630549999885e-01 2.360408173599999881e-01 6.553426882299999701e-01 -5.607579760599999963e-01 3.171900311210000267e-01 4.691030836099999678e-03 -3.399991739120000189e-01 4.640857876969999712e-02
4.195427305760000003e-01 -2.933354066109999936e-01 2.129834630549999885e-01 2.360408173599999881e-01 6.553426882299999701e-01 -5.607579760599999963e-01 3.171900311210000267e-01 4.691030836099999678e-03 -3.399991739120000189e-01 4.640857876969999712e-02
4.395481992990000197e-01 -1.272761278350000025e-01 3.247787133139999893e-01 2.360408173599999881e-01 2.597037345059999836e-01 -5.607579760599999963e-01 3.171900311210000267e-01 4.691030836099999678e-03 -3.383734467089999920e-01 4.640857876969999712e-02
4.419017623370000147e-01 1.913780633219999971e-01 3.942095545370000176e-01 2.344150901569999890e-01 1.890539848339999884e-01 -5.607579760599999963e-01 3.171900311210000267e-01 4.691030836099999678e-03 -3.383734467089999920e-01 4.640857876969999712e-02
4.424903359969999950e-01 4.576712688089999981e-01 3.942095545370000176e-01 2.376665445629999873e-01 1.890539848339999884e-01 -5.607579760599999963e-01 3.171900311210000267e-01 4.691030836099999678e-03 -3.399991739120000189e-01 4.640857876969999712e-02
4.424903359969999950e-01 4.801117244559999775e-01 3.924443822579999908e-01 2.392922717659999865e-01 1.890539848339999884e-01 -5.607579760599999963e-01 3.171900311210000267e-01 4.691030836099999678e-03 -3.399991739120000189e-01 4.640857876969999712e-02
4.424903359969999950e-01 4.816079718480000271e-01 3.918559914990000226e-01 2.392922717659999865e-01 1.897268336169999903e-01 -5.607579760599999963e-01 3.171900311210000267e-01 4.691030836099999678e-03 -3.399991739120000189e-01 4.640857876969999712e-02
4.424903359969999950e-01 4.801117244559999775e-01 3.918559914990000226e-01 2.409179989699999913e-01 1.897268336169999903e-01 -5.607579760599999963e-01 3.171900311210000267e-01 4.691030836099999678e-03 -3.399991739120000189e-01 4.640857876969999712e-02
4.424903359969999950e-01 4.801117244559999775e-01 3.918559914990000226e-01 2.409179989699999913e-01 1.890539848339999884e-01 -5.607579760599999963e-01 3.171900311210000267e-01 4.691030836099999678e-03 -3.383734467089999920e-01 4.640857876969999712e-02
4.424903359969999950e-01 4.801117244559999775e-01 3.918559914990000226e-01 2.409179989699999913e-01 1.890539848339999884e-01 -5.607579760599999963e-01 3.171900311210000267e-01 4.691030836099999678e-03 -3.399991739120000189e-01 4.640857876969999712e-02
4.424903359969999950e-01 4.801117244559999775e-01 3.918559914990000226e-01 2.409179989699999913e-01 1.890539848339999884e-01 -5.607579760599999963e-01 3.171900311210000267e-01 4.691030836099999678e-03 -3.399991739120000189e-01 4.640857876969999712e-02
4.424903359969999950e-01 4.801117244559999775e-01 3.918559914990000226e-01 2.409179989699999913e-01 1.890539848339999884e-01 -5.607579760599999963e-01 3.171900311210000267e-01 4.691030836099999678e-03 -3.383734467089999920e-01 4.640857876969999712e-02
4.424903359969999950e-01 4.157826197839999960e-01 3.883255554919999852e-01 2.441694533759999897e-01 1.890539848339999884e-01 -5.607579760599999963e-01 3.171900311210000267e-01 4.691030836099999678e-03 -3.383734467089999920e-01 4.640857876969999712e-02
4.424903359969999950e-01 4.127905900339999823e-01 3.883255554919999852e-01 2.457951805789999888e-01 1.890539848339999884e-01 -5.607579760599999963e-01 3.171900311210000267e-01 4.691030836099999678e-03 -3.399991739120000189e-01 4.640857876969999712e-02
4.430787267569999965e-01 4.083023128909999966e-01 3.883255554919999852e-01 2.457951805789999888e-01 1.890539848339999884e-01 -5.607579760599999963e-01 3.171900311210000267e-01 4.691030836099999678e-03 -3.383734467089999920e-01 4.640857876969999712e-02
4.424903359969999950e-01 4.083023128909999966e-01 3.883255554919999852e-01 2.457951805789999888e-01 1.890539848339999884e-01 -5.607579760599999963e-01 3.171900311210000267e-01 4.691030836099999678e-03 -3.399991739120000189e-01 4.640857876969999712e-02
4.430787267569999965e-01 4.083023128909999966e-01 3.883255554919999852e-01 2.457951805789999888e-01 1.890539848339999884e-01 -5.607579760599999963e-01 3.171900311210000267e-01 4.691030836099999678e-03 -3.399991739120000189e-01 4.640857876969999712e-02
4.424903359969999950e-01 4.068062980159999897e-01 3.883255554919999852e-01 2.457951805789999888e-01 1.890539848339999884e-01 -5.607579760599999963e-01 3.171900311210000267e-01 4.691030836099999678e-03 -3.399991739120000189e-01 4.573572998670000223e-02
4.430787267569999965e-01 3.948381790130000013e-01 3.812647749270000053e-01 2.474209077829999937e-01 2.267338304100000035e-01 -5.607579760599999963e-01 3.171900311210000267e-01 4.691030836099999678e-03 -3.399991739120000189e-01 4.640857876969999712e-02
4.195427305760000003e-01 1.599615184239999988e-01 2.594667903069999837e-01 3.108247740649999757e-01 6.190084879310000510e-01 -5.607579760599999963e-01 3.171900311210000267e-01 4.691030836099999678e-03 -3.399991739120000189e-01 4.640857876969999712e-02
4.077749153860000253e-01 -2.245180247959999986e-01 2.235745881769999888e-01 3.059475924549999726e-01 6.533240895930000347e-01 -5.607579760599999963e-01 3.171900311210000267e-01 4.691030836099999678e-03 -3.399991739120000189e-01 4.640857876969999712e-02
4.195427305760000003e-01 -2.888473619849999952e-01 2.176905891320000119e-01 2.718068158320000038e-01 6.533240895930000347e-01 -5.607579760599999963e-01 3.171900311210000267e-01 4.691030836099999678e-03 -3.399991739120000189e-01 4.640857876969999712e-02
4.207195120950000256e-01 -3.053035256130000041e-01 2.029807286939999955e-01 2.864388660159999933e-01 6.163170405110000027e-01 -5.607579760599999963e-01 3.171900311210000267e-01 4.691030836099999678e-03 -3.399991739120000189e-01 4.640857876969999712e-02
3.565843706080000231e-01 -3.247519515089999920e-01 6.823787301400000005e-02 3.449655506889999779e-01 1.056198991319999975e-01 -5.607579760599999963e-01 3.171900311210000267e-01 4.691030836099999678e-03 -3.399991739120000189e-01 4.640857876969999712e-02
2.983331367150000024e-01 -3.262479663839999988e-01 8.221466843349999401e-03 3.417140962820000016e-01 -2.760551939400000127e-02 -5.607579760599999963e-01 3.171900311210000267e-01 4.691030836099999678e-03 -3.399991739120000189e-01 4.640857876969999712e-02
1.624134995169999873e-01 -3.053035256130000041e-01 -7.665266563689999632e-03 3.400883690789999747e-01 -2.827836817699999963e-02 -5.607579760599999963e-01 3.171900311210000267e-01 4.691030836099999678e-03 -3.383734467089999920e-01 4.573572998670000223e-02
-3.940645144769999719e-02 -3.082957878800000051e-01 -5.311703525679999614e-03 3.400883690789999747e-01 -2.895121695990000160e-02 -5.607579760599999963e-01 3.171900311210000267e-01 4.691030836099999678e-03 -3.399991739120000189e-01 4.640857876969999712e-02
