-5.595489583360000463e-01 -3.202639068829999935e-01 -2.958049037439999807e-03 3.465912778920000048e-01 -3.433400722350000295e-02 -5.584044130219999458e-01 3.186860459959999781e-01 5.279513045829999952e-03 -3.416249011160000237e-01 4.439003242080000189e-02
-5.177728028850000497e-01 -1.317641724610000009e-01 -7.238889026059999732e-02 8.322094418750000666e-02 3.559220516609999940e-01 -5.578160222629999776e-01 3.171900311210000267e-01 5.279513045829999952e-03 -3.416249011160000237e-01 4.371718363790000339e-02
-3.394886652019999951e-01 2.572034153850000227e-01 -2.418470751019999865e-01 -2.370505996639999946e-01 6.035328090579999971e-01 -5.578160222629999776e-01 3.186860459959999781e-01 4.691030836099999678e-03 -3.416249011160000237e-01 4.439003242080000189e-02
-1.541437469539999883e-01 4.531832241839999775e-01 -4.065981338670000000e-01 -2.598110331869999956e-01 6.068971052610000472e-01 -5.578160222629999776e-01 3.186860459959999781e-01 4.691030836099999678e-03 -3.416249011160000237e-01 4.439003242080000189e-02
-7.000304529259999964e-02 4.711356352039999806e-01 -4.560233234659999968e-01 -2.598110331869999956e-01 6.068971052610000472e-01 -5.578160222629999776e-01 3.171900311210000267e-01 4.691030836099999678e-03 -3.416249011160000237e-01 4.439003242080000189e-02
-6.941465453310000089e-02 4.711356352039999806e-01 -4.572001049850000221e-01 -2.598110331869999956e-01 6.068971052610000472e-01 -5.578160222629999776e-01 3.186860459959999781e-01 4.691030836099999678e-03 -3.416249011160000237e-01 4.439003242080000189e-02
-6.941465453310000089e-02 4.711356352039999806e-01 -4.572001049850000221e-01 -2.598110331869999956e-01 6.068971052610000472e-01 -5.578160222629999776e-01 3.171900311210000267e-01 4.691030836099999678e-03 -3.416249011160000237e-01 4.439003242080000189e-02
-6.941465453310000089e-02 4.711356352039999806e-01 -4.572001049850000221e-01 -2.598110331869999956e-01 6.068971052610000472e-01 -5.578160222629999776e-01 3.171900311210000267e-01 4.691030836099999678e-03 -3.416249011160000237e-01 4.439003242080000189e-02
-7.882899813530000466e-02 4.711356352039999806e-01 -4.572001049850000221e-01 -2.386763268669999938e-01 6.506326944610000274e-01 -5.578160222629999776e-01 3.171900311210000267e-01 4.691030836099999678e-03 -3.416249011160000237e-01 4.439003242080000189e-02
-8.412460642110000664e-02 4.726316500789999875e-01 -4.572001049850000221e-01 1.206126698629999966e-01 6.513055432440000292e-01 -5.578160222629999776e-01 3.171900311210000267e-01 5.279513045829999952e-03 -3.416249011160000237e-01 4.439003242080000189e-02
-8.412460642110000664e-02 4.741276649550000277e-01 -4.577884957439999902e-01 5.676921989569999605e-01 6.513055432440000292e-01 -5.584044130219999458e-01 3.171900311210000267e-01 5.279513045829999952e-03 -3.416249011160000237e-01 4.439003242080000189e-02
-9.412734078289999862e-02 4.756236798299999791e-01 -4.577884957439999902e-01 7.253892537389999839e-01 6.513055432440000292e-01 -5.578160222629999776e-01 3.171900311210000267e-01 4.691030836099999678e-03 -3.416249011160000237e-01 4.506288120379999679e-02
-9.471573154239999737e-02 4.756236798299999791e-01 -4.577884957439999902e-01 7.351436169580000124e-01 6.513055432440000292e-01 -5.578160222629999776e-01 3.171900311210000267e-01 5.279513045829999952e-03 -3.416249011160000237e-01 4.506288120379999679e-02
-9.412734078289999862e-02 4.756236798299999791e-01 -4.577884957439999902e-01 7.351436169580000124e-01 6.513055432440000292e-01 -5.578160222629999776e-01 3.171900311210000267e-01 5.279513045829999952e-03 -3.416249011160000237e-01 4.439003242080000189e-02
-9.412734078289999862e-02 4.756236798299999791e-01 -4.583768865039999918e-01 7.351436169580000124e-01 6.513055432440000292e-01 -5.578160222629999776e-01 3.171900311210000267e-01 4.691030836099999678e-03 -3.399991739120000189e-01 4.506288120379999679e-02
-9.412734078289999862e-02 4.756236798299999791e-01 -4.577884957439999902e-01 4.815276464730000039e-01 6.519783920270000310e-01 -5.584044130219999458e-01 3.171900311210000267e-01 4.691030836099999678e-03 -3.416249011160000237e-01 4.439003242080000189e-02
-9.412734078289999862e-02 4.756236798299999791e-01 -4.577884957439999902e-01 3.661000043309999841e-01 6.519783920270000310e-01 -5.578160222629999776e-01 3.171900311210000267e-01 4.691030836099999678e-03 -3.416249011160000237e-01 4.506288120379999679e-02
-9.412734078289999862e-02 4.756236798299999791e-01 -4.583768865039999918e-01 3.661000043309999841e-01 6.519783920270000310e-01 -5.578160222629999776e-01 3.171900311210000267e-01 4.691030836099999678e-03 -3.416249011160000237e-01 4.506288120379999679e-02
-9.471573154239999737e-02 4.756236798299999791e-01 -4.583768865039999918e-01 3.661000043309999841e-01 6.519783920270000310e-01 -5.584044130219999458e-01 3.171900311210000267e-01 4.691030836099999678e-03 -3.416249011160000237e-01 4.439003242080000189e-02
-9.412734078289999862e-02 4.756236798299999791e-01 -4.583768865039999918e-01 3.661000043309999841e-01 6.519783920270000310e-01 -5.584044130219999458e-01 3.171900311210000267e-01 4.691030836099999678e-03 -3.416249011160000237e-01 4.506288120379999679e-02
-6.764948225450000130e-02 4.771196947049999859e-01 -4.583768865039999918e-01 1.141097610499999943e-01 6.250641792669999752e-01 -5.578160222629999776e-01 3.171900311210000267e-01 4.691030836099999678e-03 -3.416249011160000237e-01 4.506288120379999679e-02
-6.764948225450000130e-02 4.771196947049999859e-01 -4.583768865039999918e-01 -2.370505996639999946e-01 6.250641792669999752e-01 -5.584044130219999458e-01 3.171900311210000267e-01 5.279513045829999952e-03 -3.416249011160000237e-01 4.506288120379999679e-02
-7.000304529259999964e-02 4.576712688089999981e-01 -4.342526824640000060e-01 -2.077872573279999913e-01 4.333003937389999782e-01 -5.578160222629999776e-01 3.171900311210000267e-01 4.691030836099999678e-03 -3.416249011160000237e-01 4.573572998670000223e-02
-1.923895121220000060e-01 8.516007710850000134e-02 -2.924491376700000256e-01 2.019000407360000138e-01 2.000140786859999978e-03 -5.578160222629999776e-01 3.186860459959999781e-01 4.691030836099999678e-03 -3.399991739120000189e-01 4.573572998670000223e-02
-4.030355073799999910e-01 -2.813670550910000179e-01 -1.071042194220000049e-01 3.303335005040000105e-01 -2.962406574289999997e-02 -5.578160222629999776e-01 3.201820608720000183e-01 4.691030836099999678e-03 -3.367477195060000206e-01 4.640857876969999712e-02
-5.413086618910000203e-01 -3.053035256130000041e-01 -7.665266563689999632e-03 3.384626418760000033e-01 -3.096976330880000031e-02 -5.584044130219999458e-01 3.127019864949999728e-01 4.691030836099999678e-03 -3.399991739120000189e-01 4.775427633559999746e-02
