-5.601373490959999923e-01 -3.217599217580000004e-01 -2.958049037439999807e-03 3.465912778920000048e-01 -3.231546087469999717e-02 -5.578160222629999776e-01 3.156940162460000199e-01 5.279513045829999952e-03 -3.448763555220000221e-01 4.506288120379999679e-02
-5.595489583360000463e-01 -3.217599217580000004e-01 -2.958049037439999807e-03 3.465912778920000048e-01 -3.231546087469999717e-02 -5.572276315030000315e-01 3.141980013699999796e-01 -5.179503077759999713e-02 -2.522091469030000033e-01 -1.278609292469999881e-01
-5.601373490959999923e-01 -3.217599217580000004e-01 -2.958049037439999807e-03 3.465912778920000048e-01 -3.231546087469999717e-02 -4.860316180009999765e-01 3.156940162460000199e-01 -1.818305774810000108e-01 -2.343258949900000054e-01 -6.176996537779999574e-01
-5.601373490959999923e-01 -3.217599217580000004e-01 -2.958049037439999807e-03 3.465912778920000048e-01 -3.298830965760000261e-02 -3.430512002389999870e-01 3.156940162460000199e-01 -1.859494042469999886e-01 -2.278229861770000031e-01 -6.520151508629999926e-01
-5.601373490959999923e-01 -3.217599217580000004e-01 -2.958049037439999807e-03 3.465912778920000048e-01 -3.298830965760000261e-02 -1.459384667999999996e-01 3.141980013699999796e-01 -1.859494042469999886e-01 -2.261972589729999983e-01 -6.560522435600000257e-01
-5.601373490959999923e-01 -3.217599217580000004e-01 -2.958049037439999807e-03 3.465912778920000048e-01 -3.231546087469999717e-02 4.587884125249999667e-02 3.007336349759999750e-01 -1.859494042469999886e-01 -2.180686229569999968e-01 -6.560522435600000257e-01
-5.601373490959999923e-01 -3.202639068829999935e-01 -2.958049037439999807e-03 3.465912778920000048e-01 -3.231546087469999717e-02 2.229861974169999872e-01 2.573487385589999787e-01 -1.859494042469999886e-01 -2.115654614670000044e-01 -6.560522435600000257e-01
-5.601373490959999923e-01 -3.202639068829999935e-01 -2.958049037439999807e-03 3.465912778920000048e-01 -3.298830965760000261e-02 3.347815391260000051e-01 2.573487385589999787e-01 -1.906565303240000120e-01 -2.148169158730000028e-01 -6.560522435600000257e-01
-5.601373490959999923e-01 -3.202639068829999935e-01 -2.958049037439999807e-03 3.465912778920000048e-01 -3.231546087469999717e-02 4.059774611770000097e-01 2.842772388309999787e-01 -2.083084360090000087e-01 -2.343258949900000054e-01 -6.560522435600000257e-01
-5.601373490959999923e-01 -3.202639068829999935e-01 -2.958049037439999807e-03 3.465912778920000048e-01 -3.231546087469999717e-02 4.171569770579999781e-01 3.052216796019999734e-01 -2.106619990470000037e-01 -2.375773493960000038e-01 -6.560522435600000257e-01
-5.601373490959999923e-01 -3.202639068829999935e-01 -2.958049037439999807e-03 3.465912778920000048e-01 -3.231546087469999717e-02 4.171569770579999781e-01 3.067176944769999802e-01 -2.100736082880000077e-01 -2.375773493960000038e-01 -6.560522435600000257e-01
-5.595489583360000463e-01 -3.202639068829999935e-01 -2.958049037439999807e-03 3.465912778920000048e-01 -3.231546087469999717e-02 4.177453678170000018e-01 3.067176944769999802e-01 -2.106619990470000037e-01 -2.375773493960000038e-01 -6.560522435600000257e-01
-5.601373490959999923e-01 -3.202639068829999935e-01 -2.369658277940000189e-03 3.465912778920000048e-01 -3.231546087469999717e-02 4.171569770579999781e-01 3.067176944769999802e-01 -2.106619990470000037e-01 -2.375773493960000038e-01 -6.560522435600000257e-01
-5.601373490959999923e-01 -3.202639068829999935e-01 -2.958049037439999807e-03 3.465912778920000048e-01 -3.298830965760000261e-02 4.395160545449999789e-01 1.436506779689999957e-01 -3.153966516410000032e-01 -2.375773493960000038e-01 -2.758891255740000270e-01
-5.601373490959999923e-01 -3.217599217580000004e-01 -2.958049037439999807e-03 3.465912778920000048e-01 -3.231546087469999717e-02 4.412812725479999809e-01 -2.318527760000000104e-01 -3.901230097000000230e-01 -2.359516221930000046e-01 -1.877449938150000108e-01
-5.601373490959999923e-01 -3.202639068829999935e-01 -2.958049037439999807e-03 3.465912778920000048e-01 -3.231546087469999717e-02 4.412812725479999809e-01 -4.323206294240000136e-01 -3.907114004600000245e-01 -2.424547836840000026e-01 -1.870721450320000090e-01
-5.601373490959999923e-01 -3.202639068829999935e-01 -2.958049037439999807e-03 3.465912778920000048e-01 -3.298830965760000261e-02 4.418696633079999825e-01 -4.757055258410000098e-01 -3.907114004600000245e-01 -2.440805108870000018e-01 -1.870721450320000090e-01
-5.601373490959999923e-01 -3.217599217580000004e-01 -2.958049037439999807e-03 3.465912778920000048e-01 -3.231546087469999717e-02 4.418696633079999825e-01 -4.757055258410000098e-01 -3.907114004600000245e-01 -2.440805108870000018e-01 -1.863992962490000072e-01
-5.601373490959999923e-01 -3.202639068829999935e-01 -2.958049037439999807e-03 3.465912778920000048e-01 -3.298830965760000261e-02 4.418696633079999825e-01 -4.742095109660000030e-01 -3.907114004600000245e-01 -2.440805108870000018e-01 -1.890907959579999909e-01
-5.601373490959999923e-01 -3.202639068829999935e-01 -2.958049037439999807e-03 3.465912778920000048e-01 -3.231546087469999717e-02 4.418696633079999825e-01 -4.742095109660000030e-01 -3.907114004600000245e-01 -2.440805108870000018e-01 -1.890907959579999909e-01
-5.601373490959999923e-01 -3.202639068829999935e-01 -2.958049037439999807e-03 3.465912778920000048e-01 -3.231546087469999717e-02 4.418696633079999825e-01 -4.742095109660000030e-01 -3.907114004600000245e-01 -2.440805108870000018e-01 -1.890907959579999909e-01
-5.601373490959999923e-01 -3.202639068829999935e-01 -2.958049037439999807e-03 3.465912778920000048e-01 -3.298830965760000261e-02 4.418696633079999825e-01 -4.742095109660000030e-01 -3.907114004600000245e-01 -2.440805108870000018e-01 -1.890907959579999909e-01
-5.601373490959999923e-01 -3.202639068829999935e-01 -2.369658277940000189e-03 3.465912778920000048e-01 -3.298830965760000261e-02 4.418696633079999825e-01 -4.742095109660000030e-01 -3.907114004600000245e-01 -2.440805108870000018e-01 -1.884179471749999890e-01
-5.601373490959999923e-01 -3.202639068829999935e-01 -2.369658277940000189e-03 3.465912778920000048e-01 -3.298830965760000261e-02 4.418696633079999825e-01 -4.068881440270000205e-01 -3.907114004600000245e-01 -2.522091469030000033e-01 -1.870721450320000090e-01
-5.601373490959999923e-01 -3.202639068829999935e-01 -2.958049037439999807e-03 3.465912778920000048e-01 -3.231546087469999717e-02 4.418696633079999825e-01 -4.068881440270000205e-01 -3.907114004600000245e-01 -2.522091469030000033e-01 -1.870721450320000090e-01
-5.601373490959999923e-01 -3.202639068829999935e-01 -2.958049037439999807e-03 3.465912778920000048e-01 -3.231546087469999717e-02 4.418696633079999825e-01 -4.053921291520000136e-01 -3.907114004600000245e-01 -2.522091469030000033e-01 -1.870721450320000090e-01
-5.601373490959999923e-01 -3.202639068829999935e-01 -2.958049037439999807e-03 3.465912778920000048e-01 -3.231546087469999717e-02 4.418696633079999825e-01 -4.053921291520000136e-01 -3.907114004600000245e-01 -2.522091469030000033e-01 -1.884179471749999890e-01
-5.601373490959999923e-01 -3.202639068829999935e-01 -2.958049037439999807e-03 3.465912778920000048e-01 -3.231546087469999717e-02 4.418696633079999825e-01 -4.053921291520000136e-01 -3.907114004600000245e-01 -2.522091469030000033e-01 -1.884179471749999890e-01
-5.601373490959999923e-01 -3.202639068829999935e-01 -2.958049037439999807e-03 3.465912778920000048e-01 -3.298830965760000261e-02 4.418696633079999825e-01 -4.053921291520000136e-01 -3.907114004600000245e-01 -2.522091469030000033e-01 -1.884179471749999890e-01
-5.601373490959999923e-01 -3.202639068829999935e-01 -2.958049037439999807e-03 3.465912778920000048e-01 -3.231546087469999717e-02 4.418696633079999825e-01 -3.934240101490000252e-01 -3.830621376860000038e-01 -2.522091469030000033e-01 -2.119678637319999948e-01
-5.601373490959999923e-01 -3.202639068829999935e-01 -2.958049037439999807e-03 3.465912778920000048e-01 -3.231546087469999717e-02 4.130382417410000118e-01 -1.286268195370000034e-01 -2.524382002230000088e-01 -3.156130131859999910e-01 -6.224095952589999703e-01
-5.601373490959999923e-01 -3.202639068829999935e-01 -2.958049037439999807e-03 3.465912778920000048e-01 -3.231546087469999717e-02 4.106846787030000168e-01 2.274282085359999872e-01 -2.236067786569999882e-01 -3.026071955599999863e-01 -6.533608484280000184e-01
-5.601373490959999923e-01 -3.202639068829999935e-01 -2.958049037439999807e-03 3.465912778920000048e-01 -3.298830965760000261e-02 4.200990223059999917e-01 2.977416052249999834e-01 -2.177227796110000058e-01 -2.733438532229999773e-01 -6.533608484280000184e-01
-5.601373490959999923e-01 -3.202639068829999935e-01 -2.958049037439999807e-03 3.465912778920000048e-01 -3.231546087469999717e-02 4.218641945839999852e-01 3.067176944769999802e-01 -2.065432637309999875e-01 -2.863496708489999820e-01 -6.291380830880000108e-01
-5.601373490959999923e-01 -3.187678920070000088e-01 -2.958049037439999807e-03 3.465912778920000048e-01 -3.231546087469999717e-02 3.536102263299999993e-01 3.246701054969999833e-01 -7.591923481769999316e-02 -3.448763555220000221e-01 -1.218051856229999952e-01
-5.601373490959999923e-01 -3.202639068829999935e-01 -2.958049037439999807e-03 3.465912778920000048e-01 -3.231546087469999717e-02 2.794722590309999810e-01 3.246701054969999833e-01 -1.119561112069999975e-02 -3.432506283189999952e-01 3.429719609959999693e-02
-5.601373490959999923e-01 -3.202639068829999935e-01 -2.958049037439999807e-03 3.465912778920000048e-01 -3.298830965760000261e-02 1.376687142370000005e-01 2.992376201010000236e-01 6.456294564839999868e-03 -3.367477195060000206e-01 3.698859123139999761e-02
-5.601373490959999923e-01 -3.187678920070000088e-01 -2.958049037439999807e-03 3.465912778920000048e-01 -3.231546087469999717e-02 -5.826732913209999726e-02 3.022296498509999818e-01 6.456294564839999868e-03 -3.367477195060000206e-01 3.698859123139999761e-02
