-5.619025213739999858e-01 -3.202639068829999935e-01 -2.958049037439999807e-03 3.465912778920000048e-01 -3.231546087469999717e-02 -5.613463668200000534e-01 3.216780757470000252e-01 4.102640076600000060e-03 -3.416249011160000237e-01 4.640857876969999712e-02
-5.577837403330000443e-01 -3.232559366330000072e-01 1.094256834300000036e-01 2.376665445629999873e-01 3.269892402630000250e-01 -5.613463668200000534e-01 3.201820608720000183e-01 4.102640076600000060e-03 -3.432506283189999952e-01 4.640857876969999712e-02
-4.471652258680000047e-01 -3.202639068829999935e-01 1.870939952869999923e-01 2.327893629530000119e-01 6.412127069230000309e-01 -5.613463668200000534e-01 3.201820608720000183e-01 4.102640076600000060e-03 -3.416249011160000237e-01 4.640857876969999712e-02
-3.047732445899999920e-01 -3.187678920070000088e-01 1.882707768059999898e-01 2.279116759879999954e-01 6.553426882299999701e-01 -5.613463668200000534e-01 3.201820608720000183e-01 4.102640076600000060e-03 -3.416249011160000237e-01 4.640857876969999712e-02
-9.000860546630000403e-02 -3.127838325060000035e-01 1.882707768059999898e-01 2.116544039559999923e-01 6.553426882299999701e-01 -5.613463668200000534e-01 3.201820608720000183e-01 4.102640076600000060e-03 -3.416249011160000237e-01 4.640857876969999712e-02
9.533631278170000278e-02 -2.903433768600000020e-01 1.882707768059999898e-01 2.132801311589999915e-01 6.553426882299999701e-01 -5.613463668200000534e-01 3.201820608720000183e-01 4.102640076600000060e-03 -3.416249011160000237e-01 4.640857876969999712e-02
2.647944976230000025e-01 -2.529425399440000111e-01 1.882707768059999898e-01 2.132801311589999915e-01 6.560155370129999719e-01 -5.613463668200000534e-01 3.186860459959999781e-01 4.102640076600000060e-03 -3.416249011160000237e-01 4.640857876969999712e-02
3.671755871790000070e-01 -2.529425399440000111e-01 1.994502926860000080e-01 2.149058583619999907e-01 6.560155370129999719e-01 -5.613463668200000534e-01 3.186860459959999781e-01 4.102640076600000060e-03 -3.416249011160000237e-01 4.573572998670000223e-02
4.224846843730000190e-01 -2.768790104650000194e-01 2.653506979019999990e-01 2.295374031920000002e-01 4.440660788429999783e-01 -5.613463668200000534e-01 3.186860459959999781e-01 4.102640076600000060e-03 -3.416249011160000237e-01 4.573572998670000223e-02
4.395481992990000197e-01 7.169571071390000438e-02 3.859719924539999902e-01 2.279116759879999954e-01 1.964553214460000030e-01 -5.613463668200000534e-01 3.186860459959999781e-01 4.102640076600000060e-03 -3.416249011160000237e-01 4.573572998670000223e-02
4.395481992990000197e-01 3.933421641379999945e-01 3.942095545370000176e-01 2.392922717659999865e-01 1.890539848339999884e-01 -5.613463668200000534e-01 3.186860459959999781e-01 4.102640076600000060e-03 -3.416249011160000237e-01 4.573572998670000223e-02
4.407249808179999895e-01 4.786157095799999928e-01 3.924443822579999908e-01 2.392922717659999865e-01 1.890539848339999884e-01 -5.613463668200000534e-01 3.186860459959999781e-01 4.102640076600000060e-03 -3.416249011160000237e-01 4.573572998670000223e-02
4.407249808179999895e-01 4.786157095799999928e-01 3.918559914990000226e-01 2.425437261729999905e-01 1.890539848339999884e-01 -5.613463668200000534e-01 3.186860459959999781e-01 4.102640076600000060e-03 -3.416249011160000237e-01 4.573572998670000223e-02
4.407249808179999895e-01 4.786157095799999928e-01 3.918559914990000226e-01 2.425437261729999905e-01 1.890539848339999884e-01 -5.613463668200000534e-01 3.186860459959999781e-01 4.102640076600000060e-03 -3.416249011160000237e-01 4.573572998670000223e-02
4.407249808179999895e-01 4.786157095799999928e-01 3.918559914990000226e-01 2.409179989699999913e-01 1.890539848339999884e-01 -5.613463668200000534e-01 3.186860459959999781e-01 4.102640076600000060e-03 -3.416249011160000237e-01 4.640857876969999712e-02
4.407249808179999895e-01 4.172786346599999807e-01 3.853836016939999887e-01 2.457951805789999888e-01 1.890539848339999884e-01 -5.613463668200000534e-01 3.186860459959999781e-01 4.102640076600000060e-03 -3.416249011160000237e-01 4.640857876969999712e-02
4.407249808179999895e-01 4.068062980159999897e-01 3.853836016939999887e-01 2.457951805789999888e-01 1.890539848339999884e-01 -5.613463668200000534e-01 3.186860459959999781e-01 4.102640076600000060e-03 -3.416249011160000237e-01 4.573572998670000223e-02
4.407249808179999895e-01 4.068062980159999897e-01 3.853836016939999887e-01 2.474209077829999937e-01 1.883811360509999866e-01 -5.613463668200000534e-01 3.186860459959999781e-01 4.102640076600000060e-03 -3.416249011160000237e-01 4.573572998670000223e-02
4.407249808179999895e-01 4.068062980159999897e-01 3.853836016939999887e-01 2.457951805789999888e-01 1.890539848339999884e-01 -5.607579760599999963e-01 3.186860459959999781e-01 4.691030836099999678e-03 -3.416249011160000237e-01 4.573572998670000223e-02
4.407249808179999895e-01 4.068062980159999897e-01 3.853836016939999887e-01 2.474209077829999937e-01 1.890539848339999884e-01 -5.607579760599999963e-01 3.186860459959999781e-01 4.102640076600000060e-03 -3.416249011160000237e-01 4.573572998670000223e-02
4.289571656280000145e-01 2.781478561560000173e-01 3.035964630710000223e-01 2.896903204230000251e-01 5.174073282240000404e-01 -5.613463668200000534e-01 3.186860459959999781e-01 4.102640076600000060e-03 -3.416249011160000237e-01 4.640857876969999712e-02
4.071865246260000237e-01 -1.063316870639999939e-01 2.282817142530000065e-01 3.238305916909999804e-01 6.499598456780000255e-01 -5.613463668200000534e-01 3.186860459959999781e-01 4.102640076600000060e-03 -3.416249011160000237e-01 4.573572998670000223e-02
4.124820414620000153e-01 -2.888473619849999952e-01 1.788564332029999870e-01 3.335849549109999868e-01 5.153887818750000349e-01 -5.613463668200000534e-01 3.186860459959999781e-01 4.102640076600000060e-03 -3.416249011160000237e-01 4.573572998670000223e-02
3.406976372000000142e-01 -3.187678920070000088e-01 4.646723201200000236e-02 3.498427322989999810e-01 2.622290612710000135e-02 -5.613463668200000534e-01 3.186860459959999781e-01 4.102640076600000060e-03 -3.416249011160000237e-01 4.640857876969999712e-02
2.606757623059999807e-01 -3.142798473819999883e-01 1.749077038590000042e-03 3.482170050949999762e-01 -2.625971725110000030e-02 -5.613463668200000534e-01 3.186860459959999781e-01 4.102640076600000060e-03 -3.416249011160000237e-01 4.506288120379999679e-02
9.710148506019999903e-02 -3.038075107379999973e-01 -6.488485044690000397e-03 3.368369146719999985e-01 -2.827836817699999963e-02 -5.613463668200000534e-01 3.186860459959999781e-01 4.102640076600000060e-03 -3.416249011160000237e-01 4.506288120379999679e-02
