-5.601373490959999923e-01 -3.202639068829999935e-01 -3.546439796939999858e-03 3.465912778920000048e-01 -3.096976330880000031e-02 -5.613463668200000534e-01 3.201820608720000183e-01 4.691030836099999678e-03 -3.416249011160000237e-01 4.573572998670000223e-02
-5.601373490959999923e-01 -3.187678920070000088e-01 -3.546439796939999858e-03 3.465912778920000048e-01 -3.096976330880000031e-02 -5.254541646889999695e-01 1.481387225949999942e-01 6.117709244979999822e-02 -1.221497072539999978e-01 -3.021304372629999846e-01
-5.601373490959999923e-01 -3.202639068829999935e-01 -2.958049037439999807e-03 3.465912778920000048e-01 -3.096976330880000031e-02 -3.518772445319999775e-01 -2.378368355009999879e-01 2.265165419740000075e-01 2.371395421530000103e-01 -6.002053762669999903e-01
-5.601373490959999923e-01 -3.202639068829999935e-01 -3.546439796939999858e-03 3.465912778920000048e-01 -3.096976330880000031e-02 -1.759466698859999956e-01 -4.487770255690000099e-01 3.865603832130000139e-01 2.712800660990000168e-01 -6.102981080110000400e-01
-5.601373490959999923e-01 -3.187678920070000088e-01 -3.546439796939999858e-03 3.465912778920000048e-01 -3.096976330880000031e-02 -7.474245329869999566e-02 -4.637374068389999993e-01 4.530491791879999730e-01 2.777829749130000248e-01 -6.102981080110000400e-01
-5.601373490959999923e-01 -3.187678920070000088e-01 -3.546439796939999858e-03 3.465912778920000048e-01 -3.096976330880000031e-02 -6.768167273439999743e-02 -4.652334217140000061e-01 4.542259607069999983e-01 2.794089547929999862e-01 -6.102981080110000400e-01
-5.601373490959999923e-01 -3.187678920070000088e-01 -2.958049037439999807e-03 3.465912778920000048e-01 -3.096976330880000031e-02 -6.768167273439999743e-02 -4.652334217140000061e-01 4.542259607069999983e-01 2.810346819969999910e-01 -6.102981080110000400e-01
-5.601373490959999923e-01 -3.187678920070000088e-01 -2.958049037439999807e-03 3.465912778920000048e-01 -3.096976330880000031e-02 -6.768167273439999743e-02 -4.652334217140000061e-01 4.542259607069999983e-01 2.810346819969999910e-01 -6.102981080110000400e-01
-5.601373490959999923e-01 -3.187678920070000088e-01 -3.546439796939999858e-03 3.465912778920000048e-01 -3.096976330880000031e-02 -8.062645234390000692e-02 -4.652334217140000061e-01 4.542259607069999983e-01 2.355138149500000111e-01 -6.499966045139999871e-01
-5.601373490959999923e-01 -3.187678920070000088e-01 -2.958049037439999807e-03 3.465912778920000048e-01 -3.096976330880000031e-02 -8.474518766039999818e-02 -4.712174812150000114e-01 4.542259607069999983e-01 -1.481615951839999890e-01 -6.540336972110000202e-01
-5.595489583360000463e-01 -3.187678920070000088e-01 -3.546439796939999858e-03 3.449655506889999779e-01 -3.096976330880000031e-02 -8.474518766039999818e-02 -4.712174812150000114e-01 4.554027879520000099e-01 -5.578487669089999823e-01 -6.540336972110000202e-01
-5.601373490959999923e-01 -3.202639068829999935e-01 -3.546439796939999858e-03 3.449655506889999779e-01 -3.096976330880000031e-02 -9.886665733869999528e-02 -4.757055258410000098e-01 4.554027879520000099e-01 -7.236745840460000467e-01 -6.553793947770000239e-01
-5.601373490959999923e-01 -3.202639068829999935e-01 -3.546439796939999858e-03 3.465912778920000048e-01 -3.096976330880000031e-02 -9.886665733869999528e-02 -4.757055258410000098e-01 4.554027879520000099e-01 -7.431835631630000494e-01 -6.553793947770000239e-01
-5.595489583360000463e-01 -3.202639068829999935e-01 -3.546439796939999858e-03 3.465912778920000048e-01 -3.096976330880000031e-02 -9.886665733869999528e-02 -4.757055258410000098e-01 4.554027879520000099e-01 -7.431835631630000494e-01 -6.553793947770000239e-01
-5.601373490959999923e-01 -3.202639068829999935e-01 -3.546439796939999858e-03 3.465912778920000048e-01 -3.096976330880000031e-02 -9.886665733869999528e-02 -4.757055258410000098e-01 4.554027879520000099e-01 -7.431835631630000494e-01 -6.553793947770000239e-01
-5.601373490959999923e-01 -3.202639068829999935e-01 -3.546439796939999858e-03 3.449655506889999779e-01 -3.096976330880000031e-02 -9.886665733869999528e-02 -4.772015407160000167e-01 4.554027879520000099e-01 -5.285854245729999512e-01 -6.553793947770000239e-01
-5.601373490959999923e-01 -3.202639068829999935e-01 -2.958049037439999807e-03 3.465912778920000048e-01 -3.096976330880000031e-02 -9.886665733869999528e-02 -4.772015407160000167e-01 4.554027879520000099e-01 -3.578824258259999946e-01 -6.553793947770000239e-01
-5.601373490959999923e-01 -3.202639068829999935e-01 -3.546439796939999858e-03 3.465912778920000048e-01 -3.096976330880000031e-02 -9.886665733869999528e-02 -4.772015407160000167e-01 4.554027879520000099e-01 -3.530052442159999915e-01 -6.553793947770000239e-01
-5.595489583360000463e-01 -3.187678920070000088e-01 -3.546439796939999858e-03 3.465912778920000048e-01 -3.096976330880000031e-02 -9.886665733869999528e-02 -4.772015407160000167e-01 4.554027879520000099e-01 -3.530052442159999915e-01 -6.553793947770000239e-01
-5.595489583360000463e-01 -3.202639068829999935e-01 -3.546439796939999858e-03 3.465912778920000048e-01 -3.096976330880000031e-02 -9.886665733869999528e-02 -4.772015407160000167e-01 4.554027879520000099e-01 -3.530052442159999915e-01 -6.553793947770000239e-01
-5.601373490959999923e-01 -3.202639068829999935e-01 -3.546439796939999858e-03 3.465912778920000048e-01 -3.096976330880000031e-02 -7.180049950109999857e-02 -4.786975555920000014e-01 4.554027879520000099e-01 -1.660448470969999868e-01 -6.203910489099999648e-01
-5.601373490959999923e-01 -3.187678920070000088e-01 -3.546439796939999858e-03 3.465912778920000048e-01 -3.096976330880000031e-02 -6.768167273439999743e-02 -4.772015407160000167e-01 4.554027879520000099e-01 2.225077446460000108e-01 -6.190453513439999611e-01
-5.601373490959999923e-01 -3.187678920070000088e-01 -3.546439796939999858e-03 3.465912778920000048e-01 -3.096976330880000031e-02 -6.944684501289999368e-02 -4.577531148210000067e-01 4.395160545449999789e-01 1.932444023100000074e-01 -4.535228775060000106e-01
-5.601373490959999923e-01 -3.202639068829999935e-01 -3.546439796939999858e-03 3.465912778920000048e-01 -3.096976330880000031e-02 -1.994824831660000075e-01 -1.211465126429999983e-01 3.071268990780000041e-01 -1.774249375199999923e-01 -5.401195825569999644e-03
-5.601373490959999923e-01 -3.217599217580000004e-01 -3.546439796939999858e-03 3.433398234860000064e-01 -3.096976330880000031e-02 -3.977720895740000095e-01 2.723091198279999903e-01 1.223703715899999989e-01 -3.253676290829999873e-01 4.035293972319999728e-02
-5.601373490959999923e-01 -3.127838325060000035e-01 -3.546439796939999858e-03 3.498427322989999810e-01 -3.096976330880000031e-02 -5.372221627800000121e-01 2.917575457239999781e-01 1.351698367890000023e-02 -3.399991739120000189e-01 4.506288120379999679e-02
