-5.619025213739999858e-01 -3.202639068829999935e-01 -2.369658277940000189e-03 3.449655506889999779e-01 -3.231546087469999717e-02 -5.607579760599999963e-01 3.216780757470000252e-01 4.691030836099999678e-03 -3.416249011160000237e-01 4.640857876969999712e-02
-5.589605675769999671e-01 -3.217599217580000004e-01 9.648090382089999362e-02 2.392922717659999865e-01 2.872908483380000044e-01 -5.607579760599999963e-01 3.216780757470000252e-01 4.691030836099999678e-03 -3.416249011160000237e-01 4.640857876969999712e-02
-4.483420073869999745e-01 -3.217599217580000004e-01 1.870939952869999923e-01 2.327893629530000119e-01 6.412127069230000309e-01 -5.607579760599999963e-01 3.201820608720000183e-01 4.691030836099999678e-03 -3.416249011160000237e-01 4.573572998670000223e-02
-2.930053379499999999e-01 -3.187678920070000088e-01 1.882707768059999898e-01 2.262859487849999962e-01 6.553426882299999701e-01 -5.607579760599999963e-01 3.216780757470000252e-01 4.691030836099999678e-03 -3.416249011160000237e-01 4.573572998670000223e-02
-9.118538698540000487e-02 -3.127838325060000035e-01 1.882707768059999898e-01 2.132801311589999915e-01 6.553426882299999701e-01 -5.607579760599999963e-01 3.216780757470000252e-01 4.691030836099999678e-03 -3.416249011160000237e-01 4.573572998670000223e-02
1.006319210670000019e-01 -2.933354066109999936e-01 1.882707768059999898e-01 2.132801311589999915e-01 6.560155370129999719e-01 -5.607579760599999963e-01 3.201820608720000183e-01 4.691030836099999678e-03 -3.416249011160000237e-01 4.573572998670000223e-02
2.647944976230000025e-01 -2.529425399440000111e-01 1.882707768059999898e-01 2.132801311589999915e-01 6.560155370129999719e-01 -5.607579760599999963e-01 3.201820608720000183e-01 4.691030836099999678e-03 -3.416249011160000237e-01 4.573572998670000223e-02
3.648218412409999778e-01 -2.529425399440000111e-01 1.994502926860000080e-01 2.149058583619999907e-01 6.560155370129999719e-01 -5.607579760599999963e-01 3.216780757470000252e-01 4.691030836099999678e-03 -3.416249011160000237e-01 4.640857876969999712e-02
4.195427305760000003e-01 -2.813670550910000179e-01 2.535827912620000069e-01 2.279116759879999954e-01 4.871288192600000122e-01 -5.607579760599999963e-01 3.201820608720000183e-01 4.102640076600000060e-03 -3.416249011160000237e-01 4.573572998670000223e-02
4.395481992990000197e-01 4.327119556649999810e-02 3.847952109350000205e-01 2.262859487849999962e-01 1.978010190120000067e-01 -5.607579760599999963e-01 3.201820608720000183e-01 4.691030836099999678e-03 -3.416249011160000237e-01 4.573572998670000223e-02
4.395481992990000197e-01 3.963341938889999860e-01 3.942095545370000176e-01 2.409179989699999913e-01 1.897268336169999903e-01 -5.607579760599999963e-01 3.201820608720000183e-01 4.691030836099999678e-03 -3.416249011160000237e-01 4.573572998670000223e-02
4.407249808179999895e-01 4.831039867229999785e-01 3.883255554919999852e-01 2.425437261729999905e-01 1.890539848339999884e-01 -5.607579760599999963e-01 3.201820608720000183e-01 4.691030836099999678e-03 -3.416249011160000237e-01 4.573572998670000223e-02
4.407249808179999895e-01 4.831039867229999785e-01 3.883255554919999852e-01 2.425437261729999905e-01 1.890539848339999884e-01 -5.607579760599999963e-01 3.201820608720000183e-01 4.691030836099999678e-03 -3.416249011160000237e-01 4.573572998670000223e-02
4.407249808179999895e-01 4.846000015990000187e-01 3.883255554919999852e-01 2.425437261729999905e-01 1.890539848339999884e-01 -5.607579760599999963e-01 3.201820608720000183e-01 4.691030836099999678e-03 -3.416249011160000237e-01 4.640857876969999712e-02
4.407249808179999895e-01 4.831039867229999785e-01 3.883255554919999852e-01 2.425437261729999905e-01 1.890539848339999884e-01 -5.607579760599999963e-01 3.201820608720000183e-01 4.691030836099999678e-03 -3.416249011160000237e-01 4.573572998670000223e-02
4.407249808179999895e-01 4.142866049089999891e-01 3.883255554919999852e-01 2.457951805789999888e-01 1.883811360509999866e-01 -5.607579760599999963e-01 3.201820608720000183e-01 4.691030836099999678e-03 -3.416249011160000237e-01 4.573572998670000223e-02
4.407249808179999895e-01 4.127905900339999823e-01 3.883255554919999852e-01 2.457951805789999888e-01 1.883811360509999866e-01 -5.607579760599999963e-01 3.201820608720000183e-01 4.691030836099999678e-03 -3.416249011160000237e-01 4.573572998670000223e-02
4.407249808179999895e-01 4.068062980159999897e-01 3.883255554919999852e-01 2.457951805789999888e-01 1.883811360509999866e-01 -5.607579760599999963e-01 3.201820608720000183e-01 4.691030836099999678e-03 -3.416249011160000237e-01 4.573572998670000223e-02
4.407249808179999895e-01 4.068062980159999897e-01 3.883255554919999852e-01 2.457951805789999888e-01 1.883811360509999866e-01 -5.607579760599999963e-01 3.201820608720000183e-01 4.691030836099999678e-03 -3.416249011160000237e-01 4.573572998670000223e-02
4.407249808179999895e-01 4.083023128909999966e-01 3.883255554919999852e-01 2.457951805789999888e-01 1.883811360509999866e-01 -5.607579760599999963e-01 3.201820608720000183e-01 4.691030836099999678e-03 -3.416249011160000237e-01 4.573572998670000223e-02
4.266036025900000195e-01 2.452352963830000121e-01 2.924169471899999984e-01 2.945675020319999948e-01 5.564329236549999669e-01 -5.607579760599999963e-01 3.201820608720000183e-01 4.691030836099999678e-03 -3.416249011160000237e-01 4.573572998670000223e-02
4.071865246260000237e-01 -1.362522170869999993e-01 2.271049327340000090e-01 3.238305916909999804e-01 6.506326944610000274e-01 -5.607579760599999963e-01 3.186860459959999781e-01 4.691030836099999678e-03 -3.416249011160000237e-01 4.573572998670000223e-02
4.118936507020000137e-01 -2.948314214860000004e-01 1.723840433989999865e-01 3.368369146719999985e-01 4.857831216940000085e-01 -5.607579760599999963e-01 3.186860459959999781e-01 4.691030836099999678e-03 -3.416249011160000237e-01 4.573572998670000223e-02
3.377556834029999955e-01 -3.187678920070000088e-01 4.293688745489999958e-02 3.465912778920000048e-01 1.343867467399999932e-02 -5.607579760599999963e-01 3.186860459959999781e-01 4.691030836099999678e-03 -3.416249011160000237e-01 4.506288120379999679e-02
2.536149817419999786e-01 -3.127838325060000035e-01 1.160686279079999961e-03 3.465912778920000048e-01 -2.962406574289999997e-02 -5.607579760599999963e-01 3.186860459959999781e-01 4.691030836099999678e-03 -3.416249011160000237e-01 4.573572998670000223e-02
8.121484310340000567e-02 -3.082957878800000051e-01 -7.076875804190000015e-03 3.433398234860000064e-01 -2.962406574289999997e-02 -5.607579760599999963e-01 3.186860459959999781e-01 4.691030836099999678e-03 -3.416249011160000237e-01 4.506288120379999679e-02
