-5.589605675769999671e-01 -3.023114958620000126e-01 -3.546439796939999858e-03 3.449655506889999779e-01 -3.231546087469999717e-02 -5.613463668200000534e-01 3.186860459959999781e-01 4.102640076600000060e-03 -3.416249011160000237e-01 4.708142755260000256e-02
-5.548417865350000477e-01 -4.519146110100000224e-01 -3.546439796939999858e-03 5.806980165830000207e-01 3.014207773570000137e-01 -5.607579760599999963e-01 3.127019864949999728e-01 4.102640076600000060e-03 -3.416249011160000237e-01 4.640857876969999712e-02
-4.424580540670000062e-01 -4.863229531409999917e-01 -3.546439796939999858e-03 7.416465257709999870e-01 4.306089986070000264e-01 -5.607579760599999963e-01 3.141980013699999796e-01 4.102640076600000060e-03 -3.399991739120000189e-01 4.506288120379999679e-02
-2.894749933929999797e-01 -4.893154479260000134e-01 -4.134830556449999722e-03 7.530271215489999781e-01 4.306089986070000264e-01 -5.607579760599999963e-01 3.141980013699999796e-01 4.102640076600000060e-03 -3.399991739120000189e-01 4.573572998670000223e-02
-8.353621566159999401e-02 -4.863229531409999917e-01 -4.134830556449999722e-03 7.514013943459999512e-01 4.339732425219999801e-01 -5.613463668200000534e-01 3.141980013699999796e-01 4.102640076600000060e-03 -3.399991739120000189e-01 4.573572998670000223e-02
8.533357841989999693e-02 -4.713628043879999896e-01 -4.134830556449999722e-03 7.497751617879999664e-01 4.339732425219999801e-01 -5.613463668200000534e-01 3.141980013699999796e-01 4.102640076600000060e-03 -3.399991739120000189e-01 4.506288120379999679e-02
2.418470751019999865e-01 -4.444345366329999769e-01 -6.044859994279999779e-04 7.416465257709999870e-01 4.339732425219999801e-01 -5.607579760599999963e-01 3.141980013699999796e-01 4.102640076600000060e-03 -3.399991739120000189e-01 4.506288120379999679e-02
3.289297305600000221e-01 -4.489225812589999753e-01 1.234020215989999926e-02 7.546528487529999829e-01 4.346460913049999819e-01 -5.607579760599999963e-01 3.141980013699999796e-01 4.102640076600000060e-03 -3.399991739120000189e-01 4.506288120379999679e-02
3.489352907339999810e-01 -4.399464920080000119e-01 2.175454576220000116e-02 7.546528487529999829e-01 3.720706316060000129e-01 -5.607579760599999963e-01 3.141980013699999796e-01 4.102640076600000060e-03 -3.399991739120000189e-01 4.506288120379999679e-02
3.495236814930000047e-01 -1.542046281070000024e-01 2.646176328840000105e-02 7.660329391760000162e-01 3.646691904159999886e-01 -5.613463668200000534e-01 3.141980013699999796e-01 4.102640076600000060e-03 -3.399991739120000189e-01 4.506288120379999679e-02
3.501120722530000062e-01 -1.063316870639999939e-01 2.646176328840000105e-02 7.676586663790000431e-01 3.646691904159999886e-01 -5.613463668200000534e-01 3.141980013699999796e-01 4.102640076600000060e-03 -3.399991739120000189e-01 4.573572998670000223e-02
3.495236814930000047e-01 -1.048356721890000010e-01 2.705015404789999980e-02 7.709101207849999859e-01 3.646691904159999886e-01 -5.607579760599999963e-01 3.141980013699999796e-01 4.102640076600000060e-03 -3.399991739120000189e-01 4.506288120379999679e-02
3.495236814930000047e-01 -1.048356721890000010e-01 2.705015404789999980e-02 7.709101207849999859e-01 3.646691904159999886e-01 -5.613463668200000534e-01 3.141980013699999796e-01 4.102640076600000060e-03 -3.399991739120000189e-01 4.506288120379999679e-02
3.501120722530000062e-01 -1.048356721890000010e-01 2.646176328840000105e-02 7.725358479889999908e-01 3.646691904159999886e-01 -5.607579760599999963e-01 3.141980013699999796e-01 4.102640076600000060e-03 -3.399991739120000189e-01 4.506288120379999679e-02
3.495236814930000047e-01 -1.048356721890000010e-01 2.646176328840000105e-02 7.709101207849999859e-01 3.646691904159999886e-01 -5.607579760599999963e-01 3.141980013699999796e-01 4.102640076600000060e-03 -3.399991739120000189e-01 4.506288120379999679e-02
3.124546063940000229e-01 7.019969583860000140e-02 1.116342064090000002e-02 5.172941503000000329e-01 3.599591443580000272e-01 -5.613463668200000534e-01 3.156940162460000199e-01 4.102640076600000060e-03 -3.399991739120000189e-01 4.506288120379999679e-02
2.853883571060000235e-01 1.165766220059999969e-01 1.822420120509999839e-02 2.994446836419999980e-01 3.586134467920000235e-01 -5.607579760599999963e-01 3.141980013699999796e-01 4.102640076600000060e-03 -3.399991739120000189e-01 4.640857876969999712e-02
2.847999663460000219e-01 1.315370032759999863e-01 1.881259196460000060e-02 2.718068158320000038e-01 3.586134467920000235e-01 -5.607579760599999963e-01 3.141980013699999796e-01 4.102640076600000060e-03 -3.399991739120000189e-01 4.640857876969999712e-02
2.847999663460000219e-01 1.315370032759999863e-01 1.822420120509999839e-02 2.701810886279999990e-01 3.586134467920000235e-01 -5.613463668200000534e-01 3.141980013699999796e-01 4.102640076600000060e-03 -3.399991739120000189e-01 4.640857876969999712e-02
2.847999663460000219e-01 1.315370032759999863e-01 1.822420120509999839e-02 2.701810886279999990e-01 3.586134467920000235e-01 -5.607579760599999963e-01 3.141980013699999796e-01 4.102640076600000060e-03 -3.399991739120000189e-01 4.640857876969999712e-02
3.000983089939999737e-01 1.783871016960000139e-02 3.881806068819999844e-02 4.083694169709999877e-01 4.292633010410000227e-01 -5.607579760599999963e-01 3.141980013699999796e-01 4.102640076600000060e-03 -3.399991739120000189e-01 4.640857876969999712e-02
3.483467170740000007e-01 -3.382163179029999966e-01 2.999210784540000049e-02 7.481494345850000505e-01 4.333003937389999782e-01 -5.613463668200000534e-01 3.141980013699999796e-01 4.102640076600000060e-03 -3.399991739120000189e-01 4.573572998670000223e-02
3.554075890889999978e-01 -4.324659525969999918e-01 2.116615500259999907e-02 7.562785759560000098e-01 3.539035053119999885e-01 -5.607579760599999963e-01 3.141980013699999796e-01 4.102640076600000060e-03 -3.399991739120000189e-01 4.640857876969999712e-02
3.083358710770000011e-01 -3.008154809870000057e-01 1.763581044559999964e-02 4.067436897680000163e-01 6.544432209649999818e-04 -5.607579760599999963e-01 3.141980013699999796e-01 4.102640076600000060e-03 -3.416249011160000237e-01 4.640857876969999712e-02
2.147808258139999871e-01 -2.963274363610000073e-01 -2.369658277940000189e-03 3.319592277080000153e-01 -2.760551939400000127e-02 -5.607579760599999963e-01 3.141980013699999796e-01 4.102640076600000060e-03 -3.399991739120000189e-01 4.640857876969999712e-02
4.179220496560000220e-02 -2.978234512360000141e-01 -6.488485044690000397e-03 3.335849549109999868e-01 -2.827836817699999963e-02 -5.613463668200000534e-01 3.156940162460000199e-01 4.102640076600000060e-03 -3.399991739120000189e-01 4.640857876969999712e-02
