-5.601373490959999923e-01 -3.202639068829999935e-01 -2.958049037439999807e-03 3.465912778920000048e-01 -3.096976330880000031e-02 -5.601695853010000281e-01 2.917575457239999781e-01 4.102640076600000060e-03 -3.399991739120000189e-01 4.573572998670000223e-02
-5.601373490959999923e-01 -3.187678920070000088e-01 -3.546439796939999858e-03 3.482170050949999762e-01 -3.096976330880000031e-02 -5.595811945409999710e-01 4.623048691259999954e-01 4.102640076600000060e-03 -4.716844671029999936e-01 -1.729422160129999997e-01
-5.595489583360000463e-01 -3.202639068829999935e-01 -3.546439796939999858e-03 3.482170050949999762e-01 -3.096976330880000031e-02 -4.677913215560000060e-01 4.787612652709999916e-01 4.102640076600000060e-03 -7.643181431440000395e-01 -4.198802292039999773e-01
-5.601373490959999923e-01 -3.172718771320000020e-01 -3.546439796939999858e-03 3.482170050949999762e-01 -3.096976330880000031e-02 -3.018634812720000227e-01 4.817532950210000053e-01 4.691030836099999678e-03 -7.594409615349999587e-01 -4.272815658169999975e-01
-5.601373490959999923e-01 -3.187678920070000088e-01 -2.958049037439999807e-03 3.482170050949999762e-01 -3.096976330880000031e-02 -1.288749518739999989e-01 4.802572801459999985e-01 4.691030836099999678e-03 -7.594409615349999587e-01 -4.272815658169999975e-01
-5.601373490959999923e-01 -3.172718771320000020e-01 -3.546439796939999858e-03 3.482170050949999762e-01 -3.096976330880000031e-02 7.059152750229999440e-02 4.742729881280000059e-01 4.691030836099999678e-03 -7.578152343309999539e-01 -4.272815658169999975e-01
-5.601373490959999923e-01 -3.187678920070000088e-01 -3.546439796939999858e-03 3.482170050949999762e-01 -3.096976330880000031e-02 2.229861974169999872e-01 4.428564432300000075e-01 4.102640076600000060e-03 -7.513121991790000509e-01 -4.272815658169999975e-01
-5.601373490959999923e-01 -3.172718771320000020e-01 -2.958049037439999807e-03 3.482170050949999762e-01 -3.096976330880000031e-02 3.212483687570000246e-01 4.443524581050000144e-01 -7.665266563689999632e-03 -7.448092903659999653e-01 -4.272815658169999975e-01
-5.601373490959999923e-01 -3.172718771320000020e-01 -3.546439796939999858e-03 3.482170050949999762e-01 -3.096976330880000031e-02 3.536102263299999993e-01 4.518327649989999917e-01 -1.531443788750000076e-02 -7.578152343309999539e-01 -3.855645229660000228e-01
-5.601373490959999923e-01 -3.172718771320000020e-01 -3.546439796939999858e-03 3.465912778920000048e-01 -3.096976330880000031e-02 3.530218355709999756e-01 1.586108267219999979e-01 -2.649395376830000065e-02 -7.643181431440000395e-01 -3.700887918040000057e-01
-5.601373490959999923e-01 -3.187678920070000088e-01 -3.546439796939999858e-03 3.465912778920000048e-01 -3.096976330880000031e-02 3.530218355709999756e-01 1.212102223229999942e-01 -2.649395376830000065e-02 -7.675695975509999602e-01 -3.694159430210000039e-01
-5.601373490959999923e-01 -3.187678920070000088e-01 -3.546439796939999858e-03 3.465912778920000048e-01 -3.096976330880000031e-02 3.530218355709999756e-01 9.876976667640000040e-02 -2.649395376830000065e-02 -7.675695975509999602e-01 -3.694159430210000039e-01
-5.601373490959999923e-01 -3.172718771320000020e-01 -3.546439796939999858e-03 3.465912778920000048e-01 -3.096976330880000031e-02 3.536102263299999993e-01 9.876976667640000040e-02 -2.649395376830000065e-02 -7.675695975509999602e-01 -3.700887918040000057e-01
-5.601373490959999923e-01 -3.172718771320000020e-01 -3.546439796939999858e-03 3.465912778920000048e-01 -3.096976330880000031e-02 3.536102263299999993e-01 9.876976667640000040e-02 -2.649395376830000065e-02 -7.691954510930000266e-01 -3.700887918040000057e-01
-5.601373490959999923e-01 -3.172718771320000020e-01 -2.958049037439999807e-03 3.465912778920000048e-01 -3.096976330880000031e-02 3.536102263299999993e-01 9.876976667640000040e-02 -2.649395376830000065e-02 -7.675695975509999602e-01 -3.700887918040000057e-01
-5.601373490959999923e-01 -3.172718771320000020e-01 -3.546439796939999858e-03 3.465912778920000048e-01 -3.096976330880000031e-02 3.165412426809999791e-01 -6.280146747339999946e-02 -1.413765636849999979e-02 -6.716508081869999591e-01 -3.694159430210000039e-01
-5.601373490959999923e-01 -3.142798473819999883e-01 -3.546439796939999858e-03 3.482170050949999762e-01 -3.096976330880000031e-02 2.882982118740000099e-01 -1.061863638910000018e-01 -1.531443788750000076e-02 -3.058586499659999847e-01 -3.673973966719999984e-01
-5.601373490959999923e-01 -3.172718771320000020e-01 -3.546439796939999858e-03 3.465912778920000048e-01 -3.096976330880000031e-02 2.871213389039999897e-01 -1.241387749110000049e-01 -1.531443788750000076e-02 -2.700923988169999790e-01 -3.673973966719999984e-01
-5.601373490959999923e-01 -3.172718771320000020e-01 -3.546439796939999858e-03 3.465912778920000048e-01 -3.096976330880000031e-02 2.871213389039999897e-01 -1.226425275189999969e-01 -1.531443788750000076e-02 -2.684664189359999842e-01 -3.673973966719999984e-01
-5.601373490959999923e-01 -3.172718771320000020e-01 -2.958049037439999807e-03 3.465912778920000048e-01 -3.096976330880000031e-02 2.871213389039999897e-01 -1.241387749110000049e-01 -1.590282864699999951e-02 -2.424547836840000026e-01 -3.673973966719999984e-01
-5.601373490959999923e-01 -3.172718771320000020e-01 -2.958049037439999807e-03 3.465912778920000048e-01 -3.096976330880000031e-02 2.930053379499999999e-01 -3.736898207659999915e-02 -3.767346964900000067e-02 -3.806428593489999956e-01 -4.144972297860000099e-01
-5.601373490959999923e-01 -3.172718771320000020e-01 -2.958049037439999807e-03 3.465912778920000048e-01 -3.096976330880000031e-02 3.441958827280000022e-01 3.156940162460000199e-01 -3.178947060380000328e-02 -7.301774928590000213e-01 -4.259358682509999938e-01
-5.601373490959999923e-01 -3.172718771320000020e-01 -3.546439796939999858e-03 3.465912778920000048e-01 -3.096976330880000031e-02 3.577289616470000211e-01 4.353763688530000175e-01 -2.119834548249999867e-02 -7.626924159410000126e-01 -3.835459766170000173e-01
-5.601373490959999923e-01 -3.157758622569999951e-01 -2.958049037439999807e-03 3.465912778920000048e-01 -3.096976330880000031e-02 3.088920713569999754e-01 2.932535605989999850e-01 -2.237512700149999964e-02 -4.326666352090000056e-01 8.055884410460000325e-03
-5.601373490959999923e-01 -3.157758622569999951e-01 -2.958049037439999807e-03 3.465912778920000048e-01 -3.096976330880000031e-02 2.000386834460000096e-01 2.917575457239999781e-01 2.925858557590000145e-03 -3.399991739120000189e-01 3.698859123139999761e-02
-5.601373490959999923e-01 -3.172718771320000020e-01 -2.958049037439999807e-03 3.465912778920000048e-01 -3.096976330880000031e-02 2.528498176940000008e-02 2.932535605989999850e-01 6.456294564839999868e-03 -3.399991739120000189e-01 3.766154459139999661e-02
