-5.601373490959999923e-01 -3.202639068829999935e-01 -3.546439796939999858e-03 3.465912778920000048e-01 -3.096976330880000031e-02 -5.607579760599999963e-01 3.216780757470000252e-01 4.691030836099999678e-03 -3.432506283189999952e-01 4.640857876969999712e-02
-5.601373490959999923e-01 -3.202639068829999935e-01 -3.546439796939999858e-03 3.465912778920000048e-01 -3.096976330880000031e-02 -5.560508499840000063e-01 2.259321936610000081e-01 3.116888936440000146e-02 -2.164426430760000020e-01 -1.567937406450000126e-01
-5.601373490959999923e-01 -3.187678920070000088e-01 -2.958049037439999807e-03 3.465912778920000048e-01 -3.096976330880000031e-02 -4.001256526120000045e-01 -1.450829831650000123e-01 1.812099962410000098e-01 1.721096959900000056e-01 -5.827110987560000233e-01
-5.601373490959999923e-01 -3.202639068829999935e-01 -2.958049037439999807e-03 3.465912778920000048e-01 -3.096976330880000031e-02 -2.253719509350000094e-01 -4.293285996730000220e-01 3.430190097590000153e-01 2.680286116930000184e-01 -6.096252592290000161e-01
-5.601373490959999923e-01 -3.187678920070000088e-01 -3.546439796939999858e-03 3.465912778920000048e-01 -3.096976330880000031e-02 -9.415953126270000528e-02 -4.652334217140000061e-01 4.459884443489999795e-01 2.729057933030000216e-01 -6.102981080110000400e-01
-5.601373490959999923e-01 -3.202639068829999935e-01 -3.546439796939999858e-03 3.465912778920000048e-01 -3.096976330880000031e-02 -6.768167273439999743e-02 -4.697214663400000045e-01 4.536375699479999746e-01 2.794089547929999862e-01 -6.102981080110000400e-01
-5.601373490959999923e-01 -3.202639068829999935e-01 -3.546439796939999858e-03 3.465912778920000048e-01 -3.029691452579999847e-02 -6.768167273439999743e-02 -4.697214663400000045e-01 4.536375699479999746e-01 2.794089547929999862e-01 -6.102981080110000400e-01
-5.601373490959999923e-01 -3.202639068829999935e-01 -2.958049037439999807e-03 3.465912778920000048e-01 -3.096976330880000031e-02 -6.768167273439999743e-02 -4.697214663400000045e-01 4.536375699479999746e-01 2.810346819969999910e-01 -6.096252592290000161e-01
-5.601373490959999923e-01 -3.202639068829999935e-01 -3.546439796939999858e-03 3.465912778920000048e-01 -3.029691452579999847e-02 -6.827006349389999618e-02 -4.697214663400000045e-01 4.542259607069999983e-01 2.794089547929999862e-01 -6.425952679009999668e-01
-5.601373490959999923e-01 -3.202639068829999935e-01 -3.546439796939999858e-03 3.465912778920000048e-01 -3.029691452579999847e-02 -8.474518766039999818e-02 -4.697214663400000045e-01 4.542259607069999983e-01 9.535459598099999684e-03 -6.533608484280000184e-01
-5.601373490959999923e-01 -3.202639068829999935e-01 -2.958049037439999807e-03 3.465912778920000048e-01 -3.096976330880000031e-02 -8.474518766039999818e-02 -4.712174812150000114e-01 4.548143971920000084e-01 -4.050290200760000014e-01 -6.533608484280000184e-01
-5.601373490959999923e-01 -3.202639068829999935e-01 -3.546439796939999858e-03 3.465912778920000048e-01 -3.096976330880000031e-02 -9.886665733869999528e-02 -4.772015407160000167e-01 4.554027879520000099e-01 -7.236745840460000467e-01 -6.560522435600000257e-01
-5.601373490959999923e-01 -3.202639068829999935e-01 -3.546439796939999858e-03 3.465912778920000048e-01 -3.096976330880000031e-02 -9.945513954849999338e-02 -4.772015407160000167e-01 4.554027879520000099e-01 -7.383062552150000402e-01 -6.560522435600000257e-01
-5.601373490959999923e-01 -3.187678920070000088e-01 -3.546439796939999858e-03 3.465912778920000048e-01 -3.096976330880000031e-02 -9.886665733869999528e-02 -4.772015407160000167e-01 4.554027879520000099e-01 -7.383062552150000402e-01 -6.560522435600000257e-01
-5.601373490959999923e-01 -3.202639068829999935e-01 -2.958049037439999807e-03 3.465912778920000048e-01 -3.029691452579999847e-02 -9.886665733869999528e-02 -4.772015407160000167e-01 4.554027879520000099e-01 -7.383062552150000402e-01 -6.560522435600000257e-01
-5.601373490959999923e-01 -3.187678920070000088e-01 -3.546439796939999858e-03 3.465912778920000048e-01 -3.096976330880000031e-02 -9.886665733869999528e-02 -4.786975555920000014e-01 4.554027879520000099e-01 -6.261299411399999792e-01 -6.560522435600000257e-01
-5.601373490959999923e-01 -3.202639068829999935e-01 -3.546439796939999858e-03 3.465912778920000048e-01 -3.096976330880000031e-02 -9.886665733869999528e-02 -4.786975555920000014e-01 4.554027879520000099e-01 -3.643853346390000247e-01 -6.553793947770000239e-01
-5.601373490959999923e-01 -3.202639068829999935e-01 -2.958049037439999807e-03 3.465912778920000048e-01 -3.096976330880000031e-02 -9.886665733869999528e-02 -4.786975555920000014e-01 4.554027879520000099e-01 -3.530052442159999915e-01 -6.560522435600000257e-01
-5.601373490959999923e-01 -3.187678920070000088e-01 -2.958049037439999807e-03 3.465912778920000048e-01 -3.096976330880000031e-02 -9.945513954849999338e-02 -4.786975555920000014e-01 4.554027879520000099e-01 -3.530052442159999915e-01 -6.560522435600000257e-01
-5.601373490959999923e-01 -3.202639068829999935e-01 -3.546439796939999858e-03 3.465912778920000048e-01 -3.029691452579999847e-02 -9.886665733869999528e-02 -4.772015407160000167e-01 4.559911787109999781e-01 -3.530052442159999915e-01 -6.560522435600000257e-01
-5.601373490959999923e-01 -3.187678920070000088e-01 -3.546439796939999858e-03 3.465912778920000048e-01 -3.096976330880000031e-02 -7.062371798210000107e-02 -4.786975555920000014e-01 4.559911787109999781e-01 -2.538348741070000081e-01 -6.230824440419999721e-01
-5.601373490959999923e-01 -3.187678920070000088e-01 -3.546439796939999858e-03 3.465912778920000048e-01 -3.029691452579999847e-02 -7.003523577240000630e-02 -4.786975555920000014e-01 4.559911787109999781e-01 1.217116473340000005e-01 -6.190453513439999611e-01
-5.601373490959999923e-01 -3.202639068829999935e-01 -3.546439796939999858e-03 3.465912778920000048e-01 -3.029691452579999847e-02 -6.827006349389999618e-02 -4.786975555920000014e-01 4.559911787109999781e-01 2.680286116930000184e-01 -5.934768884379999498e-01
-5.601373490959999923e-01 -3.202639068829999935e-01 -3.546439796939999858e-03 3.465912778920000048e-01 -3.029691452579999847e-02 -1.459384667999999996e-01 -2.303567611239999979e-01 3.683200867679999879e-01 -1.810215553500000088e-02 -1.278609292469999881e-01
-5.607257398549999605e-01 -3.187678920070000088e-01 -3.546439796939999858e-03 3.465912778920000048e-01 -3.029691452579999847e-02 -3.383440741620000192e-01 1.376663859510000032e-01 1.759144794059999961e-01 -3.351219923020000158e-01 4.035293972319999728e-02
-5.601373490959999923e-01 -3.232559366330000072e-01 -2.958049037439999807e-03 3.287077733009999836e-01 -3.096976330880000031e-02 -5.119209943200000446e-01 2.797891942049999803e-01 2.763854480739999855e-02 -3.448763555220000221e-01 4.506288120379999679e-02
