-5.601373490959999923e-01 -3.217599217580000004e-01 -3.546439796939999858e-03 3.482170050949999762e-01 -3.500685600649999785e-02 -5.589928037820000029e-01 2.992376201010000236e-01 4.691030836099999678e-03 -3.399991739120000189e-01 4.506288120379999679e-02
-5.601373490959999923e-01 -3.232559366330000072e-01 -3.546439796939999858e-03 3.465912778920000048e-01 -3.500685600649999785e-02 -5.519319317669999503e-01 4.548247947490000054e-01 4.691030836099999678e-03 -6.131241235140000301e-01 -3.357731901420000220e-01
-5.601373490959999923e-01 -3.187678920070000088e-01 -3.546439796939999858e-03 3.498427322989999810e-01 -3.500685600649999785e-02 -4.266036025900000195e-01 4.757690030030000128e-01 4.691030836099999678e-03 -7.659438703480000443e-01 -4.225716243359999846e-01
-5.601373490959999923e-01 -3.187678920070000088e-01 -3.546439796939999858e-03 3.498427322989999810e-01 -3.500685600649999785e-02 -2.689133243899999859e-01 4.772652503950000069e-01 4.691030836099999678e-03 -7.659438703480000443e-01 -4.266087170339999957e-01
-5.601373490959999923e-01 -3.172718771320000020e-01 -3.546439796939999858e-03 3.498427322989999810e-01 -3.500685600649999785e-02 -7.650762557720000578e-02 4.757690030030000128e-01 5.279513045829999952e-03 -7.659438703480000443e-01 -4.266087170339999957e-01
-5.601373490959999923e-01 -3.172718771320000020e-01 -3.546439796939999858e-03 3.498427322989999810e-01 -3.500685600649999785e-02 1.211935900710000014e-01 4.383683986040000091e-01 4.691030836099999678e-03 -7.643181431440000395e-01 -4.266087170339999957e-01
-5.601373490959999923e-01 -3.172718771320000020e-01 -3.546439796939999858e-03 3.498427322989999810e-01 -3.500685600649999785e-02 2.529944005029999832e-01 4.413604283550000007e-01 1.160686279079999961e-03 -7.594409615349999587e-01 -4.266087170339999957e-01
-5.601373490959999923e-01 -3.187678920070000088e-01 -3.546439796939999858e-03 3.498427322989999810e-01 -3.433400722350000295e-02 3.330162753970000167e-01 4.458484729800000212e-01 -1.119561112069999975e-02 -7.496864719760000240e-01 -4.266087170339999957e-01
-5.601373490959999923e-01 -3.172718771320000020e-01 -3.546439796939999858e-03 3.498427322989999810e-01 -3.500685600649999785e-02 3.547870078490000245e-01 4.548247947490000054e-01 -1.472604712800000028e-02 -7.578152343309999539e-01 -4.266087170339999957e-01
-5.601373490959999923e-01 -3.187678920070000088e-01 -3.546439796939999858e-03 3.498427322989999810e-01 -3.500685600649999785e-02 3.547870078490000245e-01 4.548247947490000054e-01 -1.531443788750000076e-02 -7.578152343309999539e-01 -4.266087170339999957e-01
-5.601373490959999923e-01 -3.187678920070000088e-01 -3.546439796939999858e-03 3.482170050949999762e-01 -3.500685600649999785e-02 3.547870078490000245e-01 4.533287798739999985e-01 -1.472604712800000028e-02 -7.578152343309999539e-01 -4.266087170339999957e-01
-5.601373490959999923e-01 -3.187678920070000088e-01 -3.546439796939999858e-03 3.482170050949999762e-01 -3.500685600649999785e-02 3.547870078490000245e-01 4.533287798739999985e-01 -1.472604712800000028e-02 -7.578152343309999539e-01 -4.266087170339999957e-01
-5.601373490959999923e-01 -3.187678920070000088e-01 -3.546439796939999858e-03 3.498427322989999810e-01 -3.500685600649999785e-02 3.547870078490000245e-01 4.533287798739999985e-01 -1.472604712800000028e-02 -7.578152343309999539e-01 -3.855645229660000228e-01
-5.601373490959999923e-01 -3.202639068829999935e-01 -3.546439796939999858e-03 3.482170050949999762e-01 -3.500685600649999785e-02 3.541986170900000008e-01 2.364042977880000118e-01 -2.531717224919999981e-02 -7.659438703480000443e-01 -3.680702454550000002e-01
-5.601373490959999923e-01 -3.187678920070000088e-01 -3.546439796939999858e-03 3.482170050949999762e-01 -3.500685600649999785e-02 3.536102263299999993e-01 1.227062371980000011e-01 -2.531717224919999981e-02 -7.675695975509999602e-01 -3.680702454550000002e-01
-5.601373490959999923e-01 -3.187678920070000088e-01 -3.546439796939999858e-03 3.482170050949999762e-01 -3.500685600649999785e-02 3.536102263299999993e-01 9.727375180109999742e-02 -2.531717224919999981e-02 -7.675695975509999602e-01 -3.680702454550000002e-01
-5.601373490959999923e-01 -3.187678920070000088e-01 -3.546439796939999858e-03 3.482170050949999762e-01 -3.500685600649999785e-02 3.536102263299999993e-01 9.876976667640000040e-02 -2.531717224919999981e-02 -7.675695975509999602e-01 -3.673973966719999984e-01
-5.601373490959999923e-01 -3.187678920070000088e-01 -3.546439796939999858e-03 3.482170050949999762e-01 -3.500685600649999785e-02 3.536102263299999993e-01 9.876976667640000040e-02 -2.531717224919999981e-02 -7.675695975509999602e-01 -3.680702454550000002e-01
-5.601373490959999923e-01 -3.187678920070000088e-01 -3.546439796939999858e-03 3.482170050949999762e-01 -3.433400722350000295e-02 3.536102263299999993e-01 9.876976667640000040e-02 -2.531717224919999981e-02 -7.675695975509999602e-01 -3.680702454550000002e-01
-5.601373490959999923e-01 -3.187678920070000088e-01 -3.546439796939999858e-03 3.482170050949999762e-01 -3.500685600649999785e-02 3.536102263299999993e-01 9.876976667640000040e-02 -2.531717224919999981e-02 -7.675695975509999602e-01 -3.680702454550000002e-01
-5.601373490959999923e-01 -3.187678920070000088e-01 -3.546439796939999858e-03 3.482170050949999762e-01 -3.500685600649999785e-02 3.536102263299999993e-01 9.876976667640000040e-02 -2.531717224919999981e-02 -7.675695975509999602e-01 -3.680702454550000002e-01
-5.601373490959999923e-01 -3.187678920070000088e-01 -3.546439796939999858e-03 3.482170050949999762e-01 -3.500685600649999785e-02 3.536102263299999993e-01 9.876976667640000040e-02 -2.531717224919999981e-02 -7.675695975509999602e-01 -3.680702454550000002e-01
-5.601373490959999923e-01 -3.187678920070000088e-01 -3.546439796939999858e-03 3.482170050949999762e-01 -3.500685600649999785e-02 3.477262272850000224e-01 8.979344490759999520e-02 -2.355190852050000061e-02 -7.643181431440000395e-01 -3.673973966719999984e-01
-5.601373490959999923e-01 -3.157758622569999951e-01 -3.546439796939999858e-03 3.498427322989999810e-01 -3.500685600649999785e-02 2.947705102279999934e-01 -1.600433644350000018e-01 -1.237239263970000072e-02 -4.472983063770000212e-01 -3.660516991059999947e-01
-5.601373490959999923e-01 -3.187678920070000088e-01 -2.958049037439999807e-03 3.498427322989999810e-01 -3.500685600649999785e-02 2.859445573850000200e-01 -1.390989236640000071e-01 -1.590282864699999951e-02 -2.765953076300000091e-01 -3.653788503229999929e-01
-5.607257398549999605e-01 -3.187678920070000088e-01 -3.546439796939999858e-03 3.482170050949999762e-01 -3.500685600649999785e-02 2.859445573850000200e-01 -1.316188492879999949e-01 -1.590282864699999951e-02 -2.684664189359999842e-01 -3.653788503229999929e-01
-5.601373490959999923e-01 -3.187678920070000088e-01 -3.546439796939999858e-03 3.482170050949999762e-01 -3.500685600649999785e-02 2.859445573850000200e-01 -1.316188492879999949e-01 -1.590282864699999951e-02 -2.684664189359999842e-01 -3.653788503229999929e-01
-5.601373490959999923e-01 -3.172718771320000020e-01 -3.546439796939999858e-03 3.482170050949999762e-01 -3.500685600649999785e-02 2.859445573850000200e-01 -1.316188492879999949e-01 -1.590282864699999951e-02 -2.684664189359999842e-01 -3.660516991059999947e-01
-5.601373490959999923e-01 -3.187678920070000088e-01 -3.546439796939999858e-03 3.482170050949999762e-01 -3.433400722350000295e-02 2.859445573850000200e-01 -1.331148641630000018e-01 -1.590282864699999951e-02 -2.700923988169999790e-01 -3.660516991059999947e-01
-5.601373490959999923e-01 -3.187678920070000088e-01 -3.546439796939999858e-03 3.482170050949999762e-01 -3.500685600649999785e-02 2.918285564309999747e-01 -3.736898207659999915e-02 -3.826186040849999942e-02 -3.806428593489999956e-01 -4.165157761350000154e-01
-5.607257398549999605e-01 -3.187678920070000088e-01 -3.546439796939999858e-03 3.482170050949999762e-01 -3.500685600649999785e-02 3.441958827280000022e-01 3.231740906219999765e-01 -2.884751680629999912e-02 -7.334290736049999815e-01 -4.252630194679999920e-01
-5.601373490959999923e-01 -3.187678920070000088e-01 -3.546439796939999858e-03 3.482170050949999762e-01 -3.500685600649999785e-02 3.547870078490000245e-01 4.368723837290000023e-01 -2.355190852050000061e-02 -7.643181431440000395e-01 -4.252630194679999920e-01
-5.601373490959999923e-01 -3.187678920070000088e-01 -3.546439796939999858e-03 3.482170050949999762e-01 -3.500685600649999785e-02 3.553753986090000261e-01 4.578168244999999970e-01 -2.355190852050000061e-02 -7.643181431440000395e-01 -4.252630194679999920e-01
-5.607257398549999605e-01 -3.187678920070000088e-01 -3.546439796939999858e-03 3.482170050949999762e-01 -3.433400722350000295e-02 3.500797903230000174e-01 4.099438834570000023e-01 -2.060995472299999992e-02 -6.602705914249999974e-01 -2.826176134039999899e-01
-5.601373490959999923e-01 -3.187678920070000088e-01 -3.546439796939999858e-03 3.482170050949999762e-01 -3.500685600649999785e-02 2.853561666259999963e-01 2.902615308490000268e-01 -8.842048082699999548e-03 -3.676367890450000231e-01 2.958725461890000102e-02
-5.607257398549999605e-01 -3.187678920070000088e-01 -3.546439796939999858e-03 3.482170050949999762e-01 -3.433400722350000295e-02 1.653233542850000015e-01 2.932535605989999850e-01 5.867903805340000251e-03 -3.318705378960000174e-01 3.698859123139999761e-02
-5.601373490959999923e-01 -3.172718771320000020e-01 -3.546439796939999858e-03 3.482170050949999762e-01 -3.500685600649999785e-02 -8.253657323200000798e-03 2.947495754750000252e-01 6.456294564839999868e-03 -3.334962650989999888e-01 3.766154459139999661e-02
-5.601373490959999923e-01 -3.172718771320000020e-01 -3.546439796939999858e-03 3.482170050949999762e-01 -3.500685600649999785e-02 -2.112503898070000052e-01 3.022296498509999818e-01 6.456294564839999868e-03 -3.334962650989999888e-01 3.766154459139999661e-02
