-5.601373490959999923e-01 -3.202639068829999935e-01 -2.369658277940000189e-03 3.449655506889999779e-01 -3.231546087469999717e-02 -5.578160222629999776e-01 3.156940162460000199e-01 5.279513045829999952e-03 -3.432506283189999952e-01 4.439003242080000189e-02
-5.130656310840000511e-01 -1.212920683339999972e-01 -7.709601633670000453e-02 6.858914668049999330e-02 3.747620267369999869e-01 -5.578160222629999776e-01 3.156940162460000199e-01 4.691030836099999678e-03 -3.432506283189999952e-01 4.439003242080000189e-02
-3.341931483660000035e-01 2.661795046370000195e-01 -2.471425919370000002e-01 -2.403020540709999986e-01 6.042056578409999990e-01 -5.572276315030000315e-01 3.156940162460000199e-01 4.691030836099999678e-03 -3.432506283189999952e-01 4.439003242080000189e-02
-1.694420896009999900e-01 4.531832241839999775e-01 -3.965953080549999843e-01 -2.581853059840000242e-01 6.062242564780000453e-01 -5.572276315030000315e-01 3.141980013699999796e-01 4.691030836099999678e-03 -3.432506283189999952e-01 4.439003242080000189e-02
-6.941465453310000089e-02 4.711356352039999806e-01 -4.560233234659999968e-01 -2.598110331869999956e-01 6.068971052610000472e-01 -5.578160222629999776e-01 3.141980013699999796e-01 5.279513045829999952e-03 -3.432506283189999952e-01 4.439003242080000189e-02
-6.823787301400000005e-02 4.711356352039999806e-01 -4.566117142250000205e-01 -2.598110331869999956e-01 6.068971052610000472e-01 -5.572276315030000315e-01 3.156940162460000199e-01 4.691030836099999678e-03 -3.432506283189999952e-01 4.439003242080000189e-02
-6.823787301400000005e-02 4.711356352039999806e-01 -4.566117142250000205e-01 -2.598110331869999956e-01 6.062242564780000453e-01 -5.572276315030000315e-01 3.156940162460000199e-01 4.691030836099999678e-03 -3.432506283189999952e-01 4.439003242080000189e-02
-6.882626377349999880e-02 4.711356352039999806e-01 -4.566117142250000205e-01 -2.598110331869999956e-01 6.068971052610000472e-01 -5.572276315030000315e-01 3.141980013699999796e-01 4.691030836099999678e-03 -3.432506283189999952e-01 4.506288120379999679e-02
-6.823787301400000005e-02 4.711356352039999806e-01 -4.572001049850000221e-01 -2.598110331869999956e-01 6.068971052610000472e-01 -5.572276315030000315e-01 3.156940162460000199e-01 4.691030836099999678e-03 -3.432506283189999952e-01 4.439003242080000189e-02
-6.882626377349999880e-02 4.711356352039999806e-01 -4.572001049850000221e-01 -2.598110331869999956e-01 6.062242564780000453e-01 -5.578160222629999776e-01 3.156940162460000199e-01 4.691030836099999678e-03 -3.432506283189999952e-01 4.439003242080000189e-02
-6.823787301400000005e-02 4.726316500789999875e-01 -4.572001049850000221e-01 -2.598110331869999956e-01 6.068971052610000472e-01 -5.578160222629999776e-01 3.156940162460000199e-01 5.279513045829999952e-03 -3.432506283189999952e-01 4.439003242080000189e-02
-6.823787301400000005e-02 4.711356352039999806e-01 -4.572001049850000221e-01 -2.598110331869999956e-01 6.062242564780000453e-01 -5.578160222629999776e-01 3.156940162460000199e-01 5.279513045829999952e-03 -3.432506283189999952e-01 4.439003242080000189e-02
-6.882626377349999880e-02 4.726316500789999875e-01 -4.572001049850000221e-01 -2.598110331869999956e-01 6.351570155879999735e-01 -5.578160222629999776e-01 3.141980013699999796e-01 4.691030836099999678e-03 -3.432506283189999952e-01 4.439003242080000189e-02
-8.588977869960000289e-02 4.741276649550000277e-01 -4.572001049850000221e-01 -8.748218089829999655e-02 6.513055432440000292e-01 -5.578160222629999776e-01 3.156940162460000199e-01 5.279513045829999952e-03 -3.432506283189999952e-01 4.506288120379999679e-02
-8.647816945910000164e-02 4.756236798299999791e-01 -4.572001049850000221e-01 3.774800947540000173e-01 6.519783920270000310e-01 -5.578160222629999776e-01 3.156940162460000199e-01 5.279513045829999952e-03 -3.432506283189999952e-01 4.506288120379999679e-02
-9.412734078289999862e-02 4.756236798299999791e-01 -4.577884957439999902e-01 6.798683866920000041e-01 6.526512408100000329e-01 -5.572276315030000315e-01 3.156940162460000199e-01 5.279513045829999952e-03 -3.432506283189999952e-01 4.506288120379999679e-02
-9.706929458040000624e-02 4.756236798299999791e-01 -4.583768865039999918e-01 7.383950713650000441e-01 6.533240895930000347e-01 -5.572276315030000315e-01 3.156940162460000199e-01 4.691030836099999678e-03 -3.432506283189999952e-01 4.506288120379999679e-02
-9.706929458040000624e-02 4.756236798299999791e-01 -4.583768865039999918e-01 7.383950713650000441e-01 6.533240895930000347e-01 -5.572276315030000315e-01 3.156940162460000199e-01 5.279513045829999952e-03 -3.432506283189999952e-01 4.506288120379999679e-02
-9.706929458040000624e-02 4.756236798299999791e-01 -4.577884957439999902e-01 7.383950713650000441e-01 6.533240895930000347e-01 -5.572276315030000315e-01 3.156940162460000199e-01 4.691030836099999678e-03 -3.432506283189999952e-01 4.506288120379999679e-02
-9.706929458040000624e-02 4.756236798299999791e-01 -4.583768865039999918e-01 7.367693441620000172e-01 6.533240895930000347e-01 -5.572276315030000315e-01 3.156940162460000199e-01 5.279513045829999952e-03 -3.432506283189999952e-01 4.506288120379999679e-02
-9.706929458040000624e-02 4.756236798299999791e-01 -4.577884957439999902e-01 7.367693441620000172e-01 6.533240895930000347e-01 -5.572276315030000315e-01 3.141980013699999796e-01 4.691030836099999678e-03 -3.432506283189999952e-01 4.506288120379999679e-02
-9.706929458040000624e-02 4.756236798299999791e-01 -4.577884957439999902e-01 7.367693441620000172e-01 6.533240895930000347e-01 -5.572276315030000315e-01 3.141980013699999796e-01 5.279513045829999952e-03 -3.432506283189999952e-01 4.506288120379999679e-02
-9.706929458040000624e-02 4.756236798299999791e-01 -4.583768865039999918e-01 7.383950713650000441e-01 6.533240895930000347e-01 -5.578160222629999776e-01 3.156940162460000199e-01 5.279513045829999952e-03 -3.432506283189999952e-01 4.506288120379999679e-02
-9.706929458040000624e-02 4.756236798299999791e-01 -4.583768865039999918e-01 4.278781434110000004e-01 6.533240895930000347e-01 -5.572276315030000315e-01 3.141980013699999796e-01 5.279513045829999952e-03 -3.432506283189999952e-01 4.506288120379999679e-02
-9.706929458040000624e-02 4.756236798299999791e-01 -4.583768865039999918e-01 3.677257315349999889e-01 6.539969906639999664e-01 -5.572276315030000315e-01 3.141980013699999796e-01 4.691030836099999678e-03 -3.432506283189999952e-01 4.506288120379999679e-02
-9.706929458040000624e-02 4.756236798299999791e-01 -4.583768865039999918e-01 3.628485499249999857e-01 6.533240895930000347e-01 -5.572276315030000315e-01 3.156940162460000199e-01 5.279513045829999952e-03 -3.432506283189999952e-01 4.506288120379999679e-02
-9.706929458040000624e-02 4.756236798299999791e-01 -4.583768865039999918e-01 3.628485499249999857e-01 6.533240895930000347e-01 -5.572276315030000315e-01 3.156940162460000199e-01 5.279513045829999952e-03 -3.432506283189999952e-01 4.506288120379999679e-02
-9.706929458040000624e-02 4.756236798299999791e-01 -4.577884957439999902e-01 3.628485499249999857e-01 6.533240895930000347e-01 -5.578160222629999776e-01 3.141980013699999796e-01 4.691030836099999678e-03 -3.432506283189999952e-01 4.506288120379999679e-02
-9.706929458040000624e-02 4.771196947049999859e-01 -4.577884957439999902e-01 3.628485499249999857e-01 6.533240895930000347e-01 -5.578160222629999776e-01 3.156940162460000199e-01 5.279513045829999952e-03 -3.432506283189999952e-01 4.506288120379999679e-02
-7.000304529259999964e-02 4.771196947049999859e-01 -4.583768865039999918e-01 2.961932292359999996e-01 6.270827256150000029e-01 -5.578160222629999776e-01 3.156940162460000199e-01 5.279513045829999952e-03 -3.432506283189999952e-01 4.506288120379999679e-02
-6.823787301400000005e-02 4.771196947049999859e-01 -4.583768865039999918e-01 -1.004882512020000007e-01 6.264098768320000010e-01 -5.572276315030000315e-01 3.156940162460000199e-01 5.279513045829999952e-03 -3.432506283189999952e-01 4.506288120379999679e-02
-6.823787301400000005e-02 4.771196947049999859e-01 -4.583768865039999918e-01 -2.581853059840000242e-01 6.257370280489999992e-01 -5.578160222629999776e-01 3.156940162460000199e-01 4.691030836099999678e-03 -3.432506283189999952e-01 4.506288120379999679e-02
-6.823787301400000005e-02 4.771196947049999859e-01 -4.583768865039999918e-01 -2.581853059840000242e-01 6.257370280489999992e-01 -5.572276315030000315e-01 3.156940162460000199e-01 5.279513045829999952e-03 -3.432506283189999952e-01 4.506288120379999679e-02
-6.823787301400000005e-02 4.756236798299999791e-01 -4.483742435920000102e-01 -2.565595787809999972e-01 5.026044981339999884e-01 -5.572276315030000315e-01 3.156940162460000199e-01 4.691030836099999678e-03 -3.432506283189999952e-01 4.506288120379999679e-02
-1.617929182769999863e-01 1.764179145689999950e-01 -3.289297305600000221e-01 1.287418112339999976e-01 4.506288120379999679e-02 -5.572276315030000315e-01 3.141980013699999796e-01 5.279513045829999952e-03 -3.432506283189999952e-01 4.640857876969999712e-02
-3.518449626010000109e-01 -1.751490688779999971e-01 -1.435848123119999875e-01 3.417140962820000016e-01 -3.096976330880000031e-02 -5.578160222629999776e-01 3.156940162460000199e-01 5.279513045829999952e-03 -3.416249011160000237e-01 4.775427633559999746e-02
-5.154192398469999992e-01 -2.903433768600000020e-01 -1.531443788750000076e-02 3.530941867049999794e-01 -3.231546087469999717e-02 -5.578160222629999776e-01 3.171900311210000267e-01 5.279513045829999952e-03 -3.399991739120000189e-01 4.842712511850000290e-02
-5.554301772949999938e-01 -2.978234512360000141e-01 -4.134830556449999722e-03 3.482170050949999762e-01 -3.231546087469999717e-02 -5.578160222629999776e-01 3.156940162460000199e-01 4.691030836099999678e-03 -3.399991739120000189e-01 4.842712511850000290e-02
