-5.601373490959999923e-01 -3.202639068829999935e-01 -2.958049037439999807e-03 3.433398234860000064e-01 -3.231546087469999717e-02 -5.584044130219999458e-01 3.112059716200000214e-01 5.279513045829999952e-03 -3.416249011160000237e-01 4.371718363790000339e-02
-5.095352408019999668e-01 -1.227880832090000041e-01 -7.827279785570000203e-02 7.021487388380000250e-02 3.754348755199999887e-01 -5.584044130219999458e-01 3.112059716200000214e-01 5.279513045829999952e-03 -3.416249011160000237e-01 4.371718363790000339e-02
-3.383118836830000253e-01 2.557074005100000158e-01 -2.418470751019999865e-01 -2.354248724609999954e-01 6.042056578409999990e-01 -5.584044130219999458e-01 3.112059716200000214e-01 5.279513045829999952e-03 -3.416249011160000237e-01 4.371718363790000339e-02
-1.670885265629999950e-01 4.531832241839999775e-01 -3.977720895740000095e-01 -2.598110331869999956e-01 6.075699540440000490e-01 -5.584044130219999458e-01 3.097099567450000146e-01 5.279513045829999952e-03 -3.416249011160000237e-01 4.371718363790000339e-02
-6.882626377349999880e-02 4.726316500789999875e-01 -4.560233234659999968e-01 -2.598110331869999956e-01 6.075699540440000490e-01 -5.584044130219999458e-01 3.112059716200000214e-01 5.279513045829999952e-03 -3.416249011160000237e-01 4.439003242080000189e-02
-6.882626377349999880e-02 4.726316500789999875e-01 -4.572001049850000221e-01 -2.598110331869999956e-01 6.075699540440000490e-01 -5.584044130219999458e-01 3.112059716200000214e-01 5.279513045829999952e-03 -3.416249011160000237e-01 4.439003242080000189e-02
-6.823787301400000005e-02 4.726316500789999875e-01 -4.572001049850000221e-01 -2.598110331869999956e-01 6.068971052610000472e-01 -5.584044130219999458e-01 3.112059716200000214e-01 5.279513045829999952e-03 -3.416249011160000237e-01 4.371718363790000339e-02
-6.823787301400000005e-02 4.726316500789999875e-01 -4.572001049850000221e-01 -2.598110331869999956e-01 6.068971052610000472e-01 -5.584044130219999458e-01 3.112059716200000214e-01 5.279513045829999952e-03 -3.416249011160000237e-01 4.371718363790000339e-02
-7.824060737580000591e-02 4.711356352039999806e-01 -4.572001049850000221e-01 -2.337991452579999963e-01 6.486140958239999810e-01 -5.584044130219999458e-01 3.112059716200000214e-01 5.279513045829999952e-03 -3.399991739120000189e-01 4.371718363790000339e-02
-8.765495097809999914e-02 4.726316500789999875e-01 -4.572001049850000221e-01 1.173612154560000065e-01 6.506326944610000274e-01 -5.584044130219999458e-01 3.112059716200000214e-01 5.279513045829999952e-03 -3.416249011160000237e-01 4.439003242080000189e-02
-8.765495097809999914e-02 4.726316500789999875e-01 -4.577884957439999902e-01 5.416800583490000154e-01 6.506326944610000274e-01 -5.584044130219999458e-01 3.112059716200000214e-01 5.279513045829999952e-03 -3.399991739120000189e-01 4.439003242080000189e-02
-9.118538698540000487e-02 4.741276649550000277e-01 -4.583768865039999918e-01 7.367693441620000172e-01 6.506326944610000274e-01 -5.584044130219999458e-01 3.112059716200000214e-01 5.279513045829999952e-03 -3.416249011160000237e-01 4.439003242080000189e-02
-9.118538698540000487e-02 4.726316500789999875e-01 -4.583768865039999918e-01 7.448979801780000187e-01 6.506326944610000274e-01 -5.584044130219999458e-01 3.112059716200000214e-01 5.279513045829999952e-03 -3.416249011160000237e-01 4.439003242080000189e-02
-9.118538698540000487e-02 4.741276649550000277e-01 -4.583768865039999918e-01 7.448979801780000187e-01 6.506326944610000274e-01 -5.584044130219999458e-01 3.112059716200000214e-01 5.279513045829999952e-03 -3.416249011160000237e-01 4.439003242080000189e-02
-9.118538698540000487e-02 4.741276649550000277e-01 -4.583768865039999918e-01 7.448979801780000187e-01 6.506326944610000274e-01 -5.584044130219999458e-01 3.112059716200000214e-01 5.279513045829999952e-03 -3.416249011160000237e-01 4.439003242080000189e-02
-9.118538698540000487e-02 4.726316500789999875e-01 -4.583768865039999918e-01 5.107912414869999473e-01 6.513055432440000292e-01 -5.584044130219999458e-01 3.112059716200000214e-01 5.279513045829999952e-03 -3.416249011160000237e-01 4.439003242080000189e-02
-9.177377774490000362e-02 4.726316500789999875e-01 -4.583768865039999918e-01 3.661000043309999841e-01 6.513055432440000292e-01 -5.584044130219999458e-01 3.112059716200000214e-01 5.279513045829999952e-03 -3.399991739120000189e-01 4.439003242080000189e-02
-9.118538698540000487e-02 4.741276649550000277e-01 -4.583768865039999918e-01 3.661000043309999841e-01 6.513055432440000292e-01 -5.584044130219999458e-01 3.112059716200000214e-01 5.279513045829999952e-03 -3.416249011160000237e-01 4.439003242080000189e-02
-9.118538698540000487e-02 4.741276649550000277e-01 -4.583768865039999918e-01 3.661000043309999841e-01 6.513055432440000292e-01 -5.584044130219999458e-01 3.112059716200000214e-01 5.279513045829999952e-03 -3.416249011160000237e-01 4.439003242080000189e-02
-9.118538698540000487e-02 4.726316500789999875e-01 -4.583768865039999918e-01 3.661000043309999841e-01 6.506326944610000274e-01 -5.584044130219999458e-01 3.112059716200000214e-01 4.691030836099999678e-03 -3.416249011160000237e-01 4.439003242080000189e-02
-6.764948225450000130e-02 4.741276649550000277e-01 -4.583768865039999918e-01 8.647239859399999395e-02 6.250641792669999752e-01 -5.584044130219999458e-01 3.112059716200000214e-01 4.691030836099999678e-03 -3.416249011160000237e-01 4.439003242080000189e-02
-6.706109149500000255e-02 4.741276649550000277e-01 -4.583768865039999918e-01 -2.403020540709999986e-01 6.243913304839999734e-01 -5.584044130219999458e-01 3.112059716200000214e-01 5.279513045829999952e-03 -3.416249011160000237e-01 4.439003242080000189e-02
-6.941465453310000089e-02 4.516872093079999928e-01 -4.318991194260000110e-01 -1.980326414309999949e-01 4.232075574179999800e-01 -5.584044130219999458e-01 3.097099567450000146e-01 5.279513045829999952e-03 -3.416249011160000237e-01 4.506288120379999679e-02
-1.876823860459999882e-01 1.345290330270000057e-01 -3.030402627909999924e-01 1.807655870940000076e-01 1.343867467399999932e-02 -5.584044130219999458e-01 3.097099567450000146e-01 5.279513045829999952e-03 -3.416249011160000237e-01 4.506288120379999679e-02
-3.977398990939999823e-01 -2.619188617129999952e-01 -1.106346554290000006e-01 3.433398234860000064e-01 -3.231546087469999717e-02 -5.584044130219999458e-01 3.127019864949999728e-01 5.279513045829999952e-03 -3.383734467089999920e-01 4.640857876969999712e-02
-5.389550531279999612e-01 -3.023114958620000126e-01 -1.001882960170000052e-02 3.482170050949999762e-01 -3.231546087469999717e-02 -5.584044130219999458e-01 3.097099567450000146e-01 5.279513045829999952e-03 -3.416249011160000237e-01 4.640857876969999712e-02
