-5.601373490959999923e-01 -3.202639068829999935e-01 -3.546439796939999858e-03 3.465912778920000048e-01 -3.029691452579999847e-02 -5.601695853010000281e-01 3.112059716200000214e-01 4.102640076600000060e-03 -3.399991739120000189e-01 4.371718363790000339e-02
-5.524881777719999887e-01 -2.245180247959999986e-01 -3.531990661099999873e-02 2.051514951429999900e-01 1.769424975860000027e-01 -5.601695853010000281e-01 3.112059716200000214e-01 4.102640076600000060e-03 -3.399991739120000189e-01 4.371718363790000339e-02
-4.142150232599999815e-01 1.046085030040000002e-01 -1.706510615999999869e-01 -1.508862998580000059e-01 5.766185962969999634e-01 -5.601695853010000281e-01 3.112059716200000214e-01 4.102640076600000060e-03 -3.399991739120000189e-01 4.371718363790000339e-02
-2.223978066579999913e-01 4.262547239109999997e-01 -3.495236814930000047e-01 -2.581853059840000242e-01 6.062242564780000453e-01 -5.601695853010000281e-01 3.097099567450000146e-01 4.102640076600000060e-03 -3.399991739120000189e-01 4.439003242080000189e-02
-9.706929458040000624e-02 4.711356352039999806e-01 -4.466090713140000168e-01 -2.598110331869999956e-01 6.062242564780000453e-01 -5.601695853010000281e-01 3.112059716200000214e-01 4.102640076600000060e-03 -3.399991739120000189e-01 4.439003242080000189e-02
-6.941465453310000089e-02 4.726316500789999875e-01 -4.572001049850000221e-01 -2.598110331869999956e-01 6.062242564780000453e-01 -5.595811945409999710e-01 3.097099567450000146e-01 4.102640076600000060e-03 -3.399991739120000189e-01 4.439003242080000189e-02
-6.941465453310000089e-02 4.726316500789999875e-01 -4.572001049850000221e-01 -2.598110331869999956e-01 6.062242564780000453e-01 -5.601695853010000281e-01 3.112059716200000214e-01 4.102640076600000060e-03 -3.399991739120000189e-01 4.439003242080000189e-02
-6.941465453310000089e-02 4.726316500789999875e-01 -4.572001049850000221e-01 -2.598110331869999956e-01 6.062242564780000453e-01 -5.601695853010000281e-01 3.112059716200000214e-01 4.102640076600000060e-03 -3.399991739120000189e-01 4.439003242080000189e-02
-6.941465453310000089e-02 4.726316500789999875e-01 -4.572001049850000221e-01 -2.598110331869999956e-01 6.351570155879999735e-01 -5.601695853010000281e-01 3.112059716200000214e-01 4.102640076600000060e-03 -3.399991739120000189e-01 4.439003242080000189e-02
-8.588977869960000289e-02 4.741276649550000277e-01 -4.572001049850000221e-01 -5.334165695220000059e-02 6.499598456780000255e-01 -5.601695853010000281e-01 3.097099567450000146e-01 4.102640076600000060e-03 -3.399991739120000189e-01 4.439003242080000189e-02
-8.588977869960000289e-02 4.726316500789999875e-01 -4.577884957439999902e-01 3.856092361260000101e-01 6.506326944610000274e-01 -5.601695853010000281e-01 3.112059716200000214e-01 4.102640076600000060e-03 -3.399991739120000189e-01 4.439003242080000189e-02
-9.353895002339999987e-02 4.741276649550000277e-01 -4.583768865039999918e-01 6.831198410990000358e-01 6.506326944610000274e-01 -5.601695853010000281e-01 3.112059716200000214e-01 4.102640076600000060e-03 -3.399991739120000189e-01 4.439003242080000189e-02
-9.530412230189999612e-02 4.756236798299999791e-01 -4.583768865039999918e-01 7.367693441620000172e-01 6.519783920270000310e-01 -5.601695853010000281e-01 3.112059716200000214e-01 4.102640076600000060e-03 -3.399991739120000189e-01 4.439003242080000189e-02
-9.530412230189999612e-02 4.741276649550000277e-01 -4.583768865039999918e-01 7.367693441620000172e-01 6.519783920270000310e-01 -5.601695853010000281e-01 3.112059716200000214e-01 4.102640076600000060e-03 -3.399991739120000189e-01 4.439003242080000189e-02
-9.530412230189999612e-02 4.741276649550000277e-01 -4.583768865039999918e-01 7.367693441620000172e-01 6.513055432440000292e-01 -5.601695853010000281e-01 3.112059716200000214e-01 4.102640076600000060e-03 -3.399991739120000189e-01 4.439003242080000189e-02
-9.530412230189999612e-02 4.756236798299999791e-01 -4.583768865039999918e-01 6.538567514399999947e-01 6.519783920270000310e-01 -5.601695853010000281e-01 3.112059716200000214e-01 4.102640076600000060e-03 -3.416249011160000237e-01 4.439003242080000189e-02
-9.530412230189999612e-02 4.756236798299999791e-01 -4.583768865039999918e-01 3.693514587380000158e-01 6.519783920270000310e-01 -5.601695853010000281e-01 3.112059716200000214e-01 4.102640076600000060e-03 -3.399991739120000189e-01 4.439003242080000189e-02
-9.530412230189999612e-02 4.756236798299999791e-01 -4.583768865039999918e-01 3.644742771280000126e-01 6.519783920270000310e-01 -5.601695853010000281e-01 3.112059716200000214e-01 4.102640076600000060e-03 -3.399991739120000189e-01 4.439003242080000189e-02
-9.530412230189999612e-02 4.756236798299999791e-01 -4.583768865039999918e-01 3.612228227209999809e-01 6.519783920270000310e-01 -5.601695853010000281e-01 3.112059716200000214e-01 4.102640076600000060e-03 -3.399991739120000189e-01 4.439003242080000189e-02
-9.530412230189999612e-02 4.756236798299999791e-01 -4.583768865039999918e-01 3.612228227209999809e-01 6.519783920270000310e-01 -5.595811945409999710e-01 3.112059716200000214e-01 4.102640076600000060e-03 -3.399991739120000189e-01 4.439003242080000189e-02
-6.941465453310000089e-02 4.756236798299999791e-01 -4.583768865039999918e-01 2.880645932190000202e-01 6.264098768320000010e-01 -5.601695853010000281e-01 3.112059716200000214e-01 4.102640076600000060e-03 -3.399991739120000189e-01 4.439003242080000189e-02
-6.823787301400000005e-02 4.771196947049999859e-01 -4.583768865039999918e-01 -1.199969776409999939e-01 6.250641792669999752e-01 -5.601695853010000281e-01 3.112059716200000214e-01 4.102640076600000060e-03 -3.399991739120000189e-01 4.439003242080000189e-02
-6.823787301400000005e-02 4.771196947049999859e-01 -4.583768865039999918e-01 -2.565595787809999972e-01 6.008414139259999898e-01 -5.601695853010000281e-01 3.112059716200000214e-01 4.102640076600000060e-03 -3.399991739120000189e-01 4.439003242080000189e-02
-1.094256834300000036e-01 2.661795046370000195e-01 -3.801201838880000072e-01 -2.245258741259999885e-02 1.715597073229999936e-01 -5.601695853010000281e-01 3.112059716200000214e-01 4.102640076600000060e-03 -3.416249011160000237e-01 4.640857876969999712e-02
-2.924169471899999984e-01 -1.078277019390000008e-01 -2.065432637309999875e-01 2.864388660159999933e-01 -3.029691452579999847e-02 -5.601695853010000281e-01 3.097099567450000146e-01 4.102640076600000060e-03 -3.399991739120000189e-01 4.640857876969999712e-02
-4.812922099949999977e-01 -2.843590848420000095e-01 -3.826186040849999942e-02 3.547199139080000063e-01 -3.231546087469999717e-02 -5.601695853010000281e-01 3.097099567450000146e-01 4.102640076600000060e-03 -3.399991739120000189e-01 4.640857876969999712e-02
