-5.601373490959999923e-01 -3.157758622569999951e-01 -2.369658277940000189e-03 3.465912778920000048e-01 -2.895121695990000160e-02 -5.607579760599999963e-01 3.097099567450000146e-01 2.925858557590000145e-03 -3.448763555220000221e-01 4.573572998670000223e-02
-5.001208971999999697e-01 -9.735559781229999321e-02 -8.827553221749999401e-02 4.095153154750000302e-02 4.151333720220000134e-01 -5.607579760599999963e-01 3.112059716200000214e-01 2.337467798090000094e-03 -3.448763555220000221e-01 4.573572998670000223e-02
-3.259555862829999762e-01 2.781478561560000173e-01 -2.542033725010000023e-01 -2.451792356799999961e-01 6.035328090579999971e-01 -5.607579760599999963e-01 3.112059716200000214e-01 2.925858557590000145e-03 -3.448763555220000221e-01 4.573572998670000223e-02
-1.576741829609999979e-01 4.531832241839999775e-01 -4.054213523479999748e-01 -2.549338515780000258e-01 6.062242564780000453e-01 -5.607579760599999963e-01 3.112059716200000214e-01 2.337467798090000094e-03 -3.448763555220000221e-01 4.573572998670000223e-02
-6.941465453310000089e-02 4.741276649550000277e-01 -4.560233234659999968e-01 -2.614367603910000004e-01 6.068971052610000472e-01 -5.607579760599999963e-01 3.112059716200000214e-01 2.337467798090000094e-03 -3.448763555220000221e-01 4.573572998670000223e-02
-6.941465453310000089e-02 4.741276649550000277e-01 -4.566117142250000205e-01 -2.663139420000000257e-01 6.068971052610000472e-01 -5.607579760599999963e-01 3.112059716200000214e-01 2.925858557590000145e-03 -3.448763555220000221e-01 4.573572998670000223e-02
-6.941465453310000089e-02 4.741276649550000277e-01 -4.566117142250000205e-01 -2.663139420000000257e-01 6.062242564780000453e-01 -5.607579760599999963e-01 3.112059716200000214e-01 2.337467798090000094e-03 -3.448763555220000221e-01 4.573572998670000223e-02
-6.941465453310000089e-02 4.741276649550000277e-01 -4.566117142250000205e-01 -2.663139420000000257e-01 6.062242564780000453e-01 -5.607579760599999963e-01 3.112059716200000214e-01 2.337467798090000094e-03 -3.448763555220000221e-01 4.573572998670000223e-02
-6.941465453310000089e-02 4.741276649550000277e-01 -4.566117142250000205e-01 -2.663139420000000257e-01 6.068971052610000472e-01 -5.607579760599999963e-01 3.112059716200000214e-01 2.337467798090000094e-03 -3.448763555220000221e-01 4.573572998670000223e-02
-6.941465453310000089e-02 4.741276649550000277e-01 -4.566117142250000205e-01 -2.663139420000000257e-01 6.062242564780000453e-01 -5.607579760599999963e-01 3.112059716200000214e-01 2.337467798090000094e-03 -3.448763555220000221e-01 4.573572998670000223e-02
-6.882626377349999880e-02 4.741276649550000277e-01 -4.566117142250000205e-01 -2.663139420000000257e-01 6.068971052610000472e-01 -5.607579760599999963e-01 3.112059716200000214e-01 2.337467798090000094e-03 -3.448763555220000221e-01 4.573572998670000223e-02
-6.941465453310000089e-02 4.741276649550000277e-01 -4.566117142250000205e-01 -2.663139420000000257e-01 6.068971052610000472e-01 -5.607579760599999963e-01 3.112059716200000214e-01 2.337467798090000094e-03 -3.448763555220000221e-01 4.573572998670000223e-02
-6.941465453310000089e-02 4.741276649550000277e-01 -4.566117142250000205e-01 -2.663139420000000257e-01 6.439041543429999681e-01 -5.607579760599999963e-01 3.112059716200000214e-01 2.337467798090000094e-03 -3.448763555220000221e-01 4.573572998670000223e-02
-8.530138794010000414e-02 4.756236798299999791e-01 -4.566117142250000205e-01 2.794546124379999885e-02 6.499598456780000255e-01 -5.607579760599999963e-01 3.112059716200000214e-01 2.337467798090000094e-03 -3.448763555220000221e-01 4.573572998670000223e-02
-8.530138794010000414e-02 4.756236798299999791e-01 -4.572001049850000221e-01 4.555160112209999945e-01 6.499598456780000255e-01 -5.607579760599999963e-01 3.112059716200000214e-01 2.925858557590000145e-03 -3.448763555220000221e-01 4.573572998670000223e-02
-9.471573154239999737e-02 4.756236798299999791e-01 -4.577884957439999902e-01 7.026290728930000284e-01 6.506326944610000274e-01 -5.607579760599999963e-01 3.112059716200000214e-01 2.337467798090000094e-03 -3.448763555220000221e-01 4.573572998670000223e-02
-9.648090382089999362e-02 4.756236798299999791e-01 -4.577884957439999902e-01 7.432722529749999918e-01 6.519783920270000310e-01 -5.607579760599999963e-01 3.112059716200000214e-01 2.925858557590000145e-03 -3.448763555220000221e-01 4.573572998670000223e-02
-9.648090382089999362e-02 4.756236798299999791e-01 -4.577884957439999902e-01 7.448979801780000187e-01 6.519783920270000310e-01 -5.607579760599999963e-01 3.112059716200000214e-01 2.337467798090000094e-03 -3.448763555220000221e-01 4.640857876969999712e-02
-9.648090382089999362e-02 4.756236798299999791e-01 -4.577884957439999902e-01 7.448979801780000187e-01 6.519783920270000310e-01 -5.613463668200000534e-01 3.127019864949999728e-01 2.925858557590000145e-03 -3.448763555220000221e-01 4.573572998670000223e-02
-9.648090382089999362e-02 4.756236798299999791e-01 -4.577884957439999902e-01 7.448979801780000187e-01 6.519783920270000310e-01 -5.607579760599999963e-01 3.112059716200000214e-01 2.337467798090000094e-03 -3.432506283189999952e-01 4.573572998670000223e-02
-9.648090382089999362e-02 4.756236798299999791e-01 -4.577884957439999902e-01 7.432722529749999918e-01 6.519783920270000310e-01 -5.607579760599999963e-01 3.112059716200000214e-01 2.337467798090000094e-03 -3.448763555220000221e-01 4.573572998670000223e-02
-9.648090382089999362e-02 4.771196947049999859e-01 -4.577884957439999902e-01 7.448979801780000187e-01 6.519783920270000310e-01 -5.607579760599999963e-01 3.127019864949999728e-01 2.337467798090000094e-03 -3.448763555220000221e-01 4.573572998670000223e-02
-9.648090382089999362e-02 4.756236798299999791e-01 -4.577884957439999902e-01 7.448979801780000187e-01 6.519783920270000310e-01 -5.613463668200000534e-01 3.112059716200000214e-01 2.925858557590000145e-03 -3.448763555220000221e-01 4.573572998670000223e-02
-9.648090382089999362e-02 4.756236798299999791e-01 -4.577884957439999902e-01 3.969893265480000100e-01 6.519783920270000310e-01 -5.607579760599999963e-01 3.112059716200000214e-01 2.925858557590000145e-03 -3.448763555220000221e-01 4.573572998670000223e-02
-9.648090382089999362e-02 4.771196947049999859e-01 -4.577884957439999902e-01 3.677257315349999889e-01 6.519783920270000310e-01 -5.607579760599999963e-01 3.112059716200000214e-01 2.337467798090000094e-03 -3.448763555220000221e-01 4.573572998670000223e-02
-9.648090382089999362e-02 4.771196947049999859e-01 -4.577884957439999902e-01 3.677257315349999889e-01 6.519783920270000310e-01 -5.607579760599999963e-01 3.127019864949999728e-01 2.925858557590000145e-03 -3.448763555220000221e-01 4.640857876969999712e-02
-9.648090382089999362e-02 4.756236798299999791e-01 -4.577884957439999902e-01 3.661000043309999841e-01 6.519783920270000310e-01 -5.607579760599999963e-01 3.112059716200000214e-01 2.925858557590000145e-03 -3.448763555220000221e-01 4.573572998670000223e-02
-9.648090382089999362e-02 4.771196947049999859e-01 -4.577884957439999902e-01 3.677257315349999889e-01 6.519783920270000310e-01 -5.613463668200000534e-01 3.112059716200000214e-01 2.337467798090000094e-03 -3.448763555220000221e-01 4.573572998670000223e-02
-9.648090382089999362e-02 4.771196947049999859e-01 -4.577884957439999902e-01 3.661000043309999841e-01 6.519783920270000310e-01 -5.607579760599999963e-01 3.112059716200000214e-01 2.925858557590000145e-03 -3.448763555220000221e-01 4.573572998670000223e-02
-6.764948225450000130e-02 4.756236798299999791e-01 -4.577884957439999902e-01 2.506723621890000198e-01 6.264098768320000010e-01 -5.607579760599999963e-01 3.127019864949999728e-01 2.337467798090000094e-03 -3.448763555220000221e-01 4.573572998670000223e-02
-6.764948225450000130e-02 4.771196947049999859e-01 -4.577884957439999902e-01 -1.720207535009999900e-01 6.264098768320000010e-01 -5.607579760599999963e-01 3.112059716200000214e-01 2.337467798090000094e-03 -3.448763555220000221e-01 4.573572998670000223e-02
-6.764948225450000130e-02 4.771196947049999859e-01 -4.577884957439999902e-01 -2.581853059840000242e-01 6.264098768320000010e-01 -5.607579760599999963e-01 3.112059716200000214e-01 2.337467798090000094e-03 -3.448763555220000221e-01 4.640857876969999712e-02
-6.764948225450000130e-02 4.771196947049999859e-01 -4.577884957439999902e-01 -2.581853059840000242e-01 6.264098768320000010e-01 -5.607579760599999963e-01 3.112059716200000214e-01 2.337467798090000094e-03 -3.448763555220000221e-01 4.573572998670000223e-02
-7.059152750229999440e-02 4.591675162020000256e-01 -4.336642917040000045e-01 -2.061615301239999865e-01 4.353189400879999837e-01 -5.607579760599999963e-01 3.112059716200000214e-01 2.337467798090000094e-03 -3.448763555220000221e-01 4.640857876969999712e-02
-2.218094158979999897e-01 4.626322531700000074e-02 -2.771507950229999961e-01 2.197830399719999939e-01 -3.382649476729999820e-03 -5.607579760599999963e-01 3.171900311210000267e-01 2.925858557590000145e-03 -3.432506283189999952e-01 4.640857876969999712e-02
-4.006819443419999960e-01 -2.843590848420000095e-01 -1.053390471439999976e-01 3.043218652520000012e-01 -2.760551939400000127e-02 -5.607579760599999963e-01 3.156940162460000199e-01 2.925858557590000145e-03 -3.432506283189999952e-01 4.640857876969999712e-02
-5.377782716090000470e-01 -3.023114958620000126e-01 -7.665266563689999632e-03 3.384626418760000033e-01 -2.827836817699999963e-02 -5.607579760599999963e-01 3.082139418689999744e-01 2.925858557590000145e-03 -3.432506283189999952e-01 4.708142755260000256e-02
-5.607257398549999605e-01 -2.978234512360000141e-01 -3.546439796939999858e-03 3.498427322989999810e-01 -2.827836817699999963e-02 -5.613463668200000534e-01 3.112059716200000214e-01 2.925858557590000145e-03 -3.432506283189999952e-01 4.708142755260000256e-02
