-5.601373490959999923e-01 -3.217599217580000004e-01 -3.546439796939999858e-03 3.465912778920000048e-01 -3.500685600649999785e-02 -5.613463668200000534e-01 3.171900311210000267e-01 2.337467798090000094e-03 -3.416249011160000237e-01 4.640857876969999712e-02
-5.601373490959999923e-01 -3.217599217580000004e-01 -3.546439796939999858e-03 3.465912778920000048e-01 -3.500685600649999785e-02 -5.254541646889999695e-01 1.451466928440000026e-01 6.117709244979999822e-02 -1.188982528479999995e-01 -3.041489836119999901e-01
-5.601373490959999923e-01 -3.217599217580000004e-01 -3.546439796939999858e-03 3.465912778920000048e-01 -3.500685600649999785e-02 -3.524656352910000012e-01 -2.393328503759999948e-01 2.282817142530000065e-01 2.387652693569999873e-01 -6.015510738329999940e-01
-5.601373490959999923e-01 -3.217599217580000004e-01 -3.546439796939999858e-03 3.465912778920000048e-01 -3.500685600649999785e-02 -1.706510615999999869e-01 -4.427929660680000046e-01 3.930327730179999923e-01 2.680286116930000184e-01 -6.102981080110000400e-01
-5.601373490959999923e-01 -3.217599217580000004e-01 -3.546439796939999858e-03 3.465912778920000048e-01 -3.500685600649999785e-02 -7.533084405819999441e-02 -4.652334217140000061e-01 4.530491791879999730e-01 2.729057933030000216e-01 -6.102981080110000400e-01
-5.601373490959999923e-01 -3.217599217580000004e-01 -3.546439796939999858e-03 3.465912778920000048e-01 -3.433400722350000295e-02 -6.827006349389999618e-02 -4.772015407160000167e-01 4.530491791879999730e-01 2.777829749130000248e-01 -6.109709567940000419e-01
-5.601373490959999923e-01 -3.217599217580000004e-01 -3.546439796939999858e-03 3.465912778920000048e-01 -3.500685600649999785e-02 -6.885845425339999493e-02 -4.786975555920000014e-01 4.536375699479999746e-01 2.777829749130000248e-01 -6.102981080110000400e-01
-5.601373490959999923e-01 -3.217599217580000004e-01 -3.546439796939999858e-03 3.465912778920000048e-01 -3.433400722350000295e-02 -6.827006349389999618e-02 -4.772015407160000167e-01 4.536375699479999746e-01 2.777829749130000248e-01 -6.102981080110000400e-01
-5.601373490959999923e-01 -3.217599217580000004e-01 -3.546439796939999858e-03 3.465912778920000048e-01 -3.500685600649999785e-02 -6.827006349389999618e-02 -4.772015407160000167e-01 4.536375699479999746e-01 2.794089547929999862e-01 -6.102981080110000400e-01
-5.607257398549999605e-01 -3.217599217580000004e-01 -3.546439796939999858e-03 3.465912778920000048e-01 -3.433400722350000295e-02 -6.827006349389999618e-02 -4.772015407160000167e-01 4.536375699479999746e-01 2.794089547929999862e-01 -6.102981080110000400e-01
-5.607257398549999605e-01 -3.217599217580000004e-01 -3.546439796939999858e-03 3.465912778920000048e-01 -3.500685600649999785e-02 -6.827006349389999618e-02 -4.786975555920000014e-01 4.536375699479999746e-01 2.794089547929999862e-01 -6.102981080110000400e-01
-5.601373490959999923e-01 -3.217599217580000004e-01 -3.546439796939999858e-03 3.465912778920000048e-01 -3.500685600649999785e-02 -6.827006349389999618e-02 -4.772015407160000167e-01 4.536375699479999746e-01 2.777829749130000248e-01 -6.102981080110000400e-01
-5.601373490959999923e-01 -3.217599217580000004e-01 -3.546439796939999858e-03 3.465912778920000048e-01 -3.500685600649999785e-02 -7.003523577240000630e-02 -4.772015407160000167e-01 4.536375699479999746e-01 2.794089547929999862e-01 -6.432681166839999687e-01
-5.607257398549999605e-01 -3.217599217580000004e-01 -3.546439796939999858e-03 3.465912778920000048e-01 -3.500685600649999785e-02 -8.592196917939999568e-02 -4.786975555920000014e-01 4.536375699479999746e-01 4.205025634100000020e-02 -6.540336972110000202e-01
-5.601373490959999923e-01 -3.217599217580000004e-01 -3.546439796939999858e-03 3.465912778920000048e-01 -3.500685600649999785e-02 -8.592196917939999568e-02 -4.772015407160000167e-01 4.536375699479999746e-01 -4.131576560920000030e-01 -6.540336972110000202e-01
-5.601373490959999923e-01 -3.217599217580000004e-01 -3.546439796939999858e-03 3.465912778920000048e-01 -3.500685600649999785e-02 -9.357114050320000653e-02 -4.772015407160000167e-01 4.554027879520000099e-01 -7.074171856750000043e-01 -6.567250923430000276e-01
-5.607257398549999605e-01 -3.217599217580000004e-01 -3.546439796939999858e-03 3.465912778920000048e-01 -3.500685600649999785e-02 -9.827826657919999653e-02 -4.786975555920000014e-01 4.554027879520000099e-01 -7.383062552150000402e-01 -6.560522435600000257e-01
-5.601373490959999923e-01 -3.217599217580000004e-01 -3.546439796939999858e-03 3.465912778920000048e-01 -3.500685600649999785e-02 -9.827826657919999653e-02 -4.786975555920000014e-01 4.554027879520000099e-01 -7.383062552150000402e-01 -6.560522435600000257e-01
-5.601373490959999923e-01 -3.217599217580000004e-01 -3.546439796939999858e-03 3.465912778920000048e-01 -3.500685600649999785e-02 -9.886665733869999528e-02 -4.786975555920000014e-01 4.554027879520000099e-01 -7.383062552150000402e-01 -6.560522435600000257e-01
-5.607257398549999605e-01 -3.217599217580000004e-01 -3.546439796939999858e-03 3.465912778920000048e-01 -3.500685600649999785e-02 -9.827826657919999653e-02 -4.801935704670000082e-01 4.554027879520000099e-01 -7.383062552150000402e-01 -6.560522435600000257e-01
-5.601373490959999923e-01 -3.217599217580000004e-01 -3.546439796939999858e-03 3.465912778920000048e-01 -3.500685600649999785e-02 -9.827826657919999653e-02 -4.786975555920000014e-01 4.554027879520000099e-01 -7.383062552150000402e-01 -6.560522435600000257e-01
-5.601373490959999923e-01 -3.217599217580000004e-01 -3.546439796939999858e-03 3.465912778920000048e-01 -3.433400722350000295e-02 -9.827826657919999653e-02 -4.786975555920000014e-01 4.554027879520000099e-01 -7.383062552150000402e-01 -6.567250923430000276e-01
-5.601373490959999923e-01 -3.217599217580000004e-01 -3.546439796939999858e-03 3.465912778920000048e-01 -3.500685600649999785e-02 -9.827826657919999653e-02 -4.801935704670000082e-01 4.554027879520000099e-01 -7.383062552150000402e-01 -6.560522435600000257e-01
-5.601373490959999923e-01 -3.217599217580000004e-01 -3.546439796939999858e-03 3.465912778920000048e-01 -3.500685600649999785e-02 -9.827826657919999653e-02 -4.801935704670000082e-01 4.554027879520000099e-01 -3.952745305170000112e-01 -6.567250923430000276e-01
-5.601373490959999923e-01 -3.217599217580000004e-01 -3.546439796939999858e-03 3.465912778920000048e-01 -3.500685600649999785e-02 -9.827826657919999653e-02 -4.801935704670000082e-01 4.554027879520000099e-01 -3.546309714190000184e-01 -6.560522435600000257e-01
-5.601373490959999923e-01 -3.217599217580000004e-01 -3.546439796939999858e-03 3.465912778920000048e-01 -3.433400722350000295e-02 -9.886665733869999528e-02 -4.801935704670000082e-01 4.554027879520000099e-01 -3.546309714190000184e-01 -6.560522435600000257e-01
-5.601373490959999923e-01 -3.217599217580000004e-01 -3.546439796939999858e-03 3.465912778920000048e-01 -3.500685600649999785e-02 -9.886665733869999528e-02 -4.801935704670000082e-01 4.554027879520000099e-01 -3.530052442159999915e-01 -6.567250923430000276e-01
-5.601373490959999923e-01 -3.217599217580000004e-01 -3.546439796939999858e-03 3.465912778920000048e-01 -3.500685600649999785e-02 -9.827826657919999653e-02 -4.801935704670000082e-01 4.554027879520000099e-01 -3.530052442159999915e-01 -6.560522435600000257e-01
-5.601373490959999923e-01 -3.217599217580000004e-01 -3.546439796939999858e-03 3.465912778920000048e-01 -3.500685600649999785e-02 -9.827826657919999653e-02 -4.801935704670000082e-01 4.554027879520000099e-01 -3.530052442159999915e-01 -6.567250923430000276e-01
-5.601373490959999923e-01 -3.217599217580000004e-01 -3.546439796939999858e-03 3.449655506889999779e-01 -3.433400722350000295e-02 -7.180049950109999857e-02 -4.801935704670000082e-01 4.554027879520000099e-01 -2.457062380900000009e-01 -6.230824440419999721e-01
-5.601373490959999923e-01 -3.217599217580000004e-01 -3.546439796939999858e-03 3.465912778920000048e-01 -3.433400722350000295e-02 -6.885845425339999493e-02 -4.801935704670000082e-01 4.554027879520000099e-01 1.152087385209999981e-01 -6.197182001269999629e-01
-5.601373490959999923e-01 -3.217599217580000004e-01 -3.546439796939999858e-03 3.465912778920000048e-01 -3.500685600649999785e-02 -6.885845425339999493e-02 -4.801935704670000082e-01 4.554027879520000099e-01 2.712800660990000168e-01 -6.197182001269999629e-01
-5.601373490959999923e-01 -3.217599217580000004e-01 -3.546439796939999858e-03 3.465912778920000048e-01 -3.500685600649999785e-02 -6.944684501289999368e-02 -4.801935704670000082e-01 4.554027879520000099e-01 2.777829749130000248e-01 -6.197182001269999629e-01
-5.601373490959999923e-01 -3.217599217580000004e-01 -3.546439796939999858e-03 3.465912778920000048e-01 -3.433400722350000295e-02 -6.944684501289999368e-02 -4.697214663400000045e-01 4.454000535900000113e-01 2.176305630370000133e-01 -4.838012818920000013e-01
-5.601373490959999923e-01 -3.247519515089999920e-01 -3.546439796939999858e-03 3.465912778920000048e-01 -3.433400722350000295e-02 -2.183111703710000073e-01 -6.280146747339999946e-02 2.953589009879999949e-01 -1.953081894339999958e-01 6.037338061609999820e-03
-5.601373490959999923e-01 -3.217599217580000004e-01 -3.546439796939999858e-03 3.433398234860000064e-01 -3.500685600649999785e-02 -3.907114004600000245e-01 2.573487385589999787e-01 1.276659798750000019e-01 -3.107358315759999878e-01 4.035293972319999728e-02
-5.601373490959999923e-01 -3.157758622569999951e-01 -3.546439796939999858e-03 3.498427322989999810e-01 -3.500685600649999785e-02 -5.331032445629999561e-01 2.992376201010000236e-01 1.528224740759999943e-02 -3.399991739120000189e-01 4.506288120379999679e-02
-5.607257398549999605e-01 -3.187678920070000088e-01 -3.546439796939999858e-03 3.482170050949999762e-01 -3.500685600649999785e-02 -5.589928037820000029e-01 2.977416052249999834e-01 4.691030836099999678e-03 -3.399991739120000189e-01 4.506288120379999679e-02
