-5.607257398549999605e-01 -3.217599217580000004e-01 -2.369658277940000189e-03 3.465912778920000048e-01 -3.096976330880000031e-02 -5.589928037820000029e-01 3.156940162460000199e-01 5.279513045829999952e-03 -3.432506283189999952e-01 4.439003242080000189e-02
-5.607257398549999605e-01 -3.217599217580000004e-01 -2.369658277940000189e-03 3.465912778920000048e-01 -3.096976330880000031e-02 -5.536971040460000326e-01 3.156940162460000199e-01 -1.194606082720000018e-01 -2.473319652930000001e-01 -3.485574215950000276e-01
-5.607257398549999605e-01 -3.217599217580000004e-01 -2.369658277940000189e-03 3.465912778920000048e-01 -3.096976330880000031e-02 -4.566117142250000205e-01 3.171900311210000267e-01 -1.853610134879999927e-01 -2.327001677870000063e-01 -6.372124776380000410e-01
-5.607257398549999605e-01 -3.217599217580000004e-01 -2.369658277940000189e-03 3.465912778920000048e-01 -3.096976330880000031e-02 -2.965679644370000090e-01 3.156940162460000199e-01 -1.859494042469999886e-01 -2.261972589729999983e-01 -6.520151508629999926e-01
-5.607257398549999605e-01 -3.217599217580000004e-01 -2.369658277940000189e-03 3.465912778920000048e-01 -3.096976330880000031e-02 -9.768987581969999778e-02 3.141980013699999796e-01 -1.859494042469999886e-01 -2.213200773640000008e-01 -6.553793947770000239e-01
-5.607257398549999605e-01 -3.217599217580000004e-01 -2.369658277940000189e-03 3.465912778920000048e-01 -3.096976330880000031e-02 9.589251306139999487e-02 2.887655159740000199e-01 -1.859494042469999886e-01 -2.099397342629999996e-01 -6.553793947770000239e-01
-5.607257398549999605e-01 -3.202639068829999935e-01 -2.369658277940000189e-03 3.465912778920000048e-01 -3.096976330880000031e-02 2.724114784669999789e-01 2.588447534339999856e-01 -1.859494042469999886e-01 -2.115654614670000044e-01 -6.553793947770000239e-01
-5.607257398549999605e-01 -3.202639068829999935e-01 -2.369658277940000189e-03 3.465912778920000048e-01 -3.096976330880000031e-02 3.706736498059999829e-01 2.618370157009999866e-01 -1.988940924070000116e-01 -2.196943501599999959e-01 -6.553793947770000239e-01
-5.607257398549999605e-01 -3.202639068829999935e-01 -2.369658277940000189e-03 3.465912778920000048e-01 -3.096976330880000031e-02 4.118614602219999865e-01 2.992376201010000236e-01 -2.100736082880000077e-01 -2.359516221930000046e-01 -6.553793947770000239e-01
-5.613141306150000176e-01 -3.202639068829999935e-01 -2.369658277940000189e-03 3.465912778920000048e-01 -3.096976330880000031e-02 4.189221493360000270e-01 3.052216796019999734e-01 -2.106619990470000037e-01 -2.375773493960000038e-01 -6.553793947770000239e-01
-5.607257398549999605e-01 -3.202639068829999935e-01 -2.369658277940000189e-03 3.465912778920000048e-01 -3.096976330880000031e-02 4.189221493360000270e-01 3.052216796019999734e-01 -2.106619990470000037e-01 -2.375773493960000038e-01 -6.553793947770000239e-01
-5.607257398549999605e-01 -3.202639068829999935e-01 -2.369658277940000189e-03 3.482170050949999762e-01 -3.096976330880000031e-02 4.189221493360000270e-01 3.052216796019999734e-01 -2.106619990470000037e-01 -2.375773493960000038e-01 -6.553793947770000239e-01
-5.607257398549999605e-01 -3.202639068829999935e-01 -2.369658277940000189e-03 3.465912778920000048e-01 -3.096976330880000031e-02 4.212758038250000170e-01 3.037256647259999887e-01 -2.230183878969999867e-01 -2.392030766000000086e-01 -6.076067128800000106e-01
-5.613141306150000176e-01 -3.202639068829999935e-01 -2.369658277940000189e-03 3.465912778920000048e-01 -3.096976330880000031e-02 4.412812725479999809e-01 4.042448898920000117e-02 -3.630566689620000065e-01 -2.375773493960000038e-01 -2.092763640230000111e-01
-5.613141306150000176e-01 -3.202639068829999935e-01 -2.369658277940000189e-03 3.465912778920000048e-01 -3.096976330880000031e-02 4.412812725479999809e-01 -3.141342916909999894e-01 -3.901230097000000230e-01 -2.375773493960000038e-01 -1.877449938150000108e-01
-5.613141306150000176e-01 -3.202639068829999935e-01 -2.369658277940000189e-03 3.465912778920000048e-01 -3.096976330880000031e-02 4.418696633079999825e-01 -4.577531148210000067e-01 -3.901230097000000230e-01 -2.440805108870000018e-01 -1.877449938150000108e-01
-5.607257398549999605e-01 -3.202639068829999935e-01 -2.369658277940000189e-03 3.465912778920000048e-01 -3.096976330880000031e-02 4.412812725479999809e-01 -4.712174812150000114e-01 -3.901230097000000230e-01 -2.440805108870000018e-01 -1.877449938150000108e-01
-5.607257398549999605e-01 -3.202639068829999935e-01 -2.369658277940000189e-03 3.465912778920000048e-01 -3.096976330880000031e-02 4.418696633079999825e-01 -4.712174812150000114e-01 -3.901230097000000230e-01 -2.440805108870000018e-01 -1.877449938150000108e-01
-5.607257398549999605e-01 -3.202639068829999935e-01 -2.369658277940000189e-03 3.465912778920000048e-01 -3.096976330880000031e-02 4.418696633079999825e-01 -4.712174812150000114e-01 -3.901230097000000230e-01 -2.440805108870000018e-01 -1.897636447399999871e-01
-5.607257398549999605e-01 -3.202639068829999935e-01 -2.369658277940000189e-03 3.465912778920000048e-01 -3.096976330880000031e-02 4.418696633079999825e-01 -4.712174812150000114e-01 -3.907114004600000245e-01 -2.440805108870000018e-01 -1.897636447399999871e-01
-5.613141306150000176e-01 -3.202639068829999935e-01 -2.369658277940000189e-03 3.465912778920000048e-01 -3.096976330880000031e-02 4.418696633079999825e-01 -4.712174812150000114e-01 -3.901230097000000230e-01 -2.440805108870000018e-01 -1.897636447399999871e-01
-5.607257398549999605e-01 -3.202639068829999935e-01 -2.369658277940000189e-03 3.465912778920000048e-01 -3.096976330880000031e-02 4.418696633079999825e-01 -4.712174812150000114e-01 -3.901230097000000230e-01 -2.440805108870000018e-01 -1.897636447399999871e-01
-5.607257398549999605e-01 -3.202639068829999935e-01 -2.958049037439999807e-03 3.465912778920000048e-01 -3.096976330880000031e-02 4.418696633079999825e-01 -4.712174812150000114e-01 -3.901230097000000230e-01 -2.440805108870000018e-01 -1.877449938150000108e-01
-5.607257398549999605e-01 -3.202639068829999935e-01 -2.369658277940000189e-03 3.465912778920000048e-01 -3.096976330880000031e-02 4.418696633079999825e-01 -4.068881440270000205e-01 -3.901230097000000230e-01 -2.522091469030000033e-01 -1.877449938150000108e-01
-5.607257398549999605e-01 -3.202639068829999935e-01 -2.369658277940000189e-03 3.465912778920000048e-01 -3.096976330880000031e-02 4.418696633079999825e-01 -4.083841589020000273e-01 -3.901230097000000230e-01 -2.522091469030000033e-01 -1.877449938150000108e-01
-5.607257398549999605e-01 -3.202639068829999935e-01 -2.369658277940000189e-03 3.465912778920000048e-01 -3.096976330880000031e-02 4.418696633079999825e-01 -4.068881440270000205e-01 -3.901230097000000230e-01 -2.522091469030000033e-01 -1.890907959579999909e-01
-5.607257398549999605e-01 -3.202639068829999935e-01 -2.369658277940000189e-03 3.465912778920000048e-01 -3.096976330880000031e-02 4.418696633079999825e-01 -4.068881440270000205e-01 -3.901230097000000230e-01 -2.522091469030000033e-01 -1.897636447399999871e-01
-5.607257398549999605e-01 -3.202639068829999935e-01 -2.369658277940000189e-03 3.465912778920000048e-01 -3.096976330880000031e-02 4.418696633079999825e-01 -4.068881440270000205e-01 -3.907114004600000245e-01 -2.522091469030000033e-01 -1.897636447399999871e-01
-5.607257398549999605e-01 -3.202639068829999935e-01 -2.369658277940000189e-03 3.465912778920000048e-01 -3.096976330880000031e-02 4.418696633079999825e-01 -4.068881440270000205e-01 -3.901230097000000230e-01 -2.522091469030000033e-01 -1.897636447399999871e-01
-5.613141306150000176e-01 -3.202639068829999935e-01 -2.958049037439999807e-03 3.465912778920000048e-01 -3.096976330880000031e-02 4.401044910290000112e-01 -3.350787324619999841e-01 -3.424628094789999855e-01 -2.652149645290000080e-01 -3.606689088419999800e-01
-5.607257398549999605e-01 -3.202639068829999935e-01 -2.369658277940000189e-03 3.465912778920000048e-01 -3.096976330880000031e-02 4.112730694630000183e-01 -2.540063055719999838e-02 -2.353746852970000081e-01 -3.221161746760000111e-01 -6.425952679009999668e-01
-5.607257398549999605e-01 -3.217599217580000004e-01 -2.369658277940000189e-03 3.465912778920000048e-01 -3.096976330880000031e-02 4.153918047790000068e-01 2.678210752030000252e-01 -2.212532156189999932e-01 -2.798467620360000074e-01 -6.533608484280000184e-01
-5.613141306150000176e-01 -3.202639068829999935e-01 -2.369658277940000189e-03 3.465912778920000048e-01 -3.096976330880000031e-02 4.206874130650000154e-01 3.007336349759999750e-01 -2.177227796110000058e-01 -2.424547836840000026e-01 -6.547065459940000220e-01
-5.613141306150000176e-01 -3.202639068829999935e-01 -2.369658277940000189e-03 3.465912778920000048e-01 -3.096976330880000031e-02 4.124498509819999881e-01 3.141980013699999796e-01 -1.741814061570000072e-01 -3.302448106929999905e-01 -5.120613490850000060e-01
-5.607257398549999605e-01 -3.202639068829999935e-01 -2.369658277940000189e-03 3.465912778920000048e-01 -3.096976330880000031e-02 3.353699298849999733e-01 3.261661203730000236e-01 -4.885298552979999709e-02 -3.448763555220000221e-01 -2.289547333630000125e-02
-5.607257398549999605e-01 -3.202639068829999935e-01 -2.369658277940000189e-03 3.465912778920000048e-01 -3.096976330880000031e-02 2.388728393740000011e-01 3.082139418689999744e-01 -4.723221315950000207e-03 -3.351219923020000158e-01 3.631574244840000271e-02
-5.607257398549999605e-01 -3.202639068829999935e-01 -2.369658277940000189e-03 3.465912778920000048e-01 -3.096976330880000031e-02 7.059152750229999440e-02 3.007336349759999750e-01 6.456294564839999868e-03 -3.351219923020000158e-01 3.698859123139999761e-02
-5.607257398549999605e-01 -3.202639068829999935e-01 -2.369658277940000189e-03 3.465912778920000048e-01 -3.096976330880000031e-02 -1.053390471439999976e-01 3.022296498509999818e-01 6.456294564839999868e-03 -3.367477195060000206e-01 3.766154459139999661e-02
