-5.601373490959999923e-01 -3.202639068829999935e-01 -2.958049037439999807e-03 3.465912778920000048e-01 -3.029691452579999847e-02 -5.601695853010000281e-01 2.932535605989999850e-01 4.102640076600000060e-03 -3.383734467089999920e-01 4.573572998670000223e-02
-5.601373490959999923e-01 -3.232559366330000072e-01 -3.546439796939999858e-03 3.465912778920000048e-01 -3.096976330880000031e-02 -5.495783687290000108e-01 4.578168244999999970e-01 4.102640076600000060e-03 -6.114982699719999637e-01 -3.404832361999999835e-01
-5.601373490959999923e-01 -3.187678920070000088e-01 -3.546439796939999858e-03 3.465912778920000048e-01 -3.096976330880000031e-02 -4.295455563880000160e-01 4.772652503950000069e-01 4.102640076600000060e-03 -7.578152343309999539e-01 -4.266087170339999957e-01
-5.601373490959999923e-01 -3.187678920070000088e-01 -3.546439796939999858e-03 3.465912778920000048e-01 -3.096976330880000031e-02 -2.712668874279999809e-01 4.802572801459999985e-01 4.691030836099999678e-03 -7.561893807889999986e-01 -4.266087170339999957e-01
-5.601373490959999923e-01 -3.187678920070000088e-01 -2.958049037439999807e-03 3.465912778920000048e-01 -3.029691452579999847e-02 -6.415132817740000493e-02 4.787612652709999916e-01 4.691030836099999678e-03 -7.545636535859999716e-01 -4.266087170339999957e-01
-5.601373490959999923e-01 -3.187678920070000088e-01 -2.958049037439999807e-03 3.465912778920000048e-01 -3.096976330880000031e-02 1.323731059509999919e-01 4.398644134790000160e-01 4.691030836099999678e-03 -7.529379263829999447e-01 -4.266087170339999957e-01
-5.601373490959999923e-01 -3.187678920070000088e-01 -2.958049037439999807e-03 3.465912778920000048e-01 -3.029691452579999847e-02 2.577015265789999732e-01 4.413604283550000007e-01 1.160686279079999961e-03 -7.480607447729999970e-01 -4.266087170339999957e-01
-5.601373490959999923e-01 -3.172718771320000020e-01 -3.546439796939999858e-03 3.465912778920000048e-01 -3.096976330880000031e-02 3.336046661559999849e-01 4.488405027310000128e-01 -1.060722036119999927e-02 -7.496864719760000240e-01 -4.266087170339999957e-01
-5.601373490959999923e-01 -3.187678920070000088e-01 -3.546439796939999858e-03 3.465912778920000048e-01 -3.096976330880000031e-02 3.541986170900000008e-01 4.398644134790000160e-01 -2.060995472299999992e-02 -7.594409615349999587e-01 -3.734531402949999856e-01
-5.601373490959999923e-01 -3.172718771320000020e-01 -3.546439796939999858e-03 3.465912778920000048e-01 -3.029691452579999847e-02 3.541986170900000008e-01 1.107378856790000032e-01 -2.590556300869999856e-02 -7.870785766679999629e-01 -3.700887918040000057e-01
-5.601373490959999923e-01 -3.172718771320000020e-01 -3.546439796939999858e-03 3.465912778920000048e-01 -3.096976330880000031e-02 3.536102263299999993e-01 1.182181925720000026e-01 -2.649395376830000065e-02 -7.691954510930000266e-01 -3.700887918040000057e-01
-5.601373490959999923e-01 -3.187678920070000088e-01 -3.546439796939999858e-03 3.465912778920000048e-01 -3.096976330880000031e-02 3.536102263299999993e-01 1.017617964270000064e-01 -2.649395376830000065e-02 -7.691954510930000266e-01 -3.700887918040000057e-01
-5.601373490959999923e-01 -3.187678920070000088e-01 -2.958049037439999807e-03 3.465912778920000048e-01 -3.096976330880000031e-02 3.536102263299999993e-01 1.017617964270000064e-01 -2.649395376830000065e-02 -7.691954510930000266e-01 -3.700887918040000057e-01
-5.601373490959999923e-01 -3.187678920070000088e-01 -2.958049037439999807e-03 3.465912778920000048e-01 -3.096976330880000031e-02 3.536102263299999993e-01 1.032578113019999994e-01 -2.649395376830000065e-02 -7.691954510930000266e-01 -3.700887918040000057e-01
-5.601373490959999923e-01 -3.187678920070000088e-01 -3.546439796939999858e-03 3.465912778920000048e-01 -3.096976330880000031e-02 3.536102263299999993e-01 1.017617964270000064e-01 -2.649395376830000065e-02 -7.691954510930000266e-01 -3.707616405870000076e-01
-5.601373490959999923e-01 -3.202639068829999935e-01 -3.546439796939999858e-03 3.433398234860000064e-01 -3.029691452579999847e-02 3.100688528760000007e-01 -2.689664543250000137e-02 -1.178400188020000024e-02 -5.399656413340000460e-01 -3.673973966719999984e-01
-5.601373490959999923e-01 -3.172718771320000020e-01 -2.958049037439999807e-03 3.482170050949999762e-01 -3.096976330880000031e-02 2.871213389039999897e-01 -1.346108790380000086e-01 -1.649121940650000173e-02 -2.765953076300000091e-01 -3.667245478889999966e-01
-5.601373490959999923e-01 -3.172718771320000020e-01 -3.546439796939999858e-03 3.465912778920000048e-01 -3.029691452579999847e-02 2.871213389039999897e-01 -1.331148641630000018e-01 -1.649121940650000173e-02 -2.668406917330000128e-01 -3.667245478889999966e-01
-5.601373490959999923e-01 -3.172718771320000020e-01 -3.546439796939999858e-03 3.465912778920000048e-01 -3.096976330880000031e-02 2.871213389039999897e-01 -1.331148641630000018e-01 -1.649121940650000173e-02 -2.668406917330000128e-01 -3.667245478889999966e-01
-5.601373490959999923e-01 -3.172718771320000020e-01 -3.546439796939999858e-03 3.465912778920000048e-01 -3.096976330880000031e-02 2.871213389039999897e-01 -1.331148641630000018e-01 -1.649121940650000173e-02 -2.668406917330000128e-01 -3.667245478889999966e-01
-5.601373490959999923e-01 -3.172718771320000020e-01 -3.546439796939999858e-03 3.465912778920000048e-01 -3.096976330880000031e-02 3.130108066730000194e-01 6.735298926129999753e-02 -3.767346964900000067e-02 -5.074507182530000327e-01 -4.266087170339999957e-01
-5.601373490959999923e-01 -3.172718771320000020e-01 -3.546439796939999858e-03 3.482170050949999762e-01 -3.029691452579999847e-02 3.547870078490000245e-01 4.054558388310000039e-01 -2.296351776099999839e-02 -7.610666887379999856e-01 -4.266087170339999957e-01
-5.601373490959999923e-01 -3.172718771320000020e-01 -2.958049037439999807e-03 3.465912778920000048e-01 -3.096976330880000031e-02 3.459610550059999956e-01 3.800231209170000235e-01 -2.296351776099999839e-02 -6.326329762919999933e-01 -2.388820242040000097e-01
-5.601373490959999923e-01 -3.172718771320000020e-01 -3.546439796939999858e-03 3.465912778920000048e-01 -3.096976330880000031e-02 2.824142128279999997e-01 2.932535605989999850e-01 -8.253657323200000798e-03 -3.367477195060000206e-01 3.026010340189999939e-02
-5.601373490959999923e-01 -3.172718771320000020e-01 -3.546439796939999858e-03 3.465912778920000048e-01 -3.096976330880000031e-02 1.541437469539999883e-01 2.917575457239999781e-01 6.456294564839999868e-03 -3.432506283189999952e-01 3.698859123139999761e-02
-5.601373490959999923e-01 -3.157758622569999951e-01 -3.546439796939999858e-03 3.465912778920000048e-01 -3.096976330880000031e-02 -3.473151585149999998e-02 2.947495754750000252e-01 6.456294564839999868e-03 -3.416249011160000237e-01 3.766154459139999661e-02
