-5.595489583360000463e-01 -3.232559366330000072e-01 -2.958049037439999807e-03 3.482170050949999762e-01 -3.635255357239999818e-02 -5.584044130219999458e-01 2.827812239549999940e-01 4.691030836099999678e-03 -3.399991739120000189e-01 4.573572998670000223e-02
-5.595489583360000463e-01 -3.232559366330000072e-01 -2.958049037439999807e-03 3.482170050949999762e-01 -3.635255357239999818e-02 -5.572276315030000315e-01 4.593128393750000038e-01 4.691030836099999678e-03 -5.676032564670000502e-01 -2.819447646209999880e-01
-5.595489583360000463e-01 -3.217599217580000004e-01 -2.958049037439999807e-03 3.482170050949999762e-01 -3.635255357239999818e-02 -4.371946362610000247e-01 4.772652503950000069e-01 4.691030836099999678e-03 -7.610666887379999856e-01 -4.198802292039999773e-01
-5.595489583360000463e-01 -3.187678920070000088e-01 -2.958049037439999807e-03 3.482170050949999762e-01 -3.635255357239999818e-02 -2.818580125490000032e-01 4.802572801459999985e-01 4.691030836099999678e-03 -7.610666887379999856e-01 -4.272815658169999975e-01
-5.595489583360000463e-01 -3.187678920070000088e-01 -2.958049037439999807e-03 3.482170050949999762e-01 -3.635255357239999818e-02 -9.004079594620000015e-02 4.772652503950000069e-01 5.279513045829999952e-03 -7.594409615349999587e-01 -4.272815658169999975e-01
-5.595489583360000463e-01 -3.187678920070000088e-01 -2.958049037439999807e-03 3.482170050949999762e-01 -3.635255357239999818e-02 1.082489019110000061e-01 4.413604283550000007e-01 5.279513045829999952e-03 -7.578152343309999539e-01 -4.272815658169999975e-01
-5.595489583360000463e-01 -3.202639068829999935e-01 -2.958049037439999807e-03 3.482170050949999762e-01 -3.567970478940000328e-02 2.465220106980000048e-01 4.398644134790000160e-01 3.514249317100000009e-03 -7.545636535859999716e-01 -4.279544145999999993e-01
-5.595489583360000463e-01 -3.202639068829999935e-01 -2.958049037439999807e-03 3.482170050949999762e-01 -3.635255357239999818e-02 3.294859308399999964e-01 4.413604283550000007e-01 -1.060722036119999927e-02 -7.480607447729999970e-01 -4.279544145999999993e-01
-5.595489583360000463e-01 -3.187678920070000088e-01 -2.958049037439999807e-03 3.465912778920000048e-01 -3.635255357239999818e-02 3.541986170900000008e-01 4.563208096240000122e-01 -1.472604712800000028e-02 -7.561893807889999986e-01 -4.279544145999999993e-01
-5.595489583360000463e-01 -3.187678920070000088e-01 -2.958049037439999807e-03 3.482170050949999762e-01 -3.635255357239999818e-02 3.547870078490000245e-01 4.548247947490000054e-01 -1.472604712800000028e-02 -7.578152343309999539e-01 -4.279544145999999993e-01
-5.595489583360000463e-01 -3.187678920070000088e-01 -2.958049037439999807e-03 3.482170050949999762e-01 -3.635255357239999818e-02 3.541986170900000008e-01 4.548247947490000054e-01 -1.472604712800000028e-02 -7.578152343309999539e-01 -4.279544145999999993e-01
-5.595489583360000463e-01 -3.187678920070000088e-01 -2.958049037439999807e-03 3.482170050949999762e-01 -3.635255357239999818e-02 3.541986170900000008e-01 4.548247947490000054e-01 -1.472604712800000028e-02 -7.578152343309999539e-01 -4.272815658169999975e-01
-5.595489583360000463e-01 -3.187678920070000088e-01 -2.958049037439999807e-03 3.482170050949999762e-01 -3.635255357239999818e-02 3.547870078490000245e-01 4.563208096240000122e-01 -1.472604712800000028e-02 -7.578152343309999539e-01 -3.922930107950000078e-01
-5.595489583360000463e-01 -3.202639068829999935e-01 -2.958049037439999807e-03 3.465912778920000048e-01 -3.635255357239999818e-02 3.536102263299999993e-01 1.990036933880000025e-01 -2.531717224919999981e-02 -7.626924159410000126e-01 -3.680702454550000002e-01
-5.595489583360000463e-01 -3.202639068829999935e-01 -2.958049037439999807e-03 3.465912778920000048e-01 -3.567970478940000328e-02 3.536102263299999993e-01 1.227062371980000011e-01 -2.531717224919999981e-02 -7.675695975509999602e-01 -3.673973966719999984e-01
-5.595489583360000463e-01 -3.187678920070000088e-01 -2.958049037439999807e-03 3.465912778920000048e-01 -3.567970478940000328e-02 3.536102263299999993e-01 1.197142074469999956e-01 -2.531717224919999981e-02 -7.675695975509999602e-01 -3.680702454550000002e-01
-5.595489583360000463e-01 -3.202639068829999935e-01 -2.958049037439999807e-03 3.465912778920000048e-01 -3.635255357239999818e-02 3.536102263299999993e-01 1.197142074469999956e-01 -2.531717224919999981e-02 -7.675695975509999602e-01 -3.680702454550000002e-01
-5.595489583360000463e-01 -3.187678920070000088e-01 -2.958049037439999807e-03 3.465912778920000048e-01 -3.567970478940000328e-02 3.536102263299999993e-01 1.197142074469999956e-01 -2.531717224919999981e-02 -7.675695975509999602e-01 -3.680702454550000002e-01
-5.595489583360000463e-01 -3.187678920070000088e-01 -2.958049037439999807e-03 3.465912778920000048e-01 -3.635255357239999818e-02 3.536102263299999993e-01 1.197142074469999956e-01 -2.472878148970000106e-02 -7.675695975509999602e-01 -3.680702454550000002e-01
-5.595489583360000463e-01 -3.202639068829999935e-01 -2.958049037439999807e-03 3.465912778920000048e-01 -3.635255357239999818e-02 3.536102263299999993e-01 1.197142074469999956e-01 -2.531717224919999981e-02 -7.675695975509999602e-01 -3.680702454550000002e-01
-5.595489583360000463e-01 -3.187678920070000088e-01 -2.958049037439999807e-03 3.465912778920000048e-01 -3.635255357239999818e-02 3.536102263299999993e-01 1.197142074469999956e-01 -2.472878148970000106e-02 -7.675695975509999602e-01 -3.680702454550000002e-01
-5.595489583360000463e-01 -3.187678920070000088e-01 -2.958049037439999807e-03 3.465912778920000048e-01 -3.635255357239999818e-02 3.530218355709999756e-01 1.197142074469999956e-01 -2.472878148970000106e-02 -7.675695975509999602e-01 -3.680702454550000002e-01
-5.595489583360000463e-01 -3.187678920070000088e-01 -2.958049037439999807e-03 3.465912778920000048e-01 -3.635255357239999818e-02 3.477262272850000224e-01 8.530540028180000345e-02 -2.472878148970000106e-02 -7.610666887379999856e-01 -3.680702454550000002e-01
-5.595489583360000463e-01 -3.232559366330000072e-01 -2.958049037439999807e-03 3.465912778920000048e-01 -3.567970478940000328e-02 2.947705102279999934e-01 -1.405949385389999862e-01 -1.296078339919999947e-02 -3.660110618419999962e-01 -3.653788503229999929e-01
-5.595489583360000463e-01 -3.187678920070000088e-01 -2.958049037439999807e-03 3.482170050949999762e-01 -3.635255357239999818e-02 2.871213389039999897e-01 -1.316188492879999949e-01 -1.531443788750000076e-02 -2.652149645290000080e-01 -3.653788503229999929e-01
-5.595489583360000463e-01 -3.187678920070000088e-01 -2.958049037439999807e-03 3.482170050949999762e-01 -3.635255357239999818e-02 2.865329481450000215e-01 -1.316188492879999949e-01 -1.531443788750000076e-02 -2.635892373259999810e-01 -3.653788503229999929e-01
-5.595489583360000463e-01 -3.187678920070000088e-01 -2.958049037439999807e-03 3.482170050949999762e-01 -3.635255357239999818e-02 2.865329481450000215e-01 -1.316188492879999949e-01 -1.531443788750000076e-02 -2.635892373259999810e-01 -3.653788503229999929e-01
-5.595489583360000463e-01 -3.187678920070000088e-01 -2.958049037439999807e-03 3.482170050949999762e-01 -3.635255357239999818e-02 2.871213389039999897e-01 -1.316188492879999949e-01 -1.531443788750000076e-02 -2.635892373259999810e-01 -3.660516991059999947e-01
-5.601373490959999923e-01 -3.187678920070000088e-01 -2.958049037439999807e-03 3.465912778920000048e-01 -3.635255357239999818e-02 2.865329481450000215e-01 -1.316188492879999949e-01 -1.531443788750000076e-02 -2.652149645290000080e-01 -3.660516991059999947e-01
-5.595489583360000463e-01 -3.187678920070000088e-01 -2.958049037439999807e-03 3.482170050949999762e-01 -3.635255357239999818e-02 2.971241647160000054e-01 -2.390461568199999873e-02 -3.767346964900000067e-02 -4.034031665339999906e-01 -4.205530779869999791e-01
-5.595489583360000463e-01 -3.187678920070000088e-01 -2.958049037439999807e-03 3.482170050949999762e-01 -3.635255357239999818e-02 3.447842734870000259e-01 3.246701054969999833e-01 -2.825912604680000037e-02 -7.334290736049999815e-01 -4.245901706849999901e-01
-5.595489583360000463e-01 -3.187678920070000088e-01 -2.958049037439999807e-03 3.465912778920000048e-01 -3.567970478940000328e-02 3.571405708870000195e-01 4.473444878560000060e-01 -2.355190852050000061e-02 -7.659438703480000443e-01 -4.245901706849999901e-01
-5.595489583360000463e-01 -3.187678920070000088e-01 -2.958049037439999807e-03 3.482170050949999762e-01 -3.635255357239999818e-02 3.571405708870000195e-01 4.563208096240000122e-01 -2.178673624200000089e-02 -7.659438703480000443e-01 -4.245901706849999901e-01
-5.595489583360000463e-01 -3.187678920070000088e-01 -2.958049037439999807e-03 3.482170050949999762e-01 -3.635255357239999818e-02 3.506681810819999856e-01 4.159279429580000076e-01 -2.178673624200000089e-02 -6.667736265770000115e-01 -2.853090085359999972e-01
-5.595489583360000463e-01 -3.187678920070000088e-01 -2.958049037439999807e-03 3.465912778920000048e-01 -3.635255357239999818e-02 2.941821194690000252e-01 2.902615308490000268e-01 -1.001882960170000052e-02 -3.806428593489999956e-01 2.689575491009999972e-02
-5.595489583360000463e-01 -3.187678920070000088e-01 -2.958049037439999807e-03 3.465912778920000048e-01 -3.635255357239999818e-02 1.753260886459999945e-01 2.932535605989999850e-01 5.279513045829999952e-03 -3.367477195060000206e-01 3.698859123139999761e-02
-5.595489583360000463e-01 -3.187678920070000088e-01 -2.958049037439999807e-03 3.465912778920000048e-01 -3.635255357239999818e-02 -2.002156396350000117e-02 2.962455903499999765e-01 5.867903805340000251e-03 -3.367477195060000206e-01 3.766154459139999661e-02
-5.595489583360000463e-01 -3.187678920070000088e-01 -2.958049037439999807e-03 3.465912778920000048e-01 -3.635255357239999818e-02 -2.100736082880000077e-01 3.007336349759999750e-01 6.456294564839999868e-03 -3.367477195060000206e-01 3.833439337430000204e-02
