-5.601373490959999923e-01 -3.202639068829999935e-01 -3.546439796939999858e-03 3.465912778920000048e-01 -3.096976330880000031e-02 -5.584044130219999458e-01 3.156940162460000199e-01 4.691030836099999678e-03 -3.416249011160000237e-01 4.371718363790000339e-02
-5.601373490959999923e-01 -3.202639068829999935e-01 -3.546439796939999858e-03 3.465912778920000048e-01 -3.096976330880000031e-02 -5.542854948050000008e-01 3.141980013699999796e-01 -1.171069537840000035e-01 -2.440805108870000018e-01 -3.384645852739999738e-01
-5.601373490959999923e-01 -3.202639068829999935e-01 -3.546439796939999858e-03 3.465912778920000048e-01 -3.096976330880000031e-02 -4.501394158709999815e-01 3.171900311210000267e-01 -1.859494042469999886e-01 -2.327001677870000063e-01 -6.405767215519999613e-01
-5.601373490959999923e-01 -3.202639068829999935e-01 -2.958049037439999807e-03 3.465912778920000048e-01 -3.096976330880000031e-02 -2.936259191889999953e-01 3.141980013699999796e-01 -1.859494042469999886e-01 -2.245715317699999991e-01 -6.533608484280000184e-01
-5.601373490959999923e-01 -3.202639068829999935e-01 -2.958049037439999807e-03 3.465912778920000048e-01 -3.096976330880000031e-02 -1.012203118270000035e-01 3.141980013699999796e-01 -1.859494042469999886e-01 -2.229458045669999999e-01 -6.553793947770000239e-01
-5.601373490959999923e-01 -3.202639068829999935e-01 -3.546439796939999858e-03 3.465912778920000048e-01 -3.096976330880000031e-02 1.053068566639999981e-01 2.738051347039999750e-01 -1.859494042469999886e-01 -2.083140070600000004e-01 -6.553793947770000239e-01
-5.601373490959999923e-01 -3.202639068829999935e-01 -3.546439796939999858e-03 3.465912778920000048e-01 -3.096976330880000031e-02 2.629971348640000040e-01 2.588447534339999856e-01 -1.859494042469999886e-01 -2.131911886700000036e-01 -6.560522435600000257e-01
-5.601373490959999923e-01 -3.202639068829999935e-01 -2.958049037439999807e-03 3.465912778920000048e-01 -3.029691452579999847e-02 3.706736498059999829e-01 2.603410008259999797e-01 -1.983057016470000100e-01 -2.196943501599999959e-01 -6.553793947770000239e-01
-5.601373490959999923e-01 -3.202639068829999935e-01 -3.546439796939999858e-03 3.465912778920000048e-01 -3.096976330880000031e-02 4.200990223059999917e-01 2.753011495789999818e-01 -2.518498094630000073e-01 -2.343258949900000054e-01 -5.053326521009999794e-01
-5.601373490959999923e-01 -3.202639068829999935e-01 -2.958049037439999807e-03 3.465912778920000048e-01 -3.096976330880000031e-02 4.395160545449999789e-01 -7.925786361860000240e-02 -3.824737469260000022e-01 -2.327001677870000063e-01 -1.931278886549999962e-01
-5.601373490959999923e-01 -3.202639068829999935e-01 -3.546439796939999858e-03 3.465912778920000048e-01 -3.096976330880000031e-02 4.401044910290000112e-01 -4.009040845260000152e-01 -3.907114004600000245e-01 -2.424547836840000026e-01 -1.890907959579999909e-01
-5.601373490959999923e-01 -3.202639068829999935e-01 -3.546439796939999858e-03 3.465912778920000048e-01 -3.029691452579999847e-02 4.406928817890000127e-01 -4.682254514649999977e-01 -3.907114004600000245e-01 -2.440805108870000018e-01 -1.884179471749999890e-01
-5.601373490959999923e-01 -3.202639068829999935e-01 -3.546439796939999858e-03 3.465912778920000048e-01 -3.096976330880000031e-02 4.401044910290000112e-01 -4.682254514649999977e-01 -3.907114004600000245e-01 -2.440805108870000018e-01 -1.890907959579999909e-01
-5.601373490959999923e-01 -3.202639068829999935e-01 -3.546439796939999858e-03 3.465912778920000048e-01 -3.029691452579999847e-02 4.401044910290000112e-01 -4.682254514649999977e-01 -3.907114004600000245e-01 -2.440805108870000018e-01 -1.911093423059999907e-01
-5.601373490959999923e-01 -3.202639068829999935e-01 -3.546439796939999858e-03 3.465912778920000048e-01 -3.096976330880000031e-02 4.401044910290000112e-01 -4.682254514649999977e-01 -3.907114004600000245e-01 -2.440805108870000018e-01 -1.904364935229999889e-01
-5.601373490959999923e-01 -3.202639068829999935e-01 -3.546439796939999858e-03 3.465912778920000048e-01 -3.096976330880000031e-02 4.406928817890000127e-01 -4.083841589020000273e-01 -3.907114004600000245e-01 -2.522091469030000033e-01 -1.884179471749999890e-01
-5.601373490959999923e-01 -3.202639068829999935e-01 -3.546439796939999858e-03 3.465912778920000048e-01 -3.096976330880000031e-02 4.401044910290000112e-01 -4.053921291520000136e-01 -3.907114004600000245e-01 -2.522091469030000033e-01 -1.884179471749999890e-01
-5.601373490959999923e-01 -3.202639068829999935e-01 -3.546439796939999858e-03 3.465912778920000048e-01 -3.096976330880000031e-02 4.401044910290000112e-01 -4.068881440270000205e-01 -3.901230097000000230e-01 -2.522091469030000033e-01 -1.884179471749999890e-01
-5.601373490959999923e-01 -3.202639068829999935e-01 -3.546439796939999858e-03 3.465912778920000048e-01 -3.096976330880000031e-02 4.401044910290000112e-01 -4.053921291520000136e-01 -3.907114004600000245e-01 -2.522091469030000033e-01 -1.904364935229999889e-01
-5.601373490959999923e-01 -3.202639068829999935e-01 -3.546439796939999858e-03 3.465912778920000048e-01 -3.096976330880000031e-02 4.401044910290000112e-01 -4.053921291520000136e-01 -3.907114004600000245e-01 -2.522091469030000033e-01 -1.904364935229999889e-01
-5.601373490959999923e-01 -3.202639068829999935e-01 -3.546439796939999858e-03 3.465912778920000048e-01 -3.096976330880000031e-02 4.236293668630000120e-01 -2.438211275190000082e-01 -2.924491376700000256e-01 -2.944785595430000069e-01 -5.423397534710000523e-01
-5.601373490959999923e-01 -3.202639068829999935e-01 -3.546439796939999858e-03 3.465912778920000048e-01 -3.096976330880000031e-02 4.118614602219999865e-01 1.271942818239999995e-01 -2.271371232140000085e-01 -3.221161746760000111e-01 -6.520151508629999926e-01
-5.601373490959999923e-01 -3.202639068829999935e-01 -3.546439796939999858e-03 3.465912778920000048e-01 -3.029691452579999847e-02 4.118614602219999865e-01 2.887655159740000199e-01 -1.730046246380000097e-01 -3.481280626059999883e-01 -5.060057100379999895e-01
-5.601373490959999923e-01 -3.202639068829999935e-01 -2.958049037439999807e-03 3.465912778920000048e-01 -3.096976330880000031e-02 3.318394938779999914e-01 3.186860459959999781e-01 -4.296907793480000265e-02 -3.513795170130000201e-01 -6.074149185580000193e-03
-5.601373490959999923e-01 -3.202639068829999935e-01 -2.958049037439999807e-03 3.465912778920000048e-01 -3.096976330880000031e-02 2.406381031029999895e-01 3.112059716200000214e-01 -4.134830556449999722e-03 -3.432506283189999952e-01 3.631574244840000271e-02
-5.601373490959999923e-01 -3.202639068829999935e-01 -3.546439796939999858e-03 3.465912778920000048e-01 -3.096976330880000031e-02 7.412187205930000078e-02 2.992376201010000236e-01 6.456294564839999868e-03 -3.383734467089999920e-01 3.698859123139999761e-02
