-5.589605675769999671e-01 -3.202639068829999935e-01 -2.958049037439999807e-03 3.449655506889999779e-01 -3.164261209170000227e-02 -5.584044130219999458e-01 3.156940162460000199e-01 4.102640076600000060e-03 -3.432506283189999952e-01 4.371718363790000339e-02
-5.589605675769999671e-01 -3.202639068829999935e-01 -2.958049037439999807e-03 3.465912778920000048e-01 -3.164261209170000227e-02 -5.584044130219999458e-01 3.141980013699999796e-01 -2.237512700149999964e-02 -2.603377829199999827e-01 -3.635255357239999818e-02
-5.589605675769999671e-01 -3.202639068829999935e-01 -2.958049037439999807e-03 3.465912778920000048e-01 -3.164261209170000227e-02 -5.130977758389999588e-01 3.156940162460000199e-01 -1.694742800809999894e-01 -2.343258949900000054e-01 -5.578154846330000138e-01
-5.589605675769999671e-01 -3.202639068829999935e-01 -2.958049037439999807e-03 3.449655506889999779e-01 -3.164261209170000227e-02 -3.677639779390000085e-01 3.156940162460000199e-01 -1.865377950069999902e-01 -2.278229861770000031e-01 -6.520151508629999926e-01
-5.589605675769999671e-01 -3.202639068829999935e-01 -2.958049037439999807e-03 3.465912778920000048e-01 -3.164261209170000227e-02 -1.853610134879999927e-01 3.127019864949999728e-01 -1.859494042469999886e-01 -2.229458045669999999e-01 -6.540336972110000202e-01
-5.589605675769999671e-01 -3.202639068829999935e-01 -2.958049037439999807e-03 3.465912778920000048e-01 -3.164261209170000227e-02 -4.134830556449999722e-03 3.097099567450000146e-01 -1.859494042469999886e-01 -2.066882798570000013e-01 -6.553793947770000239e-01
-5.589605675769999671e-01 -3.217599217580000004e-01 -2.958049037439999807e-03 3.449655506889999779e-01 -3.164261209170000227e-02 1.918011213630000100e-01 2.603410008259999797e-01 -1.859494042469999886e-01 -2.115654614670000044e-01 -6.553793947770000239e-01
-5.589605675769999671e-01 -3.217599217580000004e-01 -2.958049037439999807e-03 3.465912778920000048e-01 -3.164261209170000227e-02 3.236019317950000196e-01 2.603410008259999797e-01 -1.900681395640000104e-01 -2.131911886700000036e-01 -6.553793947770000239e-01
-5.589605675769999671e-01 -3.202639068829999935e-01 -2.958049037439999807e-03 3.449655506889999779e-01 -3.164261209170000227e-02 3.989166806130000076e-01 2.753011495789999818e-01 -2.083084360090000087e-01 -2.310744405830000014e-01 -6.553793947770000239e-01
-5.589605675769999671e-01 -3.202639068829999935e-01 -2.958049037439999807e-03 3.449655506889999779e-01 -3.164261209170000227e-02 4.377508365409999991e-01 1.406584157009999891e-01 -3.183386054389999997e-01 -2.343258949900000054e-01 -2.752162767910000252e-01
-5.589605675769999671e-01 -3.202639068829999935e-01 -2.958049037439999807e-03 3.465912778920000048e-01 -3.164261209170000227e-02 4.401044910290000112e-01 -2.513012018949999926e-01 -3.907114004600000245e-01 -2.359516221930000046e-01 -1.884179471749999890e-01
-5.589605675769999671e-01 -3.202639068829999935e-01 -2.958049037439999807e-03 3.449655506889999779e-01 -3.164261209170000227e-02 4.406928817890000127e-01 -4.338168768160000077e-01 -3.907114004600000245e-01 -2.440805108870000018e-01 -1.884179471749999890e-01
-5.589605675769999671e-01 -3.202639068829999935e-01 -2.958049037439999807e-03 3.465912778920000048e-01 -3.164261209170000227e-02 4.406928817890000127e-01 -4.712174812150000114e-01 -3.907114004600000245e-01 -2.440805108870000018e-01 -1.884179471749999890e-01
-5.589605675769999671e-01 -3.217599217580000004e-01 -2.958049037439999807e-03 3.449655506889999779e-01 -3.164261209170000227e-02 4.412812725479999809e-01 -4.712174812150000114e-01 -3.907114004600000245e-01 -2.440805108870000018e-01 -1.884179471749999890e-01
-5.589605675769999671e-01 -3.202639068829999935e-01 -2.958049037439999807e-03 3.465912778920000048e-01 -3.164261209170000227e-02 4.406928817890000127e-01 -4.712174812150000114e-01 -3.907114004600000245e-01 -2.440805108870000018e-01 -1.904364935229999889e-01
-5.589605675769999671e-01 -3.202639068829999935e-01 -2.958049037439999807e-03 3.449655506889999779e-01 -3.164261209170000227e-02 4.412812725479999809e-01 -4.487770255690000099e-01 -3.907114004600000245e-01 -2.522091469030000033e-01 -1.877449938150000108e-01
-5.589605675769999671e-01 -3.217599217580000004e-01 -2.958049037439999807e-03 3.449655506889999779e-01 -3.164261209170000227e-02 4.406928817890000127e-01 -4.068881440270000205e-01 -3.907114004600000245e-01 -2.522091469030000033e-01 -1.870721450320000090e-01
-5.589605675769999671e-01 -3.202639068829999935e-01 -2.958049037439999807e-03 3.465912778920000048e-01 -3.164261209170000227e-02 4.412812725479999809e-01 -4.068881440270000205e-01 -3.907114004600000245e-01 -2.522091469030000033e-01 -1.870721450320000090e-01
-5.589605675769999671e-01 -3.202639068829999935e-01 -2.958049037439999807e-03 3.449655506889999779e-01 -3.164261209170000227e-02 4.412812725479999809e-01 -4.068881440270000205e-01 -3.907114004600000245e-01 -2.522091469030000033e-01 -1.890907959579999909e-01
-5.589605675769999671e-01 -3.202639068829999935e-01 -2.958049037439999807e-03 3.465912778920000048e-01 -3.231546087469999717e-02 4.412812725479999809e-01 -4.053921291520000136e-01 -3.907114004600000245e-01 -2.522091469030000033e-01 -1.890907959579999909e-01
-5.589605675769999671e-01 -3.202639068829999935e-01 -2.958049037439999807e-03 3.449655506889999779e-01 -3.164261209170000227e-02 4.412812725479999809e-01 -3.709835545030000237e-01 -3.689407594579999783e-01 -2.538348741070000081e-01 -2.644505916870000251e-01
-5.589605675769999671e-01 -3.202639068829999935e-01 -2.958049037439999807e-03 3.449655506889999779e-01 -3.164261209170000227e-02 4.118614602219999865e-01 -1.002023043899999966e-01 -2.459658104180000027e-01 -3.204901947959999942e-01 -6.277923855220000071e-01
-5.589605675769999671e-01 -3.202639068829999935e-01 -2.958049037439999807e-03 3.465912778920000048e-01 -3.164261209170000227e-02 4.118614602219999865e-01 2.468766344320000028e-01 -2.194879518900000048e-01 -3.074843771690000116e-01 -6.533608484280000184e-01
-5.589605675769999671e-01 -3.202639068829999935e-01 -2.958049037439999807e-03 3.449655506889999779e-01 -3.164261209170000227e-02 3.706736498059999829e-01 3.186860459959999781e-01 -1.053390471439999976e-01 -3.513795170130000201e-01 -2.334992339399999950e-01
-5.589605675769999671e-01 -3.202639068829999935e-01 -2.958049037439999807e-03 3.449655506889999779e-01 -3.164261209170000227e-02 3.030080723119999986e-01 3.171900311210000267e-01 -1.707961016600000048e-02 -3.497537898090000152e-01 3.026010340189999939e-02
-5.589605675769999671e-01 -3.202639068829999935e-01 -2.958049037439999807e-03 3.449655506889999779e-01 -3.164261209170000227e-02 1.735608249180000118e-01 3.037256647259999887e-01 5.279513045829999952e-03 -3.399991739120000189e-01 3.698859123139999761e-02
