-5.601373490959999923e-01 -3.202639068829999935e-01 -2.958049037439999807e-03 3.465912778920000048e-01 -3.096976330880000031e-02 -5.601695853010000281e-01 3.171900311210000267e-01 4.102640076600000060e-03 -3.399991739120000189e-01 4.371718363790000339e-02
-5.518997870120000426e-01 -2.245180247959999986e-01 -3.531990661099999873e-02 2.051514951429999900e-01 1.776153463690000045e-01 -5.601695853010000281e-01 3.171900311210000267e-01 4.102640076600000060e-03 -3.416249011160000237e-01 4.371718363790000339e-02
-4.018587258610000212e-01 1.315370032759999863e-01 -1.824189682400000068e-01 -1.736464807039999891e-01 5.846928862700000451e-01 -5.607579760599999963e-01 3.171900311210000267e-01 4.102640076600000060e-03 -3.399991739120000189e-01 4.371718363790000339e-02
-2.106298085670000042e-01 4.352310456799999838e-01 -3.601147151649999878e-01 -2.581853059840000242e-01 6.075699540440000490e-01 -5.601695853010000281e-01 3.171900311210000267e-01 4.102640076600000060e-03 -3.416249011160000237e-01 4.439003242080000189e-02
-8.412460642110000664e-02 4.696396203289999738e-01 -4.524929789089999765e-01 -2.598110331869999956e-01 6.075699540440000490e-01 -5.601695853010000281e-01 3.171900311210000267e-01 4.691030836099999678e-03 -3.416249011160000237e-01 4.371718363790000339e-02
-6.823787301400000005e-02 4.711356352039999806e-01 -4.572001049850000221e-01 -2.598110331869999956e-01 6.075699540440000490e-01 -5.601695853010000281e-01 3.171900311210000267e-01 4.102640076600000060e-03 -3.399991739120000189e-01 4.371718363790000339e-02
-6.823787301400000005e-02 4.711356352039999806e-01 -4.572001049850000221e-01 -2.598110331869999956e-01 6.075699540440000490e-01 -5.601695853010000281e-01 3.171900311210000267e-01 4.691030836099999678e-03 -3.416249011160000237e-01 4.439003242080000189e-02
-6.823787301400000005e-02 4.711356352039999806e-01 -4.572001049850000221e-01 -2.598110331869999956e-01 6.075699540440000490e-01 -5.601695853010000281e-01 3.171900311210000267e-01 4.102640076600000060e-03 -3.399991739120000189e-01 4.439003242080000189e-02
-6.823787301400000005e-02 4.711356352039999806e-01 -4.572001049850000221e-01 -2.598110331869999956e-01 6.405398581400000291e-01 -5.601695853010000281e-01 3.171900311210000267e-01 4.102640076600000060e-03 -3.399991739120000189e-01 4.371718363790000339e-02
-8.706656021860000039e-02 4.726316500789999875e-01 -4.572001049850000221e-01 -1.920113300600000128e-02 6.499598456780000255e-01 -5.607579760599999963e-01 3.156940162460000199e-01 4.102640076600000060e-03 -3.416249011160000237e-01 4.439003242080000189e-02
-8.706656021860000039e-02 4.726316500789999875e-01 -4.572001049850000221e-01 3.758543675509999904e-01 6.499598456780000255e-01 -5.601695853010000281e-01 3.171900311210000267e-01 4.102640076600000060e-03 -3.399991739120000189e-01 4.371718363790000339e-02
-9.118538698540000487e-02 4.726316500789999875e-01 -4.583768865039999918e-01 6.798683866920000041e-01 6.499598456780000255e-01 -5.601695853010000281e-01 3.171900311210000267e-01 4.102640076600000060e-03 -3.399991739120000189e-01 4.439003242080000189e-02
-9.118538698540000487e-02 4.726316500789999875e-01 -4.583768865039999918e-01 7.432722529749999918e-01 6.506326944610000274e-01 -5.601695853010000281e-01 3.171900311210000267e-01 4.102640076600000060e-03 -3.399991739120000189e-01 4.439003242080000189e-02
-9.177377774490000362e-02 4.726316500789999875e-01 -4.583768865039999918e-01 7.448979801780000187e-01 6.506326944610000274e-01 -5.601695853010000281e-01 3.171900311210000267e-01 4.691030836099999678e-03 -3.399991739120000189e-01 4.439003242080000189e-02
-9.118538698540000487e-02 4.726316500789999875e-01 -4.583768865039999918e-01 7.448979801780000187e-01 6.506326944610000274e-01 -5.601695853010000281e-01 3.171900311210000267e-01 4.102640076600000060e-03 -3.416249011160000237e-01 4.439003242080000189e-02
-9.118538698540000487e-02 4.726316500789999875e-01 -4.583768865039999918e-01 6.408504284589999767e-01 6.506326944610000274e-01 -5.601695853010000281e-01 3.171900311210000267e-01 4.102640076600000060e-03 -3.416249011160000237e-01 4.439003242080000189e-02
-9.118538698540000487e-02 4.726316500789999875e-01 -4.583768865039999918e-01 3.693514587380000158e-01 6.506326944610000274e-01 -5.601695853010000281e-01 3.171900311210000267e-01 4.102640076600000060e-03 -3.399991739120000189e-01 4.439003242080000189e-02
-9.118538698540000487e-02 4.726316500789999875e-01 -4.583768865039999918e-01 3.661000043309999841e-01 6.506326944610000274e-01 -5.607579760599999963e-01 3.171900311210000267e-01 4.102640076600000060e-03 -3.399991739120000189e-01 4.439003242080000189e-02
-9.118538698540000487e-02 4.741276649550000277e-01 -4.583768865039999918e-01 3.661000043309999841e-01 6.499598456780000255e-01 -5.601695853010000281e-01 3.171900311210000267e-01 4.102640076600000060e-03 -3.399991739120000189e-01 4.439003242080000189e-02
-9.118538698540000487e-02 4.726316500789999875e-01 -4.583768865039999918e-01 3.661000043309999841e-01 6.499598456780000255e-01 -5.601695853010000281e-01 3.171900311210000267e-01 4.102640076600000060e-03 -3.399991739120000189e-01 4.439003242080000189e-02
-6.706109149500000255e-02 4.741276649550000277e-01 -4.583768865039999918e-01 2.474209077829999937e-01 6.264098768320000010e-01 -5.601695853010000281e-01 3.171900311210000267e-01 4.102640076600000060e-03 -3.399991739120000189e-01 4.439003242080000189e-02
-6.764948225450000130e-02 4.741276649550000277e-01 -4.589652772630000155e-01 -1.427574111640000087e-01 6.250641792669999752e-01 -5.601695853010000281e-01 3.171900311210000267e-01 4.102640076600000060e-03 -3.416249011160000237e-01 4.439003242080000189e-02
-6.706109149500000255e-02 4.726316500789999875e-01 -4.560233234659999968e-01 -2.549338515780000258e-01 5.497043835370000187e-01 -5.601695853010000281e-01 3.171900311210000267e-01 4.102640076600000060e-03 -3.399991739120000189e-01 4.439003242080000189e-02
-1.400222772749999955e-01 2.018503999659999881e-01 -3.489352907339999810e-01 6.533769227400000601e-02 8.206998257420000664e-02 -5.601695853010000281e-01 3.171900311210000267e-01 4.102640076600000060e-03 -3.399991739120000189e-01 4.573572998670000223e-02
-3.265439770419999999e-01 -1.407402617129999978e-01 -1.682974985619999919e-01 3.384626418760000033e-01 -3.029691452579999847e-02 -5.601695853010000281e-01 3.156940162460000199e-01 4.102640076600000060e-03 -3.399991739120000189e-01 4.573572998670000223e-02
-5.042396782420000001e-01 -2.858553322340000036e-01 -2.590556300869999856e-02 3.547199139080000063e-01 -3.096976330880000031e-02 -5.607579760599999963e-01 3.216780757470000252e-01 4.102640076600000060e-03 -3.318705378960000174e-01 4.640857876969999712e-02
