-5.607257398549999605e-01 -3.008154809870000057e-01 -2.958049037439999807e-03 3.482170050949999762e-01 -2.895121695990000160e-02 -5.607579760599999963e-01 3.216780757470000252e-01 2.337467798090000094e-03 -3.432506283189999952e-01 4.573572998670000223e-02
-5.613141306150000176e-01 -4.160097889689999828e-01 -3.546439796939999858e-03 3.969893265480000100e-01 9.216281889550000106e-02 -5.613463668200000534e-01 3.231740906219999765e-01 2.925858557590000145e-03 -3.416249011160000237e-01 4.573572998670000223e-02
-4.895297720790000029e-01 -4.743548341389999812e-01 -3.546439796939999858e-03 7.383950713650000441e-01 4.218618598519999763e-01 -5.613463668200000534e-01 3.112059716200000214e-01 2.337467798090000094e-03 -3.432506283189999952e-01 4.573572998670000223e-02
-3.347815391260000051e-01 -4.743548341389999812e-01 -3.546439796939999858e-03 7.644072119720000114e-01 4.306089986070000264e-01 -5.613463668200000534e-01 3.141980013699999796e-01 2.337467798090000094e-03 -3.416249011160000237e-01 4.573572998670000223e-02
-1.506134023969999958e-01 -4.728588192639999743e-01 -3.546439796939999858e-03 7.644072119720000114e-01 4.306089986070000264e-01 -5.613463668200000534e-01 3.141980013699999796e-01 2.925858557590000145e-03 -3.416249011160000237e-01 4.573572998670000223e-02
3.649668813000000317e-02 -4.653787448869999843e-01 -3.546439796939999858e-03 7.627814847689999844e-01 4.326275449559999764e-01 -5.607579760599999963e-01 3.141980013699999796e-01 2.925858557590000145e-03 -3.416249011160000237e-01 4.573572998670000223e-02
2.012476554450000066e-01 -4.444345366329999769e-01 -4.134830556449999722e-03 7.530271215489999781e-01 4.333003937389999782e-01 -5.613463668200000534e-01 3.141980013699999796e-01 2.925858557590000145e-03 -3.416249011160000237e-01 4.573572998670000223e-02
3.095126525960000263e-01 -4.444345366329999769e-01 5.279513045829999952e-03 7.530271215489999781e-01 4.333003937389999782e-01 -5.613463668200000534e-01 3.127019864949999728e-01 2.337467798090000094e-03 -3.416249011160000237e-01 4.573572998670000223e-02
3.489352907339999810e-01 -4.653787448869999843e-01 1.645902892659999867e-02 7.627814847689999844e-01 4.346460913049999819e-01 -5.607579760599999963e-01 3.127019864949999728e-01 2.337467798090000094e-03 -3.416249011160000237e-01 4.573572998670000223e-02
3.559959798480000215e-01 -4.653787448869999843e-01 1.704741968610000089e-02 7.611557575659999575e-01 4.346460913049999819e-01 -5.613463668200000534e-01 3.127019864949999728e-01 2.337467798090000094e-03 -3.416249011160000237e-01 4.573572998670000223e-02
3.559959798480000215e-01 -4.653787448869999843e-01 1.704741968610000089e-02 7.627814847689999844e-01 4.346460913049999819e-01 -5.613463668200000534e-01 3.127019864949999728e-01 2.337467798090000094e-03 -3.416249011160000237e-01 4.573572998670000223e-02
3.559959798480000215e-01 -4.653787448869999843e-01 1.645902892659999867e-02 7.627814847689999844e-01 4.346460913049999819e-01 -5.613463668200000534e-01 3.127019864949999728e-01 2.925858557590000145e-03 -3.416249011160000237e-01 4.573572998670000223e-02
3.559959798480000215e-01 -4.653787448869999843e-01 1.645902892659999867e-02 7.627814847689999844e-01 4.346460913049999819e-01 -5.613463668200000534e-01 3.127019864949999728e-01 2.337467798090000094e-03 -3.416249011160000237e-01 4.640857876969999712e-02
3.565843706080000231e-01 -3.367203030279999898e-01 2.351971804070000088e-02 7.627814847689999844e-01 3.646691904159999886e-01 -5.613463668200000534e-01 3.127019864949999728e-01 2.337467798090000094e-03 -3.416249011160000237e-01 4.573572998670000223e-02
3.554075890889999978e-01 -1.108197316900000062e-01 2.587337252889999883e-02 7.644072119720000114e-01 3.639963416329999868e-01 -5.607579760599999963e-01 3.127019864949999728e-01 2.925858557590000145e-03 -3.416249011160000237e-01 4.573572998670000223e-02
3.554075890889999978e-01 -1.108197316900000062e-01 2.587337252889999883e-02 7.676586663790000431e-01 3.639963416329999868e-01 -5.607579760599999963e-01 3.127019864949999728e-01 2.337467798090000094e-03 -3.416249011160000237e-01 4.640857876969999712e-02
3.554075890889999978e-01 -1.093237168149999994e-01 2.587337252889999883e-02 7.692843935819999590e-01 3.646691904159999886e-01 -5.613463668200000534e-01 3.127019864949999728e-01 2.337467798090000094e-03 -3.416249011160000237e-01 4.573572998670000223e-02
3.554075890889999978e-01 -1.093237168149999994e-01 2.587337252889999883e-02 7.676586663790000431e-01 3.646691904159999886e-01 -5.607579760599999963e-01 3.127019864949999728e-01 2.337467798090000094e-03 -3.416249011160000237e-01 4.573572998670000223e-02
3.559959798480000215e-01 -1.108197316900000062e-01 2.587337252889999883e-02 7.692843935819999590e-01 3.646691904159999886e-01 -5.613463668200000534e-01 3.127019864949999728e-01 2.337467798090000094e-03 -3.416249011160000237e-01 4.640857876969999712e-02
3.554075890889999978e-01 -1.093237168149999994e-01 2.587337252889999883e-02 7.692843935819999590e-01 3.646691904159999886e-01 -5.607579760599999963e-01 3.127019864949999728e-01 2.337467798090000094e-03 -3.416249011160000237e-01 4.640857876969999712e-02
3.554075890889999978e-01 -1.093237168149999994e-01 2.587337252889999883e-02 7.692843935819999590e-01 3.646691904159999886e-01 -5.613463668200000534e-01 3.127019864949999728e-01 2.337467798090000094e-03 -3.416249011160000237e-01 4.573572998670000223e-02
3.554075890889999978e-01 -1.108197316900000062e-01 2.587337252889999883e-02 7.692843935819999590e-01 3.646691904159999886e-01 -5.613463668200000534e-01 3.141980013699999796e-01 2.337467798090000094e-03 -3.416249011160000237e-01 4.573572998670000223e-02
3.554075890889999978e-01 -1.108197316900000062e-01 2.587337252889999883e-02 7.692843935819999590e-01 3.646691904159999886e-01 -5.613463668200000534e-01 3.127019864949999728e-01 2.337467798090000094e-03 -3.416249011160000237e-01 4.573572998670000223e-02
3.295182127699999852e-01 6.271962146220000367e-02 1.057502988139999954e-02 6.213417020200000529e-01 3.613049465009999794e-01 -5.613463668200000534e-01 3.141980013699999796e-01 2.925858557590000145e-03 -3.416249011160000237e-01 4.640857876969999712e-02
2.912723561510000003e-01 1.046085030040000002e-01 1.998937348360000157e-02 3.075733196589999774e-01 3.592862955750000253e-01 -5.613463668200000534e-01 3.127019864949999728e-01 2.337467798090000094e-03 -3.416249011160000237e-01 4.640857876969999712e-02
2.812696217890000017e-01 1.330330181519999988e-01 1.998937348360000157e-02 2.718068158320000038e-01 3.592862955750000253e-01 -5.607579760599999963e-01 3.127019864949999728e-01 2.337467798090000094e-03 -3.416249011160000237e-01 4.640857876969999712e-02
2.812696217890000017e-01 1.315370032759999863e-01 1.998937348360000157e-02 2.718068158320000038e-01 3.592862955750000253e-01 -5.607579760599999963e-01 3.127019864949999728e-01 2.925858557590000145e-03 -3.416249011160000237e-01 4.640857876969999712e-02
2.818580125490000032e-01 1.315370032759999863e-01 1.998937348360000157e-02 2.718068158320000038e-01 3.592862955750000253e-01 -5.607579760599999963e-01 3.141980013699999796e-01 2.337467798090000094e-03 -3.416249011160000237e-01 4.640857876969999712e-02
2.812696217890000017e-01 1.330330181519999988e-01 1.998937348360000157e-02 2.718068158320000038e-01 3.592862955750000253e-01 -5.607579760599999963e-01 3.127019864949999728e-01 2.337467798090000094e-03 -3.416249011160000237e-01 4.640857876969999712e-02
2.812696217890000017e-01 1.315370032759999863e-01 1.998937348360000157e-02 2.718068158320000038e-01 3.592862955750000253e-01 -5.613463668200000534e-01 3.141980013699999796e-01 2.337467798090000094e-03 -3.416249011160000237e-01 4.640857876969999712e-02
3.124546063940000229e-01 -7.491514216599999554e-02 3.940645144769999719e-02 5.286742407229999552e-01 4.306089986070000264e-01 -5.613463668200000534e-01 3.127019864949999728e-01 2.337467798090000094e-03 -3.416249011160000237e-01 4.640857876969999712e-02
3.554075890889999978e-01 -4.145137740939999760e-01 2.587337252889999883e-02 7.595300303619999527e-01 4.333003937389999782e-01 -5.613463668200000534e-01 3.141980013699999796e-01 2.337467798090000094e-03 -3.416249011160000237e-01 4.640857876969999712e-02
3.583495428860000165e-01 -4.564026556360000209e-01 1.998937348360000157e-02 7.676586663790000431e-01 4.333003937389999782e-01 -5.613463668200000534e-01 3.127019864949999728e-01 2.337467798090000094e-03 -3.416249011160000237e-01 4.640857876969999712e-02
3.583495428860000165e-01 -4.578986705110000277e-01 1.998937348360000157e-02 7.676586663790000431e-01 4.333003937389999782e-01 -5.613463668200000534e-01 3.127019864949999728e-01 2.337467798090000094e-03 -3.416249011160000237e-01 4.640857876969999712e-02
3.377556834029999955e-01 -3.352242881529999829e-01 2.469659100990000133e-02 4.896567878449999967e-01 5.246432239329999747e-02 -5.613463668200000534e-01 3.127019864949999728e-01 2.337467798090000094e-03 -3.416249011160000237e-01 4.640857876969999712e-02
2.594989807870000109e-01 -3.038075107379999973e-01 3.514249317100000009e-03 3.335849549109999868e-01 -2.558686846809999846e-02 -5.607579760599999963e-01 3.127019864949999728e-01 2.925858557590000145e-03 -3.416249011160000237e-01 4.640857876969999712e-02
1.118114369479999981e-01 -3.038075107379999973e-01 -5.900094285180000099e-03 3.352111874690000271e-01 -2.760551939400000127e-02 -5.607579760599999963e-01 3.141980013699999796e-01 2.337467798090000094e-03 -3.416249011160000237e-01 4.640857876969999712e-02
-7.824060737580000591e-02 -3.067995404880000110e-01 -5.900094285180000099e-03 3.352111874690000271e-01 -2.895121695990000160e-02 -5.607579760599999963e-01 3.112059716200000214e-01 2.337467798090000094e-03 -3.432506283189999952e-01 4.775427633559999746e-02
-2.724114784669999789e-01 -3.157758622569999951e-01 -5.311703525679999614e-03 3.400883690789999747e-01 -3.029691452579999847e-02 -5.607579760599999963e-01 3.127019864949999728e-01 2.925858557590000145e-03 -3.416249011160000237e-01 4.775427633559999746e-02
