-5.595489583360000463e-01 -3.217599217580000004e-01 -2.958049037439999807e-03 3.465912778920000048e-01 -3.635255357239999818e-02 -5.584044130219999458e-01 3.186860459959999781e-01 4.691030836099999678e-03 -3.399991739120000189e-01 4.573572998670000223e-02
-5.595489583360000463e-01 -3.217599217580000004e-01 -2.958049037439999807e-03 3.465912778920000048e-01 -3.635255357239999818e-02 -5.172165111559999806e-01 1.271942818239999995e-01 6.882626377349999880e-02 -9.613781932440000622e-02 -3.364460389250000238e-01
-5.595489583360000463e-01 -3.202639068829999935e-01 -2.958049037439999807e-03 3.465912778920000048e-01 -3.635255357239999818e-02 -3.389324649220000207e-01 -2.557892465209999910e-01 2.382844486150000052e-01 2.420167237630000134e-01 -6.028967713989999977e-01
-5.595489583360000463e-01 -3.202639068829999935e-01 -2.958049037439999807e-03 3.465912778920000048e-01 -3.635255357239999818e-02 -1.777118421639999890e-01 -4.487770255690000099e-01 3.853836016939999887e-01 2.712800660990000168e-01 -6.102981080110000400e-01
-5.595489583360000463e-01 -3.202639068829999935e-01 -2.958049037439999807e-03 3.449655506889999779e-01 -3.635255357239999818e-02 -7.415406253919999691e-02 -4.652334217140000061e-01 4.536375699479999746e-01 2.777829749130000248e-01 -6.102981080110000400e-01
-5.595489583360000463e-01 -3.202639068829999935e-01 -2.958049037439999807e-03 3.465912778920000048e-01 -3.635255357239999818e-02 -6.709328197489999868e-02 -4.697214663400000045e-01 4.536375699479999746e-01 2.810346819969999910e-01 -6.102981080110000400e-01
-5.595489583360000463e-01 -3.202639068829999935e-01 -2.958049037439999807e-03 3.465912778920000048e-01 -3.567970478940000328e-02 -6.768167273439999743e-02 -4.697214663400000045e-01 4.536375699479999746e-01 2.810346819969999910e-01 -6.102981080110000400e-01
-5.595489583360000463e-01 -3.202639068829999935e-01 -2.958049037439999807e-03 3.465912778920000048e-01 -3.635255357239999818e-02 -6.768167273439999743e-02 -4.697214663400000045e-01 4.536375699479999746e-01 2.810346819969999910e-01 -6.102981080110000400e-01
-5.595489583360000463e-01 -3.202639068829999935e-01 -2.958049037439999807e-03 3.465912778920000048e-01 -3.635255357239999818e-02 -6.768167273439999743e-02 -4.697214663400000045e-01 4.536375699479999746e-01 2.810346819969999910e-01 -6.102981080110000400e-01
-5.595489583360000463e-01 -3.202639068829999935e-01 -2.958049037439999807e-03 3.465912778920000048e-01 -3.567970478940000328e-02 -6.768167273439999743e-02 -4.697214663400000045e-01 4.536375699479999746e-01 2.810346819969999910e-01 -6.102981080110000400e-01
-5.595489583360000463e-01 -3.202639068829999935e-01 -2.958049037439999807e-03 3.465912778920000048e-01 -3.635255357239999818e-02 -6.768167273439999743e-02 -4.712174812150000114e-01 4.536375699479999746e-01 2.810346819969999910e-01 -6.102981080110000400e-01
-5.595489583360000463e-01 -3.202639068829999935e-01 -2.958049037439999807e-03 3.465912778920000048e-01 -3.635255357239999818e-02 -6.709328197489999868e-02 -4.697214663400000045e-01 4.536375699479999746e-01 2.810346819969999910e-01 -6.102981080110000400e-01
-5.595489583360000463e-01 -3.202639068829999935e-01 -2.958049037439999807e-03 3.465912778920000048e-01 -3.635255357239999818e-02 -6.885845425339999493e-02 -4.697214663400000045e-01 4.536375699479999746e-01 2.794089547929999862e-01 -6.432681166839999687e-01
-5.595489583360000463e-01 -3.217599217580000004e-01 -2.958049037439999807e-03 3.465912778920000048e-01 -3.567970478940000328e-02 -8.592196917939999568e-02 -4.712174812150000114e-01 4.536375699479999746e-01 7.909732394829999472e-03 -6.533608484280000184e-01
-5.595489583360000463e-01 -3.202639068829999935e-01 -2.958049037439999807e-03 3.465912778920000048e-01 -3.567970478940000328e-02 -8.533357841989999693e-02 -4.712174812150000114e-01 4.542259607069999983e-01 -4.359180896150000040e-01 -6.540336972110000202e-01
-5.595489583360000463e-01 -3.217599217580000004e-01 -2.958049037439999807e-03 3.465912778920000048e-01 -3.635255357239999818e-02 -9.945513954849999338e-02 -4.757055258410000098e-01 4.554027879520000099e-01 -7.253003112500000515e-01 -6.560522435600000257e-01
-5.595489583360000463e-01 -3.202639068829999935e-01 -2.958049037439999807e-03 3.465912778920000048e-01 -3.635255357239999818e-02 -9.945513954849999338e-02 -4.772015407160000167e-01 4.554027879520000099e-01 -7.383062552150000402e-01 -6.560522435600000257e-01
-5.595489583360000463e-01 -3.202639068829999935e-01 -2.958049037439999807e-03 3.465912778920000048e-01 -3.635255357239999818e-02 -9.886665733869999528e-02 -4.757055258410000098e-01 4.554027879520000099e-01 -7.366805280110000353e-01 -6.553793947770000239e-01
-5.595489583360000463e-01 -3.202639068829999935e-01 -2.958049037439999807e-03 3.465912778920000048e-01 -3.635255357239999818e-02 -9.945513954849999338e-02 -4.772015407160000167e-01 4.554027879520000099e-01 -7.366805280110000353e-01 -6.560522435600000257e-01
-5.595489583360000463e-01 -3.202639068829999935e-01 -2.958049037439999807e-03 3.465912778920000048e-01 -3.567970478940000328e-02 -9.945513954849999338e-02 -4.757055258410000098e-01 4.554027879520000099e-01 -7.383062552150000402e-01 -6.560522435600000257e-01
-5.595489583360000463e-01 -3.202639068829999935e-01 -2.958049037439999807e-03 3.465912778920000048e-01 -3.635255357239999818e-02 -9.945513954849999338e-02 -4.772015407160000167e-01 4.554027879520000099e-01 -7.415577096209999830e-01 -6.553793947770000239e-01
-5.595489583360000463e-01 -3.202639068829999935e-01 -2.958049037439999807e-03 3.465912778920000048e-01 -3.635255357239999818e-02 -9.945513954849999338e-02 -4.757055258410000098e-01 4.554027879520000099e-01 -7.415577096209999830e-01 -6.560522435600000257e-01
-5.595489583360000463e-01 -3.202639068829999935e-01 -2.958049037439999807e-03 3.465912778920000048e-01 -3.567970478940000328e-02 -9.886665733869999528e-02 -4.757055258410000098e-01 4.554027879520000099e-01 -7.415577096209999830e-01 -6.553793947770000239e-01
-5.595489583360000463e-01 -3.202639068829999935e-01 -2.958049037439999807e-03 3.465912778920000048e-01 -3.635255357239999818e-02 -9.886665733869999528e-02 -4.786975555920000014e-01 4.554027879520000099e-01 -4.099062016850000267e-01 -6.560522435600000257e-01
-5.595489583360000463e-01 -3.202639068829999935e-01 -2.958049037439999807e-03 3.465912778920000048e-01 -3.635255357239999818e-02 -9.945513954849999338e-02 -4.772015407160000167e-01 4.554027879520000099e-01 -3.546309714190000184e-01 -6.560522435600000257e-01
-5.595489583360000463e-01 -3.202639068829999935e-01 -2.958049037439999807e-03 3.465912778920000048e-01 -3.635255357239999818e-02 -9.886665733869999528e-02 -4.786975555920000014e-01 4.554027879520000099e-01 -3.530052442159999915e-01 -6.553793947770000239e-01
-5.595489583360000463e-01 -3.202639068829999935e-01 -2.958049037439999807e-03 3.465912778920000048e-01 -3.635255357239999818e-02 -9.886665733869999528e-02 -4.772015407160000167e-01 4.554027879520000099e-01 -3.530052442159999915e-01 -6.553793947770000239e-01
-5.595489583360000463e-01 -3.202639068829999935e-01 -2.958049037439999807e-03 3.465912778920000048e-01 -3.635255357239999818e-02 -9.945513954849999338e-02 -4.786975555920000014e-01 4.554027879520000099e-01 -3.530052442159999915e-01 -6.553793947770000239e-01
-5.595489583360000463e-01 -3.202639068829999935e-01 -2.958049037439999807e-03 3.465912778920000048e-01 -3.635255357239999818e-02 -9.945513954849999338e-02 -4.786975555920000014e-01 4.554027879520000099e-01 -3.530052442159999915e-01 -6.560522435600000257e-01
-5.595489583360000463e-01 -3.202639068829999935e-01 -2.958049037439999807e-03 3.465912778920000048e-01 -3.635255357239999818e-02 -7.121210874159999982e-02 -4.786975555920000014e-01 4.554027879520000099e-01 -2.489576924970000049e-01 -6.230824440419999721e-01
-5.595489583360000463e-01 -3.202639068829999935e-01 -2.958049037439999807e-03 3.465912778920000048e-01 -3.567970478940000328e-02 -6.885845425339999493e-02 -4.786975555920000014e-01 4.554027879520000099e-01 1.477237879409999954e-01 -6.197182001269999629e-01
-5.595489583360000463e-01 -3.202639068829999935e-01 -2.958049037439999807e-03 3.465912778920000048e-01 -3.635255357239999818e-02 -6.885845425339999493e-02 -4.786975555920000014e-01 4.554027879520000099e-01 2.712800660990000168e-01 -6.197182001269999629e-01
-5.595489583360000463e-01 -3.202639068829999935e-01 -2.958049037439999807e-03 3.465912778920000048e-01 -3.635255357239999818e-02 -6.885845425339999493e-02 -4.786975555920000014e-01 4.559911787109999781e-01 2.777829749130000248e-01 -6.197182001269999629e-01
-5.595489583360000463e-01 -3.202639068829999935e-01 -2.958049037439999807e-03 3.465912778920000048e-01 -3.635255357239999818e-02 -7.062371798210000107e-02 -4.577531148210000067e-01 4.395160545449999789e-01 1.948701295130000066e-01 -4.555414238550000161e-01
-5.595489583360000463e-01 -3.232559366330000072e-01 -2.958049037439999807e-03 3.465912778920000048e-01 -3.635255357239999818e-02 -2.141924350540000133e-01 -7.177755672510000018e-02 2.965357739569999818e-01 -1.904310078239999926e-01 4.691535918659999783e-03
-5.595489583360000463e-01 -3.172718771320000020e-01 -2.958049037439999807e-03 3.465912778920000048e-01 -3.567970478940000328e-02 -4.042443879279999930e-01 2.633330305770000268e-01 1.141328095059999936e-01 -2.944785595430000069e-01 4.035293972319999728e-02
-5.595489583360000463e-01 -3.172718771320000020e-01 -2.958049037439999807e-03 3.482170050949999762e-01 -3.635255357239999818e-02 -5.407525073369999769e-01 2.842772388309999787e-01 1.234020215989999926e-02 -3.399991739120000189e-01 4.439003242080000189e-02
-5.595489583360000463e-01 -3.187678920070000088e-01 -2.958049037439999807e-03 3.482170050949999762e-01 -3.635255357239999818e-02 -5.584044130219999458e-01 2.842772388309999787e-01 5.279513045829999952e-03 -3.399991739120000189e-01 4.439003242080000189e-02
