-5.601373490959999923e-01 -3.202639068829999935e-01 -3.546439796939999858e-03 3.465912778920000048e-01 -3.500685600649999785e-02 -5.589928037820000029e-01 3.141980013699999796e-01 4.691030836099999678e-03 -3.432506283189999952e-01 4.439003242080000189e-02
-5.607257398549999605e-01 -3.202639068829999935e-01 -3.546439796939999858e-03 3.482170050949999762e-01 -3.500685600649999785e-02 -5.542854948050000008e-01 3.141980013699999796e-01 -1.194606082720000018e-01 -2.473319652930000001e-01 -3.458660264630000203e-01
-5.601373490959999923e-01 -3.217599217580000004e-01 -3.546439796939999858e-03 3.465912778920000048e-01 -3.500685600649999785e-02 -4.383714177799999945e-01 3.171900311210000267e-01 -1.853610134879999927e-01 -2.327001677870000063e-01 -6.425952679009999668e-01
-5.601373490959999923e-01 -3.202639068829999935e-01 -3.546439796939999858e-03 3.482170050949999762e-01 -3.433400722350000295e-02 -2.830347940679999730e-01 3.141980013699999796e-01 -1.859494042469999886e-01 -2.261972589729999983e-01 -6.526879996450000165e-01
-5.601373490959999923e-01 -3.217599217580000004e-01 -3.546439796939999858e-03 3.482170050949999762e-01 -3.500685600649999785e-02 -8.827553221749999401e-02 3.127019864949999728e-01 -1.865377950069999902e-01 -2.229458045669999999e-01 -6.560522435600000257e-01
-5.601373490959999923e-01 -3.202639068829999935e-01 -3.546439796939999858e-03 3.465912778920000048e-01 -3.500685600649999785e-02 1.058952474229999940e-01 2.812852090799999871e-01 -1.859494042469999886e-01 -2.083140070600000004e-01 -6.560522435600000257e-01
-5.601373490959999923e-01 -3.202639068829999935e-01 -3.546439796939999858e-03 3.465912778920000048e-01 -3.500685600649999785e-02 2.800606497900000047e-01 2.588447534339999856e-01 -1.859494042469999886e-01 -2.115654614670000044e-01 -6.560522435600000257e-01
-5.601373490959999923e-01 -3.202639068829999935e-01 -3.546439796939999858e-03 3.482170050949999762e-01 -3.500685600649999785e-02 3.689084775270000116e-01 2.618370157009999866e-01 -1.988940924070000116e-01 -2.196943501599999959e-01 -6.560522435600000257e-01
-5.601373490959999923e-01 -3.202639068829999935e-01 -3.546439796939999858e-03 3.482170050949999762e-01 -3.500685600649999785e-02 4.142150232599999815e-01 3.007336349759999750e-01 -2.100736082880000077e-01 -2.375773493960000038e-01 -6.560522435600000257e-01
-5.607257398549999605e-01 -3.202639068829999935e-01 -3.546439796939999858e-03 3.465912778920000048e-01 -3.500685600649999785e-02 4.165685862979999765e-01 3.067176944769999802e-01 -2.106619990470000037e-01 -2.392030766000000086e-01 -6.560522435600000257e-01
-5.607257398549999605e-01 -3.202639068829999935e-01 -3.546439796939999858e-03 3.465912778920000048e-01 -3.500685600649999785e-02 4.165685862979999765e-01 3.067176944769999802e-01 -2.106619990470000037e-01 -2.392030766000000086e-01 -6.560522435600000257e-01
-5.601373490959999923e-01 -3.202639068829999935e-01 -3.546439796939999858e-03 3.482170050949999762e-01 -3.433400722350000295e-02 4.165685862979999765e-01 3.067176944769999802e-01 -2.106619990470000037e-01 -2.392030766000000086e-01 -6.560522435600000257e-01
-5.601373490959999923e-01 -3.202639068829999935e-01 -3.546439796939999858e-03 3.465912778920000048e-01 -3.500685600649999785e-02 4.195106315459999902e-01 3.067176944769999802e-01 -2.230183878969999867e-01 -2.392030766000000086e-01 -6.109709567940000419e-01
-5.601373490959999923e-01 -3.202639068829999935e-01 -3.546439796939999858e-03 3.482170050949999762e-01 -3.500685600649999785e-02 4.412812725479999809e-01 5.688088513439999716e-02 -3.577611521269999928e-01 -2.375773493960000038e-01 -2.126407125149999966e-01
-5.601373490959999923e-01 -3.202639068829999935e-01 -3.546439796939999858e-03 3.465912778920000048e-01 -3.433400722350000295e-02 4.412812725479999809e-01 -3.275986580860000275e-01 -3.907114004600000245e-01 -2.392030766000000086e-01 -1.870721450320000090e-01
-5.601373490959999923e-01 -3.202639068829999935e-01 -3.546439796939999858e-03 3.482170050949999762e-01 -3.500685600649999785e-02 4.412812725479999809e-01 -4.697214663400000045e-01 -3.912997912189999927e-01 -2.440805108870000018e-01 -1.863992962490000072e-01
-5.601373490959999923e-01 -3.202639068829999935e-01 -3.546439796939999858e-03 3.482170050949999762e-01 -3.433400722350000295e-02 4.418696633079999825e-01 -4.786975555920000014e-01 -3.912997912189999927e-01 -2.440805108870000018e-01 -1.863992962490000072e-01
-5.601373490959999923e-01 -3.202639068829999935e-01 -3.546439796939999858e-03 3.482170050949999762e-01 -3.500685600649999785e-02 4.418696633079999825e-01 -4.786975555920000014e-01 -3.907114004600000245e-01 -2.440805108870000018e-01 -1.863992962490000072e-01
-5.601373490959999923e-01 -3.202639068829999935e-01 -3.546439796939999858e-03 3.482170050949999762e-01 -3.500685600649999785e-02 4.418696633079999825e-01 -4.786975555920000014e-01 -3.907114004600000245e-01 -2.440805108870000018e-01 -1.884179471749999890e-01
-5.601373490959999923e-01 -3.202639068829999935e-01 -3.546439796939999858e-03 3.465912778920000048e-01 -3.500685600649999785e-02 4.418696633079999825e-01 -4.786975555920000014e-01 -3.912997912189999927e-01 -2.440805108870000018e-01 -1.884179471749999890e-01
-5.601373490959999923e-01 -3.202639068829999935e-01 -3.546439796939999858e-03 3.482170050949999762e-01 -3.500685600649999785e-02 4.418696633079999825e-01 -4.786975555920000014e-01 -3.912997912189999927e-01 -2.440805108870000018e-01 -1.877449938150000108e-01
-5.601373490959999923e-01 -3.202639068829999935e-01 -3.546439796939999858e-03 3.465912778920000048e-01 -3.500685600649999785e-02 4.418696633079999825e-01 -4.786975555920000014e-01 -3.907114004600000245e-01 -2.440805108870000018e-01 -1.884179471749999890e-01
-5.601373490959999923e-01 -3.202639068829999935e-01 -3.546439796939999858e-03 3.482170050949999762e-01 -3.500685600649999785e-02 4.418696633079999825e-01 -4.667294365890000130e-01 -3.912997912189999927e-01 -2.440805108870000018e-01 -1.863992962490000072e-01
-5.601373490959999923e-01 -3.202639068829999935e-01 -3.546439796939999858e-03 3.465912778920000048e-01 -3.500685600649999785e-02 4.418696633079999825e-01 -4.113764211700000062e-01 -3.907114004600000245e-01 -2.522091469030000033e-01 -1.863992962490000072e-01
-5.601373490959999923e-01 -3.202639068829999935e-01 -3.546439796939999858e-03 3.482170050949999762e-01 -3.500685600649999785e-02 4.412812725479999809e-01 -4.098801737769999787e-01 -3.907114004600000245e-01 -2.522091469030000033e-01 -1.863992962490000072e-01
-5.601373490959999923e-01 -3.202639068829999935e-01 -3.546439796939999858e-03 3.482170050949999762e-01 -3.433400722350000295e-02 4.418696633079999825e-01 -4.098801737769999787e-01 -3.907114004600000245e-01 -2.522091469030000033e-01 -1.877449938150000108e-01
-5.601373490959999923e-01 -3.202639068829999935e-01 -3.546439796939999858e-03 3.465912778920000048e-01 -3.500685600649999785e-02 4.418696633079999825e-01 -4.098801737769999787e-01 -3.912997912189999927e-01 -2.522091469030000033e-01 -1.877449938150000108e-01
-5.601373490959999923e-01 -3.202639068829999935e-01 -3.546439796939999858e-03 3.465912778920000048e-01 -3.500685600649999785e-02 4.418696633079999825e-01 -4.098801737769999787e-01 -3.912997912189999927e-01 -2.522091469030000033e-01 -1.877449938150000108e-01
-5.601373490959999923e-01 -3.202639068829999935e-01 -3.546439796939999858e-03 3.482170050949999762e-01 -3.500685600649999785e-02 4.418696633079999825e-01 -4.098801737769999787e-01 -3.907114004600000245e-01 -2.522091469030000033e-01 -1.884179471749999890e-01
-5.601373490959999923e-01 -3.202639068829999935e-01 -3.546439796939999858e-03 3.482170050949999762e-01 -3.500685600649999785e-02 4.401044910290000112e-01 -3.350787324619999841e-01 -3.442279817580000123e-01 -2.635892373259999810e-01 -3.579774091330000241e-01
-5.601373490959999923e-01 -3.202639068829999935e-01 -3.546439796939999858e-03 3.465912778920000048e-01 -3.433400722350000295e-02 4.100962879439999931e-01 -1.464160035689999941e-03 -2.341979037780000106e-01 -3.237419018800000159e-01 -6.452866630329999742e-01
-5.601373490959999923e-01 -3.202639068829999935e-01 -3.546439796939999858e-03 3.465912778920000048e-01 -3.500685600649999785e-02 4.142150232599999815e-01 2.663250603269999850e-01 -2.194879518900000048e-01 -2.798467620360000074e-01 -6.533608484280000184e-01
-5.601373490959999923e-01 -3.202639068829999935e-01 -3.546439796939999858e-03 3.465912778920000048e-01 -3.500685600649999785e-02 4.200990223059999917e-01 3.022296498509999818e-01 -2.177227796110000058e-01 -2.652149645290000080e-01 -6.547065459940000220e-01
-5.601373490959999923e-01 -3.202639068829999935e-01 -3.546439796939999858e-03 3.465912778920000048e-01 -3.500685600649999785e-02 4.130382417410000118e-01 3.156940162460000199e-01 -1.747698883669999981e-01 -3.269933562860000142e-01 -5.127341978680000079e-01
-5.601373490959999923e-01 -3.202639068829999935e-01 -3.546439796939999858e-03 3.465912778920000048e-01 -3.500685600649999785e-02 3.318394938779999914e-01 3.201820608720000183e-01 -4.414585945380000015e-02 -3.432506283189999952e-01 -8.765544317370000185e-03
-5.601373490959999923e-01 -3.202639068829999935e-01 -2.958049037439999807e-03 3.465912778920000048e-01 -3.500685600649999785e-02 2.382844486150000052e-01 3.082139418689999744e-01 -5.311703525679999614e-03 -3.416249011160000237e-01 3.564289366549999727e-02
-5.601373490959999923e-01 -3.202639068829999935e-01 -3.546439796939999858e-03 3.465912778920000048e-01 -3.500685600649999785e-02 7.117991826179999315e-02 3.007336349759999750e-01 6.456294564839999868e-03 -3.399991739120000189e-01 3.698859123139999761e-02
-5.601373490959999923e-01 -3.202639068829999935e-01 -3.546439796939999858e-03 3.465912778920000048e-01 -3.433400722350000295e-02 -1.182838267530000043e-01 3.022296498509999818e-01 6.456294564839999868e-03 -3.399991739120000189e-01 3.698859123139999761e-02
