-5.601373490959999923e-01 -3.217599217580000004e-01 -2.369658277940000189e-03 3.465912778920000048e-01 -3.298830965760000261e-02 -5.572276315030000315e-01 3.156940162460000199e-01 5.279513045829999952e-03 -3.399991739120000189e-01 4.439003242080000189e-02
-5.601373490959999923e-01 -3.217599217580000004e-01 -2.958049037439999807e-03 3.482170050949999762e-01 -3.231546087469999717e-02 -5.495783687290000108e-01 4.548247947490000054e-01 4.691030836099999678e-03 -6.098725427690000478e-01 -3.425017825489999890e-01
-5.601373490959999923e-01 -3.202639068829999935e-01 -2.958049037439999807e-03 3.482170050949999762e-01 -3.298830965760000261e-02 -4.177775582969999735e-01 4.757690030030000128e-01 5.279513045829999952e-03 -7.659438703480000443e-01 -4.266087170339999957e-01
-5.601373490959999923e-01 -3.187678920070000088e-01 -2.958049037439999807e-03 3.482170050949999762e-01 -3.298830965760000261e-02 -2.695017151490000096e-01 4.757690030030000128e-01 5.279513045829999952e-03 -7.659438703480000443e-01 -4.279544145999999993e-01
-5.601373490959999923e-01 -3.172718771320000020e-01 -2.369658277940000189e-03 3.498427322989999810e-01 -3.231546087469999717e-02 -6.709328197489999868e-02 4.742729881280000059e-01 5.279513045829999952e-03 -7.659438703480000443e-01 -4.279544145999999993e-01
-5.601373490959999923e-01 -3.172718771320000020e-01 -2.958049037439999807e-03 3.482170050949999762e-01 -3.298830965760000261e-02 1.176631540630000000e-01 4.383683986040000091e-01 5.279513045829999952e-03 -7.626924159410000126e-01 -4.279544145999999993e-01
-5.601373490959999923e-01 -3.187678920070000088e-01 -2.958049037439999807e-03 3.482170050949999762e-01 -3.298830965760000261e-02 2.565247450600000034e-01 4.413604283550000007e-01 5.722955195789999503e-04 -7.578152343309999539e-01 -4.279544145999999993e-01
-5.595489583360000463e-01 -3.172718771320000020e-01 -2.369658277940000189e-03 3.482170050949999762e-01 -3.231546087469999717e-02 3.336046661559999849e-01 4.503365176060000197e-01 -1.119561112069999975e-02 -7.545636535859999716e-01 -4.279544145999999993e-01
-5.601373490959999923e-01 -3.187678920070000088e-01 -2.958049037439999807e-03 3.482170050949999762e-01 -3.231546087469999717e-02 3.541986170900000008e-01 4.533287798739999985e-01 -1.472604712800000028e-02 -7.578152343309999539e-01 -4.279544145999999993e-01
-5.601373490959999923e-01 -3.187678920070000088e-01 -2.958049037439999807e-03 3.482170050949999762e-01 -3.298830965760000261e-02 3.541986170900000008e-01 4.518327649989999917e-01 -1.472604712800000028e-02 -7.578152343309999539e-01 -4.279544145999999993e-01
-5.601373490959999923e-01 -3.172718771320000020e-01 -2.958049037439999807e-03 3.482170050949999762e-01 -3.298830965760000261e-02 3.536102263299999993e-01 4.518327649989999917e-01 -1.472604712800000028e-02 -7.578152343309999539e-01 -4.279544145999999993e-01
-5.601373490959999923e-01 -3.187678920070000088e-01 -2.958049037439999807e-03 3.482170050949999762e-01 -3.231546087469999717e-02 3.541986170900000008e-01 4.518327649989999917e-01 -1.472604712800000028e-02 -7.578152343309999539e-01 -4.279544145999999993e-01
-5.601373490959999923e-01 -3.172718771320000020e-01 -2.958049037439999807e-03 3.482170050949999762e-01 -3.231546087469999717e-02 3.541986170900000008e-01 4.518327649989999917e-01 -1.472604712800000028e-02 -7.578152343309999539e-01 -3.842188254000000192e-01
-5.601373490959999923e-01 -3.187678920070000088e-01 -2.958049037439999807e-03 3.482170050949999762e-01 -3.231546087469999717e-02 3.536102263299999993e-01 2.034917380140000009e-01 -2.472878148970000106e-02 -7.643181431440000395e-01 -3.680702454550000002e-01
-5.601373490959999923e-01 -3.187678920070000088e-01 -2.369658277940000189e-03 3.465912778920000048e-01 -3.231546087469999717e-02 3.536102263299999993e-01 1.197142074469999956e-01 -2.531717224919999981e-02 -7.675695975509999602e-01 -3.673973966719999984e-01
-5.601373490959999923e-01 -3.187678920070000088e-01 -2.958049037439999807e-03 3.465912778920000048e-01 -3.298830965760000261e-02 3.530218355709999756e-01 1.182181925720000026e-01 -2.472878148970000106e-02 -7.675695975509999602e-01 -3.673973966719999984e-01
-5.601373490959999923e-01 -3.187678920070000088e-01 -2.958049037439999807e-03 3.465912778920000048e-01 -3.231546087469999717e-02 3.536102263299999993e-01 9.876976667640000040e-02 -2.531717224919999981e-02 -7.675695975509999602e-01 -3.680702454550000002e-01
-5.601373490959999923e-01 -3.187678920070000088e-01 -2.369658277940000189e-03 3.465912778920000048e-01 -3.231546087469999717e-02 3.536102263299999993e-01 9.876976667640000040e-02 -2.531717224919999981e-02 -7.675695975509999602e-01 -3.680702454550000002e-01
-5.601373490959999923e-01 -3.187678920070000088e-01 -2.958049037439999807e-03 3.465912778920000048e-01 -3.231546087469999717e-02 3.530218355709999756e-01 9.727375180109999742e-02 -2.531717224919999981e-02 -7.675695975509999602e-01 -3.680702454550000002e-01
-5.601373490959999923e-01 -3.187678920070000088e-01 -2.958049037439999807e-03 3.465912778920000048e-01 -3.231546087469999717e-02 3.536102263299999993e-01 9.876976667640000040e-02 -2.531717224919999981e-02 -7.675695975509999602e-01 -3.673973966719999984e-01
-5.601373490959999923e-01 -3.187678920070000088e-01 -2.958049037439999807e-03 3.465912778920000048e-01 -3.231546087469999717e-02 3.536102263299999993e-01 9.876976667640000040e-02 -2.531717224919999981e-02 -7.675695975509999602e-01 -3.680702454550000002e-01
-5.601373490959999923e-01 -3.187678920070000088e-01 -2.958049037439999807e-03 3.465912778920000048e-01 -3.298830965760000261e-02 3.530218355709999756e-01 9.876976667640000040e-02 -2.531717224919999981e-02 -7.675695975509999602e-01 -3.680702454550000002e-01
-5.601373490959999923e-01 -3.187678920070000088e-01 -2.369658277940000189e-03 3.465912778920000048e-01 -3.231546087469999717e-02 3.489030088039999922e-01 9.128945978289999819e-02 -2.355190852050000061e-02 -7.643181431440000395e-01 -3.673973966719999984e-01
-5.601373490959999923e-01 -3.157758622569999951e-01 -2.369658277940000189e-03 3.482170050949999762e-01 -3.298830965760000261e-02 2.953589009879999949e-01 -1.600433644350000018e-01 -1.237239263970000072e-02 -4.456725791739999942e-01 -3.660516991059999947e-01
-5.601373490959999923e-01 -3.172718771320000020e-01 -2.369658277940000189e-03 3.482170050949999762e-01 -3.231546087469999717e-02 2.859445573850000200e-01 -1.346108790380000086e-01 -1.590282864699999951e-02 -2.668406917330000128e-01 -3.647060015399999910e-01
-5.601373490959999923e-01 -3.172718771320000020e-01 -2.958049037439999807e-03 3.465912778920000048e-01 -3.298830965760000261e-02 2.859445573850000200e-01 -1.331148641630000018e-01 -1.590282864699999951e-02 -2.668406917330000128e-01 -3.653788503229999929e-01
-5.601373490959999923e-01 -3.172718771320000020e-01 -2.369658277940000189e-03 3.465912778920000048e-01 -3.231546087469999717e-02 2.859445573850000200e-01 -1.331148641630000018e-01 -1.590282864699999951e-02 -2.668406917330000128e-01 -3.653788503229999929e-01
-5.601373490959999923e-01 -3.172718771320000020e-01 -2.369658277940000189e-03 3.482170050949999762e-01 -3.298830965760000261e-02 2.859445573850000200e-01 -1.331148641630000018e-01 -1.590282864699999951e-02 -2.668406917330000128e-01 -3.660516991059999947e-01
-5.601373490959999923e-01 -3.172718771320000020e-01 -2.369658277940000189e-03 3.482170050949999762e-01 -3.231546087469999717e-02 2.859445573850000200e-01 -1.316188492879999949e-01 -1.590282864699999951e-02 -2.668406917330000128e-01 -3.660516991059999947e-01
-5.601373490959999923e-01 -3.187678920070000088e-01 -2.369658277940000189e-03 3.482170050949999762e-01 -3.298830965760000261e-02 2.912401656709999731e-01 -3.886499695179999880e-02 -3.767346964900000067e-02 -3.757655514000000085e-01 -4.178614737010000191e-01
-5.601373490959999923e-01 -3.172718771320000020e-01 -2.958049037439999807e-03 3.465912778920000048e-01 -3.298830965760000261e-02 3.465494457659999972e-01 3.411265016430000130e-01 -2.767073528730000162e-02 -7.399319824179999561e-01 -4.259358682509999938e-01
-5.601373490959999923e-01 -3.172718771320000020e-01 -2.958049037439999807e-03 3.465912778920000048e-01 -3.231546087469999717e-02 3.547870078490000245e-01 4.503365176060000197e-01 -2.296351776099999839e-02 -7.659438703480000443e-01 -4.259358682509999938e-01
-5.601373490959999923e-01 -3.172718771320000020e-01 -2.958049037439999807e-03 3.465912778920000048e-01 -3.231546087469999717e-02 3.547870078490000245e-01 4.563208096240000122e-01 -2.296351776099999839e-02 -7.659438703480000443e-01 -4.259358682509999938e-01
-5.601373490959999923e-01 -3.187678920070000088e-01 -2.958049037439999807e-03 3.482170050949999762e-01 -3.231546087469999717e-02 3.471378365250000209e-01 3.934874873109999727e-01 -2.296351776099999839e-02 -6.375101579020000520e-01 -2.543577553660000268e-01
-5.601373490959999923e-01 -3.187678920070000088e-01 -2.958049037439999807e-03 3.465912778920000048e-01 -3.231546087469999717e-02 2.800606497900000047e-01 2.902615308490000268e-01 -8.253657323200000798e-03 -3.383734467089999920e-01 3.093295218480000136e-02
-5.601373490959999923e-01 -3.172718771320000020e-01 -2.958049037439999807e-03 3.465912778920000048e-01 -3.298830965760000261e-02 1.617929182769999863e-01 2.932535605989999850e-01 5.867903805340000251e-03 -3.351219923020000158e-01 3.698859123139999761e-02
-5.601373490959999923e-01 -3.172718771320000020e-01 -2.958049037439999807e-03 3.465912778920000048e-01 -3.231546087469999717e-02 -2.414039073019999884e-02 2.962455903499999765e-01 5.867903805340000251e-03 -3.351219923020000158e-01 3.766154459139999661e-02
-5.601373490959999923e-01 -3.172718771320000020e-01 -2.958049037439999807e-03 3.482170050949999762e-01 -3.298830965760000261e-02 -2.153692165730000108e-01 3.022296498509999818e-01 5.867903805340000251e-03 -3.351219923020000158e-01 3.833439337430000204e-02
