-5.607257398549999605e-01 -3.217599217580000004e-01 -2.958049037439999807e-03 3.449655506889999779e-01 -3.164261209170000227e-02 -5.601695853010000281e-01 3.171900311210000267e-01 4.691030836099999678e-03 -3.399991739120000189e-01 4.573572998670000223e-02
-5.518997870120000426e-01 -3.217599217580000004e-01 1.235471531089999964e-01 2.392922717659999865e-01 3.653420391989999905e-01 -5.601695853010000281e-01 3.171900311210000267e-01 4.691030836099999678e-03 -3.383734467089999920e-01 4.640857876969999712e-02
-4.406928817890000127e-01 -3.217599217580000004e-01 1.870939952869999923e-01 2.327893629530000119e-01 6.445770031259999699e-01 -5.601695853010000281e-01 3.171900311210000267e-01 4.691030836099999678e-03 -3.399991739120000189e-01 4.640857876969999712e-02
-2.824142128279999997e-01 -3.187678920070000088e-01 1.876823860459999882e-01 2.279116759879999954e-01 6.499598456780000255e-01 -5.601695853010000281e-01 3.171900311210000267e-01 4.691030836099999678e-03 -3.399991739120000189e-01 4.640857876969999712e-02
-9.177377774490000362e-02 -3.127838325060000035e-01 1.876823860459999882e-01 2.181573127689999947e-01 6.553426882299999701e-01 -5.601695853010000281e-01 3.171900311210000267e-01 4.691030836099999678e-03 -3.399991739120000189e-01 4.640857876969999712e-02
1.112230461890000022e-01 -2.918393917350000089e-01 1.876823860459999882e-01 2.149058583619999907e-01 6.553426882299999701e-01 -5.607579760599999963e-01 3.171900311210000267e-01 4.691030836099999678e-03 -3.399991739120000189e-01 4.640857876969999712e-02
2.747972319850000011e-01 -2.559345696940000248e-01 1.876823860459999882e-01 2.116544039559999923e-01 6.553426882299999701e-01 -5.601695853010000281e-01 3.171900311210000267e-01 4.691030836099999678e-03 -3.383734467089999920e-01 4.640857876969999712e-02
3.718827132549999970e-01 -2.574305845700000095e-01 2.006270742050000055e-01 2.149058583619999907e-01 6.560155370129999719e-01 -5.601695853010000281e-01 3.171900311210000267e-01 4.691030836099999678e-03 -3.383734467089999920e-01 4.573572998670000223e-02
4.118936507020000137e-01 -2.873513471090000104e-01 2.118065900860000017e-01 2.360408173599999881e-01 6.553426882299999701e-01 -5.601695853010000281e-01 3.171900311210000267e-01 4.691030836099999678e-03 -3.399991739120000189e-01 4.573572998670000223e-02
4.201311213350000240e-01 -2.933354066109999936e-01 2.129834630549999885e-01 2.360408173599999881e-01 6.553426882299999701e-01 -5.601695853010000281e-01 3.171900311210000267e-01 4.691030836099999678e-03 -3.399991739120000189e-01 4.640857876969999712e-02
4.201311213350000240e-01 -2.948314214860000004e-01 2.129834630549999885e-01 2.360408173599999881e-01 6.553426882299999701e-01 -5.601695853010000281e-01 3.171900311210000267e-01 4.691030836099999678e-03 -3.399991739120000189e-01 4.640857876969999712e-02
4.201311213350000240e-01 -2.933354066109999936e-01 2.129834630549999885e-01 2.360408173599999881e-01 6.553426882299999701e-01 -5.601695853010000281e-01 3.171900311210000267e-01 4.691030836099999678e-03 -3.399991739120000189e-01 4.640857876969999712e-02
4.207195120950000256e-01 -2.933354066109999936e-01 2.324005410199999899e-01 2.360408173599999881e-01 5.739272011660000450e-01 -5.601695853010000281e-01 3.171900311210000267e-01 4.691030836099999678e-03 -3.399991739120000189e-01 4.640857876969999712e-02
4.413133715779999910e-01 -5.247468651969999787e-02 3.700852590459999814e-01 2.344150901569999890e-01 2.058753089839999995e-01 -5.601695853010000281e-01 3.171900311210000267e-01 4.691030836099999678e-03 -3.399991739120000189e-01 4.640857876969999712e-02
4.424903359969999950e-01 3.379891487189999877e-01 3.947979452959999858e-01 2.360408173599999881e-01 1.890539848339999884e-01 -5.601695853010000281e-01 3.171900311210000267e-01 4.691030836099999678e-03 -3.399991739120000189e-01 4.640857876969999712e-02
4.430787267569999965e-01 4.501911944329999860e-01 3.912676007390000210e-01 2.409179989699999913e-01 1.883811360509999866e-01 -5.601695853010000281e-01 3.171900311210000267e-01 4.691030836099999678e-03 -3.399991739120000189e-01 4.640857876969999712e-02
4.430787267569999965e-01 4.561752539339999912e-01 3.912676007390000210e-01 2.425437261729999905e-01 1.890539848339999884e-01 -5.601695853010000281e-01 3.171900311210000267e-01 4.691030836099999678e-03 -3.399991739120000189e-01 4.573572998670000223e-02
4.430787267569999965e-01 4.561752539339999912e-01 3.912676007390000210e-01 2.409179989699999913e-01 1.883811360509999866e-01 -5.601695853010000281e-01 3.171900311210000267e-01 4.691030836099999678e-03 -3.399991739120000189e-01 4.573572998670000223e-02
4.430787267569999965e-01 4.561752539339999912e-01 3.906792099799999973e-01 2.409179989699999913e-01 1.883811360509999866e-01 -5.601695853010000281e-01 3.171900311210000267e-01 4.691030836099999678e-03 -3.399991739120000189e-01 4.640857876969999712e-02
4.430787267569999965e-01 4.561752539339999912e-01 3.912676007390000210e-01 2.425437261729999905e-01 1.890539848339999884e-01 -5.601695853010000281e-01 3.171900311210000267e-01 4.691030836099999678e-03 -3.399991739120000189e-01 4.573572998670000223e-02
4.430787267569999965e-01 4.561752539339999912e-01 3.912676007390000210e-01 2.409179989699999913e-01 1.890539848339999884e-01 -5.601695853010000281e-01 3.171900311210000267e-01 4.691030836099999678e-03 -3.383734467089999920e-01 4.573572998670000223e-02
4.430787267569999965e-01 4.561752539339999912e-01 3.912676007390000210e-01 2.425437261729999905e-01 1.890539848339999884e-01 -5.601695853010000281e-01 3.171900311210000267e-01 4.691030836099999678e-03 -3.399991739120000189e-01 4.640857876969999712e-02
4.430787267569999965e-01 4.546792390589999844e-01 3.912676007390000210e-01 2.425437261729999905e-01 1.883811360509999866e-01 -5.601695853010000281e-01 3.171900311210000267e-01 4.691030836099999678e-03 -3.399991739120000189e-01 4.573572998670000223e-02
4.430787267569999965e-01 4.112945751589999754e-01 3.853836016939999887e-01 2.474209077829999937e-01 1.883811360509999866e-01 -5.601695853010000281e-01 3.171900311210000267e-01 4.691030836099999678e-03 -3.399991739120000189e-01 4.640857876969999712e-02
4.430787267569999965e-01 4.097983277660000034e-01 3.853836016939999887e-01 2.474209077829999937e-01 1.883811360509999866e-01 -5.601695853010000281e-01 3.171900311210000267e-01 4.691030836099999678e-03 -3.399991739120000189e-01 4.640857876969999712e-02
4.430787267569999965e-01 4.097983277660000034e-01 3.853836016939999887e-01 2.474209077829999937e-01 1.883811360509999866e-01 -5.601695853010000281e-01 3.171900311210000267e-01 4.691030836099999678e-03 -3.399991739120000189e-01 4.640857876969999712e-02
4.430787267569999965e-01 4.097983277660000034e-01 3.859719924539999902e-01 2.474209077829999937e-01 1.883811360509999866e-01 -5.601695853010000281e-01 3.171900311210000267e-01 4.691030836099999678e-03 -3.383734467089999920e-01 4.640857876969999712e-02
4.430787267569999965e-01 4.097983277660000034e-01 3.859719924539999902e-01 2.474209077829999937e-01 1.883811360509999866e-01 -5.601695853010000281e-01 3.171900311210000267e-01 5.279513045829999952e-03 -3.399991739120000189e-01 4.640857876969999712e-02
4.430787267569999965e-01 4.097983277660000034e-01 3.853836016939999887e-01 2.474209077829999937e-01 1.883811360509999866e-01 -5.601695853010000281e-01 3.171900311210000267e-01 4.691030836099999678e-03 -3.399991739120000189e-01 4.573572998670000223e-02
4.407249808179999895e-01 3.484612528459999914e-01 3.500797903230000174e-01 2.506723621890000198e-01 3.471749129050000215e-01 -5.601695853010000281e-01 3.171900311210000267e-01 4.691030836099999678e-03 -3.399991739120000189e-01 4.640857876969999712e-02
4.071865246260000237e-01 1.382314024490000027e-03 2.335773225389999874e-01 3.222048644880000090e-01 6.452498519089999718e-01 -5.601695853010000281e-01 3.171900311210000267e-01 4.691030836099999678e-03 -3.383734467089999920e-01 4.640857876969999712e-02
4.130704322209999835e-01 -2.574305845700000095e-01 2.206325429290000029e-01 2.929417748290000234e-01 6.526512408100000329e-01 -5.601695853010000281e-01 3.171900311210000267e-01 4.691030836099999678e-03 -3.399991739120000189e-01 4.640857876969999712e-02
4.201311213350000240e-01 -2.918393917350000089e-01 2.176905891320000119e-01 2.718068158320000038e-01 6.533240895930000347e-01 -5.601695853010000281e-01 3.171900311210000267e-01 4.691030836099999678e-03 -3.383734467089999920e-01 4.640857876969999712e-02
4.171891675380000053e-01 -3.172718771320000020e-01 1.717956526390000127e-01 3.335849549109999868e-01 4.864559704770000104e-01 -5.601695853010000281e-01 3.171900311210000267e-01 4.691030836099999678e-03 -3.399991739120000189e-01 4.640857876969999712e-02
3.401092464409999905e-01 -3.247519515089999920e-01 4.352527821450000167e-02 3.449655506889999779e-01 1.142012832520000049e-02 -5.601695853010000281e-01 3.171900311210000267e-01 4.691030836099999678e-03 -3.399991739120000189e-01 4.573572998670000223e-02
2.600873715470000125e-01 -3.232559366330000072e-01 1.160686279079999961e-03 3.433398234860000064e-01 -2.760551939400000127e-02 -5.601695853010000281e-01 3.171900311210000267e-01 4.691030836099999678e-03 -3.383734467089999920e-01 4.640857876969999712e-02
8.709875069849999651e-02 -3.038075107379999973e-01 -6.488485044690000397e-03 3.368369146719999985e-01 -3.029691452579999847e-02 -5.601695853010000281e-01 3.171900311210000267e-01 4.691030836099999678e-03 -3.399991739120000189e-01 4.573572998670000223e-02
-9.648090382089999362e-02 -3.053035256130000041e-01 -5.311703525679999614e-03 3.384626418760000033e-01 -3.164261209170000227e-02 -5.601695853010000281e-01 3.171900311210000267e-01 4.691030836099999678e-03 -3.399991739120000189e-01 4.640857876969999712e-02
