-5.595489583360000463e-01 -3.217599217580000004e-01 -2.958049037439999807e-03 3.465912778920000048e-01 -3.433400722350000295e-02 -5.584044130219999458e-01 3.156940162460000199e-01 4.691030836099999678e-03 -3.432506283189999952e-01 4.439003242080000189e-02
-5.595489583360000463e-01 -3.202639068829999935e-01 -2.958049037439999807e-03 3.465912778920000048e-01 -3.433400722350000295e-02 -5.542854948050000008e-01 3.141980013699999796e-01 -1.171069537840000035e-01 -2.457062380900000009e-01 -3.425017825489999890e-01
-5.595489583360000463e-01 -3.202639068829999935e-01 -2.369658277940000189e-03 3.465912778920000048e-01 -3.433400722350000295e-02 -4.395481992990000197e-01 3.171900311210000267e-01 -1.865377950069999902e-01 -2.310744405830000014e-01 -6.432681166839999687e-01
-5.595489583360000463e-01 -3.202639068829999935e-01 -2.369658277940000189e-03 3.465912778920000048e-01 -3.433400722350000295e-02 -2.942143099489999969e-01 3.156940162460000199e-01 -1.865377950069999902e-01 -2.245715317699999991e-01 -6.533608484280000184e-01
-5.595489583360000463e-01 -3.202639068829999935e-01 -2.958049037439999807e-03 3.465912778920000048e-01 -3.433400722350000295e-02 -1.059274379029999935e-01 3.112059716200000214e-01 -1.859494042469999886e-01 -2.245715317699999991e-01 -6.560522435600000257e-01
-5.595489583360000463e-01 -3.202639068829999935e-01 -2.958049037439999807e-03 3.465912778920000048e-01 -3.433400722350000295e-02 9.295055926390000112e-02 2.947495754750000252e-01 -1.859494042469999886e-01 -2.099397342629999996e-01 -6.560522435600000257e-01
-5.595489583360000463e-01 -3.202639068829999935e-01 -2.958049037439999807e-03 3.465912778920000048e-01 -3.433400722350000295e-02 2.629971348640000040e-01 2.543567088079999872e-01 -1.859494042469999886e-01 -2.131911886700000036e-01 -6.560522435600000257e-01
-5.595489583360000463e-01 -3.202639068829999935e-01 -2.369658277940000189e-03 3.465912778920000048e-01 -3.433400722350000295e-02 3.689084775270000116e-01 2.588447534339999856e-01 -1.988940924070000116e-01 -2.196943501599999959e-01 -6.560522435600000257e-01
-5.595489583360000463e-01 -3.202639068829999935e-01 -2.958049037439999807e-03 3.465912778920000048e-01 -3.433400722350000295e-02 4.112730694630000183e-01 2.992376201010000236e-01 -2.094852175280000062e-01 -2.359516221930000046e-01 -6.560522435600000257e-01
-5.595489583360000463e-01 -3.202639068829999935e-01 -2.369658277940000189e-03 3.465912778920000048e-01 -3.433400722350000295e-02 4.189221493360000270e-01 3.052216796019999734e-01 -2.118387805660000012e-01 -2.375773493960000038e-01 -6.560522435600000257e-01
-5.595489583360000463e-01 -3.202639068829999935e-01 -2.369658277940000189e-03 3.465912778920000048e-01 -3.433400722350000295e-02 4.195106315459999902e-01 3.037256647259999887e-01 -2.112503898070000052e-01 -2.392030766000000086e-01 -6.560522435600000257e-01
-5.595489583360000463e-01 -3.202639068829999935e-01 -2.958049037439999807e-03 3.465912778920000048e-01 -3.433400722350000295e-02 4.189221493360000270e-01 3.037256647259999887e-01 -2.118387805660000012e-01 -2.375773493960000038e-01 -6.560522435600000257e-01
-5.595489583360000463e-01 -3.202639068829999935e-01 -2.958049037439999807e-03 3.465912778920000048e-01 -3.433400722350000295e-02 4.206874130650000154e-01 3.037256647259999887e-01 -2.200763426490000008e-01 -2.375773493960000038e-01 -6.170268049949999556e-01
-5.595489583360000463e-01 -3.202639068829999935e-01 -2.369658277940000189e-03 3.465912778920000048e-01 -3.433400722350000295e-02 4.412812725479999809e-01 5.987291488489999980e-02 -3.577611521269999928e-01 -2.359516221930000046e-01 -2.133135612979999984e-01
-5.595489583360000463e-01 -3.202639068829999935e-01 -2.958049037439999807e-03 3.465912778920000048e-01 -3.433400722350000295e-02 4.418696633079999825e-01 -3.365747473369999909e-01 -3.907114004600000245e-01 -2.392030766000000086e-01 -1.884179471749999890e-01
-5.595489583360000463e-01 -3.202639068829999935e-01 -2.958049037439999807e-03 3.465912778920000048e-01 -3.500685600649999785e-02 4.418696633079999825e-01 -4.487770255690000099e-01 -3.901230097000000230e-01 -2.440805108870000018e-01 -1.884179471749999890e-01
-5.595489583360000463e-01 -3.202639068829999935e-01 -2.958049037439999807e-03 3.465912778920000048e-01 -3.500685600649999785e-02 4.418696633079999825e-01 -4.682254514649999977e-01 -3.901230097000000230e-01 -2.440805108870000018e-01 -1.877449938150000108e-01
-5.595489583360000463e-01 -3.202639068829999935e-01 -2.958049037439999807e-03 3.465912778920000048e-01 -3.433400722350000295e-02 4.418696633079999825e-01 -4.682254514649999977e-01 -3.907114004600000245e-01 -2.440805108870000018e-01 -1.884179471749999890e-01
-5.595489583360000463e-01 -3.217599217580000004e-01 -2.369658277940000189e-03 3.465912778920000048e-01 -3.433400722350000295e-02 4.418696633079999825e-01 -4.682254514649999977e-01 -3.907114004600000245e-01 -2.440805108870000018e-01 -1.904364935229999889e-01
-5.595489583360000463e-01 -3.202639068829999935e-01 -2.958049037439999807e-03 3.465912778920000048e-01 -3.433400722350000295e-02 4.418696633079999825e-01 -4.682254514649999977e-01 -3.901230097000000230e-01 -2.440805108870000018e-01 -1.897636447399999871e-01
-5.595489583360000463e-01 -3.202639068829999935e-01 -2.369658277940000189e-03 3.465912778920000048e-01 -3.433400722350000295e-02 4.418696633079999825e-01 -4.682254514649999977e-01 -3.901230097000000230e-01 -2.440805108870000018e-01 -1.904364935229999889e-01
-5.595489583360000463e-01 -3.202639068829999935e-01 -2.958049037439999807e-03 3.465912778920000048e-01 -3.433400722350000295e-02 4.418696633079999825e-01 -4.682254514649999977e-01 -3.907114004600000245e-01 -2.440805108870000018e-01 -1.897636447399999871e-01
-5.595489583360000463e-01 -3.202639068829999935e-01 -2.958049037439999807e-03 3.465912778920000048e-01 -3.433400722350000295e-02 4.418696633079999825e-01 -4.622413919630000145e-01 -3.907114004600000245e-01 -2.457062380900000009e-01 -1.884179471749999890e-01
-5.595489583360000463e-01 -3.202639068829999935e-01 -2.369658277940000189e-03 3.465912778920000048e-01 -3.433400722350000295e-02 4.418696633079999825e-01 -4.068881440270000205e-01 -3.907114004600000245e-01 -2.538348741070000081e-01 -1.877449938150000108e-01
-5.595489583360000463e-01 -3.202639068829999935e-01 -2.369658277940000189e-03 3.465912778920000048e-01 -3.433400722350000295e-02 4.418696633079999825e-01 -4.068881440270000205e-01 -3.901230097000000230e-01 -2.522091469030000033e-01 -1.877449938150000108e-01
-5.595489583360000463e-01 -3.202639068829999935e-01 -2.369658277940000189e-03 3.465912778920000048e-01 -3.433400722350000295e-02 4.418696633079999825e-01 -4.053921291520000136e-01 -3.901230097000000230e-01 -2.522091469030000033e-01 -1.890907959579999909e-01
-5.595489583360000463e-01 -3.202639068829999935e-01 -2.958049037439999807e-03 3.465912778920000048e-01 -3.433400722350000295e-02 4.418696633079999825e-01 -4.053921291520000136e-01 -3.901230097000000230e-01 -2.538348741070000081e-01 -1.890907959579999909e-01
-5.595489583360000463e-01 -3.202639068829999935e-01 -2.369658277940000189e-03 3.465912778920000048e-01 -3.433400722350000295e-02 4.418696633079999825e-01 -4.053921291520000136e-01 -3.901230097000000230e-01 -2.522091469030000033e-01 -1.890907959579999909e-01
-5.595489583360000463e-01 -3.202639068829999935e-01 -2.958049037439999807e-03 3.465912778920000048e-01 -3.433400722350000295e-02 4.418696633079999825e-01 -4.053921291520000136e-01 -3.907114004600000245e-01 -2.538348741070000081e-01 -1.890907959579999909e-01
-5.595489583360000463e-01 -3.202639068829999935e-01 -2.958049037439999807e-03 3.465912778920000048e-01 -3.433400722350000295e-02 4.412812725479999809e-01 -3.470470839820000153e-01 -3.512888537719999760e-01 -2.603377829199999827e-01 -3.297175510959999833e-01
-5.595489583360000463e-01 -3.202639068829999935e-01 -2.369658277940000189e-03 3.465912778920000048e-01 -3.433400722350000295e-02 4.118614602219999865e-01 3.023884590150000169e-03 -2.330211222590000131e-01 -3.221161746760000111e-01 -6.466323605989999779e-01
-5.595489583360000463e-01 -3.202639068829999935e-01 -2.369658277940000189e-03 3.465912778920000048e-01 -3.433400722350000295e-02 4.148034140199999831e-01 2.648290454519999781e-01 -2.194879518900000048e-01 -2.830982164429999837e-01 -6.540336972110000202e-01
-5.595489583360000463e-01 -3.217599217580000004e-01 -2.369658277940000189e-03 3.465912778920000048e-01 -3.500685600649999785e-02 4.212758038250000170e-01 3.022296498509999818e-01 -2.177227796110000058e-01 -2.245715317699999991e-01 -6.580709990630000394e-01
-5.595489583360000463e-01 -3.202639068829999935e-01 -2.369658277940000189e-03 3.465912778920000048e-01 -3.433400722350000295e-02 4.124498509819999881e-01 3.186860459959999781e-01 -1.688858893209999879e-01 -3.318705378960000174e-01 -5.053326521009999794e-01
-5.595489583360000463e-01 -3.202639068829999935e-01 -2.958049037439999807e-03 3.465912778920000048e-01 -3.433400722350000295e-02 3.318394938779999914e-01 3.231740906219999765e-01 -4.296907793480000265e-02 -3.448763555220000221e-01 -6.074149185580000193e-03
-5.595489583360000463e-01 -3.187678920070000088e-01 -2.369658277940000189e-03 3.465912778920000048e-01 -3.433400722350000295e-02 2.382844486150000052e-01 3.082139418689999744e-01 -4.723221315950000207e-03 -3.351219923020000158e-01 3.631574244840000271e-02
-5.595489583360000463e-01 -3.187678920070000088e-01 -2.958049037439999807e-03 3.465912778920000048e-01 -3.500685600649999785e-02 8.765495097809999914e-02 2.992376201010000236e-01 7.044685324340000353e-03 -3.351219923020000158e-01 3.698859123139999761e-02
-5.595489583360000463e-01 -3.202639068829999935e-01 -2.958049037439999807e-03 3.465912778920000048e-01 -3.433400722350000295e-02 -1.071042194220000049e-01 3.007336349759999750e-01 7.044685324340000353e-03 -3.351219923020000158e-01 3.698859123139999761e-02
