-5.607257398549999605e-01 -3.217599217580000004e-01 -4.134830556449999722e-03 3.465912778920000048e-01 -3.231546087469999717e-02 -5.601695853010000281e-01 3.216780757470000252e-01 4.691030836099999678e-03 -3.399991739120000189e-01 4.573572998670000223e-02
-5.360130993299999647e-01 -4.593946853859999790e-01 -4.134830556449999722e-03 6.278446108330000275e-01 3.761077243029999906e-01 -5.601695853010000281e-01 3.186860459959999781e-01 4.691030836099999678e-03 -3.383734467089999920e-01 4.506288120379999679e-02
-4.136266325010000133e-01 -4.788428787649999796e-01 -4.134830556449999722e-03 7.530271215489999781e-01 4.272447546929999951e-01 -5.607579760599999963e-01 3.141980013699999796e-01 4.691030836099999678e-03 -3.399991739120000189e-01 4.506288120379999679e-02
-2.535827912620000069e-01 -4.773468638899999728e-01 -4.134830556449999722e-03 7.514013943459999512e-01 4.346460913049999819e-01 -5.601695853010000281e-01 3.141980013699999796e-01 4.691030836099999678e-03 -3.399991739120000189e-01 4.573572998670000223e-02
-4.882079504999999736e-02 -4.758508490139999880e-01 -4.723221315950000207e-03 7.514013943459999512e-01 4.346460913049999819e-01 -5.607579760599999963e-01 3.141980013699999796e-01 4.691030836099999678e-03 -3.399991739120000189e-01 4.573572998670000223e-02
1.365240317480000132e-01 -4.444345366329999769e-01 -4.723221315950000207e-03 7.448979801780000187e-01 4.346460913049999819e-01 -5.607579760599999963e-01 3.141980013699999796e-01 4.691030836099999678e-03 -3.399991739120000189e-01 4.573572998670000223e-02
2.665596699009999959e-01 -4.444345366329999769e-01 1.749077038590000042e-03 7.432722529749999918e-01 4.346460913049999819e-01 -5.607579760599999963e-01 3.141980013699999796e-01 4.691030836099999678e-03 -3.399991739120000189e-01 4.573572998670000223e-02
3.377556834029999955e-01 -4.534106258849999738e-01 1.410546588860000020e-02 7.530271215489999781e-01 4.359917888709999856e-01 -5.601695853010000281e-01 3.141980013699999796e-01 4.691030836099999678e-03 -3.399991739120000189e-01 4.573572998670000223e-02
3.489352907339999810e-01 -3.741209074269999935e-01 2.410820025039999911e-02 7.562785759560000098e-01 3.660148879819999923e-01 -5.601695853010000281e-01 3.141980013699999796e-01 4.691030836099999678e-03 -3.399991739120000189e-01 4.573572998670000223e-02
3.495236814930000047e-01 -1.482205686059999972e-01 2.705015404789999980e-02 7.676586663790000431e-01 3.626506440669999831e-01 -5.607579760599999963e-01 3.141980013699999796e-01 4.691030836099999678e-03 -3.399991739120000189e-01 4.573572998670000223e-02
3.495236814930000047e-01 -1.048356721890000010e-01 2.646176328840000105e-02 7.709101207849999859e-01 3.626506440669999831e-01 -5.607579760599999963e-01 3.141980013699999796e-01 4.691030836099999678e-03 -3.399991739120000189e-01 4.573572998670000223e-02
3.495236814930000047e-01 -1.063316870639999939e-01 2.705015404789999980e-02 7.709101207849999859e-01 3.619777952839999813e-01 -5.607579760599999963e-01 3.141980013699999796e-01 4.691030836099999678e-03 -3.416249011160000237e-01 4.573572998670000223e-02
3.501120722530000062e-01 -1.063316870639999939e-01 2.646176328840000105e-02 7.709101207849999859e-01 3.626506440669999831e-01 -5.601695853010000281e-01 3.141980013699999796e-01 4.691030836099999678e-03 -3.399991739120000189e-01 4.573572998670000223e-02
3.501120722530000062e-01 -1.063316870639999939e-01 2.705015404789999980e-02 7.709101207849999859e-01 3.626506440669999831e-01 -5.601695853010000281e-01 3.141980013699999796e-01 4.691030836099999678e-03 -3.399991739120000189e-01 4.573572998670000223e-02
3.495236814930000047e-01 -1.063316870639999939e-01 2.646176328840000105e-02 7.709101207849999859e-01 3.619777952839999813e-01 -5.607579760599999963e-01 3.141980013699999796e-01 4.691030836099999678e-03 -3.416249011160000237e-01 4.573572998670000223e-02
3.083358710770000011e-01 5.075150246000000032e-02 1.116342064090000002e-02 5.156684230970000060e-01 3.592862955750000253e-01 -5.601695853010000281e-01 3.141980013699999796e-01 4.691030836099999678e-03 -3.399991739120000189e-01 4.506288120379999679e-02
2.853883571060000235e-01 1.330330181519999988e-01 1.763581044559999964e-02 2.799354518480000054e-01 3.586134467920000235e-01 -5.607579760599999963e-01 3.141980013699999796e-01 4.691030836099999678e-03 -3.399991739120000189e-01 4.640857876969999712e-02
2.853883571060000235e-01 1.330330181519999988e-01 1.763581044559999964e-02 2.718068158320000038e-01 3.586134467920000235e-01 -5.607579760599999963e-01 3.141980013699999796e-01 4.691030836099999678e-03 -3.399991739120000189e-01 4.640857876969999712e-02
2.853883571060000235e-01 1.315370032759999863e-01 1.763581044559999964e-02 2.701810886279999990e-01 3.586134467920000235e-01 -5.601695853010000281e-01 3.141980013699999796e-01 4.691030836099999678e-03 -3.399991739120000189e-01 4.640857876969999712e-02
2.853883571060000235e-01 1.315370032759999863e-01 1.763581044559999964e-02 2.701810886279999990e-01 3.592862955750000253e-01 -5.607579760599999963e-01 3.141980013699999796e-01 4.691030836099999678e-03 -3.399991739120000189e-01 4.573572998670000223e-02
3.159850424010000047e-01 -9.885161268759999620e-02 3.940645144769999719e-02 5.498091997209999526e-01 4.319546961729999746e-01 -5.607579760599999963e-01 3.141980013699999796e-01 4.691030836099999678e-03 -3.399991739120000189e-01 4.573572998670000223e-02
3.501120722530000062e-01 -4.160097889689999828e-01 2.528498176940000008e-02 7.611557575659999575e-01 4.333003937389999782e-01 -5.601695853010000281e-01 3.141980013699999796e-01 4.691030836099999678e-03 -3.399991739120000189e-01 4.573572998670000223e-02
3.489352907339999810e-01 -3.950655807149999754e-01 2.234293652169999991e-02 6.684882962689999708e-01 2.388452130800000073e-01 -5.601695853010000281e-01 3.156940162460000199e-01 4.691030836099999678e-03 -3.399991739120000189e-01 4.573572998670000223e-02
2.989215274750000040e-01 -2.903433768600000020e-01 9.986639121859999801e-03 3.726029131440000142e-01 -1.751268307279999978e-02 -5.601695853010000281e-01 3.141980013699999796e-01 4.691030836099999678e-03 -3.399991739120000189e-01 4.640857876969999712e-02
1.818305774810000108e-01 -2.933354066109999936e-01 -7.076875804190000015e-03 3.319592277080000153e-01 -2.827836817699999963e-02 -5.607579760599999963e-01 3.141980013699999796e-01 4.691030836099999678e-03 -3.399991739120000189e-01 4.640857876969999712e-02
-2.337467798090000094e-03 -2.948314214860000004e-01 -5.900094285180000099e-03 3.335849549109999868e-01 -3.029691452579999847e-02 -5.607579760599999963e-01 3.141980013699999796e-01 4.691030836099999678e-03 -3.399991739120000189e-01 4.640857876969999712e-02
