-5.595489583360000463e-01 -3.217599217580000004e-01 -2.958049037439999807e-03 3.465912778920000048e-01 -3.366115844059999751e-02 -5.607579760599999963e-01 3.171900311210000267e-01 4.691030836099999678e-03 -3.399991739120000189e-01 4.640857876969999712e-02
-5.595489583360000463e-01 -3.217599217580000004e-01 -2.958049037439999807e-03 3.465912778920000048e-01 -3.366115844059999751e-02 -5.589928037820000029e-01 2.468766344320000028e-01 2.351971804070000088e-02 -2.408288038030000078e-01 -1.231508831889999989e-01
-5.595489583360000463e-01 -3.202639068829999935e-01 -2.958049037439999807e-03 3.465912778920000048e-01 -3.366115844059999751e-02 -4.101284784240000203e-01 -1.151624531420000069e-01 1.665001358039999990e-01 1.477237879409999954e-01 -5.746369133609999791e-01
-5.595489583360000463e-01 -3.217599217580000004e-01 -2.958049037439999807e-03 3.465912778920000048e-01 -3.366115844059999751e-02 -2.212532156189999932e-01 -4.323206294240000136e-01 3.465494457659999972e-01 2.680286116930000184e-01 -6.089524104460000142e-01
-5.595489583360000463e-01 -3.217599217580000004e-01 -2.958049037439999807e-03 3.449655506889999779e-01 -3.366115844059999751e-02 -9.415953126270000528e-02 -4.607453770880000077e-01 4.459884443489999795e-01 2.729057933030000216e-01 -6.102981080110000400e-01
-5.595489583360000463e-01 -3.217599217580000004e-01 -2.958049037439999807e-03 3.465912778920000048e-01 -3.298830965760000261e-02 -6.944684501289999368e-02 -4.697214663400000045e-01 4.536375699479999746e-01 2.794089547929999862e-01 -6.102981080110000400e-01
-5.595489583360000463e-01 -3.202639068829999935e-01 -2.958049037439999807e-03 3.465912778920000048e-01 -3.366115844059999751e-02 -6.709328197489999868e-02 -4.697214663400000045e-01 4.536375699479999746e-01 2.794089547929999862e-01 -6.102981080110000400e-01
-5.595489583360000463e-01 -3.217599217580000004e-01 -2.958049037439999807e-03 3.465912778920000048e-01 -3.298830965760000261e-02 -6.709328197489999868e-02 -4.697214663400000045e-01 4.536375699479999746e-01 2.794089547929999862e-01 -6.102981080110000400e-01
-5.595489583360000463e-01 -3.217599217580000004e-01 -2.958049037439999807e-03 3.449655506889999779e-01 -3.298830965760000261e-02 -6.709328197489999868e-02 -4.697214663400000045e-01 4.536375699479999746e-01 2.794089547929999862e-01 -6.096252592290000161e-01
-5.595489583360000463e-01 -3.217599217580000004e-01 -2.958049037439999807e-03 3.465912778920000048e-01 -3.298830965760000261e-02 -6.709328197489999868e-02 -4.697214663400000045e-01 4.536375699479999746e-01 2.794089547929999862e-01 -6.096252592290000161e-01
-5.595489583360000463e-01 -3.217599217580000004e-01 -2.958049037439999807e-03 3.465912778920000048e-01 -3.366115844059999751e-02 -6.709328197489999868e-02 -4.697214663400000045e-01 4.536375699479999746e-01 2.794089547929999862e-01 -6.096252592290000161e-01
-5.595489583360000463e-01 -3.217599217580000004e-01 -2.958049037439999807e-03 3.449655506889999779e-01 -3.366115844059999751e-02 -6.709328197489999868e-02 -4.697214663400000045e-01 4.536375699479999746e-01 2.794089547929999862e-01 -6.102981080110000400e-01
-5.595489583360000463e-01 -3.202639068829999935e-01 -2.958049037439999807e-03 3.465912778920000048e-01 -3.366115844059999751e-02 -6.709328197489999868e-02 -4.712174812150000114e-01 4.536375699479999746e-01 2.794089547929999862e-01 -6.170268049949999556e-01
-5.595489583360000463e-01 -3.202639068829999935e-01 -2.958049037439999807e-03 3.465912778920000048e-01 -3.366115844059999751e-02 -8.533357841989999693e-02 -4.697214663400000045e-01 4.536375699479999746e-01 1.477237879409999954e-01 -6.533608484280000184e-01
-5.595489583360000463e-01 -3.217599217580000004e-01 -2.958049037439999807e-03 3.449655506889999779e-01 -3.366115844059999751e-02 -8.533357841989999693e-02 -4.712174812150000114e-01 4.536375699479999746e-01 -2.847239436460000106e-01 -6.540336972110000202e-01
-5.595489583360000463e-01 -3.217599217580000004e-01 -2.958049037439999807e-03 3.449655506889999779e-01 -3.366115844059999751e-02 -8.533357841989999693e-02 -4.712174812150000114e-01 4.559911787109999781e-01 -6.228784867340000364e-01 -6.533608484280000184e-01
-5.595489583360000463e-01 -3.202639068829999935e-01 -2.958049037439999807e-03 3.465912778920000048e-01 -3.366115844059999751e-02 -9.945513954849999338e-02 -4.772015407160000167e-01 4.554027879520000099e-01 -7.366805280110000353e-01 -6.560522435600000257e-01
-5.595489583360000463e-01 -3.202639068829999935e-01 -2.958049037439999807e-03 3.449655506889999779e-01 -3.366115844059999751e-02 -9.945513954849999338e-02 -4.772015407160000167e-01 4.554027879520000099e-01 -7.366805280110000353e-01 -6.560522435600000257e-01
-5.595489583360000463e-01 -3.202639068829999935e-01 -2.958049037439999807e-03 3.465912778920000048e-01 -3.366115844059999751e-02 -9.945513954849999338e-02 -4.772015407160000167e-01 4.554027879520000099e-01 -7.366805280110000353e-01 -6.560522435600000257e-01
-5.595489583360000463e-01 -3.217599217580000004e-01 -2.958049037439999807e-03 3.465912778920000048e-01 -3.366115844059999751e-02 -9.945513954849999338e-02 -4.757055258410000098e-01 4.554027879520000099e-01 -7.366805280110000353e-01 -6.560522435600000257e-01
-5.595489583360000463e-01 -3.217599217580000004e-01 -2.958049037439999807e-03 3.465912778920000048e-01 -3.366115844059999751e-02 -9.945513954849999338e-02 -4.757055258410000098e-01 4.554027879520000099e-01 -7.366805280110000353e-01 -6.560522435600000257e-01
-5.595489583360000463e-01 -3.202639068829999935e-01 -2.958049037439999807e-03 3.449655506889999779e-01 -3.298830965760000261e-02 -9.945513954849999338e-02 -4.772015407160000167e-01 4.559911787109999781e-01 -7.366805280110000353e-01 -6.560522435600000257e-01
-5.595489583360000463e-01 -3.202639068829999935e-01 -2.958049037439999807e-03 3.449655506889999779e-01 -3.366115844059999751e-02 -9.945513954849999338e-02 -4.772015407160000167e-01 4.559911787109999781e-01 -7.366805280110000353e-01 -6.560522435600000257e-01
-5.595489583360000463e-01 -3.202639068829999935e-01 -2.958049037439999807e-03 3.465912778920000048e-01 -3.366115844059999751e-02 -9.945513954849999338e-02 -4.772015407160000167e-01 4.554027879520000099e-01 -5.009478094399999470e-01 -6.560522435600000257e-01
-5.595489583360000463e-01 -3.202639068829999935e-01 -2.958049037439999807e-03 3.465912778920000048e-01 -3.366115844059999751e-02 -9.945513954849999338e-02 -4.772015407160000167e-01 4.559911787109999781e-01 -3.562566986219999898e-01 -6.560522435600000257e-01
-5.595489583360000463e-01 -3.217599217580000004e-01 -2.958049037439999807e-03 3.449655506889999779e-01 -3.366115844059999751e-02 -9.945513954849999338e-02 -4.772015407160000167e-01 4.554027879520000099e-01 -3.530052442159999915e-01 -6.560522435600000257e-01
-5.595489583360000463e-01 -3.217599217580000004e-01 -2.958049037439999807e-03 3.465912778920000048e-01 -3.366115844059999751e-02 -9.945513954849999338e-02 -4.772015407160000167e-01 4.559911787109999781e-01 -3.530052442159999915e-01 -6.560522435600000257e-01
-5.595489583360000463e-01 -3.202639068829999935e-01 -2.958049037439999807e-03 3.465912778920000048e-01 -3.298830965760000261e-02 -9.945513954849999338e-02 -4.772015407160000167e-01 4.559911787109999781e-01 -3.530052442159999915e-01 -6.553793947770000239e-01
-5.595489583360000463e-01 -3.202639068829999935e-01 -2.958049037439999807e-03 3.465912778920000048e-01 -3.366115844059999751e-02 -9.945513954849999338e-02 -4.772015407160000167e-01 4.559911787109999781e-01 -3.530052442159999915e-01 -6.560522435600000257e-01
-5.595489583360000463e-01 -3.202639068829999935e-01 -2.958049037439999807e-03 3.465912778920000048e-01 -3.298830965760000261e-02 -8.886392297700000664e-02 -4.772015407160000167e-01 4.554027879520000099e-01 -3.286190834889999857e-01 -6.311566294370000163e-01
-5.595489583360000463e-01 -3.202639068829999935e-01 -2.958049037439999807e-03 3.465912778920000048e-01 -3.366115844059999751e-02 -7.121210874159999982e-02 -4.772015407160000167e-01 4.559911787109999781e-01 -1.485070112839999984e-02 -6.197182001269999629e-01
-5.595489583360000463e-01 -3.202639068829999935e-01 -2.958049037439999807e-03 3.449655506889999779e-01 -3.366115844059999751e-02 -6.827006349389999618e-02 -4.772015407160000167e-01 4.559911787109999781e-01 2.664028844899999915e-01 -6.197182001269999629e-01
-5.595489583360000463e-01 -3.217599217580000004e-01 -2.958049037439999807e-03 3.449655506889999779e-01 -3.366115844059999751e-02 -6.827006349389999618e-02 -4.772015407160000167e-01 4.559911787109999781e-01 2.777829749130000248e-01 -6.197182001269999629e-01
-5.595489583360000463e-01 -3.202639068829999935e-01 -2.958049037439999807e-03 3.465912778920000048e-01 -3.298830965760000261e-02 -6.885845425339999493e-02 -4.772015407160000167e-01 4.559911787109999781e-01 2.794089547929999862e-01 -5.840567963220000269e-01
-5.595489583360000463e-01 -3.217599217580000004e-01 -2.958049037439999807e-03 3.449655506889999779e-01 -3.366115844059999751e-02 -1.482920298379999946e-01 -2.288607462489999911e-01 3.677316960079999864e-01 -2.135360994149999858e-02 -1.218051856229999952e-01
-5.595489583360000463e-01 -3.202639068829999935e-01 -2.958049037439999807e-03 3.465912778920000048e-01 -3.366115844059999751e-02 -3.265761675220000271e-01 1.167221776969999958e-01 1.853288230079999932e-01 -3.286190834889999857e-01 3.968009094020000238e-02
-5.595489583360000463e-01 -3.247519515089999920e-01 -2.958049037439999807e-03 3.352111874690000271e-01 -3.366115844059999751e-02 -4.942690886339999867e-01 2.723091198279999903e-01 4.058323296670000163e-02 -3.465023354030000169e-01 4.439003242080000189e-02
-5.595489583360000463e-01 -3.187678920070000088e-01 -2.958049037439999807e-03 3.482170050949999762e-01 -3.366115844059999751e-02 -5.584044130219999458e-01 2.932535605989999850e-01 4.691030836099999678e-03 -3.416249011160000237e-01 4.506288120379999679e-02
