-5.601373490959999923e-01 -3.217599217580000004e-01 -2.958049037439999807e-03 3.465912778920000048e-01 -3.567970478940000328e-02 -5.607579760599999963e-01 3.171900311210000267e-01 4.691030836099999678e-03 -3.416249011160000237e-01 4.439003242080000189e-02
-5.177728028850000497e-01 -1.287721427100000093e-01 -7.415406253919999691e-02 7.346658096789999981e-02 3.660148879819999923e-01 -5.607579760599999963e-01 3.171900311210000267e-01 4.691030836099999678e-03 -3.399991739120000189e-01 4.506288120379999679e-02
-3.347815391260000051e-01 2.616914600110000211e-01 -2.447890288990000052e-01 -2.370505996639999946e-01 6.035328090579999971e-01 -5.607579760599999963e-01 3.171900311210000267e-01 4.691030836099999678e-03 -3.399991739120000189e-01 4.439003242080000189e-02
-1.629696997960000115e-01 4.516872093079999928e-01 -3.995372618520000030e-01 -2.581853059840000242e-01 6.068971052610000472e-01 -5.607579760599999963e-01 3.171900311210000267e-01 4.691030836099999678e-03 -3.416249011160000237e-01 4.439003242080000189e-02
-7.059152750229999440e-02 4.726316500789999875e-01 -4.560233234659999968e-01 -2.598110331869999956e-01 6.068971052610000472e-01 -5.607579760599999963e-01 3.171900311210000267e-01 4.691030836099999678e-03 -3.416249011160000237e-01 4.506288120379999679e-02
-6.823787301400000005e-02 4.726316500789999875e-01 -4.572001049850000221e-01 -2.598110331869999956e-01 6.068971052610000472e-01 -5.607579760599999963e-01 3.171900311210000267e-01 4.691030836099999678e-03 -3.416249011160000237e-01 4.439003242080000189e-02
-6.823787301400000005e-02 4.726316500789999875e-01 -4.572001049850000221e-01 -2.598110331869999956e-01 6.068971052610000472e-01 -5.607579760599999963e-01 3.171900311210000267e-01 4.691030836099999678e-03 -3.416249011160000237e-01 4.506288120379999679e-02
-6.823787301400000005e-02 4.726316500789999875e-01 -4.572001049850000221e-01 -2.598110331869999956e-01 6.068971052610000472e-01 -5.607579760599999963e-01 3.171900311210000267e-01 4.691030836099999678e-03 -3.416249011160000237e-01 4.439003242080000189e-02
-6.823787301400000005e-02 4.726316500789999875e-01 -4.572001049850000221e-01 -2.598110331869999956e-01 6.068971052610000472e-01 -5.607579760599999963e-01 3.171900311210000267e-01 4.691030836099999678e-03 -3.416249011160000237e-01 4.506288120379999679e-02
-6.823787301400000005e-02 4.726316500789999875e-01 -4.572001049850000221e-01 -2.598110331869999956e-01 6.062242564780000453e-01 -5.607579760599999963e-01 3.171900311210000267e-01 4.691030836099999678e-03 -3.416249011160000237e-01 4.439003242080000189e-02
-6.823787301400000005e-02 4.741276649550000277e-01 -4.572001049850000221e-01 -2.598110331869999956e-01 6.068971052610000472e-01 -5.607579760599999963e-01 3.171900311210000267e-01 4.691030836099999678e-03 -3.399991739120000189e-01 4.439003242080000189e-02
-6.823787301400000005e-02 4.726316500789999875e-01 -4.572001049850000221e-01 -2.598110331869999956e-01 6.068971052610000472e-01 -5.607579760599999963e-01 3.171900311210000267e-01 4.691030836099999678e-03 -3.416249011160000237e-01 4.506288120379999679e-02
-6.882626377349999880e-02 4.726316500789999875e-01 -4.572001049850000221e-01 -2.598110331869999956e-01 6.405398581400000291e-01 -5.607579760599999963e-01 3.171900311210000267e-01 4.691030836099999678e-03 -3.416249011160000237e-01 4.506288120379999679e-02
-8.471299718060000539e-02 4.741276649550000277e-01 -4.572001049850000221e-01 -2.082686020930000007e-02 6.506326944610000274e-01 -5.607579760599999963e-01 3.171900311210000267e-01 4.691030836099999678e-03 -3.416249011160000237e-01 4.506288120379999679e-02
-8.471299718060000539e-02 4.741276649550000277e-01 -4.572001049850000221e-01 4.034922353620000179e-01 6.513055432440000292e-01 -5.607579760599999963e-01 3.171900311210000267e-01 4.691030836099999678e-03 -3.416249011160000237e-01 4.506288120379999679e-02
-9.412734078289999862e-02 4.756236798299999791e-01 -4.583768865039999918e-01 6.928742043179999532e-01 6.513055432440000292e-01 -5.607579760599999963e-01 3.171900311210000267e-01 4.691030836099999678e-03 -3.416249011160000237e-01 4.506288120379999679e-02
-9.412734078289999862e-02 4.756236798299999791e-01 -4.583768865039999918e-01 7.448979801780000187e-01 6.513055432440000292e-01 -5.607579760599999963e-01 3.171900311210000267e-01 4.691030836099999678e-03 -3.399991739120000189e-01 4.506288120379999679e-02
-9.412734078289999862e-02 4.756236798299999791e-01 -4.583768865039999918e-01 7.448979801780000187e-01 6.513055432440000292e-01 -5.607579760599999963e-01 3.171900311210000267e-01 4.691030836099999678e-03 -3.399991739120000189e-01 4.439003242080000189e-02
-9.412734078289999862e-02 4.756236798299999791e-01 -4.583768865039999918e-01 7.448979801780000187e-01 6.513055432440000292e-01 -5.607579760599999963e-01 3.171900311210000267e-01 4.691030836099999678e-03 -3.416249011160000237e-01 4.506288120379999679e-02
-9.412734078289999862e-02 4.756236798299999791e-01 -4.583768865039999918e-01 7.448979801780000187e-01 6.513055432440000292e-01 -5.607579760599999963e-01 3.171900311210000267e-01 4.691030836099999678e-03 -3.399991739120000189e-01 4.506288120379999679e-02
-9.412734078289999862e-02 4.756236798299999791e-01 -4.583768865039999918e-01 7.448979801780000187e-01 6.513055432440000292e-01 -5.607579760599999963e-01 3.171900311210000267e-01 4.691030836099999678e-03 -3.416249011160000237e-01 4.506288120379999679e-02
-9.412734078289999862e-02 4.756236798299999791e-01 -4.583768865039999918e-01 7.448979801780000187e-01 6.513055432440000292e-01 -5.607579760599999963e-01 3.171900311210000267e-01 4.691030836099999678e-03 -3.416249011160000237e-01 4.506288120379999679e-02
-9.412734078289999862e-02 4.756236798299999791e-01 -4.583768865039999918e-01 7.416465257709999870e-01 6.519783920270000310e-01 -5.607579760599999963e-01 3.171900311210000267e-01 4.691030836099999678e-03 -3.416249011160000237e-01 4.506288120379999679e-02
-9.412734078289999862e-02 4.756236798299999791e-01 -4.583768865039999918e-01 4.083694169709999877e-01 6.519783920270000310e-01 -5.607579760599999963e-01 3.171900311210000267e-01 4.691030836099999678e-03 -3.416249011160000237e-01 4.506288120379999679e-02
-9.412734078289999862e-02 4.756236798299999791e-01 -4.583768865039999918e-01 3.677257315349999889e-01 6.519783920270000310e-01 -5.607579760599999963e-01 3.171900311210000267e-01 4.691030836099999678e-03 -3.416249011160000237e-01 4.506288120379999679e-02
-9.412734078289999862e-02 4.756236798299999791e-01 -4.583768865039999918e-01 3.661000043309999841e-01 6.513055432440000292e-01 -5.607579760599999963e-01 3.171900311210000267e-01 4.691030836099999678e-03 -3.416249011160000237e-01 4.506288120379999679e-02
-9.412734078289999862e-02 4.756236798299999791e-01 -4.577884957439999902e-01 3.661000043309999841e-01 6.513055432440000292e-01 -5.607579760599999963e-01 3.156940162460000199e-01 5.279513045829999952e-03 -3.416249011160000237e-01 4.439003242080000189e-02
-9.412734078289999862e-02 4.756236798299999791e-01 -4.583768865039999918e-01 3.661000043309999841e-01 6.513055432440000292e-01 -5.607579760599999963e-01 3.171900311210000267e-01 4.691030836099999678e-03 -3.416249011160000237e-01 4.506288120379999679e-02
-9.412734078289999862e-02 4.756236798299999791e-01 -4.583768865039999918e-01 3.677257315349999889e-01 6.513055432440000292e-01 -5.607579760599999963e-01 3.171900311210000267e-01 4.691030836099999678e-03 -3.416249011160000237e-01 4.506288120379999679e-02
-6.823787301400000005e-02 4.756236798299999791e-01 -4.583768865039999918e-01 2.457951805789999888e-01 6.270827256150000029e-01 -5.607579760599999963e-01 3.156940162460000199e-01 4.102640076600000060e-03 -3.416249011160000237e-01 4.506288120379999679e-02
-6.764948225450000130e-02 4.756236798299999791e-01 -4.583768865039999918e-01 -1.443831383680000136e-01 6.223727841349999679e-01 -5.607579760599999963e-01 3.171900311210000267e-01 4.691030836099999678e-03 -3.399991739120000189e-01 4.506288120379999679e-02
-6.764948225450000130e-02 4.756236798299999791e-01 -4.583768865039999918e-01 -2.598110331869999956e-01 6.216999353519999660e-01 -5.607579760599999963e-01 3.171900311210000267e-01 4.691030836099999678e-03 -3.416249011160000237e-01 4.506288120379999679e-02
-6.764948225450000130e-02 4.756236798299999791e-01 -4.583768865039999918e-01 -2.598110331869999956e-01 6.216999353519999660e-01 -5.607579760599999963e-01 3.171900311210000267e-01 4.691030836099999678e-03 -3.416249011160000237e-01 4.506288120379999679e-02
-6.941465453310000089e-02 4.696396203289999738e-01 -4.401365900590000213e-01 -2.289219636479999931e-01 4.588689612219999936e-01 -5.607579760599999963e-01 3.171900311210000267e-01 4.691030836099999678e-03 -3.416249011160000237e-01 4.506288120379999679e-02
-1.923895121220000060e-01 8.366406223319999835e-02 -2.871535293840000169e-01 2.002743135329999868e-01 2.672989569810000146e-03 -5.607579760599999963e-01 3.171900311210000267e-01 4.691030836099999678e-03 -3.399991739120000189e-01 4.708142755260000256e-02
-3.747924765730000218e-01 -2.349901289230000023e-01 -1.218141713099999968e-01 3.303335005040000105e-01 -3.029691452579999847e-02 -5.613463668200000534e-01 3.171900311210000267e-01 4.691030836099999678e-03 -3.399991739120000189e-01 4.775427633559999746e-02
-5.371898808489999899e-01 -3.053035256130000041e-01 -8.253657323200000798e-03 3.384626418760000033e-01 -3.231546087469999717e-02 -5.607579760599999963e-01 3.127019864949999728e-01 4.691030836099999678e-03 -3.416249011160000237e-01 4.910007847850000190e-02
-5.607257398549999605e-01 -3.008154809870000057e-01 -3.546439796939999858e-03 3.417140962820000016e-01 -3.231546087469999717e-02 -5.607579760599999963e-01 3.141980013699999796e-01 4.691030836099999678e-03 -3.399991739120000189e-01 4.842712511850000290e-02
