-5.607257398549999605e-01 -3.023114958620000126e-01 -3.546439796939999858e-03 3.400883690789999747e-01 -3.231546087469999717e-02 -5.607579760599999963e-01 3.171900311210000267e-01 4.691030836099999678e-03 -3.399991739120000189e-01 4.640857876969999712e-02
-5.460158336920000188e-01 -4.534106258849999738e-01 -3.546439796939999858e-03 6.083358843930000148e-01 3.552492028779999922e-01 -5.607579760599999963e-01 3.186860459959999781e-01 4.691030836099999678e-03 -3.383734467089999920e-01 4.573572998670000223e-02
-4.224525853439999867e-01 -4.833309233909999780e-01 -3.546439796939999858e-03 7.660329391760000162e-01 4.312818473899999727e-01 -5.607579760599999963e-01 3.156940162460000199e-01 4.691030836099999678e-03 -3.399991739120000189e-01 4.640857876969999712e-02
-2.782954775120000113e-01 -4.833309233909999780e-01 -3.546439796939999858e-03 7.660329391760000162e-01 4.312818473899999727e-01 -5.607579760599999963e-01 3.141980013699999796e-01 4.691030836099999678e-03 -3.399991739120000189e-01 4.640857876969999712e-02
-5.823513865229999753e-02 -4.788428787649999796e-01 -3.546439796939999858e-03 7.644072119720000114e-01 4.326275449559999764e-01 -5.607579760599999963e-01 3.141980013699999796e-01 4.691030836099999678e-03 -3.399991739120000189e-01 4.640857876969999712e-02
1.206373897909999993e-01 -4.414425068830000187e-01 -4.134830556449999722e-03 7.579043031590000368e-01 4.326275449559999764e-01 -5.607579760599999963e-01 3.141980013699999796e-01 4.691030836099999678e-03 -3.399991739120000189e-01 4.640857876969999712e-02
2.494961549749999952e-01 -4.429385217580000256e-01 -1.609523992420000148e-05 7.562785759560000098e-01 4.339732425219999801e-01 -5.607579760599999963e-01 3.141980013699999796e-01 4.691030836099999678e-03 -3.399991739120000189e-01 4.640857876969999712e-02
3.318717758079999802e-01 -4.534106258849999738e-01 1.351698367890000023e-02 7.530271215489999781e-01 4.346460913049999819e-01 -5.607579760599999963e-01 3.141980013699999796e-01 4.691030836099999678e-03 -3.399991739120000189e-01 4.640857876969999712e-02
3.524656352910000012e-01 -4.623867151370000261e-01 1.704741968610000089e-02 7.595300303619999527e-01 4.346460913049999819e-01 -5.607579760599999963e-01 3.141980013699999796e-01 4.691030836099999678e-03 -3.399991739120000189e-01 4.573572998670000223e-02
3.554075890889999978e-01 -4.623867151370000261e-01 1.704741968610000089e-02 7.595300303619999527e-01 4.346460913049999819e-01 -5.607579760599999963e-01 3.141980013699999796e-01 4.691030836099999678e-03 -3.399991739120000189e-01 4.640857876969999712e-02
3.554075890889999978e-01 -4.623867151370000261e-01 1.704741968610000089e-02 7.595300303619999527e-01 4.346460913049999819e-01 -5.607579760599999963e-01 3.141980013699999796e-01 4.691030836099999678e-03 -3.399991739120000189e-01 4.640857876969999712e-02
3.554075890889999978e-01 -4.623867151370000261e-01 1.704741968610000089e-02 7.595300303619999527e-01 4.346460913049999819e-01 -5.607579760599999963e-01 3.141980013699999796e-01 4.691030836099999678e-03 -3.399991739120000189e-01 4.640857876969999712e-02
3.554075890889999978e-01 -4.623867151370000261e-01 1.704741968610000089e-02 7.595300303619999527e-01 3.848548630590000186e-01 -5.607579760599999963e-01 3.141980013699999796e-01 4.691030836099999678e-03 -3.399991739120000189e-01 4.640857876969999712e-02
3.548191983289999962e-01 -1.841251581299999940e-01 2.528498176940000008e-02 7.644072119720000114e-01 3.633234928499999850e-01 -5.607579760599999963e-01 3.141980013699999796e-01 4.691030836099999678e-03 -3.399991739120000189e-01 4.640857876969999712e-02
3.548191983289999962e-01 -1.153077763160000047e-01 2.528498176940000008e-02 7.676586663790000431e-01 3.633234928499999850e-01 -5.607579760599999963e-01 3.141980013699999796e-01 4.691030836099999678e-03 -3.399991739120000189e-01 4.640857876969999712e-02
3.548191983289999962e-01 -1.153077763160000047e-01 2.528498176940000008e-02 7.709101207849999859e-01 3.633234928499999850e-01 -5.607579760599999963e-01 3.141980013699999796e-01 4.691030836099999678e-03 -3.399991739120000189e-01 4.640857876969999712e-02
3.548191983289999962e-01 -1.153077763160000047e-01 2.528498176940000008e-02 7.709101207849999859e-01 3.633234928499999850e-01 -5.607579760599999963e-01 3.141980013699999796e-01 4.691030836099999678e-03 -3.399991739120000189e-01 4.640857876969999712e-02
3.548191983289999962e-01 -1.153077763160000047e-01 2.528498176940000008e-02 7.709101207849999859e-01 3.639963416329999868e-01 -5.607579760599999963e-01 3.141980013699999796e-01 4.691030836099999678e-03 -3.399991739120000189e-01 4.640857876969999712e-02
3.554075890889999978e-01 -1.153077763160000047e-01 2.528498176940000008e-02 7.709101207849999859e-01 3.639963416329999868e-01 -5.607579760599999963e-01 3.141980013699999796e-01 4.691030836099999678e-03 -3.399991739120000189e-01 4.640857876969999712e-02
3.548191983289999962e-01 -1.138117614400000061e-01 2.528498176940000008e-02 7.709101207849999859e-01 3.639963416329999868e-01 -5.607579760599999963e-01 3.141980013699999796e-01 4.691030836099999678e-03 -3.399991739120000189e-01 4.640857876969999712e-02
3.548191983289999962e-01 -1.138117614400000061e-01 2.528498176940000008e-02 7.709101207849999859e-01 3.633234928499999850e-01 -5.607579760599999963e-01 3.141980013699999796e-01 4.691030836099999678e-03 -3.399991739120000189e-01 4.640857876969999712e-02
3.548191983289999962e-01 -1.153077763160000047e-01 2.528498176940000008e-02 7.709101207849999859e-01 3.633234928499999850e-01 -5.607579760599999963e-01 3.141980013699999796e-01 4.691030836099999678e-03 -3.399991739120000189e-01 4.640857876969999712e-02
3.495236814930000047e-01 -9.286732066939999697e-02 2.293132728119999866e-02 7.514013943459999512e-01 3.633234928499999850e-01 -5.607579760599999963e-01 3.141980013699999796e-01 4.691030836099999678e-03 -3.399991739120000189e-01 4.640857876969999712e-02
2.995099182340000277e-01 1.479933994210000103e-01 1.292859291939999974e-02 4.636446472369999960e-01 3.572677492269999977e-01 -5.607579760599999963e-01 3.141980013699999796e-01 4.691030836099999678e-03 -3.399991739120000189e-01 4.640857876969999712e-02
2.836231848269999967e-01 1.360250479020000125e-01 1.940098272409999935e-02 2.750582702380000022e-01 3.559220516609999940e-01 -5.613463668200000534e-01 3.141980013699999796e-01 4.691030836099999678e-03 -3.399991739120000189e-01 4.640857876969999712e-02
2.836231848269999967e-01 1.330330181519999988e-01 1.940098272409999935e-02 2.718068158320000038e-01 3.559220516609999940e-01 -5.607579760599999963e-01 3.156940162460000199e-01 4.691030836099999678e-03 -3.399991739120000189e-01 4.640857876969999712e-02
2.836231848269999967e-01 1.330330181519999988e-01 1.940098272409999935e-02 2.718068158320000038e-01 3.559220516609999940e-01 -5.607579760599999963e-01 3.141980013699999796e-01 4.691030836099999678e-03 -3.399991739120000189e-01 4.640857876969999712e-02
2.836231848269999967e-01 1.330330181519999988e-01 1.940098272409999935e-02 2.718068158320000038e-01 3.559220516609999940e-01 -5.607579760599999963e-01 3.141980013699999796e-01 4.691030836099999678e-03 -3.399991739120000189e-01 4.640857876969999712e-02
2.836231848269999967e-01 1.330330181519999988e-01 1.940098272409999935e-02 2.718068158320000038e-01 3.559220516609999940e-01 -5.607579760599999963e-01 3.141980013699999796e-01 4.691030836099999678e-03 -3.399991739120000189e-01 4.640857876969999712e-02
2.942143099489999969e-01 3.579112119010000037e-02 3.881806068819999844e-02 3.807315491609999936e-01 4.279176034759999969e-01 -5.607579760599999963e-01 3.141980013699999796e-01 4.691030836099999678e-03 -3.399991739120000189e-01 4.640857876969999712e-02
3.465815447960000073e-01 -3.232559366330000072e-01 3.116888936440000146e-02 7.367693441620000172e-01 4.333003937389999782e-01 -5.607579760599999963e-01 3.141980013699999796e-01 4.691030836099999678e-03 -3.399991739120000189e-01 4.640857876969999712e-02
3.554075890889999978e-01 -4.534106258849999738e-01 2.057776424310000032e-02 7.660329391760000162e-01 4.333003937389999782e-01 -5.607579760599999963e-01 3.156940162460000199e-01 5.279513045829999952e-03 -3.399991739120000189e-01 4.640857876969999712e-02
3.559959798480000215e-01 -4.578986705110000277e-01 1.998937348360000157e-02 7.676586663790000431e-01 4.333003937389999782e-01 -5.607579760599999963e-01 3.141980013699999796e-01 4.691030836099999678e-03 -3.399991739120000189e-01 4.640857876969999712e-02
3.489352907339999810e-01 -3.920730859300000093e-01 2.234293652169999991e-02 6.717397506760000025e-01 2.321167252509999945e-01 -5.607579760599999963e-01 3.141980013699999796e-01 4.691030836099999678e-03 -3.399991739120000189e-01 4.640857876969999712e-02
3.006866997529999974e-01 -3.023114958620000126e-01 9.398248362359999317e-03 3.709771859409999872e-01 -1.751268307279999978e-02 -5.607579760599999963e-01 3.156940162460000199e-01 4.691030836099999678e-03 -3.399991739120000189e-01 4.640857876969999712e-02
1.718278431190000122e-01 -3.038075107379999973e-01 -6.488485044690000397e-03 3.319592277080000153e-01 -2.760551939400000127e-02 -5.607579760599999963e-01 3.141980013699999796e-01 4.691030836099999678e-03 -3.399991739120000189e-01 4.640857876969999712e-02
-8.809857602849999886e-03 -3.038075107379999973e-01 -5.311703525679999614e-03 3.335849549109999868e-01 -3.029691452579999847e-02 -5.607579760599999963e-01 3.141980013699999796e-01 5.279513045829999952e-03 -3.399991739120000189e-01 4.775427633559999746e-02
-1.918011213630000100e-01 -3.172718771320000020e-01 -4.134830556449999722e-03 3.417140962820000016e-01 -3.231546087469999717e-02 -5.607579760599999963e-01 3.156940162460000199e-01 4.691030836099999678e-03 -3.399991739120000189e-01 4.775427633559999746e-02
