-5.613141306150000176e-01 -3.217599217580000004e-01 -2.369658277940000189e-03 3.465912778920000048e-01 -3.096976330880000031e-02 -5.578160222629999776e-01 3.156940162460000199e-01 4.691030836099999678e-03 -3.432506283189999952e-01 4.439003242080000189e-02
-5.607257398549999605e-01 -3.217599217580000004e-01 -2.369658277940000189e-03 3.465912778920000048e-01 -3.096976330880000031e-02 -5.578160222629999776e-01 3.770310911659999764e-01 5.279513045829999952e-03 -3.936488033139999843e-01 -4.913688960249999738e-02
-5.607257398549999605e-01 -3.142798473819999883e-01 -2.369658277940000189e-03 3.498427322989999810e-01 -3.096976330880000031e-02 -4.966226516719999817e-01 4.757690030030000128e-01 4.691030836099999678e-03 -7.106686400809999471e-01 -4.131515322209999841e-01
-5.607257398549999605e-01 -3.202639068829999935e-01 -2.369658277940000189e-03 3.482170050949999762e-01 -3.096976330880000031e-02 -3.477583263149999770e-01 4.757690030030000128e-01 4.691030836099999678e-03 -7.659438703480000443e-01 -4.279544145999999993e-01
-5.613141306150000176e-01 -3.187678920070000088e-01 -2.369658277940000189e-03 3.482170050949999762e-01 -3.096976330880000031e-02 -1.947753570899999898e-01 4.787612652709999916e-01 5.279513045829999952e-03 -7.659438703480000443e-01 -4.279544145999999993e-01
-5.607257398549999605e-01 -3.187678920070000088e-01 -2.369658277940000189e-03 3.498427322989999810e-01 -3.096976330880000031e-02 2.234293652169999991e-02 4.742729881280000059e-01 5.279513045829999952e-03 -7.643181431440000395e-01 -4.279544145999999993e-01
-5.607257398549999605e-01 -3.187678920070000088e-01 -2.369658277940000189e-03 3.482170050949999762e-01 -3.096976330880000031e-02 1.923895121220000060e-01 4.413604283550000007e-01 5.279513045829999952e-03 -7.594409615349999587e-01 -4.279544145999999993e-01
-5.607257398549999605e-01 -3.187678920070000088e-01 -2.369658277940000189e-03 3.482170050949999762e-01 -3.096976330880000031e-02 3.030080723119999986e-01 4.398644134790000160e-01 -3.546439796939999858e-03 -7.431835631630000494e-01 -4.279544145999999993e-01
-5.607257398549999605e-01 -3.187678920070000088e-01 -2.369658277940000189e-03 3.482170050949999762e-01 -3.096976330880000031e-02 3.506681810819999856e-01 4.533287798739999985e-01 -1.413765636849999979e-02 -7.578152343309999539e-01 -4.279544145999999993e-01
-5.607257398549999605e-01 -3.187678920070000088e-01 -2.369658277940000189e-03 3.482170050949999762e-01 -3.096976330880000031e-02 3.541986170900000008e-01 4.533287798739999985e-01 -1.413765636849999979e-02 -7.594409615349999587e-01 -4.286272633820000233e-01
-5.607257398549999605e-01 -3.187678920070000088e-01 -2.369658277940000189e-03 3.482170050949999762e-01 -3.096976330880000031e-02 3.547870078490000245e-01 4.533287798739999985e-01 -1.413765636849999979e-02 -7.594409615349999587e-01 -4.286272633820000233e-01
-5.607257398549999605e-01 -3.187678920070000088e-01 -2.369658277940000189e-03 3.482170050949999762e-01 -3.096976330880000031e-02 3.541986170900000008e-01 4.533287798739999985e-01 -1.413765636849999979e-02 -7.594409615349999587e-01 -4.286272633820000233e-01
-5.607257398549999605e-01 -3.187678920070000088e-01 -2.369658277940000189e-03 3.482170050949999762e-01 -3.096976330880000031e-02 3.541986170900000008e-01 4.533287798739999985e-01 -1.354917415869999996e-02 -7.594409615349999587e-01 -4.279544145999999993e-01
-5.613141306150000176e-01 -3.187678920070000088e-01 -2.369658277940000189e-03 3.482170050949999762e-01 -3.096976330880000031e-02 3.541986170900000008e-01 4.264000470850000113e-01 -1.943317320399999895e-02 -7.594409615349999587e-01 -3.727802915119999838e-01
-5.613141306150000176e-01 -3.172718771320000020e-01 -2.369658277940000189e-03 3.482170050949999762e-01 -3.096976330880000031e-02 3.541986170900000008e-01 1.107378856790000032e-01 -2.472878148970000106e-02 -7.838271222610000422e-01 -3.680702454550000002e-01
-5.607257398549999605e-01 -3.187678920070000088e-01 -2.369658277940000189e-03 3.482170050949999762e-01 -3.096976330880000031e-02 3.536102263299999993e-01 1.197142074469999956e-01 -2.531717224919999981e-02 -7.675695975509999602e-01 -3.680702454550000002e-01
-5.613141306150000176e-01 -3.187678920070000088e-01 -2.369658277940000189e-03 3.482170050949999762e-01 -3.096976330880000031e-02 3.536102263299999993e-01 9.876976667640000040e-02 -2.531717224919999981e-02 -7.675695975509999602e-01 -3.680702454550000002e-01
-5.607257398549999605e-01 -3.187678920070000088e-01 -2.369658277940000189e-03 3.482170050949999762e-01 -3.096976330880000031e-02 3.536102263299999993e-01 9.876976667640000040e-02 -2.531717224919999981e-02 -7.675695975509999602e-01 -3.687430942380000021e-01
-5.607257398549999605e-01 -3.202639068829999935e-01 -2.369658277940000189e-03 3.465912778920000048e-01 -3.096976330880000031e-02 3.536102263299999993e-01 9.876976667640000040e-02 -2.472878148970000106e-02 -7.675695975509999602e-01 -3.687430942380000021e-01
-5.607257398549999605e-01 -3.187678920070000088e-01 -2.369658277940000189e-03 3.465912778920000048e-01 -3.096976330880000031e-02 3.536102263299999993e-01 9.876976667640000040e-02 -2.472878148970000106e-02 -7.675695975509999602e-01 -3.687430942380000021e-01
-5.607257398549999605e-01 -3.187678920070000088e-01 -2.369658277940000189e-03 3.482170050949999762e-01 -3.096976330880000031e-02 3.536102263299999993e-01 9.876976667640000040e-02 -2.531717224919999981e-02 -7.675695975509999602e-01 -3.687430942380000021e-01
-5.607257398549999605e-01 -3.187678920070000088e-01 -2.369658277940000189e-03 3.482170050949999762e-01 -3.096976330880000031e-02 3.536102263299999993e-01 9.876976667640000040e-02 -2.472878148970000106e-02 -7.675695975509999602e-01 -3.687430942380000021e-01
-5.607257398549999605e-01 -3.187678920070000088e-01 -2.369658277940000189e-03 3.465912778920000048e-01 -3.096976330880000031e-02 3.536102263299999993e-01 9.876976667640000040e-02 -2.531717224919999981e-02 -7.675695975509999602e-01 -3.687430942380000021e-01
-5.607257398549999605e-01 -3.187678920070000088e-01 -2.369658277940000189e-03 3.482170050949999762e-01 -3.096976330880000031e-02 3.177180242000000043e-01 -6.878552697449999420e-02 -1.531443788750000076e-02 -6.700250809829999543e-01 -3.680702454550000002e-01
-5.607257398549999605e-01 -3.172718771320000020e-01 -2.369658277940000189e-03 3.465912778920000048e-01 -3.096976330880000031e-02 2.882982118740000099e-01 -9.721004212190000049e-02 -1.472604712800000028e-02 -3.172387403890000179e-01 -3.653788503229999929e-01
-5.607257398549999605e-01 -3.187678920070000088e-01 -2.369658277940000189e-03 3.482170050949999762e-01 -3.096976330880000031e-02 2.865329481450000215e-01 -1.331148641630000018e-01 -1.590282864699999951e-02 -2.668406917330000128e-01 -3.653788503229999929e-01
-5.607257398549999605e-01 -3.187678920070000088e-01 -2.369658277940000189e-03 3.482170050949999762e-01 -3.096976330880000031e-02 2.865329481450000215e-01 -1.331148641630000018e-01 -1.590282864699999951e-02 -2.668406917330000128e-01 -3.653788503229999929e-01
-5.607257398549999605e-01 -3.187678920070000088e-01 -2.369658277940000189e-03 3.482170050949999762e-01 -3.096976330880000031e-02 2.865329481450000215e-01 -1.331148641630000018e-01 -1.590282864699999951e-02 -2.668406917330000128e-01 -3.653788503229999929e-01
-5.607257398549999605e-01 -3.187678920070000088e-01 -2.369658277940000189e-03 3.482170050949999762e-01 -3.096976330880000031e-02 2.865329481450000215e-01 -1.316188492879999949e-01 -1.590282864699999951e-02 -2.668406917330000128e-01 -3.660516991059999947e-01
-5.607257398549999605e-01 -3.187678920070000088e-01 -2.369658277940000189e-03 3.482170050949999762e-01 -3.096976330880000031e-02 2.865329481450000215e-01 -1.316188492879999949e-01 -1.590282864699999951e-02 -2.668406917330000128e-01 -3.660516991059999947e-01
-5.607257398549999605e-01 -3.187678920070000088e-01 -2.369658277940000189e-03 3.482170050949999762e-01 -3.096976330880000031e-02 3.135991974330000209e-01 7.333728127949999676e-02 -3.767346964900000067e-02 -5.107022989980000149e-01 -4.272815658169999975e-01
-5.607257398549999605e-01 -3.187678920070000088e-01 -2.369658277940000189e-03 3.482170050949999762e-01 -3.096976330880000031e-02 3.541986170900000008e-01 4.069518537060000107e-01 -2.414039073019999884e-02 -7.610666887379999856e-01 -4.272815658169999975e-01
-5.607257398549999605e-01 -3.187678920070000088e-01 -2.369658277940000189e-03 3.482170050949999762e-01 -3.096976330880000031e-02 3.553753986090000261e-01 4.563208096240000122e-01 -2.296351776099999839e-02 -7.659438703480000443e-01 -4.272815658169999975e-01
-5.607257398549999605e-01 -3.172718771320000020e-01 -2.369658277940000189e-03 3.482170050949999762e-01 -3.096976330880000031e-02 3.553753986090000261e-01 4.563208096240000122e-01 -2.296351776099999839e-02 -7.659438703480000443e-01 -4.272815658169999975e-01
-5.607257398549999605e-01 -3.202639068829999935e-01 -2.369658277940000189e-03 3.482170050949999762e-01 -3.096976330880000031e-02 3.312511031179999899e-01 3.186860459959999781e-01 -2.296351776099999839e-02 -5.302111517759999781e-01 -7.806959642340000061e-02
-5.607257398549999605e-01 -3.187678920070000088e-01 -2.369658277940000189e-03 3.482170050949999762e-01 -3.096976330880000031e-02 2.482871829759999982e-01 2.932535605989999850e-01 -7.076875804190000015e-03 -3.351219923020000158e-01 3.564289366549999727e-02
-5.607257398549999605e-01 -3.172718771320000020e-01 -2.369658277940000189e-03 3.465912778920000048e-01 -3.096976330880000031e-02 9.883446685890000249e-02 2.947495754750000252e-01 5.867903805340000251e-03 -3.351219923020000158e-01 3.698859123139999761e-02
-5.607257398549999605e-01 -3.187678920070000088e-01 -2.369658277940000189e-03 3.482170050949999762e-01 -3.096976330880000031e-02 -9.004079594620000015e-02 2.977416052249999834e-01 5.867903805340000251e-03 -3.351219923020000158e-01 3.766154459139999661e-02
-5.613141306150000176e-01 -3.172718771320000020e-01 -2.369658277940000189e-03 3.482170050949999762e-01 -3.096976330880000031e-02 -2.706784966679999793e-01 3.067176944769999802e-01 5.867903805340000251e-03 -3.367477195060000206e-01 3.833439337430000204e-02
