-5.619025213739999858e-01 -3.217599217580000004e-01 -2.958049037439999807e-03 3.465912778920000048e-01 -2.895121695990000160e-02 -5.613463668200000534e-01 3.201820608720000183e-01 4.102640076600000060e-03 -3.399991739120000189e-01 4.640857876969999712e-02
-5.619025213739999858e-01 -3.217599217580000004e-01 5.176284029770000100e-02 2.425437261729999905e-01 1.271512693400000116e-01 -5.607579760599999963e-01 3.201820608720000183e-01 4.102640076600000060e-03 -3.399991739120000189e-01 4.640857876969999712e-02
-4.818806007549999992e-01 -3.217599217580000004e-01 1.841520414889999957e-01 2.327893629530000119e-01 6.243913304839999734e-01 -5.613463668200000534e-01 3.186860459959999781e-01 4.102640076600000060e-03 -3.399991739120000189e-01 4.640857876969999712e-02
-3.418422282399999901e-01 -3.202639068829999935e-01 1.876823860459999882e-01 2.279116759879999954e-01 6.519783920270000310e-01 -5.607579760599999963e-01 3.186860459959999781e-01 4.102640076600000060e-03 -3.399991739120000189e-01 4.640857876969999712e-02
-1.547321377130000120e-01 -3.157758622569999951e-01 1.876823860459999882e-01 2.116544039559999923e-01 6.553426882299999701e-01 -5.613463668200000534e-01 3.186860459959999781e-01 4.102640076600000060e-03 -3.399991739120000189e-01 4.640857876969999712e-02
3.826186040849999942e-02 -3.053035256130000041e-01 1.876823860459999882e-01 2.116544039559999923e-01 6.553426882299999701e-01 -5.613463668200000534e-01 3.186860459959999781e-01 4.102640076600000060e-03 -3.399991739120000189e-01 4.640857876969999712e-02
2.118387805660000012e-01 -2.544385548190000179e-01 1.876823860459999882e-01 2.116544039559999923e-01 6.560155370129999719e-01 -5.607579760599999963e-01 3.186860459959999781e-01 4.102640076600000060e-03 -3.399991739120000189e-01 4.573572998670000223e-02
3.377556834029999955e-01 -2.544385548190000179e-01 1.947431666099999903e-01 2.132801311589999915e-01 6.560155370129999719e-01 -5.613463668200000534e-01 3.171900311210000267e-01 4.102640076600000060e-03 -3.399991739120000189e-01 4.640857876969999712e-02
4.048329615879999732e-01 -2.798710402160000110e-01 2.206325429290000029e-01 2.246602215819999970e-01 6.250641792669999752e-01 -5.613463668200000534e-01 3.186860459959999781e-01 4.102640076600000060e-03 -3.399991739120000189e-01 4.573572998670000223e-02
4.389598085399999960e-01 -5.097867164449999822e-02 3.636129606919999979e-01 2.279116759879999954e-01 2.112582038249999905e-01 -5.607579760599999963e-01 3.186860459959999781e-01 4.102640076600000060e-03 -3.399991739120000189e-01 4.573572998670000223e-02
4.395481992990000197e-01 3.215327525730000136e-01 3.942095545370000176e-01 2.360408173599999881e-01 1.890539848339999884e-01 -5.613463668200000534e-01 3.171900311210000267e-01 4.102640076600000060e-03 -3.399991739120000189e-01 4.640857876969999712e-02
4.407249808179999895e-01 4.771196947049999859e-01 3.942095545370000176e-01 2.392922717659999865e-01 1.890539848339999884e-01 -5.613463668200000534e-01 3.186860459959999781e-01 4.102640076600000060e-03 -3.399991739120000189e-01 4.640857876969999712e-02
4.407249808179999895e-01 4.756236798299999791e-01 3.924443822579999908e-01 2.425437261729999905e-01 1.890539848339999884e-01 -5.607579760599999963e-01 3.186860459959999781e-01 4.102640076600000060e-03 -3.399991739120000189e-01 4.573572998670000223e-02
4.407249808179999895e-01 4.771196947049999859e-01 3.918559914990000226e-01 2.425437261729999905e-01 1.890539848339999884e-01 -5.613463668200000534e-01 3.186860459959999781e-01 4.102640076600000060e-03 -3.399991739120000189e-01 4.573572998670000223e-02
4.401365900590000213e-01 4.771196947049999859e-01 3.918559914990000226e-01 2.425437261729999905e-01 1.890539848339999884e-01 -5.613463668200000534e-01 3.186860459959999781e-01 4.102640076600000060e-03 -3.399991739120000189e-01 4.640857876969999712e-02
4.407249808179999895e-01 4.172786346599999807e-01 3.853836016939999887e-01 2.457951805789999888e-01 1.883811360509999866e-01 -5.607579760599999963e-01 3.186860459959999781e-01 4.102640076600000060e-03 -3.399991739120000189e-01 4.573572998670000223e-02
4.407249808179999895e-01 4.097983277660000034e-01 3.853836016939999887e-01 2.457951805789999888e-01 1.883811360509999866e-01 -5.607579760599999963e-01 3.186860459959999781e-01 4.102640076600000060e-03 -3.399991739120000189e-01 4.573572998670000223e-02
4.407249808179999895e-01 4.068062980159999897e-01 3.853836016939999887e-01 2.457951805789999888e-01 1.883811360509999866e-01 -5.607579760599999963e-01 3.186860459959999781e-01 4.102640076600000060e-03 -3.399991739120000189e-01 4.640857876969999712e-02
4.407249808179999895e-01 4.068062980159999897e-01 3.853836016939999887e-01 2.474209077829999937e-01 1.883811360509999866e-01 -5.613463668200000534e-01 3.186860459959999781e-01 4.102640076600000060e-03 -3.399991739120000189e-01 4.573572998670000223e-02
4.407249808179999895e-01 4.068062980159999897e-01 3.853836016939999887e-01 2.474209077829999937e-01 1.883811360509999866e-01 -5.613463668200000534e-01 3.186860459959999781e-01 4.102640076600000060e-03 -3.399991739120000189e-01 4.573572998670000223e-02
4.395481992990000197e-01 3.320048567000000173e-01 3.377234929230000238e-01 2.604267254090000261e-01 3.989847920779999724e-01 -5.613463668200000534e-01 3.186860459959999781e-01 4.102640076600000060e-03 -3.399991739120000189e-01 4.640857876969999712e-02
4.065981338670000000e-01 -2.704220112290000103e-02 2.312237595009999924e-01 3.222048644880000090e-01 6.472683982579999773e-01 -5.613463668200000534e-01 3.186860459959999781e-01 4.102640076600000060e-03 -3.399991739120000189e-01 4.573572998670000223e-02
4.136588229809999850e-01 -2.693989360890000073e-01 2.053342917319999905e-01 3.140762284720000075e-01 6.203541854970000546e-01 -5.607579760599999963e-01 3.186860459959999781e-01 4.102640076600000060e-03 -3.399991739120000189e-01 4.573572998670000223e-02
3.601147151649999878e-01 -3.187678920070000088e-01 7.706382585679999453e-02 3.579713683149999826e-01 1.136941891040000041e-01 -5.613463668200000534e-01 3.186860459959999781e-01 4.102640076600000060e-03 -3.399991739120000189e-01 4.573572998670000223e-02
2.936259191889999953e-01 -3.187678920070000088e-01 9.398248362359999317e-03 3.514684595020000080e-01 -1.683983428980000141e-02 -5.613463668200000534e-01 3.186860459959999781e-01 4.102640076600000060e-03 -3.399991739120000189e-01 4.506288120379999679e-02
1.488804205979999962e-01 -3.067995404880000110e-01 -7.076875804190000015e-03 3.400883690789999747e-01 -3.029691452579999847e-02 -5.607579760599999963e-01 3.186860459959999781e-01 4.102640076600000060e-03 -3.399991739120000189e-01 4.573572998670000223e-02
