-5.601373490959999923e-01 -3.038075107379999973e-01 -2.958049037439999807e-03 3.465912778920000048e-01 -3.096976330880000031e-02 -5.584044130219999458e-01 3.171900311210000267e-01 4.691030836099999678e-03 -3.399991739120000189e-01 4.640857876969999712e-02
-5.518997870120000426e-01 -4.504185961350000156e-01 -2.958049037439999807e-03 5.855751981929999683e-01 3.343906814520000159e-01 -5.584044130219999458e-01 3.171900311210000267e-01 4.691030836099999678e-03 -3.383734467089999920e-01 4.640857876969999712e-02
-4.212758038250000170e-01 -4.848269382659999849e-01 -2.958049037439999807e-03 7.676586663790000431e-01 4.279176034759999969e-01 -5.584044130219999458e-01 3.156940162460000199e-01 4.691030836099999678e-03 -3.399991739120000189e-01 4.640857876969999712e-02
-2.529944005029999832e-01 -4.848269382659999849e-01 -3.546439796939999858e-03 7.660329391760000162e-01 4.333003937389999782e-01 -5.589928037820000029e-01 3.156940162460000199e-01 4.691030836099999678e-03 -3.383734467089999920e-01 4.640857876969999712e-02
-5.882352941180000322e-02 -4.833309233909999780e-01 -4.134830556449999722e-03 7.660329391760000162e-01 4.333003937389999782e-01 -5.584044130219999458e-01 3.156940162460000199e-01 4.691030836099999678e-03 -3.383734467089999920e-01 4.640857876969999712e-02
1.082810923910000056e-01 -4.459305515090000172e-01 -4.134830556449999722e-03 7.481494345850000505e-01 4.353189400879999837e-01 -5.584044130219999458e-01 3.156940162460000199e-01 4.691030836099999678e-03 -3.399991739120000189e-01 4.640857876969999712e-02
2.571453262989999988e-01 -4.444345366329999769e-01 1.160686279079999961e-03 7.448979801780000187e-01 4.353189400879999837e-01 -5.584044130219999458e-01 3.156940162460000199e-01 4.691030836099999678e-03 -3.399991739120000189e-01 4.640857876969999712e-02
3.312833850479999787e-01 -4.519146110100000224e-01 1.292859291939999974e-02 7.579043031590000368e-01 4.353189400879999837e-01 -5.584044130219999458e-01 3.171900311210000267e-01 4.691030836099999678e-03 -3.399991739120000189e-01 4.640857876969999712e-02
3.495236814930000047e-01 -3.905770710550000024e-01 2.293132728119999866e-02 7.579043031590000368e-01 3.660148879819999923e-01 -5.589928037820000029e-01 3.156940162460000199e-01 4.691030836099999678e-03 -3.399991739120000189e-01 4.640857876969999712e-02
3.495236814930000047e-01 -1.512125983569999887e-01 2.587337252889999883e-02 7.644072119720000114e-01 3.639963416329999868e-01 -5.584044130219999458e-01 3.156940162460000199e-01 5.279513045829999952e-03 -3.383734467089999920e-01 4.640857876969999712e-02
3.501120722530000062e-01 -1.063316870639999939e-01 2.587337252889999883e-02 7.692843935819999590e-01 3.639963416329999868e-01 -5.584044130219999458e-01 3.156940162460000199e-01 4.691030836099999678e-03 -3.383734467089999920e-01 4.640857876969999712e-02
3.501120722530000062e-01 -1.063316870639999939e-01 2.587337252889999883e-02 7.692843935819999590e-01 3.639963416329999868e-01 -5.584044130219999458e-01 3.156940162460000199e-01 4.691030836099999678e-03 -3.383734467089999920e-01 4.640857876969999712e-02
3.501120722530000062e-01 -1.063316870639999939e-01 2.646176328840000105e-02 7.692843935819999590e-01 3.639963416329999868e-01 -5.584044130219999458e-01 3.156940162460000199e-01 4.691030836099999678e-03 -3.383734467089999920e-01 4.640857876969999712e-02
3.501120722530000062e-01 -1.048356721890000010e-01 2.646176328840000105e-02 7.692843935819999590e-01 3.639963416329999868e-01 -5.584044130219999458e-01 3.156940162460000199e-01 4.691030836099999678e-03 -3.383734467089999920e-01 4.640857876969999712e-02
3.501120722530000062e-01 -1.063316870639999939e-01 2.587337252889999883e-02 7.692843935819999590e-01 3.639963416329999868e-01 -5.584044130219999458e-01 3.156940162460000199e-01 4.691030836099999678e-03 -3.383734467089999920e-01 4.640857876969999712e-02
3.089242618370000026e-01 4.775924019229999679e-02 1.175181140040000051e-02 5.205456047069999537e-01 3.592862955750000253e-01 -5.584044130219999458e-01 3.156940162460000199e-01 4.691030836099999678e-03 -3.383734467089999920e-01 4.573572998670000223e-02
2.847999663460000219e-01 1.225606815079999939e-01 1.822420120509999839e-02 2.799354518480000054e-01 3.586134467920000235e-01 -5.584044130219999458e-01 3.156940162460000199e-01 4.691030836099999678e-03 -3.383734467089999920e-01 4.640857876969999712e-02
2.842115755869999982e-01 1.255529437750000088e-01 1.822420120509999839e-02 2.718068158320000038e-01 3.586134467920000235e-01 -5.584044130219999458e-01 3.156940162460000199e-01 4.691030836099999678e-03 -3.399991739120000189e-01 4.640857876969999712e-02
2.842115755869999982e-01 1.255529437750000088e-01 1.822420120509999839e-02 2.718068158320000038e-01 3.586134467920000235e-01 -5.589928037820000029e-01 3.156940162460000199e-01 4.691030836099999678e-03 -3.399991739120000189e-01 4.640857876969999712e-02
2.842115755869999982e-01 1.255529437750000088e-01 1.822420120509999839e-02 2.701810886279999990e-01 3.592862955750000253e-01 -5.584044130219999458e-01 3.171900311210000267e-01 4.691030836099999678e-03 -3.383734467089999920e-01 4.640857876969999712e-02
3.159850424010000047e-01 -9.137130579409999398e-02 3.881806068819999844e-02 5.449320181110000050e-01 4.319546961729999746e-01 -5.584044130219999458e-01 3.171900311210000267e-01 4.691030836099999678e-03 -3.383734467089999920e-01 4.640857876969999712e-02
3.530540260510000028e-01 -4.175058038439999897e-01 2.528498176940000008e-02 7.595300303619999527e-01 4.333003937389999782e-01 -5.584044130219999458e-01 3.171900311210000267e-01 4.691030836099999678e-03 -3.383734467089999920e-01 4.640857876969999712e-02
3.483467170740000007e-01 -3.875850413040000109e-01 2.293132728119999866e-02 6.506052970329999630e-01 2.341352715989999944e-01 -5.584044130219999458e-01 3.171900311210000267e-01 4.691030836099999678e-03 -3.383734467089999920e-01 4.640857876969999712e-02
2.942143099489999969e-01 -3.038075107379999973e-01 9.398248362359999317e-03 3.530941867049999794e-01 -1.549403214690000044e-02 -5.589928037820000029e-01 3.171900311210000267e-01 4.691030836099999678e-03 -3.383734467089999920e-01 4.640857876969999712e-02
1.765350606449999915e-01 -3.023114958620000126e-01 -6.488485044690000397e-03 3.530941867049999794e-01 -3.029691452579999847e-02 -5.584044130219999458e-01 3.156940162460000199e-01 4.691030836099999678e-03 -3.399991739120000189e-01 4.640857876969999712e-02
-1.057502988139999954e-02 -3.053035256130000041e-01 -6.488485044690000397e-03 3.482170050949999762e-01 -3.096976330880000031e-02 -5.584044130219999458e-01 3.156940162460000199e-01 4.691030836099999678e-03 -3.383734467089999920e-01 4.708142755260000256e-02
