-5.601373490959999923e-01 -3.202639068829999935e-01 -2.958049037439999807e-03 3.449655506889999779e-01 -3.231546087469999717e-02 -5.584044130219999458e-01 3.112059716200000214e-01 4.691030836099999678e-03 -3.416249011160000237e-01 4.439003242080000189e-02
-5.601373490959999923e-01 -3.202639068829999935e-01 -2.958049037439999807e-03 3.449655506889999779e-01 -3.231546087469999717e-02 -5.536971040460000326e-01 3.112059716200000214e-01 -1.212257805510000008e-01 -2.440805108870000018e-01 -3.492302703779999740e-01
-5.601373490959999923e-01 -3.202639068829999935e-01 -2.958049037439999807e-03 3.449655506889999779e-01 -3.231546087469999717e-02 -4.383714177799999945e-01 3.127019864949999728e-01 -1.859494042469999886e-01 -2.310744405830000014e-01 -6.439409654669999705e-01
-5.601373490959999923e-01 -3.202639068829999935e-01 -2.958049037439999807e-03 3.449655506889999779e-01 -3.231546087469999717e-02 -2.918607469110000019e-01 3.112059716200000214e-01 -1.859494042469999886e-01 -2.261972589729999983e-01 -6.533608484280000184e-01
-5.601373490959999923e-01 -3.202639068829999935e-01 -2.958049037439999807e-03 3.449655506889999779e-01 -3.231546087469999717e-02 -9.886665733869999528e-02 3.112059716200000214e-01 -1.859494042469999886e-01 -2.229458045669999999e-01 -6.553793947770000239e-01
-5.601373490959999923e-01 -3.202639068829999935e-01 -2.958049037439999807e-03 3.449655506889999779e-01 -3.231546087469999717e-02 9.353895002339999987e-02 2.842772388309999787e-01 -1.859494042469999886e-01 -2.083140070600000004e-01 -6.553793947770000239e-01
-5.601373490959999923e-01 -3.202639068829999935e-01 -2.958049037439999807e-03 3.449655506889999779e-01 -3.231546087469999717e-02 2.641739163829999737e-01 2.588447534339999856e-01 -1.859494042469999886e-01 -2.115654614670000044e-01 -6.560522435600000257e-01
-5.601373490959999923e-01 -3.202639068829999935e-01 -2.958049037439999807e-03 3.449655506889999779e-01 -3.231546087469999717e-02 3.700852590459999814e-01 2.618370157009999866e-01 -1.983057016470000100e-01 -2.196943501599999959e-01 -6.553793947770000239e-01
-5.601373490959999923e-01 -3.202639068829999935e-01 -3.546439796939999858e-03 3.449655506889999779e-01 -3.231546087469999717e-02 4.271597114199999767e-01 2.618370157009999866e-01 -2.718552781870000046e-01 -2.327001677870000063e-01 -4.293001121650000251e-01
-5.601373490959999923e-01 -3.202639068829999935e-01 -2.958049037439999807e-03 3.449655506889999779e-01 -3.231546087469999717e-02 4.395160545449999789e-01 -8.075387849380000205e-02 -3.842389192049999735e-01 -2.310744405830000014e-01 -1.931278886549999962e-01
-5.601373490959999923e-01 -3.202639068829999935e-01 -2.958049037439999807e-03 3.433398234860000064e-01 -3.231546087469999717e-02 4.395160545449999789e-01 -4.009040845260000152e-01 -3.907114004600000245e-01 -2.408288038030000078e-01 -1.890907959579999909e-01
-5.601373490959999923e-01 -3.202639068829999935e-01 -2.958049037439999807e-03 3.449655506889999779e-01 -3.231546087469999717e-02 4.401044910290000112e-01 -4.667294365890000130e-01 -3.907114004600000245e-01 -2.440805108870000018e-01 -1.884179471749999890e-01
-5.601373490959999923e-01 -3.202639068829999935e-01 -2.958049037439999807e-03 3.449655506889999779e-01 -3.231546087469999717e-02 4.401044910290000112e-01 -4.667294365890000130e-01 -3.907114004600000245e-01 -2.440805108870000018e-01 -1.884179471749999890e-01
-5.601373490959999923e-01 -3.202639068829999935e-01 -2.958049037439999807e-03 3.449655506889999779e-01 -3.231546087469999717e-02 4.401044910290000112e-01 -4.667294365890000130e-01 -3.907114004600000245e-01 -2.440805108870000018e-01 -1.904364935229999889e-01
-5.601373490959999923e-01 -3.202639068829999935e-01 -2.958049037439999807e-03 3.449655506889999779e-01 -3.231546087469999717e-02 4.401044910290000112e-01 -4.667294365890000130e-01 -3.907114004600000245e-01 -2.440805108870000018e-01 -1.897636447399999871e-01
-5.601373490959999923e-01 -3.202639068829999935e-01 -3.546439796939999858e-03 3.449655506889999779e-01 -3.231546087469999717e-02 4.401044910290000112e-01 -4.068881440270000205e-01 -3.907114004600000245e-01 -2.522091469030000033e-01 -1.884179471749999890e-01
-5.601373490959999923e-01 -3.202639068829999935e-01 -2.958049037439999807e-03 3.449655506889999779e-01 -3.298830965760000261e-02 4.401044910290000112e-01 -4.068881440270000205e-01 -3.907114004600000245e-01 -2.522091469030000033e-01 -1.884179471749999890e-01
-5.601373490959999923e-01 -3.202639068829999935e-01 -2.958049037439999807e-03 3.449655506889999779e-01 -3.231546087469999717e-02 4.401044910290000112e-01 -4.053921291520000136e-01 -3.907114004600000245e-01 -2.522091469030000033e-01 -1.884179471749999890e-01
-5.601373490959999923e-01 -3.202639068829999935e-01 -2.958049037439999807e-03 3.449655506889999779e-01 -3.231546087469999717e-02 4.401044910290000112e-01 -4.053921291520000136e-01 -3.907114004600000245e-01 -2.538348741070000081e-01 -1.897636447399999871e-01
-5.601373490959999923e-01 -3.202639068829999935e-01 -2.958049037439999807e-03 3.449655506889999779e-01 -3.231546087469999717e-02 4.401044910290000112e-01 -4.068881440270000205e-01 -3.907114004600000245e-01 -2.522091469030000033e-01 -1.897636447399999871e-01
-5.601373490959999923e-01 -3.202639068829999935e-01 -2.958049037439999807e-03 3.449655506889999779e-01 -3.231546087469999717e-02 4.248061483819999817e-01 -2.513012018949999926e-01 -2.965679644370000090e-01 -2.912268524589999852e-01 -5.335927192930000063e-01
-5.601373490959999923e-01 -3.202639068829999935e-01 -2.958049037439999807e-03 3.449655506889999779e-01 -3.231546087469999717e-02 4.118614602219999865e-01 1.062498410530000048e-01 -2.283139047330000060e-01 -3.221161746760000111e-01 -6.513423020799999907e-01
-5.601373490959999923e-01 -3.202639068829999935e-01 -2.958049037439999807e-03 3.449655506889999779e-01 -3.231546087469999717e-02 4.130382417410000118e-01 2.872695010979999797e-01 -1.883029672859999892e-01 -3.351219923020000158e-01 -5.584883334160000157e-01
-5.601373490959999923e-01 -3.202639068829999935e-01 -2.958049037439999807e-03 3.449655506889999779e-01 -3.231546087469999717e-02 3.353699298849999733e-01 3.186860459959999781e-01 -4.708781325130000084e-02 -3.497537898090000152e-01 -1.885838063870000011e-02
-5.601373490959999923e-01 -3.202639068829999935e-01 -2.958049037439999807e-03 3.449655506889999779e-01 -3.231546087469999717e-02 2.394612301340000027e-01 3.112059716200000214e-01 -5.311703525679999614e-03 -3.416249011160000237e-01 3.631574244840000271e-02
-5.601373490959999923e-01 -3.202639068829999935e-01 -3.546439796939999858e-03 3.449655506889999779e-01 -3.231546087469999717e-02 7.294509054030000328e-02 3.007336349759999750e-01 6.456294564839999868e-03 -3.399991739120000189e-01 3.698859123139999761e-02
