-5.607257398549999605e-01 -3.008154809870000057e-01 -4.134830556449999722e-03 3.465912778920000048e-01 -3.231546087469999717e-02 -5.578160222629999776e-01 3.156940162460000199e-01 5.279513045829999952e-03 -3.399991739120000189e-01 4.640857876969999712e-02
-5.513113962529999634e-01 -4.489225812589999753e-01 -4.134830556449999722e-03 5.823237437860000476e-01 3.391007275099999774e-01 -5.578160222629999776e-01 3.171900311210000267e-01 4.691030836099999678e-03 -3.399991739120000189e-01 4.640857876969999712e-02
-4.271597114199999767e-01 -4.743548341389999812e-01 -4.134830556449999722e-03 7.514013943459999512e-01 4.312818473899999727e-01 -5.578160222629999776e-01 3.141980013699999796e-01 4.691030836099999678e-03 -3.399991739120000189e-01 4.573572998670000223e-02
-2.806490405500000063e-01 -4.758508490139999880e-01 -4.134830556449999722e-03 7.497751617879999664e-01 4.312818473899999727e-01 -5.578160222629999776e-01 3.141980013699999796e-01 5.279513045829999952e-03 -3.399991739120000189e-01 4.640857876969999712e-02
-8.706656021860000039e-02 -4.698667895129999827e-01 -4.723221315950000207e-03 7.497751617879999664e-01 4.326275449559999764e-01 -5.578160222629999776e-01 3.141980013699999796e-01 4.691030836099999678e-03 -3.399991739120000189e-01 4.573572998670000223e-02
1.118114369479999981e-01 -4.384500120979999971e-01 -4.723221315950000207e-03 7.400207985679999600e-01 4.333003937389999782e-01 -5.578160222629999776e-01 3.141980013699999796e-01 4.691030836099999678e-03 -3.399991739120000189e-01 4.573572998670000223e-02
2.577337170580000225e-01 -4.459305515090000172e-01 1.749077038590000042e-03 7.400207985679999600e-01 4.346460913049999819e-01 -5.578160222629999776e-01 3.141980013699999796e-01 4.691030836099999678e-03 -3.399991739120000189e-01 4.573572998670000223e-02
3.306949942890000105e-01 -4.519146110100000224e-01 1.292859291939999974e-02 7.530271215489999781e-01 4.346460913049999819e-01 -5.578160222629999776e-01 3.141980013699999796e-01 5.279513045829999952e-03 -3.399991739120000189e-01 4.573572998670000223e-02
3.536424168100000265e-01 -4.593946853859999790e-01 1.704741968610000089e-02 7.546528487529999829e-01 4.346460913049999819e-01 -5.578160222629999776e-01 3.141980013699999796e-01 4.691030836099999678e-03 -3.399991739120000189e-01 4.573572998670000223e-02
3.601147151649999878e-01 -4.593946853859999790e-01 1.704741968610000089e-02 7.546528487529999829e-01 4.346460913049999819e-01 -5.578160222629999776e-01 3.141980013699999796e-01 5.279513045829999952e-03 -3.399991739120000189e-01 4.573572998670000223e-02
3.601147151649999878e-01 -4.593946853859999790e-01 1.704741968610000089e-02 7.546528487529999829e-01 4.346460913049999819e-01 -5.578160222629999776e-01 3.141980013699999796e-01 5.279513045829999952e-03 -3.399991739120000189e-01 4.573572998670000223e-02
3.601147151649999878e-01 -4.593946853859999790e-01 1.704741968610000089e-02 7.546528487529999829e-01 4.346460913049999819e-01 -5.578160222629999776e-01 3.141980013699999796e-01 5.279513045829999952e-03 -3.399991739120000189e-01 4.573572998670000223e-02
3.601147151649999878e-01 -4.593946853859999790e-01 1.704741968610000089e-02 7.546528487529999829e-01 3.794719682179999998e-01 -5.578160222629999776e-01 3.141980013699999796e-01 4.691030836099999678e-03 -3.399991739120000189e-01 4.640857876969999712e-02
3.571727613669999912e-01 -1.766450837530000040e-01 2.528498176940000008e-02 7.644072119720000114e-01 3.646691904159999886e-01 -5.578160222629999776e-01 3.141980013699999796e-01 4.691030836099999678e-03 -3.399991739120000189e-01 4.573572998670000223e-02
3.565843706080000231e-01 -1.183000385830000056e-01 2.528498176940000008e-02 7.660329391760000162e-01 3.646691904159999886e-01 -5.578160222629999776e-01 3.141980013699999796e-01 4.691030836099999678e-03 -3.399991739120000189e-01 4.640857876969999712e-02
3.565843706080000231e-01 -1.183000385830000056e-01 2.528498176940000008e-02 7.692843935819999590e-01 3.646691904159999886e-01 -5.578160222629999776e-01 3.141980013699999796e-01 4.691030836099999678e-03 -3.399991739120000189e-01 4.573572998670000223e-02
3.565843706080000231e-01 -1.183000385830000056e-01 2.528498176940000008e-02 7.709101207849999859e-01 3.646691904159999886e-01 -5.578160222629999776e-01 3.141980013699999796e-01 4.691030836099999678e-03 -3.399991739120000189e-01 4.573572998670000223e-02
3.565843706080000231e-01 -1.183000385830000056e-01 2.528498176940000008e-02 7.709101207849999859e-01 3.653420391989999905e-01 -5.578160222629999776e-01 3.141980013699999796e-01 5.279513045829999952e-03 -3.399991739120000189e-01 4.573572998670000223e-02
3.565843706080000231e-01 -1.183000385830000056e-01 2.528498176940000008e-02 7.709101207849999859e-01 3.653420391989999905e-01 -5.578160222629999776e-01 3.141980013699999796e-01 5.279513045829999952e-03 -3.399991739120000189e-01 4.640857876969999712e-02
3.565843706080000231e-01 -1.183000385830000056e-01 2.528498176940000008e-02 7.709101207849999859e-01 3.653420391989999905e-01 -5.578160222629999776e-01 3.141980013699999796e-01 4.691030836099999678e-03 -3.399991739120000189e-01 4.573572998670000223e-02
3.565843706080000231e-01 -1.168040237079999988e-01 2.587337252889999883e-02 7.709101207849999859e-01 3.653420391989999905e-01 -5.578160222629999776e-01 3.141980013699999796e-01 4.691030836099999678e-03 -3.399991739120000189e-01 4.573572998670000223e-02
3.565843706080000231e-01 -1.183000385830000056e-01 2.587337252889999883e-02 7.709101207849999859e-01 3.653420391989999905e-01 -5.578160222629999776e-01 3.156940162460000199e-01 5.279513045829999952e-03 -3.399991739120000189e-01 4.640857876969999712e-02
3.495236814930000047e-01 -7.192311241550000678e-02 2.175454576220000116e-02 7.465237073810000457e-01 3.626506440669999831e-01 -5.578160222629999776e-01 3.141980013699999796e-01 5.279513045829999952e-03 -3.399991739120000189e-01 4.573572998670000223e-02
3.042170443100000177e-01 1.509854291720000019e-01 1.410546588860000020e-02 4.441359207980000168e-01 3.586134467920000235e-01 -5.578160222629999776e-01 3.141980013699999796e-01 5.279513045829999952e-03 -3.399991739120000189e-01 4.640857876969999712e-02
2.836231848269999967e-01 1.315370032759999863e-01 1.881259196460000060e-02 2.766839974409999736e-01 3.586134467920000235e-01 -5.578160222629999776e-01 3.141980013699999796e-01 5.279513045829999952e-03 -3.399991739120000189e-01 4.708142755260000256e-02
2.836231848269999967e-01 1.315370032759999863e-01 1.940098272409999935e-02 2.718068158320000038e-01 3.586134467920000235e-01 -5.578160222629999776e-01 3.141980013699999796e-01 4.691030836099999678e-03 -3.399991739120000189e-01 4.640857876969999712e-02
2.836231848269999967e-01 1.315370032759999863e-01 1.940098272409999935e-02 2.701810886279999990e-01 3.586134467920000235e-01 -5.578160222629999776e-01 3.141980013699999796e-01 4.691030836099999678e-03 -3.399991739120000189e-01 4.640857876969999712e-02
2.836231848269999967e-01 1.315370032759999863e-01 1.940098272409999935e-02 2.701810886279999990e-01 3.586134467920000235e-01 -5.578160222629999776e-01 3.141980013699999796e-01 4.691030836099999678e-03 -3.399991739120000189e-01 4.640857876969999712e-02
2.836231848269999967e-01 1.315370032759999863e-01 1.940098272409999935e-02 2.701810886279999990e-01 3.586134467920000235e-01 -5.578160222629999776e-01 3.141980013699999796e-01 4.691030836099999678e-03 -3.399991739120000189e-01 4.708142755260000256e-02
2.948027007080000206e-01 3.728713606540000336e-02 3.881806068819999844e-02 3.807315491609999936e-01 4.279176034759999969e-01 -5.578160222629999776e-01 3.141980013699999796e-01 4.691030836099999678e-03 -3.399991739120000189e-01 4.640857876969999712e-02
3.465815447960000073e-01 -3.202639068829999935e-01 3.175728012390000021e-02 7.351436169580000124e-01 4.326275449559999764e-01 -5.578160222629999776e-01 3.141980013699999796e-01 4.691030836099999678e-03 -3.399991739120000189e-01 4.640857876969999712e-02
3.565843706080000231e-01 -4.549066407599999806e-01 2.057776424310000032e-02 7.676586663790000431e-01 4.326275449559999764e-01 -5.578160222629999776e-01 3.141980013699999796e-01 4.691030836099999678e-03 -3.399991739120000189e-01 4.640857876969999712e-02
3.571727613669999912e-01 -4.623867151370000261e-01 1.998937348360000157e-02 7.676586663790000431e-01 4.326275449559999764e-01 -5.578160222629999776e-01 3.141980013699999796e-01 4.691030836099999678e-03 -3.399991739120000189e-01 4.640857876969999712e-02
3.542308075699999725e-01 -4.130177592179999913e-01 2.234293652169999991e-02 6.847455683019999517e-01 2.718151171759999873e-01 -5.578160222629999776e-01 3.156940162460000199e-01 5.279513045829999952e-03 -3.399991739120000189e-01 4.640857876969999712e-02
2.936259191889999953e-01 -3.008154809870000057e-01 8.809857602849999886e-03 3.579713683149999826e-01 -1.818553185569999828e-02 -5.578160222629999776e-01 3.141980013699999796e-01 4.691030836099999678e-03 -3.399991739120000189e-01 4.708142755260000256e-02
1.712394523590000106e-01 -3.038075107379999973e-01 -6.488485044690000397e-03 3.352111874690000271e-01 -2.760551939400000127e-02 -5.578160222629999776e-01 3.156940162460000199e-01 4.691030836099999678e-03 -3.399991739120000189e-01 4.708142755260000256e-02
-1.469385664810000068e-02 -3.038075107379999973e-01 -6.488485044690000397e-03 3.352111874690000271e-01 -3.231546087469999717e-02 -5.578160222629999776e-01 3.141980013699999796e-01 5.279513045829999952e-03 -3.399991739120000189e-01 4.910007847850000190e-02
-1.888591675650000135e-01 -3.112878176309999967e-01 -5.311703525679999614e-03 3.384626418760000033e-01 -3.433400722350000295e-02 -5.578160222629999776e-01 3.156940162460000199e-01 4.691030836099999678e-03 -3.399991739120000189e-01 4.842712511850000290e-02
