-5.589605675769999671e-01 -3.202639068829999935e-01 -2.958049037439999807e-03 3.465912778920000048e-01 -3.164261209170000227e-02 -5.613463668200000534e-01 3.216780757470000252e-01 4.102640076600000060e-03 -3.416249011160000237e-01 4.573572998670000223e-02
-5.589605675769999671e-01 -3.202639068829999935e-01 -2.958049037439999807e-03 3.465912778920000048e-01 -3.164261209170000227e-02 -5.442828518940000526e-01 1.900276041370000113e-01 4.411366897400000042e-02 -1.757992103169999931e-01 -2.234063976189999967e-01
-5.589605675769999671e-01 -3.202639068829999935e-01 -2.958049037439999807e-03 3.465912778920000048e-01 -3.164261209170000227e-02 -3.654102320000000015e-01 -2.168923947299999933e-01 2.147486353339999876e-01 2.273851789340000096e-01 -5.988596787009999867e-01
-5.589605675769999671e-01 -3.202639068829999935e-01 -2.958049037439999807e-03 3.465912778920000048e-01 -3.164261209170000227e-02 -1.883029672859999892e-01 -4.457849958180000183e-01 3.765576488510000153e-01 2.696543388959999898e-01 -6.102981080110000400e-01
-5.589605675769999671e-01 -3.202639068829999935e-01 -2.958049037439999807e-03 3.465912778920000048e-01 -3.164261209170000227e-02 -7.415406253919999691e-02 -4.637374068389999993e-01 4.524607884290000048e-01 2.777829749130000248e-01 -6.102981080110000400e-01
-5.589605675769999671e-01 -3.202639068829999935e-01 -2.958049037439999807e-03 3.465912778920000048e-01 -3.164261209170000227e-02 -6.885845425339999493e-02 -4.682254514649999977e-01 4.542259607069999983e-01 2.810346819969999910e-01 -6.102981080110000400e-01
-5.589605675769999671e-01 -3.202639068829999935e-01 -2.958049037439999807e-03 3.465912778920000048e-01 -3.164261209170000227e-02 -6.709328197489999868e-02 -4.682254514649999977e-01 4.542259607069999983e-01 2.826604092000000179e-01 -6.096252592290000161e-01
-5.589605675769999671e-01 -3.202639068829999935e-01 -2.958049037439999807e-03 3.465912778920000048e-01 -3.164261209170000227e-02 -6.709328197489999868e-02 -4.682254514649999977e-01 4.542259607069999983e-01 2.810346819969999910e-01 -6.102981080110000400e-01
-5.589605675769999671e-01 -3.202639068829999935e-01 -2.958049037439999807e-03 3.465912778920000048e-01 -3.164261209170000227e-02 -7.650762557720000578e-02 -4.682254514649999977e-01 4.542259607069999983e-01 2.533970668639999868e-01 -6.493237557309999852e-01
-5.589605675769999671e-01 -3.202639068829999935e-01 -2.958049037439999807e-03 3.465912778920000048e-01 -3.164261209170000227e-02 -8.415679690089999943e-02 -4.697214663400000045e-01 4.542259607069999983e-01 -8.475747622399999737e-02 -6.533608484280000184e-01
-5.589605675769999671e-01 -3.202639068829999935e-01 -2.958049037439999807e-03 3.465912778920000048e-01 -3.164261209170000227e-02 -8.415679690089999943e-02 -4.697214663400000045e-01 4.554027879520000099e-01 -5.188309350140000165e-01 -6.540336972110000202e-01
-5.589605675769999671e-01 -3.202639068829999935e-01 -2.958049037439999807e-03 3.465912778920000048e-01 -3.164261209170000227e-02 -8.415679690089999943e-02 -4.697214663400000045e-01 4.554027879520000099e-01 -7.236745840460000467e-01 -6.540336972110000202e-01
-5.589605675769999671e-01 -3.202639068829999935e-01 -2.958049037439999807e-03 3.465912778920000048e-01 -3.164261209170000227e-02 -8.415679690089999943e-02 -4.697214663400000045e-01 4.554027879520000099e-01 -7.350548008080000084e-01 -6.540336972110000202e-01
-5.589605675769999671e-01 -3.202639068829999935e-01 -2.958049037439999807e-03 3.465912778920000048e-01 -3.164261209170000227e-02 -8.415679690089999943e-02 -4.697214663400000045e-01 4.554027879520000099e-01 -7.366805280110000353e-01 -6.540336972110000202e-01
-5.589605675769999671e-01 -3.202639068829999935e-01 -2.958049037439999807e-03 3.465912778920000048e-01 -3.164261209170000227e-02 -8.415679690089999943e-02 -4.697214663400000045e-01 4.554027879520000099e-01 -7.415577096209999830e-01 -6.540336972110000202e-01
-5.589605675769999671e-01 -3.202639068829999935e-01 -2.958049037439999807e-03 3.449655506889999779e-01 -3.164261209170000227e-02 -8.415679690089999943e-02 -4.712174812150000114e-01 4.554027879520000099e-01 -5.822349276360000436e-01 -6.547065459940000220e-01
-5.589605675769999671e-01 -3.202639068829999935e-01 -2.958049037439999807e-03 3.465912778920000048e-01 -3.164261209170000227e-02 -8.415679690089999943e-02 -4.772015407160000167e-01 4.554027879520000099e-01 -3.611338802319999930e-01 -6.547065459940000220e-01
-5.589605675769999671e-01 -3.187678920070000088e-01 -2.958049037439999807e-03 3.465912778920000048e-01 -3.164261209170000227e-02 -8.415679690089999943e-02 -4.786975555920000014e-01 4.554027879520000099e-01 -3.530052442159999915e-01 -6.547065459940000220e-01
-5.589605675769999671e-01 -3.202639068829999935e-01 -2.958049037439999807e-03 3.465912778920000048e-01 -3.164261209170000227e-02 -8.415679690089999943e-02 -4.772015407160000167e-01 4.554027879520000099e-01 -3.530052442159999915e-01 -6.547065459940000220e-01
-5.589605675769999671e-01 -3.202639068829999935e-01 -2.958049037439999807e-03 3.465912778920000048e-01 -3.164261209170000227e-02 -8.415679690089999943e-02 -4.772015407160000167e-01 4.554027879520000099e-01 -3.530052442159999915e-01 -6.547065459940000220e-01
-5.589605675769999671e-01 -3.187678920070000088e-01 -2.958049037439999807e-03 3.465912778920000048e-01 -3.164261209170000227e-02 -7.062371798210000107e-02 -4.772015407160000167e-01 4.554027879520000099e-01 -1.936824622309999966e-01 -6.210638976929999666e-01
-5.589605675769999671e-01 -3.202639068829999935e-01 -2.958049037439999807e-03 3.465912778920000048e-01 -3.164261209170000227e-02 -7.003523577240000630e-02 -4.772015407160000167e-01 4.554027879520000099e-01 1.834900390900000011e-01 -6.190453513439999611e-01
-5.589605675769999671e-01 -3.202639068829999935e-01 -2.958049037439999807e-03 3.465912778920000048e-01 -3.164261209170000227e-02 -6.768167273439999743e-02 -4.772015407160000167e-01 4.554027879520000099e-01 2.712800660990000168e-01 -5.833839475390000251e-01
-5.589605675769999671e-01 -3.202639068829999935e-01 -2.958049037439999807e-03 3.465912778920000048e-01 -3.164261209170000227e-02 -1.582947641999999933e-01 -2.094123203530000032e-01 3.553753986090000261e-01 -5.874558829419999906e-02 -8.748958396169999319e-02
-5.589605675769999671e-01 -3.217599217580000004e-01 -2.958049037439999807e-03 3.465912778920000048e-01 -3.164261209170000227e-02 -3.565843706080000231e-01 1.750672228669999941e-01 1.594393552389999913e-01 -3.318705378960000174e-01 3.900724215729999694e-02
-5.589605675769999671e-01 -3.232559366330000072e-01 -2.958049037439999807e-03 3.319592277080000153e-01 -3.164261209170000227e-02 -5.136861665990000159e-01 2.812852090799999871e-01 2.587337252889999883e-02 -3.448763555220000221e-01 4.506288120379999679e-02
