-5.613141306150000176e-01 -3.202639068829999935e-01 -2.958049037439999807e-03 3.449655506889999779e-01 -3.298830965760000261e-02 -5.595811945409999710e-01 2.992376201010000236e-01 4.691030836099999678e-03 -3.399991739120000189e-01 4.640857876969999712e-02
-5.613141306150000176e-01 -3.202639068829999935e-01 -2.958049037439999807e-03 3.465912778920000048e-01 -3.298830965760000261e-02 -5.595811945409999710e-01 4.368723837290000023e-01 4.102640076600000060e-03 -4.050290200760000014e-01 -1.224780344059999970e-01
-5.613141306150000176e-01 -3.172718771320000020e-01 -2.958049037439999807e-03 3.482170050949999762e-01 -3.298830965760000261e-02 -4.919155255959999917e-01 4.757690030030000128e-01 4.102640076600000060e-03 -7.334290736049999815e-01 -4.158429273520000136e-01
-5.613141306150000176e-01 -3.187678920070000088e-01 -2.958049037439999807e-03 3.465912778920000048e-01 -3.298830965760000261e-02 -3.389324649220000207e-01 4.757690030030000128e-01 4.102640076600000060e-03 -7.578152343309999539e-01 -4.279544145999999993e-01
-5.613141306150000176e-01 -3.187678920070000088e-01 -2.958049037439999807e-03 3.465912778920000048e-01 -3.366115844059999751e-02 -1.529991559140000124e-01 4.772652503950000069e-01 4.691030836099999678e-03 -7.578152343309999539e-01 -4.279544145999999993e-01
-5.613141306150000176e-01 -3.172718771320000020e-01 -2.958049037439999807e-03 3.465912778920000048e-01 -3.366115844059999751e-02 5.058596732850000055e-02 4.727769732529999991e-01 4.691030836099999678e-03 -7.561893807889999986e-01 -4.279544145999999993e-01
-5.613141306150000176e-01 -3.187678920070000088e-01 -2.958049037439999807e-03 3.465912778920000048e-01 -3.298830965760000261e-02 2.100414178080000083e-01 4.428564432300000075e-01 4.691030836099999678e-03 -7.415577096209999830e-01 -4.279544145999999993e-01
-5.613141306150000176e-01 -3.187678920070000088e-01 -2.958049037439999807e-03 3.465912778920000048e-01 -3.298830965760000261e-02 3.106572436350000244e-01 4.428564432300000075e-01 -4.134830556449999722e-03 -7.415577096209999830e-01 -4.279544145999999993e-01
-5.613141306150000176e-01 -3.187678920070000088e-01 -2.958049037439999807e-03 3.465912778920000048e-01 -3.298830965760000261e-02 3.506681810819999856e-01 4.503365176060000197e-01 -1.472604712800000028e-02 -7.578152343309999539e-01 -4.023859516930000102e-01
-5.613141306150000176e-01 -3.187678920070000088e-01 -2.958049037439999807e-03 3.465912778920000048e-01 -3.298830965760000261e-02 3.530218355709999756e-01 2.214441490350000097e-01 -2.531717224919999981e-02 -7.659438703480000443e-01 -3.714344893700000094e-01
-5.613141306150000176e-01 -3.187678920070000088e-01 -2.958049037439999807e-03 3.465912778920000048e-01 -3.298830965760000261e-02 3.530218355709999756e-01 1.212102223229999942e-01 -2.649395376830000065e-02 -7.691954510930000266e-01 -3.707616405870000076e-01
-5.613141306150000176e-01 -3.187678920070000088e-01 -2.958049037439999807e-03 3.465912778920000048e-01 -3.298830965760000261e-02 3.530218355709999756e-01 1.197142074469999956e-01 -2.590556300869999856e-02 -7.691954510930000266e-01 -3.707616405870000076e-01
-5.613141306150000176e-01 -3.187678920070000088e-01 -2.958049037439999807e-03 3.465912778920000048e-01 -3.298830965760000261e-02 3.530218355709999756e-01 1.197142074469999956e-01 -2.649395376830000065e-02 -7.691954510930000266e-01 -3.714344893700000094e-01
-5.613141306150000176e-01 -3.187678920070000088e-01 -2.958049037439999807e-03 3.465912778920000048e-01 -3.298830965760000261e-02 3.530218355709999756e-01 1.197142074469999956e-01 -2.590556300869999856e-02 -7.691954510930000266e-01 -3.714344893700000094e-01
-5.613141306150000176e-01 -3.172718771320000020e-01 -2.958049037439999807e-03 3.465912778920000048e-01 -3.298830965760000261e-02 3.530218355709999756e-01 1.197142074469999956e-01 -2.590556300869999856e-02 -7.675695975509999602e-01 -3.714344893700000094e-01
-5.613141306150000176e-01 -3.187678920070000088e-01 -2.958049037439999807e-03 3.465912778920000048e-01 -3.366115844059999751e-02 3.200715872379999993e-01 -2.540063055719999838e-02 -1.472604712800000028e-02 -6.781537170000000447e-01 -3.700887918040000057e-01
-5.613141306150000176e-01 -3.142798473819999883e-01 -2.958049037439999807e-03 3.482170050949999762e-01 -3.298830965760000261e-02 2.888866026329999781e-01 -1.031943341399999964e-01 -1.472604712800000028e-02 -3.302448106929999905e-01 -3.673973966719999984e-01
-5.613141306150000176e-01 -3.172718771320000020e-01 -2.958049037439999807e-03 3.465912778920000048e-01 -3.366115844059999751e-02 2.871213389039999897e-01 -1.301228344120000102e-01 -1.531443788750000076e-02 -2.522091469030000033e-01 -3.673973966719999984e-01
-5.613141306150000176e-01 -3.172718771320000020e-01 -2.958049037439999807e-03 3.465912778920000048e-01 -3.298830965760000261e-02 2.871213389039999897e-01 -1.301228344120000102e-01 -1.531443788750000076e-02 -2.505834196999999763e-01 -3.673973966719999984e-01
-5.613141306150000176e-01 -3.172718771320000020e-01 -2.958049037439999807e-03 3.482170050949999762e-01 -3.298830965760000261e-02 2.871213389039999897e-01 -1.301228344120000102e-01 -1.531443788750000076e-02 -2.522091469030000033e-01 -3.673973966719999984e-01
-5.613141306150000176e-01 -3.172718771320000020e-01 -2.958049037439999807e-03 3.482170050949999762e-01 -3.298830965760000261e-02 2.888866026329999781e-01 -5.232936334640000270e-02 -3.590829737049999748e-02 -3.562566986219999898e-01 -4.151700785690000117e-01
-5.613141306150000176e-01 -3.172718771320000020e-01 -2.958049037439999807e-03 3.465912778920000048e-01 -3.298830965760000261e-02 3.394886652019999951e-01 2.902615308490000268e-01 -3.414312509200000123e-02 -7.139200944879999788e-01 -4.272815658169999975e-01
-5.613141306150000176e-01 -3.172718771320000020e-01 -2.958049037439999807e-03 3.465912778920000048e-01 -3.298830965760000261e-02 3.559637893679999943e-01 4.353763688530000175e-01 -2.296351776099999839e-02 -7.659438703480000443e-01 -4.225716243359999846e-01
-5.613141306150000176e-01 -3.172718771320000020e-01 -2.958049037439999807e-03 3.465912778920000048e-01 -3.298830965760000261e-02 3.165412426809999791e-01 3.201820608720000183e-01 -2.296351776099999839e-02 -4.651814319520000129e-01 -1.347548579800000000e-02
-5.613141306150000176e-01 -3.172718771320000020e-01 -2.958049037439999807e-03 3.465912778920000048e-01 -3.298830965760000261e-02 2.171021983720000104e-01 2.902615308490000268e-01 -1.192876758930000057e-03 -3.399991739120000189e-01 3.631574244840000271e-02
-5.613141306150000176e-01 -3.172718771320000020e-01 -2.958049037439999807e-03 3.465912778920000048e-01 -3.298830965760000261e-02 5.235123105719999975e-02 2.917575457239999781e-01 6.456294564839999868e-03 -3.399991739120000189e-01 3.698859123139999761e-02
